0.002079059835523367
-0.03371481969952583
0.015382855199277401
-0.01919420436024666
-0.03638901188969612
0.001879120129160583
-0.04393673315644264
0.004570494871586561
-0.014907998032867908
-0.01011569518595934
-0.01231503114104271
0.0030771957244724035
0.011271596886217594
0.003617657581344247
0.002110300352796912
0.0064043160527944565
0.033139992505311966
-0.01348342839628458
0.0006978361634537578
0.01570775732398033
-0.017282281070947647
-0.002179029630497098
0.016257591545581818
-0.018919287249445915
-0.014820524491369724
0.021680952981114388
0.013608390465378761
-0.024317657575011253
-0.010609296150505543
-0.0179445818066597
-0.00475793844088912
-0.0036301538348197937
0.008297494612634182
-0.014895502477884293
-0.001202761777676642
-0.000772813509684056
-0.006016933359205723
0.029815996065735817
0.0313655287027359
0.022030847147107124
0.0004947724519297481
0.005004738923162222
0.017907092347741127
-0.006326214876025915
0.006860428489744663
0.01733226701617241
-0.008384968154132366
-0.012658677995204926
-0.03383978083729744
0.020781224593520164
0.00700413528829813
0.01647002622485161
-0.0010176614159718156
-0.01629507914185524
-0.005745140369981527
-0.025667250156402588
-0.010309386998414993
0.005438982509076595
0.00857865996658802
-0.03214029595255852
0.012777391821146011
0.004998490680009127
-0.0288412906229496
0.0251174159348011
0.019893992692232132
0.014695562422275543
-0.018481919541954994
0.002478939015418291
-0.005529580172151327
0.01046559028327465
0.00816003605723381
0.007922607474029064
-0.01630757562816143
0.0050359792076051235
0.02964104898273945
0.005592061672359705
-0.001733851502649486
-0.02510491944849491
0.020556293427944183
0.02781660109758377
0.0011723022907972336
-0.0037769845221191645
-0.02028137631714344
0.020618773996829987
0.006735466420650482
0.0032458947971463203
0.010240658186376095
0.01920670084655285
0.005195306148380041
-0.0036770147271454334
-0.00674171419814229
0.007653939072042704
-0.002547668293118477
0.030990641564130783
4.456662281882018e-05
0.013221007771790028
-0.021830908954143524
0.013770841993391514
-0.0071478416211903095
-0.025229882448911667
-0.0044205402955412865
-0.012658677995204926
-0.026042137295007706
0.0025945291854441166
-0.019181707873940468
0.006510534323751926
-0.013395954854786396
-0.00245082238689065
0.018331965431571007
-0.02929115481674671
0.0093034403398633
0.037513673305511475
0.004014412872493267
-0.023967763409018517
0.012227557599544525
-0.01118412334471941
0.02336794324219227
-0.012102595530450344
-0.011877663433551788
-0.009128493256866932
0.021793419495224953
0.01410823967307806
-0.0015760866226628423
-0.015795230865478516
0.0288412906229496
0.027541683986783028
-0.03411469981074333
0.007685179356485605
-0.016557499766349792
-0.0037332477513700724
-0.01629507914185524
-0.029366133734583855
-0.0050141108222305775
0.005310896318405867
-0.013745849020779133
-0.011165378615260124
-0.007503984030336142
0.01630757562816143
-0.018881797790527344
-0.008284998126327991
0.01035937201231718
0.008278749883174896
-0.006391820032149553
-0.03411469981074333
-0.004917265381664038
0.03219028189778328
0.02551729418337345
0.02174343541264534
0.009478388354182243
0.005254663527011871
0.023717837408185005
-0.01337096281349659
0.00939716212451458
-0.019781526178121567
0.014895502477884293
0.0062699816189706326
0.004270585253834724
0.005682659335434437
0.008172532543540001
-0.01210884377360344
-0.012321279384195805
-0.02295556850731373
-0.0002604682231321931
0.013858315534889698
0.003839465556666255
0.023880289867520332
0.025029942393302917
-0.007872622460126877
0.015470328740775585
-0.022255780175328255
0.008041322231292725
0.03693884611129761
-0.04118756204843521
0.014220706187188625
-0.02719178982079029
0.03114059753715992
-0.008309991098940372
0.026591969653964043
-0.0035551765467971563
-0.027341743931174278
-0.023917777463793755
-0.009440898895263672
0.017694657668471336
0.013295984826982021
-0.027741624042391777
0.01380833052098751
0.006251237355172634
-0.004461152944713831
0.01736975461244583
0.0015542182372882962
0.023880289867520332
-0.00464859651401639
-0.0004631413903553039
0.0013253811048343778
-0.645405113697052
0.01317102275788784
-0.022230787202715874
-0.005160941742360592
-0.003726999508216977
-0.006779203191399574
0.03636401891708374
0.0026601343415677547
-9.572305134497583e-05
-0.041087593883275986
-0.012721158564090729
0.040437791496515274
0.002758542075753212
-0.023267975077033043
-0.02218080312013626
-0.015795230865478516
0.0007704704767093062
-0.01607014797627926
0.032915059477090836
-0.026017144322395325
-0.03089067153632641
0.02716679684817791
0.02045632340013981
0.03289007022976875
-0.015932688489556313
-0.015620283782482147
0.006360579282045364
0.013895804062485695
-0.00931593682616949
0.0020056443754583597
2.2136870029498823e-05
0.021593479439616203
0.007229067385196686
0.03026586025953293
0.05273407697677612
0.0004982870304957032
-0.019993962720036507
0.027741624042391777
0.010784243233501911
0.025204889476299286
0.01200262550264597
-0.00014819743228144944
-0.004582991357892752
0.009059764444828033
0.02298056147992611
0.0041362508200109005
0.016370056197047234
-0.03763863444328308
0.03486447408795357
0.023555386811494827
-0.0042112283408641815
0.013383458368480206
-0.006885420996695757
0.007097856607288122
-0.005317144561558962
-0.017644671723246574
0.023517899215221405
-0.011302837170660496
0.018032055348157883
0.02552979066967964
-0.008859824389219284
0.010809236206114292
-0.026017144322395325
-0.011252852156758308
-0.025992151349782944
0.02547980658710003
-0.023792816326022148
-0.016545003280043602
0.006235617212951183
-0.011452792212367058
0.020143916830420494
0.036014124751091
0.009240959770977497
-0.012983579188585281
0.013508421368896961
0.007422758731991053
0.028716329485177994
-0.005751388147473335
-0.02174343541264534
0.0016088892007246614
0.004123754799365997
-0.02194337360560894
-0.01410823967307806
0.019119227305054665
0.006922909524291754
-0.054233625531196594
-0.0033177481964230537
0.003467703005298972
0.004526758100837469
0.030765710398554802
0.0010653033386915922
-0.0031615453772246838
0.00960959866642952
-0.011446543969213963
0.010715514421463013
0.03361485153436661
-0.008028825744986534
-0.018094535917043686
0.006057546008378267
-0.0180070623755455
0.008616148494184017
-0.0257172342389822
0.00507034407928586
-0.011165378615260124
0.010165680199861526
-0.014158224686980247
0.0016979248030111194
-0.0034864472690969706
0.05000989884138107
-0.02233075723052025
0.00036668614484369755
0.010365620255470276
-0.0010535881156101823
-0.0011434047482907772
-0.024205191060900688
-0.026067128404974937
0.008122547529637814
0.0033239962067455053
0.028491396456956863
-0.015082946047186852
0.02909121662378311
-0.02301804907619953
-0.00402378523722291
0.0023852172307670116
-0.00684793246909976
0.0292411707341671
-0.026242075487971306
-0.0005642827600240707
-0.03034083917737007
-0.011334077455103397
-0.006129399407655001
-0.015507817268371582
0.016644973307847977
-0.006960398517549038
0.01691989041864872
-0.003249018918722868
0.026616962626576424
-0.03338991850614548
0.00048540032003074884
0.02171844244003296
-0.013883307576179504
-0.016145125031471252
-0.004582991357892752
-0.016982372850179672
-0.03289007022976875
-0.04413667321205139
-0.015595290809869766
-0.0025273619685322046
-0.03091566450893879
0.015120434574782848
-0.016420042142271996
-0.006244989112019539
-0.04621104523539543
-0.013470932841300964
0.002157161245122552
-0.004742317833006382
-0.02151850238442421
-0.011209115386009216
-0.034764502197504044
-0.011883911676704884
0.001590925850905478
-0.0008270940161310136
-0.014995472505688667
0.03871330991387367
-0.017832115292549133
0.027316750958561897
3.885545447701588e-05
0.004042529501020908
-0.014833020977675915
-0.046510957181453705
0.013595894910395145
0.012033866718411446
-0.00496100215241313
0.0027522938326001167
0.021231088787317276
0.0027554179541766644
-0.016132628545165062
-0.007516480516642332
-0.022880591452121735
-0.018094535917043686
-0.0034208421129733324
0.02091868408024311
-0.006541774608194828
-0.0026710685342550278
0.01317102275788784
0.01253371499478817
0.012796136550605297
-0.0037644882686436176
0.010309386998414993
0.021905886009335518
0.012821128591895103
0.009222215041518211
-0.01856939308345318
-0.011202867142856121
0.007266555912792683
-0.0015612472780048847
-0.015620283782482147
-0.001280863187275827
0.02614210546016693
0.004873528610914946
0.02964104898273945
-0.01368336845189333
0.03451457992196083
0.013733353465795517
0.01557029876857996
-0.018107032403349876
-0.011152882128953934
-0.011621491052210331
0.053633805364370346
0.00784763041883707
0.00642930855974555
-0.026816902682185173
-0.009378418326377869
-0.03446459397673607
-0.005860730540007353
0.0123275276273489
-0.014995472505688667
-0.00507034407928586
-0.038788288831710815
0.012621188536286354
-0.00700413528829813
-0.004376803524792194
-0.0005724834045395255
-0.007791397161781788
-0.024117717519402504
0.009509628638625145
-0.012496226467192173
0.021031148731708527
0.01318351924419403
-0.02198086306452751
0.01106540858745575
0.014495623297989368
-0.01716981641948223
0.0389382429420948
0.042312223464250565
0.02839142642915249
0.015595290809869766
-0.002682002726942301
-0.0038332175463438034
0.008716118521988392
0.007822638377547264
0.021481012925505638
0.014758043922483921
0.013620886951684952
-0.0015003281878307462
0.007997585460543633
0.029566071927547455
-0.008653637021780014
0.001668246230110526
0.010909206233918667
-0.008522426709532738
-0.0003044002805836499
0.00014673304394818842
-0.019519105553627014
-0.02233075723052025
-0.029391124844551086
-0.005485843401402235
-0.005326516460627317
0.011071656830608845
0.038538362830877304
0.01077799592167139
0.0008052256307564676
0.006004436872899532
-0.0017432236345484853
0.009472140111029148
-0.01671995222568512
-0.009878267534077168
-0.010196921415627003
-0.024580078199505806
0.0022727511823177338
-0.018894294276833534
-0.008135044015944004
0.004998490680009127
0.00025070554693229496
-0.004036281257867813
0.017407244071364403
0.02929115481674671
0.004473648965358734
0.015820223838090897
-0.0054764715023338795
-0.03264014422893524
-0.030790703371167183
0.004039405379444361
0.03341491147875786
-0.012471234425902367
-0.020468819886446
-0.005460850894451141
-0.02676691673696041
-0.03341491147875786
0.002958481665700674
0.006797947455197573
-0.001123098423704505
-0.011034168303012848
-0.009647087194025517
-0.005132825113832951
-0.00164637784473598
0.037713613361120224
0.008441201411187649
0.02280561439692974
0.0018619378097355366
-0.001954097533598542
-0.014358164742588997
-0.02464255876839161
-0.01368336845189333
0.02344292216002941
0.03276510536670685
-0.018306972458958626
0.002204021904617548
0.013033564202487469
-0.04176238924264908
-0.011771445162594318
-0.013520916923880577
0.014408149756491184
0.028091518208384514
-0.005957575980573893
0.022680651396512985
0.022318260744214058
0.003445834619924426
0.026467008516192436
-0.00652303034439683
0.014195713214576244
-0.009122245945036411
-0.04041279852390289
-0.004164367448538542
0.049859944730997086
0.00900353118777275
-0.010909206233918667
0.04218726232647896
-0.0010215665679425001
-0.027941562235355377
-0.011683971621096134
-0.02486749179661274
0.018057048320770264
-0.0024539465084671974
-0.008559915237128735
-0.0018260111100971699
0.005951328203082085
-0.004682960920035839
0.02676691673696041
0.018019558861851692
-0.00633246311917901
0.0017479097004979849
0.011021671816706657
0.0173447635024786
0.008391216397285461
-0.006598007865250111
0.015770237892866135
0.041487473994493484
0.018519407138228416
0.00460173562169075
0.044011712074279785
0.02131856232881546
0.007204074878245592
-0.01925668492913246
0.0006279353983700275
0.003933187574148178
0.021618472412228584
0.008559915237128735
-0.012390009127557278
0.011540265753865242
0.0050359792076051235
0.047360699623823166
-0.0001233026123372838
0.005948204081505537
0.03391475975513458
0.01796957477927208
0.004920389503240585
-0.008766102604568005
0.016007665544748306
-0.007716420106589794
0.010746754705905914
0.023967763409018517
-0.0005834175972267985
-0.023692846298217773
0.01369586493819952
-0.013458436354994774
-0.0006142676575109363
0.0033864774741232395
0.016644973307847977
-0.0006662050727754831
0.016894899308681488
0.024805009365081787
-0.020443826913833618
-0.009378418326377869
-0.006647992413491011
-0.031065620481967926
0.014183217659592628
-0.015307878144085407
-0.014957983046770096
-0.020443826913833618
-0.008272501640021801
0.0086723817512393
-0.026067128404974937
0.007466495502740145
0.0031521732453256845
-0.03826344758272171
-0.010215665213763714
0.009934499859809875
-0.011871415190398693
0.026641955599188805
0.040237851440906525
-0.004751690197736025
0.0003514563723001629
0.020118925720453262
0.003673890605568886
0.004279957618564367
-0.00018959118460770696
-0.008853577077388763
-0.002836643485352397
0.0021868397016078234
-0.0018510036170482635
-0.02485499531030655
0.011396558955311775
0.014658073894679546
-0.025817204266786575
-0.0029741020407527685
-0.00439867191016674
-0.0006466797203756869
-0.02986598201096058
0.014658073894679546
-0.009928252547979355
0.011384062469005585
-0.00795384868979454
-0.015082946047186852
-0.0002965901221614331
-0.016819920390844345
0.002300867810845375
0.0009255018085241318
-0.006691729184240103
0.01002197340130806
-0.01716981641948223
0.0072103226557374
-0.02236824668943882
-0.0023071158211678267
0.00480479933321476
-0.009622094221413136
0.008403712883591652
-0.008853577077388763
0.018144521862268448
-0.014783035963773727
-0.004173739813268185
0.023317959159612656
-0.0011972946813330054
-0.027491698041558266
-0.011396558955311775
-0.02614210546016693
0.015620283782482147
0.00972206424921751
-0.010615544393658638
0.01254621148109436
-0.003911319188773632
-0.01044059731066227
0.023255478590726852
0.008447449654340744
-0.017219800502061844
0.050059884786605835
0.006157515570521355
-0.01567026786506176
-0.003492695279419422
0.0006630810094065964
-0.02964104898273945
0.012408752925693989
0.005276531912386417
-0.014295683242380619
-0.005620177835226059
-0.0008684877539053559
0.0029553575441241264
-0.014283186756074429
0.019556595012545586
-0.029791004955768585
-0.02298056147992611
-0.005551448557525873
-0.01774464175105095
0.009834530763328075
-0.039413098245859146
0.00040026975329965353
-0.00017475192726124078
0.003570796689018607
-0.017869604751467705
0.00035653298255056143
0.00213841674849391
-0.024155206978321075
0.02736673690378666
0.0034520826302468777
0.024330154061317444
-0.008141291327774525
-0.01266492623835802
0.011865166947245598
0.010628040879964828
-0.004111258778721094
0.011159130372107029
-0.010802987962961197
-0.03191536292433739
0.020806217566132545
0.01924418844282627
-0.004517385736107826
0.007385270204395056
-0.001222287188284099
0.0017557198880240321
0.01799456588923931
-0.018494416028261185
-0.02634204551577568
-0.01966906152665615
-0.03383978083729744
-0.0012996075674891472
-0.013158527202904224
-0.029541080817580223
0.00439867191016674
-0.0030756338965147734
-0.014458134770393372
0.04868530109524727
0.009403410367667675
0.003602037439122796
-0.004233096726238728
0.02403024397790432
-0.02070624753832817
0.01731977052986622
-0.0037863566540181637
-0.0022993057500571012
0.005079715978354216
0.017882101237773895
-0.018744340166449547
0.009440898895263672
0.02487998828291893
-0.012402504682540894
-0.01348342839628458
-0.00835997611284256
-0.012908602133393288
-0.011696468107402325
0.024292664602398872
-0.007716420106589794
-0.00981578603386879
0.003748868126422167
-0.018119528889656067
-0.0047548143193125725
-0.013146030716598034
-0.009372170083224773
-0.019544098526239395
-0.009809537790715694
0.01170271635055542
0.01210884377360344
0.011621491052210331
-0.00762894656509161
-0.003639525966718793
0.02654198557138443
-0.021668456494808197
0.05333389714360237
0.0007841382175683975
0.05208427459001541
0.001079361536540091
0.0033021278213709593
-0.042087290436029434
-0.007603954058140516
0.017519710585474968
-0.009809537790715694
0.014883005991578102
-0.017094837501645088
0.01961907558143139
-0.01883181370794773
0.025154903531074524
0.022405734285712242
-0.021868396550416946
-0.02444261871278286
0.012752399779856205
0.0064792935736477375
-0.0018838061951100826
-0.019319167360663414
0.0071790823712944984
0.0128586171194911
0.0058326139114797115
-0.011434047482907772
0.02485499531030655
-0.0017775882733985782
-0.01014068815857172
-0.011577754281461239
0.048785269260406494
-0.010209416970610619
0.019544098526239395
-0.0016510639106854796
-0.0029553575441241264
-0.010109447874128819
-0.013470932841300964
0.007866375148296356
-0.016195109114050865
-0.007397766225039959
0.03219028189778328
-0.0016213854542002082
-0.003038145136088133
-0.010590552352368832
-0.033114999532699585
0.015595290809869766
-0.02023139037191868
-0.0015542182372882962
0.028966253623366356
-0.013583398424088955
-0.010927950032055378
0.0034208421129733324
0.01715731993317604
-0.02155599184334278
0.017407244071364403
0.0027288636192679405
-0.025617264211177826
0.004839163739234209
-0.0013698989059776068
-0.028566373512148857
-0.0012839873088523746
-0.009428403340280056
-0.01903175376355648
-0.0030069046188145876
-0.010484334081411362
-0.02363036386668682
-0.005523332394659519
0.020531300455331802
-0.025417326018214226
-0.011109145358204842
0.0010434349533170462
0.023567883297801018
0.04498641565442085
0.0002924897999037057
-0.0026195214595645666
-0.001644815900363028
0.014520615339279175
-0.04038780555129051
0.0024758148938417435
0.0012402505381032825
0.0054014939814805984
0.00542961061000824
0.011833926662802696
0.006766706705093384
-0.0058326139114797115
0.03304002434015274
-0.009384666569530964
-0.03224026411771774
-0.012415001168847084
0.021231088787317276
0.010284394957125187
-0.0086723817512393
-0.010515574365854263
0.008916057646274567
-0.009865771047770977
0.005798249039798975
0.011833926662802696
-0.03821346163749695
0.00981578603386879
-0.001112164231017232
-0.01820700243115425
-0.006160639692097902
-0.013246000744402409
0.042937036603689194
-0.015282885171473026
0.007491488009691238
0.002892876509577036
-0.022668154910206795
0.0004260432324372232
-0.008072562515735626
0.03863833472132683
-0.025817204266786575
-0.013545909896492958
-0.020643766969442368
-0.02406773343682289
-0.03194035589694977
0.0034645788837224245
8.898680243873969e-05
0.004726697690784931
-0.006566767115145922
0.01779462769627571
0.010821732692420483
0.006822939962148666
0.005560820922255516
0.002760104136541486
-0.0036895109806209803
-0.015445335768163204
-0.010228161700069904
0.0051109567284584045
-0.0012433745432645082
0.05053474009037018
0.005682659335434437
-0.0020087684970349073
-0.001925980905070901
0.00762894656509161
-0.037713613361120224
-0.018869303166866302
0.028791306540369987
0.03261515125632286
0.025029942393302917
0.013583398424088955
0.011990129947662354
0.031090611591935158
-0.015932688489556313
0.005154693499207497
-0.035039421170949936
-0.019744038581848145
-0.022693147882819176
-0.008022577501833439
-0.0030084666796028614
0.010503078810870647
0.004995366558432579
-0.004817295353859663
0.02274313196539879
-0.020781224593520164
-0.0011270034592598677
0.019144218415021896
-0.0015378169482573867
0.0004072988813277334
0.01863187365233898
0.02004394680261612
0.019706549122929573
-0.008684877306222916
-0.004632975906133652
-0.01212758757174015
-0.008903561159968376
-0.0020618773996829987
-0.019968969747424126
-0.02756667695939541
-0.019706549122929573
0.013520916923880577
-0.005726396106183529
0.02403024397790432
0.017869604751467705
-0.013433443382382393
0.017457228153944016
-0.02904123067855835
0.0006583949434570968
-0.010134439915418625
-0.01839444600045681
0.02024388685822487
0.0008270940161310136
-0.016220102086663246
-0.0018869302002713084
-0.004429912194609642
-0.011646483093500137
0.0067104739136993885
0.003880078438669443
-0.0027304254472255707
0.025792211294174194
-0.018481919541954994
-0.008010081015527248
-0.024567581713199615
-0.01494548749178648
-0.03611409664154053
0.008391216397285461
-0.014058254659175873
0.004067522007972002
0.019344158470630646
0.0027772863395512104
0.019319167360663414
0.011996377259492874
-0.006188756320625544
-0.0321652889251709
-0.015832718461751938
-0.01034687552601099
-0.019819015637040138
-0.004826667718589306
0.0015518751461058855
-0.002149350941181183
0.003523936029523611
-0.0014042634284123778
-0.007641442585736513
-0.04081267490983009
0.007154089864343405
0.21393540501594543
-0.019694052636623383
-0.00589821906760335
0.018306972458958626
-0.007091608829796314
0.0064043160527944565
0.02487998828291893
0.0002173171960748732
0.002380531281232834
0.015420343726873398
0.0033552369568496943
-0.02552979066967964
-0.014970479533076286
0.009115997701883316
0.014758043922483921
-0.018469423055648804
-0.03236522898077965
0.0011215363629162312
-0.003523936029523611
-0.005223422776907682
0.03234023600816727
0.01612013205885887
-0.0009075384587049484
-0.015982674434781075
0.022918079048395157
-0.005532704293727875
0.008803592063486576
0.003214654279872775
0.016894899308681488
-0.003595789195969701
-0.026467008516192436
-0.00574201624840498
-0.006485541816800833
-0.0004963345127180219
-0.02966604195535183
0.006066917907446623
0.01816951297223568
-0.0064043160527944565
0.004126878920942545
0.021431028842926025
0.01983151212334633
-0.0221308171749115
-0.012115092016756535
0.005976320244371891
0.003205282147973776
0.04403670132160187
0.007016631308943033
-0.016357561573386192
-0.00480479933321476
-0.002305553760379553
-0.02381780743598938
0.021693449467420578
0.0051109567284584045
0.0059138392098248005
-0.0036645184736698866
0.00747274374589324
0.0041143824346363544
0.002724177436903119
0.015082946047186852
0.011677724309265614
0.010490582324564457
0.022830605506896973
-0.007429006975144148
0.007154089864343405
-0.031290553510189056
0.018306972458958626
-0.013458436354994774
-0.011752701364457607
-0.004842287860810757
-0.014058254659175873
0.0194691214710474
-0.011927648447453976
-0.02133105881512165
0.00970956776291132
0.004582991357892752
-0.01087796501815319
0.03006592206656933
0.01778213120996952
0.006954150274395943
0.02321798913180828
-0.013196015730500221
-0.013870812021195889
-0.03576420247554779
0.016057651489973068
0.021231088787317276
-0.019306670874357224
0.023168005049228668
-0.006048173643648624
-0.010278146713972092
-0.01901925727725029
0.0029053727630525827
0.0028866282664239407
0.005239042919129133
-0.011640234850347042
0.00878484733402729
0.014570600353181362
0.011621491052210331
0.02233075723052025
-0.0071603381074965
0.01349592488259077
-0.007585209794342518
0.0030115905683487654
0.01733226701617241
-0.0025539163034409285
-0.03613908588886261
0.01799456588923931
-0.03453956916928291
-0.012158828787505627
0.014070751145482063
-0.03863833472132683
0.0010395299177616835
-0.013845819048583508
-0.006454301066696644
-0.01984400860965252
-0.023792816326022148
0.024317657575011253
0.023655356839299202
-0.02023139037191868
0.00784763041883707
0.004748566076159477
-0.00029346608789637685
-0.014045759104192257
0.002058753278106451
0.02399275451898575
-0.012321279384195805
-0.027741624042391777
-0.03111560456454754
0.007647690828889608
0.0025539163034409285
-0.023792816326022148
0.017207304015755653
-0.031440507620573044
0.03381478786468506
-0.010684274137020111
-0.019731542095541954
0.0252548735588789
-0.0002708166721276939
-0.02173093892633915
0.01714482344686985
0.010103199630975723
0.019281677901744843
-0.01713232696056366
0.0021071762312203646
-0.023467913269996643
0.005248415283858776
-0.0018822441343218088
-0.0008544294978491962
-0.002433640183880925
-0.012040114030241966
-0.007653939072042704
-0.01287111360579729
-0.042287230491638184
0.005854482296854258
0.0029225549660623074
0.009797041304409504
0.0225931778550148
-0.009534620679914951
-0.006510534323751926
-0.011577754281461239
-0.004320570267736912
-0.014545608311891556
0.0071478416211903095
0.01819450594484806
-0.0055483244359493256
0.002289933618158102
0.012283790856599808
-0.15395350754261017
0.006966646295040846
0.007860126905143261
0.0014331609709188342
0.015132930129766464
-0.004864156246185303
0.016994867473840714
0.008584908209741116
0.002792906714603305
0.005651418585330248
0.004411167930811644
0.006623000372201204
-0.0446615144610405
-0.026841895654797554
-0.004567370750010014
-0.0067104739136993885
-0.019556595012545586
0.00553895253688097
0.02591717429459095
0.00879734382033348
0.01284612063318491
-0.0158827044069767
-0.010815484449267387
-0.004848536103963852
0.0011879225494340062
0.0020400090143084526
-0.011384062469005585
0.01399577409029007
-0.008197524584829807
-0.019119227305054665
-0.01494548749178648
0.013208511285483837
0.03096565045416355
0.0013410013634711504
-0.017032356932759285
0.0005818555364385247
-0.00344895850867033
-0.014770540408790112
-0.021031148731708527
0.003036583075299859
0.014533111825585365
0.01899426430463791
-0.00031162466621026397
-0.0041893599554896355
0.021218592301011086
-0.009653335437178612
0.0015284446999430656
-0.017507214099168777
0.03948807716369629
0.005507711786776781
0.0030412692576646805
-0.007916359230875969
0.004414292052388191
0.013146030716598034
0.00939091481268406
0.013933292590081692
0.00845994520932436
-0.0032177784014493227
0.030390823259949684
-0.014058254659175873
-0.013720856979489326
-0.011159130372107029
0.0006841684225946665
0.0037426198832690716
0.02446761168539524
-0.02444261871278286
-0.03089067153632641
0.02173093892633915
-0.03593914955854416
0.005816993769258261
0.00023996659729164094
-0.02756667695939541
0.008341231383383274
-0.01589520089328289
0.010653032921254635
0.007797645404934883
-0.02155599184334278
0.04288705065846443
-0.01109040156006813
-0.010409357026219368
-0.023317959159612656
0.03726374730467796
-0.015807727351784706
0.0012660239590331912
-0.004798551090061665
-0.0028178992215543985
-0.02108113467693329
0.005782628897577524
0.0014815839240327477
0.0020306368824094534
-0.01035937201231718
-0.03363984078168869
-0.027941562235355377
0.0003903118195012212
0.01856939308345318
0.025417326018214226
0.004017536994069815
-0.011977633461356163
-0.003527059918269515
0.006326214876025915
0.009247208014130592
0.01711983047425747
-0.01287111360579729
0.005582689307630062
0.03423966094851494
-0.01221506204456091
-0.008491186425089836
0.0043455627746880054
0.016969876363873482
0.0045236339792609215
-0.04201231524348259
0.0053202686831355095
0.009578357450664043
0.023143012076616287
0.007966344244778156
0.015732750296592712
-0.0025539163034409285
-0.008509930223226547
0.020218895748257637
-0.0024195818696171045
0.035014428198337555
-0.007541473023593426
-0.029940959066152573
0.010865469463169575
-0.01733226701617241
-0.019381647929549217
-0.114565409719944
-0.024555085226893425
0.015395351685583591
0.01903175376355648
0.014583096839487553
0.02318049967288971
-0.006263733841478825
0.007822638377547264
-0.014820524491369724
0.014233202673494816
-0.03141551464796066
-0.024105221033096313
0.01054681558161974
0.011427799239754677
0.008947297930717468
0.03011590614914894
-0.014083247631788254
0.0053202686831355095
-0.02949109487235546
0.015982674434781075
0.0229930579662323
0.01961907558143139
-0.01903175376355648
-0.007622698321938515
0.009415906853973866
-0.0042112283408641815
-0.0292411707341671
0.006188756320625544
0.016257591545581818
0.006804195232689381
-0.04751065373420715
-0.003314624074846506
0.007047872059047222
-0.01504545658826828
0.023305462673306465
-0.01713232696056366
-0.032265257090330124
-0.008409960195422173
0.010228161700069904
-0.014495623297989368
0.020106429234147072
0.02050630748271942
0.0019212948391214013
-0.02399275451898575
0.004682960920035839
-0.03408970683813095
-0.00522654689848423
0.0009106625220738351
-0.006276229862123728
-0.025042438879609108
-0.016007665544748306
-0.020018955692648888
-0.04998490586876869
-0.010646785609424114
-0.005704527720808983
-0.002936613280326128
0.0027210533153265715
-0.008116299286484718
-0.014533111825585365
-0.036688920110464096
0.00856616348028183
-0.005254663527011871
-0.01504545658826828
0.03466453403234482
0.030590763315558434
-0.004489269573241472
-0.009465891867876053
-0.009259703569114208
0.006448052823543549
-0.0020275127608329058
-0.0015948308864608407
0.016357561573386192
0.008541170507669449
-0.021006157621741295
-0.0231929961591959
0.023055538535118103
-0.018294475972652435
-0.004686085041612387
-0.005020359065383673
-0.002366472966969013
-0.0024070856161415577
-0.014770540408790112
-0.021006157621741295
-0.007647690828889608
0.011152882128953934
0.0025336099788546562
0.018531903624534607
-0.0038457137998193502
-0.001657312037423253
-0.014833020977675915
0.004301826003938913
0.032915059477090836
0.0027304254472255707
0.010678025893867016
0.03371481969952583
0.013720856979489326
0.0049110171385109425
-0.00580449728295207
-0.007135345600545406
0.00836622342467308
-0.034164682030677795
0.019544098526239395
-0.0588822215795517
0.020406337454915047
0.003873830195516348
-0.007035375572741032
0.02238074131309986
-0.0071790823712944984
0.021655960008502007
-0.007985088974237442
0.007404014468193054
0.022455720230937004
-0.00402690889313817
-0.00012310735473874956
-0.017932085320353508
0.006685481406748295
-0.02589218132197857
-0.026467008516192436
0.027941562235355377
-0.0076914275996387005
0.008584908209741116
0.005223422776907682
0.028991246595978737
-0.007110353093594313
0.004617355763912201
0.04258714243769646
-0.03274011239409447
0.008203772827982903
-0.00972206424921751
-0.002002520253881812
-0.002935051219537854
0.023305462673306465
0.024205191060900688
-0.023730333894491196
-0.006529278587549925
0.017682161182165146
0.002214956097304821
-0.021006157621741295
0.0007564122206531465
0.037713613361120224
0.01412073615938425
0.089323028922081
-0.02406773343682289
-0.00616376381367445
0.00886607263237238
-0.003670766716822982
-0.01963157206773758
0.006135647185146809
0.00962834246456623
0.01412073615938425
0.007478991523385048
-0.015482825227081776
0.03241521120071411
0.03531433641910553
-0.0013331911759451032
-0.007960096001625061
-0.016582492738962173
0.006541774608194828
-0.002125920495018363
-0.0056326743215322495
0.005189058370888233
-0.016382552683353424
0.0413375161588192
-0.00981578603386879
0.0050078630447387695
0.012708663009107113
-0.003191223833709955
-0.022518200799822807
-0.005688907112926245
0.005657666828483343
-0.018756836652755737
-0.0027866584714502096
-0.0019291050266474485
0.016457529738545418
0.003992544487118721
0.014645577408373356
0.027916571125388145
-0.007872622460126877
0.007597705814987421
-0.017032356932759285
-0.013720856979489326
0.01799456588923931
0.005857606418430805
0.01223380584269762
-0.03371481969952583
0.0250549353659153
0.00950338039547205
-0.003114684484899044
-0.008091307245194912
0.021218592301011086
-0.03266513720154762
0.014870509505271912
-0.005145321134477854
0.024155206978321075
0.020206399261951447
0.008291246369481087
-0.03196534886956215
0.0007279051933437586
0.001846317551098764
-0.014708058908581734
0.011134138330817223
0.014283186756074429
0.003986296243965626
-0.0024929973296821117
0.013870812021195889
-0.015982674434781075
-0.019544098526239395
0.024367641657590866
-0.022455720230937004
-0.038113489747047424
-0.02384280040860176
0.017419740557670593
0.0007310292567126453
0.0014604964526370168
0.021268578246235847
-0.0034958194009959698
-0.024405131116509438
-0.0025867188815027475
0.038563355803489685
-0.009359673596918583
-0.026641955599188805
0.011771445162594318
-0.005354633089154959
0.0426621176302433
0.022468214854598045
-0.005751388147473335
0.0058107455261051655
0.0011652731336653233
0.02989097498357296
-0.00533588882535696
0.01504545658826828
0.016420042142271996
-0.0070228795520961285
-0.0047235735692083836
-0.010952943004667759
-0.016345065087080002
-0.02510491944849491
0.0051921820268034935
0.02756667695939541
0.025217385962605476
-0.04831041395664215
0.07122848927974701
-0.0074602472595870495
-0.013520916923880577
0.013071052730083466
-0.011071656830608845
0.0180070623755455
-0.006960398517549038
-0.004526758100837469
-0.005692031234502792
0.006860428489744663
0.01379583403468132
-0.018032055348157883
-0.0008919182000681758
-0.03191536292433739
-0.011721461080014706
-0.009990733116865158
-0.025167400017380714
0.023155508562922478
-0.002233700593933463
0.019756535068154335
0.038313429802656174
-0.005848234053701162
0.01085922122001648
-0.009797041304409504
-0.018444430083036423
-0.001835383358411491
0.024942468851804733
-0.0027007469907402992
-3.436462429817766e-05
-0.02171844244003296
0.008966042660176754
0.013071052730083466
-0.019719045609235764
-0.0062418654561042786
-0.015420343726873398
0.0008802029769867659
0.007266555912792683
-0.0267169326543808
-0.017044853419065475
-0.009165982715785503
-0.013033564202487469
0.020768728107213974
-0.01305855717509985
-0.027341743931174278
-0.03169042989611626
-0.003739495761692524
-0.006591759622097015
-0.00024113812833093107
-0.0018603757489472628
