0.00352693279273808
-0.016828229650855064
0.012909416109323502
-0.023422202095389366
-0.045963481068611145
0.007015001028776169
-0.02588360570371151
-0.009392199106514454
-0.016841184347867966
-0.007863537408411503
-0.007610919885337353
-0.013511812314391136
-0.01435387134552002
0.018123704940080643
0.007565578445792198
-0.00596566591411829
0.03490011766552925
0.003167438320815563
0.00935333501547575
-0.006859544198960066
-0.012248722836375237
-0.011892467737197876
0.006043394561856985
-0.0064611854031682014
-0.023214925080537796
0.012553160078823566
0.009793796576559544
-0.028655923902988434
-0.007196367718279362
-0.01203496940433979
-0.004300979431718588
-0.0031901090405881405
-0.017242781817913055
-0.01628413051366806
-0.010856086388230324
-0.009003556333482265
-0.00664579076692462
0.015714120119810104
0.028966838493943214
0.025844741612672806
0.02498972788453102
0.0014557908289134502
0.008627868257462978
-0.007960698567330837
-0.016025034710764885
0.003052464686334133
-0.015144111588597298
-0.03274962678551674
-0.04078157618641853
0.03329372778534889
0.010292555205523968
0.01380977127701044
-0.015053428709506989
-0.009670726954936981
-0.015105247497558594
-0.0030265552923083305
-0.012954757548868656
0.005392417777329683
0.008316954597830772
-0.017748018726706505
-0.002714021597057581
0.004760873503983021
-0.029148204252123833
0.006684654857963324
0.037983350455760956
0.022929921746253967
-0.010758926160633564
0.012656797654926777
-0.016828229650855064
0.00879628024995327
0.019445091485977173
-0.0009821325074881315
-0.0023610044736415148
0.007274096366018057
0.044123902916908264
-0.002778795547783375
-0.01658209040760994
-0.026660891249775887
0.003169057657942176
-0.0028468079399317503
0.0022249796893447638
-0.0008695881115272641
-0.03357873111963272
0.011296548880636692
0.014081821776926517
-0.005994813982397318
0.001922162133269012
0.00027974179829470813
-0.015079338103532791
-0.02072761207818985
-0.02254127897322178
0.013589540496468544
0.020092828199267387
0.0065972101874649525
-0.01882326230406761
0.005240199621766806
-0.02001510001718998
0.023694250732660294
-0.0156752560287714
-0.04101476073265076
-0.00895173754543066
-0.008472410961985588
-0.04539347067475319
-0.003028174629434943
-0.03192052245140076
-0.0010153291514143348
-0.012229290790855885
-0.0006740522221662104
0.030003217980265617
-0.027360448613762856
-0.0073000057600438595
0.05321814492344856
-0.0006364024593494833
0.0009303135448135436
0.011464960873126984
-0.014159549959003925
-0.004323650151491165
-0.02011873759329319
-0.0028743369039148092
0.002461403841152787
0.02193240448832512
0.0026929702144116163
0.014392735436558723
-0.0050199683755636215
0.023784935474395752
0.00576810585334897
-0.021103300154209137
-0.017773928120732307
-0.01729460060596466
-0.008316954597830772
-0.014729559421539307
-0.0003121286863461137
-0.004372230730950832
0.006538914050906897
0.001982077956199646
0.003802221268415451
-0.0051819030195474625
0.011976673267781734
-0.022372866049408913
-0.02092193253338337
0.01757960580289364
0.007811718620359898
-0.0052984957583248615
-0.020248286426067352
0.006470901425927877
0.012274633161723614
0.029251841828227043
0.037465158849954605
0.011568598449230194
0.013576585799455643
0.0217510387301445
-0.03054731898009777
0.012702140025794506
-0.0006412604707293212
-0.007779331877827644
-0.0049033756367862225
-0.00909424014389515
0.021181028336286545
-0.012404180131852627
-0.03173915669322014
0.0149238808080554
-0.009890957735478878
0.00561264855787158
0.010687675327062607
0.011691669002175331
0.017242781817913055
-0.0017148860497400165
0.0074619404040277
0.0020047486759722233
0.009288561530411243
0.012812254950404167
0.019950326532125473
-0.03075459413230419
0.02213968150317669
-0.008932305499911308
0.015623437240719795
0.0047317249700427055
0.004786782898008823
-0.010441534221172333
0.006240954622626305
-0.013576585799455643
-0.003624093485996127
0.024950863793492317
0.01728164590895176
-0.024303125217556953
0.014483419246971607
0.009113672189414501
0.002888910938054323
0.01330453623086214
0.0022039280738681555
0.02870774269104004
0.007429553661495447
-0.0017084087012335658
0.012553160078823566
-0.6363376975059509
-0.002205547410994768
0.0010817222064360976
-0.02356470376253128
0.0007355873240157962
0.0035722744651138783
0.024937909096479416
0.007086252328008413
0.0064482307061553
-0.02811182476580143
-0.0019658843521028757
0.022178545594215393
-0.009618907235562801
-0.020390788093209267
-0.013434083200991154
-0.02620747499167919
0.005505771841853857
-0.028345009312033653
0.03803516924381256
-0.028863199055194855
-0.03658423572778702
0.016711637377738953
0.0026217191480100155
-0.004015974700450897
-0.008886964060366154
0.0008282947819679976
0.019535774365067482
-0.025611555203795433
0.007552623748779297
0.01055812742561102
-0.01379681657999754
0.035936497151851654
0.0019480716437101364
0.03800925984978676
0.05187084898352623
0.012825209647417068
-0.017514832317829132
0.02467881329357624
0.028163643553853035
0.018641896545886993
-0.009087762795388699
-0.014600011520087719
0.008997078984975815
0.005343837663531303
0.0062701026909053326
-0.0017343182116746902
0.034122832119464874
-0.019872598350048065
-0.018525302410125732
0.039693377912044525
-0.003228973364457488
-0.015597527846693993
0.011400186456739902
-0.008757416158914566
-0.011808261275291443
-0.00030362713732756674
-0.011555643752217293
-0.005593216512352228
0.005849073175340891
0.034019194543361664
-0.0008044095011427999
0.024225397035479546
-0.014651830308139324
-0.01127711683511734
-0.02377198077738285
0.008491843938827515
-0.006545391399413347
-0.0027188798412680626
0.00257799681276083
-0.01325271651148796
0.022204454988241196
0.02264491654932499
0.009729023091495037
-0.010046414099633694
0.023681296035647392
0.009832660667598248
0.015040473081171513
-0.00048539857380092144
-0.00033398985397070646
0.024899043142795563
0.009230264462530613
-0.022891055792570114
-0.01991146244108677
0.022087860852479935
0.019691230729222298
-0.04539347067475319
-0.00616970332339406
-0.029692303389310837
0.003886427264660597
0.024847224354743958
0.007746945135295391
0.004666951484978199
0.003178773680701852
-0.010856086388230324
0.012326451949775219
0.040185656398534775
-0.009923344478011131
-0.007520236540585756
0.01450932864099741
-0.007015001028776169
-0.010448011569678783
-0.001837956253439188
0.007507281843572855
-0.01364135928452015
0.016918912529945374
0.0010064226808026433
0.004100180696696043
-0.005094458349049091
0.043631624430418015
-0.015157066285610199
-0.0028030856046825647
-0.0020452323369681835
0.008355818688869476
0.01647845096886158
-0.009087762795388699
-0.035340577363967896
0.00015049784269649535
-0.0006420701975002885
0.01940622739493847
-0.017644379287958145
0.01831802725791931
-0.0017877565696835518
0.021699218079447746
-0.014224323444068432
-0.022787418216466904
0.05096401646733284
-0.0007882160134613514
-0.02083124965429306
-0.013265672139823437
-0.002182876691222191
0.007481372449547052
-0.016750501468777657
0.010985634289681911
-0.0034168174024671316
0.017670288681983948
-0.004582745488733053
0.011503824964165688
-0.011147568933665752
-0.005751912482082844
-0.030106857419013977
-0.010137097910046577
-0.032723717391490936
0.00855014007538557
-0.00118212157394737
-0.03228325396776199
-0.015856623649597168
-0.0149109261110425
0.012527250684797764
-0.01380977127701044
0.02487313374876976
0.005431281868368387
0.005379463080316782
-0.038164716213941574
0.0006032058736309409
0.03215370699763298
-0.01849939301609993
-0.026466568931937218
0.01992441713809967
-0.02566337399184704
0.007973653264343739
-8.025877468753606e-05
0.0041811480186879635
-0.026233384385704994
0.02041669748723507
-0.003866995219141245
0.015740029513835907
0.008258657529950142
0.00664579076692462
-0.008038426749408245
-0.05731184780597687
-0.004887182265520096
0.0027204991783946753
-0.007753422483801842
0.01041562482714653
0.04459027573466301
-0.014094776473939419
0.004534164909273386
0.010396192781627178
-0.011613939888775349
-0.011426095850765705
-0.004090464673936367
0.013032485730946064
-0.004608654882758856
-7.661524432478473e-05
-0.004109896719455719
0.014094776473939419
-0.011419618502259254
0.026634981855750084
0.014133640564978123
0.00576162850484252
0.013233284465968609
0.0257799681276083
-0.007429553661495447
0.01608980819582939
0.016737546771764755
0.0002898627135436982
0.0013456754386425018
0.003951201215386391
0.03319009020924568
0.01688004843890667
0.024911997839808464
-0.00043196018668822944
0.04114431142807007
-0.013233284465968609
-0.013187943026423454
-0.023797890171408653
0.0062798187136650085
0.0063283988274633884
0.048295337706804276
-0.0016403961926698685
0.011652803979814053
-0.005421565845608711
-0.014742514118552208
-0.013615449890494347
0.0074619404040277
0.04658530652523041
-0.00904889777302742
0.016025034710764885
-0.00904889777302742
-0.00472848629578948
-0.013136124238371849
-0.0058555505238473415
0.013615449890494347
-0.002498648827895522
0.005340598989278078
0.0262981578707695
0.007643307093530893
-0.0033617594745010138
0.006522720213979483
-0.0041811480186879635
0.021776948124170303
0.03347509354352951
-0.0025375131517648697
0.03205006942152977
0.02971821464598179
0.008511275984346867
0.01627117581665516
-0.010039936751127243
0.04288024827837944
0.0006262815441004932
-0.0017326988745480776
0.025132229551672935
-0.007196367718279362
0.015092292800545692
-0.0018913946114480495
0.005026445724070072
0.025507917627692223
-0.0028176598716527224
-0.003896143287420273
0.001373204286210239
0.004670190159231424
-0.010771880857646465
-0.018680760636925697
-0.01848643831908703
0.012391225434839725
-0.0186937153339386
0.008096723817288876
0.010616423562169075
0.009547656401991844
0.012196904048323631
0.009262651205062866
0.03557376563549042
-0.01461296621710062
0.015105247497558594
0.000501592003274709
0.0029795942828059196
-0.013045440427958965
-0.016854139044880867
-0.03396737575531006
-0.022463548928499222
-0.014781378209590912
-0.015429115854203701
-0.008634345605969429
0.006684654857963324
0.02395334653556347
0.0192248597741127
0.007513759192079306
0.01193133182823658
0.007850582711398602
-0.016102762892842293
-0.04163658991456032
-0.02002805471420288
0.014185459353029728
0.024536311626434326
0.01410773117095232
-0.012902938760817051
-0.011840648017823696
-0.011251206509768963
-0.039797015488147736
-0.01781279221177101
0.00508150365203619
-0.009793796576559544
0.0021747800055891275
0.0022784180473536253
-0.02013169229030609
-0.005457191728055477
0.04337252676486969
-0.010175962001085281
0.014949790202081203
-0.013110214844346046
-0.01016300730407238
-0.010195394046604633
-0.00561264855787158
-0.0005270966794341803
0.01501456368714571
0.02162148989737034
-0.019147131592035294
0.023486975580453873
0.0015756223583593965
-0.03376009687781334
0.01380977127701044
-0.003569035790860653
0.005039400886744261
-0.0006485475460067391
-0.0002908747992478311
0.021802857518196106
0.0027820342220366
0.005819924641400576
0.01546798087656498
0.011847125366330147
0.003578751813620329
0.005683899857103825
-0.00155457085929811
0.010745971463620663
0.042025234550237656
-0.004641042090952396
-0.01757960580289364
0.03093596175312996
0.00010454894072609022
0.0011383993551135063
-0.017139144241809845
-0.045341651886701584
0.0005194048280827701
0.003957678563892841
0.009534701704978943
0.0010687675094231963
-0.002884052926674485
-0.001912446110509336
-0.002744789235293865
0.009845615364611149
0.01848643831908703
-0.012300542555749416
0.0383979007601738
0.005635319743305445
0.020559201017022133
-0.021971268579363823
0.0073194378055632114
0.02103852666914463
0.019872598350048065
0.003824892221018672
0.043502077460289
0.043838899582624435
-0.024639949202537537
-0.005771344527602196
0.024717677384614944
0.027023624628782272
0.01799415796995163
0.0011197768617421389
0.014872062020003796
0.009016511030495167
-0.004618370905518532
0.03259417042136192
0.0033811917528510094
0.0232537891715765
0.030262313783168793
0.014988654293119907
0.017916429787874222
-0.0038637565448880196
0.009521747007966042
-0.04935762658715248
-0.005900891963392496
0.009223787114024162
-0.016841184347867966
-0.00536003103479743
0.020248286426067352
0.03243871405720711
-0.00869264267385006
-0.0011189671931788325
0.027230899780988693
-0.0015594289870932698
0.011251206509768963
0.010577559471130371
-0.01370613370090723
-0.022670825943350792
-0.02063692919909954
-0.017851656302809715
0.0187196247279644
-0.00322411535307765
-0.005421565845608711
-0.01152325700968504
0.0010582417016848922
-0.00088173319818452
-0.03072868473827839
0.010745971463620663
-0.00294558797031641
-0.03870881721377373
-0.033811915665864944
-0.023292653262615204
-0.0010525740217417479
0.011510302312672138
0.009431063197553158
-0.010091756470501423
0.00021699219360016286
0.022178545594215393
0.002759363269433379
-0.00013045845844317228
-0.016737546771764755
-0.029407300055027008
-0.018356891348958015
0.01629708521068096
-0.006794770248234272
-0.014068867079913616
0.015182975679636002
0.0016258220421150327
-0.04414981231093407
-0.0010015646694228053
0.014470464549958706
-0.00824570283293724
-0.014315007254481316
0.02488608844578266
-0.003598183859139681
0.018875081092119217
0.01656913571059704
-0.02164739929139614
-0.002330237068235874
-0.0027820342220366
-0.019781915470957756
0.007351825013756752
0.006098452024161816
0.010039936751127243
-0.02546905353665352
0.015921397134661674
-0.016439586877822876
0.0008533946238458157
0.01364135928452015
0.004446720704436302
-0.0010622901609167457
0.00021476559049915522
0.005955949891358614
0.005230483133345842
-0.0005323595833033323
0.052596315741539
0.015403206460177898
-0.007384211756289005
-0.011581553146243095
-0.04562665522098541
0.009379244409501553
-0.005110651720315218
-0.011238251812756062
0.012643842957913876
0.004090464673936367
-0.014600011520087719
-0.006386695429682732
0.0027010669000446796
-0.0056158872321248055
0.030158676207065582
-0.02548200823366642
-0.04072975739836693
-0.032412804663181305
-0.00880275759845972
-0.027826819568872452
0.007915357127785683
-0.0011408283608034253
-0.004699338227510452
-0.003947962541133165
0.005625603254884481
0.017463013529777527
-0.005243438296020031
0.020144648849964142
-0.026868166401982307
-0.010286077857017517
0.0055770231410861015
-0.011335412971675396
0.0394083708524704
0.003033032640814781
0.007312960457056761
-0.02435494400560856
-0.01548093557357788
0.010551650077104568
-0.021012617275118828
-0.012145085260272026
-0.006007768679410219
0.0055640684440732
-0.012702140025794506
0.00959947519004345
-0.030158676207065582
0.00434632133692503
-0.012209858745336533
0.004900136962532997
0.008886964060366154
-0.008316954597830772
-0.006409366149455309
-0.03712833672761917
0.012404180131852627
0.02083124965429306
0.0058555505238473415
0.006263625342398882
-0.006419082172214985
-0.02124580182135105
0.048891253769397736
-0.011769397184252739
-0.0333973653614521
-0.01769619807600975
-0.003141528693959117
-0.024316079914569855
0.015921397134661674
-0.02144012413918972
0.007494327146559954
-0.014897971414029598
0.006781815551221371
0.03580695018172264
-0.002069522626698017
0.0017472729086875916
0.01619344763457775
0.017631424590945244
-0.025300640612840652
0.004845079500228167
0.000769998412579298
0.00250350683927536
0.0029569233302026987
0.005674183834344149
-0.02870774269104004
0.01546798087656498
0.026064971461892128
0.012397702783346176
-0.017670288681983948
0.004203818738460541
0.016802320256829262
-0.02397925592958927
0.018888035789132118
0.004631325602531433
0.01912122219800949
0.018149616196751595
-0.028060004115104675
-0.0001393648562952876
-0.018460528925061226
0.012650320306420326
-0.008446501567959785
0.0009222168009728193
0.006807724945247173
0.008822189643979073
0.03303463011980057
-0.01748892292380333
0.018875081092119217
0.010195394046604633
-0.02405698411166668
0.042102962732315063
0.0047576348297297955
0.03277553617954254
0.036739692091941833
0.009035943076014519
-0.017825746908783913
-0.007811718620359898
0.030676865950226784
-0.009897435083985329
0.016219357028603554
-0.002913200994953513
-0.0010072323493659496
-0.030262313783168793
0.01608980819582939
0.047569870948791504
-0.012572592124342918
-0.00855014007538557
0.011652803979814053
-0.003211160423234105
0.00042669731192290783
-0.011471438221633434
0.0192119050770998
-0.00028480225591920316
0.02063692919909954
-0.027179080992937088
0.013136124238371849
-0.01708732545375824
-0.02172512747347355
0.001939974958077073
0.048787616193294525
0.00718341302126646
0.01127711683511734
0.024549266323447227
-0.007105684373527765
-0.0060304393991827965
-0.014625920914113522
0.007623874582350254
-0.019367363303899765
0.0016792604001238942
0.01461296621710062
-0.00048296956811100245
0.005376224406063557
-0.010635855607688427
-0.023888573050498962
0.008278090506792068
-0.0032775537110865116
-0.004372230730950832
0.024303125217556953
-0.013783861882984638
0.00788297038525343
0.03324190899729729
0.011575075797736645
-0.021789902821183205
0.020779430866241455
0.010337896645069122
-0.015817759558558464
0.008219793438911438
0.017527787014842033
-0.024432672187685966
0.005340598989278078
-0.03163551911711693
0.0002451282925903797
-0.002786892233416438
-0.025948379188776016
0.009541179053485394
-0.012468954548239708
0.0012800919357687235
-0.022502413019537926
-0.01548093557357788
-0.004867750220000744
-0.010506308637559414
0.02123284712433815
-0.00019209476886317134
0.020002145320177078
0.012604978866875172
-0.00869264267385006
-0.04189568758010864
-0.014237278141081333
-0.01607685349881649
0.010856086388230324
0.0003783194115385413
0.024316079914569855
-0.007934789173305035
-0.00604015588760376
0.0272827185690403
-0.008932305499911308
-0.023823799565434456
-0.031013689935207367
-0.004100180696696043
0.00394472386687994
-0.011581553146243095
-0.022489458322525024
0.02204899676144123
-0.0113742770627141
0.02375902608036995
0.01082369964569807
-0.006273341365158558
0.018175525590777397
0.0028306145686656237
-0.020572155714035034
0.014975699596107006
-0.025741104036569595
0.009515269659459591
0.01056460477411747
0.0116333719342947
-0.011652803979814053
-0.04689622297883034
-0.0012161278864368796
-0.016128672286868095
0.021582625806331635
-0.01576594077050686
-0.020688747987151146
-0.006950227543711662
-0.006665222812443972
-0.022463548928499222
-0.0002526177850086242
-0.02193240448832512
-0.0116333719342947
0.008886964060366154
-0.01729460060596466
-0.007222277112305164
0.03469284251332283
-0.010901428759098053
0.01961350254714489
-0.010642332956194878
-0.022010132670402527
-0.009314470924437046
-0.0068854535929858685
-0.005764867179095745
0.05065310373902321
0.00038155808579176664
-0.015079338103532791
-0.013123169541358948
-0.01748892292380333
-0.030055036768317223
-0.00016831063840072602
0.01598617061972618
0.033708278089761734
0.004022452048957348
0.007125116419047117
0.007818195968866348
0.016543224453926086
-0.01243656687438488
0.01760551519691944
-0.019872598350048065
-0.028189552947878838
-0.0267904382199049
-0.014638875611126423
0.004553597420454025
-0.004103419370949268
-0.020053964108228683
-0.008666732348501682
0.03795744106173515
-0.002267082454636693
-0.0006173751899041235
-0.0015132776461541653
-0.024614039808511734
-0.028578195720911026
0.007727513089776039
0.025326551869511604
0.022165590897202492
-0.004670190159231424
0.023085378110408783
-0.020766476169228554
0.0023933914490044117
0.016646863892674446
-0.014185459353029728
-0.0007424695650115609
-0.008362296037375927
0.045341651886701584
-0.0036694351583719254
0.047181226313114166
-0.007863537408411503
0.009301516227424145
0.002131057670339942
0.0007388259982690215
0.011471438221633434
-0.016918912529945374
0.015131156891584396
0.020390788093209267
-0.003429772099480033
-0.035858768969774246
-0.008478889241814613
-0.015429115854203701
-0.0272827185690403
0.0017440342344343662
0.01298714429140091
-0.028163643553853035
0.007338870316743851
0.007649784442037344
-0.03173915669322014
-0.019794870167970657
-0.01950986497104168
-0.014457509852945805
0.007157503627240658
-0.014237278141081333
0.020973753184080124
0.038579266518354416
-0.021478988230228424
0.0016331091756001115
0.0036564802285283804
-0.01364135928452015
-0.03466692939400673
-0.01325271651148796
0.009249696508049965
-0.020986707881093025
0.010629378259181976
-0.029381390661001205
-0.014794332906603813
0.017825746908783913
0.012773390859365463
0.015740029513835907
-0.03904563933610916
0.001805569278076291
0.20085056126117706
-0.029951399192214012
-0.01910826750099659
0.008569572120904922
-0.021478988230228424
0.010622900910675526
0.029070476070046425
-0.012268155813217163
-0.003996542654931545
0.020999662578105927
0.01960054785013199
-0.018434619531035423
-0.02748999558389187
0.007267619017511606
-0.00373097020201385
-0.007772854529321194
-0.03547012433409691
-0.006762383505702019
0.019730094820261
0.014315007254481316
0.028552286326885223
-0.009165490977466106
-0.03749106824398041
-0.009890957735478878
0.03813880681991577
0.01658209040760994
-0.0053082117810845375
0.012915893457829952
0.028189552947878838
-0.008621390908956528
-0.02010578289628029
-0.004935762844979763
0.0004858034080825746
0.0015084196347743273
-0.018991675227880478
0.016633909195661545
0.00975493248552084
-0.02315015159547329
-2.9628947231685743e-05
0.02304651401937008
0.018162570893764496
-0.008193884044885635
0.011471438221633434
-0.024108802899718285
-0.026233384385704994
0.0535808764398098
-0.027956366539001465
-0.007915357127785683
0.03197234123945236
0.0026913508772850037
-0.012779868207871914
0.0364028699696064
0.03127278387546539
-0.001237179385498166
-0.011892467737197876
0.005858789198100567
0.0156623013317585
-0.007662739139050245
0.016750501468777657
0.012617933563888073
-0.0031755350064486265
0.016439586877822876
-0.013770907185971737
0.03225734457373619
-0.013680224306881428
0.01882326230406761
-0.012391225434839725
-0.019652366638183594
0.0017181247239932418
-0.017165053635835648
-0.00677533820271492
-0.02194535918533802
-0.012702140025794506
0.006104929372668266
-0.016426632180809975
-0.011439050547778606
0.0033811917528510094
0.033630549907684326
-0.01096620224416256
0.02850046567618847
-0.026168610900640488
-0.0009270748123526573
-0.019548729062080383
-0.0023950107861310244
-0.0021375350188463926
-0.03205006942152977
0.00010394168930361047
-0.0061632259748876095
0.004485584795475006
-0.02842273749411106
-0.011963718570768833
-0.0027188798412680626
0.003188489703461528
-0.0075979651883244514
0.020883068442344666
-0.0010145194828510284
0.009767887182533741
0.01167871430516243
-0.018732579424977303
0.0021472510416060686
-0.003695344552397728
0.03780198097229004
0.02245059423148632
0.0011562120635062456
0.004968149587512016
-0.008452978916466236
-0.02307242341339588
-0.004734964109957218
0.01259202416986227
-0.03515921160578728
0.001237179385498166
-0.038682907819747925
0.01243656687438488
-0.011555643752217293
-0.014470464549958706
0.00220068939961493
-0.002689731540158391
-0.00548957847058773
0.02182876691222191
0.0030152196995913982
-0.01629708521068096
-0.019471000880002975
-0.010648810304701328
0.01768324337899685
-0.019160086289048195
-0.015999125316739082
-0.03995247185230255
0.016815274953842163
-0.02365538664162159
-0.011788829229772091
0.01729460060596466
-0.01365431398153305
0.034641019999980927
0.020986707881093025
0.021556716412305832
-0.002197450725361705
-0.008031949400901794
-0.008912873454391956
-0.0024873134680092335
0.013498857617378235
0.014833196997642517
-0.016556181013584137
0.011639849282801151
0.005347076337784529
0.0012485147453844547
-0.02153080701828003
0.010616423562169075
0.003266218351200223
-0.013330445624887943
0.014548192732036114
0.003481591120362282
-0.033008720725774765
-0.019652366638183594
-0.02063692919909954
-0.0035496035125106573
0.013058396056294441
-0.019056448712944984
-0.02233400195837021
-0.001870343112386763
-0.011471438221633434
-0.0343560166656971
-0.006457946728914976
0.03065095655620098
-0.007669216487556696
0.0009894196409732103
0.007876493036746979
-0.1616753786802292
0.003909097984433174
0.012637365609407425
-0.0343560166656971
0.0027885115705430508
-0.000921407132409513
0.029096385464072227
0.022321047261357307
-0.030288223177194595
-0.0031577220652252436
-0.008524230681359768
-0.015636391937732697
-0.05135265737771988
-0.021660353988409042
-0.0023755787406116724
-0.0059041306376457214
-0.018952811136841774
-0.0012622792273759842
0.0454711988568306
0.0028727175667881966
0.0293295718729496
-0.006671700160950422
-0.00018814760551322252
-0.0015205646632239223
0.014224323444068432
-0.01248190924525261
-0.02870774269104004
-0.004832124337553978
0.019483955577015877
-0.0012833306100219488
0.011199387721717358
-0.002341572428122163
0.007397166453301907
-0.014224323444068432
0.008342863991856575
0.003996542654931545
-0.02435494400560856
-0.02013169229030609
-0.002600667532533407
0.01421136874705553
0.005275825038552284
0.03497784584760666
0.011432573199272156
-0.003928530029952526
0.02600019797682762
0.0154161611571908
0.028163643553853035
0.005372985731810331
0.015079338103532791
-0.0192119050770998
0.04738850146532059
-0.023396292701363564
0.013194420374929905
-0.002853285288438201
0.03023640438914299
0.008407637476921082
0.01193133182823658
0.0002149680076399818
0.014327961951494217
-0.00038803546340204775
-0.009087762795388699
-0.004705815576016903
0.014081821776926517
0.0028565239626914263
0.008524230681359768
-0.02527473121881485
-0.026142701506614685
0.014496373943984509
-0.02517109364271164
-0.007481372449547052
-0.0028970076236873865
-0.004530926235020161
0.006697609554976225
-0.003815176198258996
-0.010940292850136757
0.015001608990132809
0.006490333471447229
0.03451147302985191
-0.005201335065066814
-0.0156752560287714
-0.016905957832932472
0.0343819260597229
-0.00976140983402729
-0.013129646889865398
-0.01882326230406761
-0.003967394586652517
-0.0037892665714025497
0.03795744106173515
-0.004177909344434738
0.012643842957913876
0.02265787124633789
-0.0394342802464962
-0.019859643653035164
-0.026945896446704865
0.000725061574485153
0.00895173754543066
0.005457191728055477
-0.004880704917013645
-0.004103419370949268
-0.002372340066358447
0.013563631102442741
0.003377953078597784
-0.016141626983880997
0.006878976244479418
0.038890182971954346
-0.008491843938827515
0.0037795505486428738
0.002987690968438983
0.01860303245484829
-0.006768860854208469
-0.03075459413230419
-0.007241709623485804
0.002051709685474634
-0.01759256049990654
0.027230899780988693
-0.0004489633138291538
-0.006603687535971403
-0.0037212541792541742
0.040496572852134705
-0.037672434002161026
0.057881858199834824
0.008064336143434048
-0.004534164909273386
0.011652803979814053
-0.012352361343801022
-0.044849369674921036
-0.10151348263025284
-0.035133302211761475
0.019691230729222298
0.012345883995294571
0.001482510007917881
0.0056061712093651295
-0.014081821776926517
0.010642332956194878
-0.018667805939912796
0.012715094722807407
-0.03971928730607033
-0.026324067264795303
0.010221303440630436
0.001688976539298892
-0.02881138026714325
0.02467881329357624
0.0031399093568325043
-0.00475439615547657
-0.020092828199267387
0.022904010489583015
0.017152098938822746
0.007857060059905052
0.006250670645385981
0.019185995683073997
0.0010784835321828723
0.005716286599636078
-0.02901865728199482
-0.0016258220421150327
0.01800711266696453
-0.005930040031671524
-0.01192485447973013
-0.011898945085704327
0.005784299224615097
-0.01586957834661007
0.02011873759329319
-0.017113234847784042
-0.029070476070046425
-0.02193240448832512
0.029977308586239815
-0.014742514118552208
0.005670945160090923
0.012196904048323631
0.031402330845594406
-0.01001402735710144
0.006678177509456873
-0.015649346634745598
-0.0009408392943441868
0.009392199106514454
-0.001907588099129498
-0.023137196898460388
-0.01619344763457775
-0.01759256049990654
-0.057570941746234894
-0.013434083200991154
0.0017343182116746902
-0.016607999801635742
-0.015895487740635872
0.006224760785698891
-0.0008987362962216139
-0.02243763953447342
0.025404280051589012
0.014030002057552338
-0.016802320256829262
0.018590077757835388
0.010188916698098183
-0.0041714319959282875
-0.018421664834022522
-0.022204454988241196
0.0002900651306845248
0.0034265334252268076
0.013278626836836338
-0.0007489469135180116
0.0012428470654413104
-0.00472848629578948
-0.02010578289628029
0.014936835505068302
-0.0273086279630661
-0.005525203887373209
-0.0051819030195474625
-0.0017343182116746902
0.006195612717419863
-0.008718552067875862
-0.007546146400272846
-0.005165709648281336
0.018771443516016006
0.009942776523530483
0.008524230681359768
-0.002126199658960104
0.01025369018316269
-0.024238351732492447
-0.01677641086280346
0.02863001450896263
0.004184386692941189
0.0030168392695486546
0.014483419246971607
0.0002269106771564111
0.010881996713578701
-0.02102557197213173
-0.006840112153440714
0.0077080805785954
-0.0149109261110425
-0.008595481514930725
-0.06099099665880203
-0.00010201871918980032
0.003266218351200223
0.0010768641950562596
-0.0156623013317585
-0.003886427264660597
0.028293190523982048
0.005794015247374773
0.01790347509086132
-0.0003226544358767569
-0.014042956754565239
0.005544636398553848
-0.017916429787874222
-0.024510400369763374
-0.021763993427157402
-0.01097915694117546
0.023784935474395752
0.00036597190774045885
0.0007590678287670016
0.008077291771769524
-0.0067235189490020275
-0.0019302588189020753
0.01608980819582939
0.0027755568735301495
-0.025805877521634102
-0.005509010516107082
0.00823274813592434
-0.009722545742988586
-0.023227879777550697
-0.005304973106831312
0.008880486711859703
-0.022800372913479805
-0.017955293878912926
0.029381390661001205
-0.0008954976219683886
-0.023888573050498962
0.017372330650687218
0.03002912737429142
0.020662838593125343
0.06658745557069778
-0.0064611854031682014
-0.0192248597741127
0.048891253769397736
-0.011205865070223808
-0.037154246121644974
-0.00257799681276083
-0.023499930277466774
-0.0011505443835631013
-0.0016080093337222934
-0.005706570576876402
0.013447037898004055
0.027567723765969276
-0.01000755000859499
-0.003588467836380005
-0.00434632133692503
0.0149238808080554
0.003834608243778348
0.015390251763164997
-0.02498972788453102
-0.01760551519691944
0.028370918706059456
0.007617397233843803
0.0016233930364251137
0.009735500440001488
-0.004819169640541077
0.019082358106970787
-0.0028970076236873865
0.013628404587507248
-0.004025690723210573
-0.004696099553257227
-0.004919569008052349
0.003462158842012286
0.00864082295447588
0.024005165323615074
0.008517753332853317
-0.014017047360539436
0.002746408572420478
0.0009181684581562877
-0.014159549959003925
0.016931867226958275
-0.015714120119810104
-0.0019318782724440098
-0.025002682581543922
0.02406993880867958
0.0016412058612331748
-0.006406127475202084
-0.005411849822849035
-0.002778795547783375
-0.0008238416048698127
-0.0012849500635638833
-0.011322458274662495
0.011257683858275414
-0.013084305450320244
0.025857696309685707
-0.015519799664616585
0.005758389830589294
0.01548093557357788
-0.038061078637838364
0.013472948223352432
0.023331519216299057
0.010389715433120728
-0.004566552117466927
0.020870113745331764
-0.023176060989499092
-0.028992747887969017
0.01410773117095232
-0.02435494400560856
-0.030210494995117188
-0.004663712810724974
0.005985097959637642
0.008841621689498425
0.0010023743379861116
0.028863199055194855
0.009528224356472492
-0.031790975481271744
-0.013602495193481445
0.024108802899718285
-0.013680224306881428
-0.024691767990589142
0.022087860852479935
-0.027127262204885483
0.01152973435819149
0.019665321335196495
-0.0010137098142877221
0.0009707971476018429
-0.01046744454652071
0.03661014512181282
-0.009638339281082153
0.009366289712488651
-0.026466568931937218
-0.010026982054114342
0.0009845616295933723
-0.02448449097573757
-0.028863199055194855
-0.014094776473939419
0.0018784397980198264
0.003203063737601042
0.016724592074751854
-0.012598501518368721
0.06239011138677597
0.007617397233843803
-0.013576585799455643
0.02417357824742794
-0.002908342983573675
-0.017773928120732307
0.008653777651488781
-0.00829104520380497
-0.005518726538866758
-0.014742514118552208
0.006542152725160122
-0.0004538213543128222
0.005881459917873144
-0.0217510387301445
-0.02285219170153141
0.0018039499409496784
0.014496373943984509
0.028448646888136864
0.0008946879534050822
0.010396192781627178
0.03953792154788971
0.02658316306769848
0.00391881400719285
0.02296878583729267
-0.017437104135751724
0.011989627964794636
0.04197341576218605
-0.013667269609868526
-0.008666732348501682
-0.037257883697748184
0.0036176161374896765
0.00236424314789474
-0.03762061521410942
-0.02720499038696289
0.00608873600140214
-0.04197341576218605
0.0050458782352507114
-0.0181884802877903
-0.00909424014389515
0.014405690133571625
0.0031496253795921803
0.01656913571059704
-0.024911997839808464
-0.05389179289340973
-0.017035506665706635
0.0047479188069701195
-0.012151562608778477
0.020766476169228554
-0.020248286426067352
