-0.012251872569322586
-0.01934911124408245
0.02938910759985447
-0.015643415972590446
-0.019836364313960075
0.006334301549941301
-0.04780217632651329
-0.005414288956671953
-0.030030230060219765
-0.018336135894060135
-0.008841094560921192
-0.009822013787925243
0.006372768897563219
0.01053366158157587
-0.008635935373604298
0.013258436694741249
0.026875901967287064
-0.017656544223427773
-0.008732103742659092
-0.00618363730609417
-0.013181501999497414
-0.012610902078449726
0.023644639179110527
-0.025503898039460182
-0.022298280149698257
0.003372310195118189
0.01597680151462555
-0.029158303514122963
-0.0005369410500861704
-0.0035902922973036766
-0.009610443376004696
-0.009828425012528896
-0.006860022898763418
0.002245535608381033
-0.000533735437784344
-0.009277058765292168
0.007751184515655041
0.013001987710595131
0.014784310944378376
0.01704106666147709
0.015899866819381714
-0.0010594568448141217
0.0245678573846817
-0.011828730814158916
-0.0017662956379354
0.02156739868223667
-0.014297056943178177
-0.0010322090238332748
-0.02754267118871212
0.01647687703371048
0.017053889110684395
0.009738667868077755
0.0010931157739832997
-0.017156468704342842
-0.017592431977391243
-0.020118460059165955
-0.034748900681734085
0.007078005000948906
0.012886584736406803
-0.03908289596438408
-0.00018762884428724647
0.01832331344485283
-0.0419551320374012
0.017028244212269783
0.0068215555511415005
0.011527403257787228
-0.015361322090029716
-0.006936957594007254
-0.02445245534181595
0.0013263245346024632
0.02526027150452137
0.03054312989115715
-0.0064945826306939125
-0.004202565643936396
0.02979942597448826
0.009475807659327984
0.006132347509264946
-0.027799120172858238
0.002875439589843154
0.023708751425147057
0.007116472348570824
-0.01622042804956436
-0.0358772799372673
0.0178232379257679
0.012251872569322586
-0.006013739854097366
0.009546331129968166
0.019169596955180168
0.010257977992296219
0.010052818804979324
-0.028286375105381012
-0.0051898956298828125
0.0008791408035904169
0.017515497282147408
-0.019464513286948204
0.02556801028549671
-0.00941169448196888
0.01255320105701685
-0.037749361246824265
-0.02597833052277565
0.0013423525961115956
-0.0008855520281940699
-0.01925935409963131
-0.013014810159802437
-0.04649428650736809
0.007334454450756311
-0.012668603099882603
-0.003333842847496271
0.00987971480935812
-0.04613525792956352
-0.021016033366322517
0.03356923162937164
-0.002538849599659443
-0.006190048530697823
0.022747065871953964
-0.012694247998297215
-0.0004672188370022923
-0.03385132923722267
0.028876207768917084
-0.01660510152578354
0.02056724578142166
0.012117236852645874
0.008571823127567768
-0.030337970703840256
0.020644180476665497
0.01910548470914364
-0.013848270289599895
0.014168832451105118
-0.021362239494919777
-0.017028244212269783
-0.01838742569088936
-0.013963672332465649
-0.006276600528508425
-0.017464207485318184
-0.01294428575783968
0.0030565569177269936
-0.018720809370279312
0.026363003998994827
-0.033466652035713196
-0.020092815160751343
0.014643264003098011
0.004484659992158413
-0.013373838737607002
-0.03923676535487175
-0.002444283803924918
0.02369592897593975
0.0209775660187006
0.029927650466561317
0.002963593928143382
-0.0027488176710903645
0.009796368889510632
-0.03808274492621422
0.017207758501172066
-0.0034716844093054533
0.0029860332142561674
0.0020564040169119835
-0.017246225848793983
0.022862467914819717
0.015053583309054375
-0.001973058097064495
0.005786140915006399
-0.02388826571404934
-0.0029651967342942953
0.005167456343770027
0.013322548940777779
0.022772710770368576
0.006475348491221666
-0.0010522442171350121
0.02667074277997017
0.001427301438525319
0.02332407794892788
0.027645250782370567
-0.026119377464056015
0.020054347813129425
-0.0006996261654421687
0.032184407114982605
0.008546178229153156
0.00058702880050987
-0.003635171102359891
-0.021208370104432106
-0.024580679833889008
-0.017361627891659737
0.017925817519426346
0.019502980634570122
-0.016810262575745583
0.03921112045645714
0.004513510502874851
-0.0014256986323744059
-0.0028145327232778072
0.018925970420241356
0.030620064586400986
-0.002319264691323042
-0.02669638767838478
-0.01183514203876257
-0.6400978565216064
0.0005910358740948141
-0.01654098927974701
-0.0022407271899282932
0.0022118764463812113
-0.0017550759948790073
0.03051748499274254
0.018156621605157852
-0.00011770629498641938
-0.03628759831190109
-0.00795634463429451
0.02269577607512474
-0.007097238674759865
-0.02100321091711521
-0.02254190668463707
-0.018182266503572464
-0.0011916885850951076
-0.02156739868223667
0.04267318919301033
-0.00735368812456727
-0.018720809370279312
0.02926088310778141
0.018836213275790215
0.023183031007647514
-0.004003817215561867
-0.008994964882731438
-0.022439327090978622
-0.002513204701244831
0.027081063017249107
0.008802627213299274
-0.00866158027201891
0.019079839810729027
0.006975424941629171
0.03313326835632324
0.05277729779481888
-0.002668677130714059
-0.024721726775169373
0.015310032293200493
0.025183336809277534
0.006398413795977831
0.013091744855046272
0.0014641660964116454
0.014386814087629318
-0.00024282558297272772
0.034466806799173355
-0.0006459320429712534
0.03785194084048271
-0.027517026290297508
0.007520380429923534
0.020156927406787872
-0.004446192178875208
0.00848847720772028
-0.00229361979290843
0.012354452162981033
-0.0035838810727000237
-0.034595031291246414
0.013822625391185284
-0.001123569207265973
-0.0007493132725358009
0.025965508073568344
-0.011110672727227211
0.018374603241682053
-0.02767089568078518
-0.017464207485318184
-0.030568774789571762
0.016900019720196724
-0.01854129508137703
-0.006331095937639475
0.018964437767863274
-0.02926088310778141
0.005068082362413406
0.019990235567092896
0.011687683872878551
-0.008482065983116627
-0.00036423836718313396
0.016399942338466644
0.03208182752132416
-0.001146809896454215
-0.02376004122197628
0.0032184405717998743
-0.015156162902712822
-0.009584798477590084
-0.006622807122766972
0.027286222204566002
0.008270494639873505
-0.04451962560415268
-0.009366815909743309
-0.006029767915606499
0.01834895834326744
0.03192795813083649
0.009578387252986431
-0.0003648394194897264
0.01155304815620184
-0.01347641833126545
0.008501299656927586
0.03726210445165634
-0.0025083962827920914
-0.0107067646458745
0.007411389146000147
-0.00802045688033104
0.00995665043592453
-0.01541261188685894
0.008296139538288116
-0.00458723958581686
-0.004164097830653191
-0.00019594341574702412
-0.0018432304495945573
-0.0018704781541600823
0.051161665469408035
-0.006943368818610907
0.001419287407770753
0.014566329307854176
-0.001950618694536388
0.00282094394788146
-0.016310185194015503
-0.02813250571489334
0.030568774789571762
0.009738667868077755
0.030748289078474045
-0.027747830376029015
0.037903230637311935
-0.01919524185359478
0.015079228207468987
-0.00594001030549407
-0.013899560086429119
0.015386966988444328
-0.018746454268693924
0.007186995819211006
-0.02563212253153324
-0.023965202271938324
0.003311403561383486
-0.014027785509824753
0.009931005537509918
0.004644940607249737
0.02228545770049095
-0.01754114218056202
-0.004077546298503876
-0.02563212253153324
-0.007501146290451288
-0.0005866280989721417
-0.007603726349771023
-0.01760525442659855
0.016117848455905914
-0.01166203897446394
-0.03279988467693329
-0.03159457445144653
-0.015771640464663506
0.0016669214237481356
-0.024721726775169373
0.009360404685139656
-0.011392766609787941
-0.004673791117966175
-0.035774700343608856
-0.016682036221027374
0.005564953200519085
0.00305976253002882
-0.009398872032761574
-0.012469854205846786
-0.04323737695813179
-0.010719587095081806
-0.002074034884572029
-0.0034813012462109327
-0.04241674020886421
0.02010563760995865
-0.021964896470308304
0.009571976028382778
0.009847658686339855
0.021746912971138954
-0.03728774935007095
-0.046160902827978134
-0.008482065983116627
0.01259807962924242
-0.015515191480517387
0.01725904829800129
0.033620525151491165
0.02206747606396675
-0.00258693378418684
-0.004007022827863693
-0.016181960701942444
-0.012521144933998585
0.0035037407651543617
0.008026868104934692
-0.015079228207468987
-0.005007175728678703
-0.0006771868211217225
0.0180412195622921
0.020657002925872803
0.009405283257365227
0.004946268629282713
0.008026868104934692
-0.004612884484231472
0.008225616067647934
-0.036338888108730316
0.0006503397598862648
-0.010142575949430466
-0.0013094950700178742
0.0031992068979889154
0.020900631323456764
0.026593808084726334
0.02113143540918827
0.02056724578142166
-0.006751032080501318
0.04752008244395256
-0.006257366854697466
0.007853764109313488
-0.0031046411022543907
-0.006392002571374178
-0.008116625249385834
0.0582653172314167
0.014681731350719929
0.012296751141548157
-0.011610749177634716
-0.008276905864477158
-0.018233556300401688
-0.0046160900965332985
0.03305633366107941
0.0024955738335847855
0.01245703175663948
-0.02476019412279129
-0.0029187153559178114
-0.02497817762196064
-0.007860175333917141
0.01077087689191103
-0.01441245898604393
-0.02406778186559677
0.010277211666107178
-0.0018624641234055161
-0.009571976028382778
0.020862162113189697
-0.04149352014064789
0.001211723661981523
0.008725692518055439
-0.007206229493021965
0.03244085609912872
0.041570454835891724
0.03562082722783089
0.02106732316315174
-0.0069497800432145596
0.02995329536497593
0.015835754573345184
0.014527861960232258
0.016181960701942444
0.003490918083116412
-0.000958479824475944
0.016425587236881256
0.017553964629769325
0.03128683194518089
0.003872386645525694
-0.012072358280420303
-0.008251260966062546
-0.01713082380592823
-0.0035325912758708
-0.01455350685864687
-0.014822778292000294
-0.011905665509402752
-0.026286069303750992
0.011495347134768963
0.011232485994696617
0.004180125892162323
0.024426810443401337
0.012623724527657032
0.03408213332295418
0.0018672725418582559
0.006943368818610907
0.018374603241682053
0.007033126428723335
0.0010482370853424072
-0.006058618426322937
-0.0141303651034832
-0.00939246080815792
-0.0032056181225925684
-0.01606655865907669
0.003878797870129347
0.009757901541888714
0.003277744632214308
0.012463442981243134
0.00588551489636302
-0.012867351062595844
0.013861092738807201
0.0005878302035853267
-0.031312476843595505
-0.02897878736257553
-0.005330943036824465
0.02604244276881218
0.004497482441365719
-0.014809955842792988
-0.00483086658641696
-0.02156739868223667
-0.04541719704866409
0.02738880179822445
0.00524439150467515
0.012290339916944504
0.012104414403438568
-0.003013281151652336
-0.004231416154652834
-0.014527861960232258
0.03395390883088112
-0.004276294726878405
0.014694553799927235
-0.017182113602757454
-0.015168985351920128
-0.02519615925848484
-0.030876513570547104
-0.0113030094653368
0.028286375105381012
0.032030537724494934
-0.004247444216161966
-0.009860481135547161
-0.009443751536309719
-0.017335982993245125
-0.0030950242653489113
-0.016438409686088562
0.014874068088829517
-0.0008943674620240927
0.010418258607387543
0.008379485458135605
-0.0001951420126715675
-0.004016639664769173
0.027773475274443626
-0.006872845347970724
0.006190048530697823
0.0013591820606961846
-0.015643415972590446
0.007283164653927088
0.03698001056909561
0.0008318579057231545
-0.016733326017856598
0.03497970476746559
-0.021554576233029366
-0.024401165544986725
-0.013155857101082802
-0.02545260824263096
0.0068087331019341946
-0.0033017867244780064
0.016553811728954315
0.008873150683939457
0.006879256572574377
0.00044157390948385
0.01012975350022316
-0.000977713498286903
0.012219816446304321
-0.013463595882058144
0.0017582816071808338
0.004984736442565918
0.020015880465507507
0.006039384752511978
0.018092509359121323
0.013630288653075695
0.002735994989052415
-0.0025500692427158356
0.05095650628209114
0.029619911685585976
6.897087587276474e-05
-0.02995329536497593
0.005177073180675507
0.015451079234480858
0.014489393681287766
0.0021205164957791567
-0.02682461217045784
-0.004805221688002348
-0.009892537258565426
0.03685178607702255
-0.00358708668500185
-0.001393642509356141
0.018169444054365158
0.0104887830093503
0.012251872569322586
-0.00923859141767025
0.013386661186814308
-0.009103955700993538
0.030337970703840256
0.017297515645623207
-0.003365898970514536
-0.017592431977391243
0.012918640859425068
0.004391696769744158
-0.01406625285744667
0.0013527708360925317
0.017682189121842384
-0.003136697458103299
0.021157080307602882
0.01555365975946188
-0.007975578308105469
-0.02535002864897251
-0.01306609995663166
-0.03754419833421707
0.03600550442934036
-0.019156774505972862
-0.01763089932501316
-0.02373439632356167
-0.004612884484231472
-0.02317020855844021
-0.014720198698341846
0.009860481135547161
0.0004379675956442952
-0.0497768372297287
-0.015925511717796326
-0.0027888878248631954
0.011309420689940453
0.021785380318760872
0.028927497565746307
0.008918030187487602
-0.0020307591184973717
0.007180584594607353
-0.0003640380164142698
0.004420547280460596
-0.004343612585216761
-0.040878042578697205
-0.007571670226752758
0.02317020855844021
-0.007244696840643883
-0.02797863446176052
-0.008071746677160263
0.018836213275790215
-0.023772863671183586
-0.017900172621011734
0.030876513570547104
0.0022487412206828594
-0.019990235567092896
0.024029314517974854
0.0022214932832866907
0.010148987174034119
0.0005886316648684442
-0.0031543283257633448
-0.006526638753712177
0.0019137540366500616
-0.01489971298724413
-0.012271106243133545
0.013796980492770672
0.015271564945578575
-0.008578234352171421
0.028158150613307953
-0.014733021147549152
0.007937110960483551
0.010617007501423359
-0.013643111102283001
0.010482371784746647
-0.018297668546438217
0.005334148649126291
-0.019656850025057793
-0.0033242260105907917
0.04664815589785576
-0.0004275493265595287
-0.010963214561343193
-0.0020355675369501114
-0.017989929765462875
0.0012277517234906554
0.012027479708194733
-0.02091345377266407
0.02275988832116127
-0.015399789437651634
-0.012309573590755463
0.010700353421270847
0.0008583042654208839
-0.02145199663937092
0.04280141368508339
-0.019297821447253227
-0.01766936667263508
-0.003245688509196043
-0.0068215555511415005
-0.01253396738320589
-0.007078005000948906
0.022375214844942093
-0.021785380318760872
-0.011937721632421017
0.000803808739874512
0.002208670834079385
-0.0148356007412076
0.01747702993452549
-0.02060571312904358
-0.012354452162981033
-0.00594001030549407
-0.014963825233280659
0.01766936667263508
-0.02754267118871212
-0.007699894718825817
0.010206688195466995
0.005750879179686308
-0.02082369476556778
-0.03621066361665726
-0.006145169958472252
-0.020798049867153168
0.0186951644718647
0.010668297298252583
0.024901241064071655
-0.0022375215776264668
0.006270189303904772
0.0020243478938937187
-0.004837277811020613
-0.001299878116697073
-0.003128683427348733
-0.00917447917163372
-0.032594725489616394
0.032876819372177124
0.02854282408952713
-0.008206382393836975
-0.015233097597956657
-0.006020151078701019
0.005154633894562721
0.0178232379257679
-0.01828484609723091
-0.009841247461736202
-0.0035774698480963707
0.0022198904771357775
-0.01383544784039259
0.0006190849817357957
-0.021900784224271774
0.01660510152578354
-0.014361169189214706
0.009462985210120678
0.02267013117671013
0.002968402346596122
0.008757748641073704
-0.009033432230353355
0.03223569691181183
-0.015540837310254574
0.01563059352338314
-0.012803238816559315
0.006911312695592642
0.005975272040814161
0.013745690695941448
-0.01838742569088936
0.007372921798378229
0.029466042295098305
0.007020303979516029
-0.015374144539237022
-0.0209775660187006
0.01236727461218834
-0.027722185477614403
0.020836517214775085
-0.014579151757061481
-0.006917723920196295
-0.010822166688740253
-0.0109247462823987
-0.018156621605157852
-0.015707528218626976
0.002449092222377658
-0.016733326017856598
0.02517051436007023
-0.0028497944585978985
0.009212946519255638
0.015168985351920128
0.00100015290081501
0.008321784436702728
0.005763701628893614
-0.019554270431399345
0.042314160615205765
0.009219357743859291
0.02810686081647873
0.014284234493970871
-0.0005293277208693326
-0.03436422720551491
0.011758207343518734
0.027773475274443626
-0.018964437767863274
0.023836975917220116
-0.018874680623412132
0.009828425012528896
-0.017335982993245125
0.005709205754101276
0.015207452699542046
-0.02106732316315174
-0.013091744855046272
0.017720656469464302
-0.011604337953031063
0.008905206806957722
-0.022990694269537926
0.015720350667834282
-0.021246837452054024
0.010475960560142994
-0.014207299798727036
0.036877430975437164
-0.01241215318441391
-0.007731950841844082
-0.025298738852143288
0.06165044754743576
0.0016460849437862635
0.018528472632169724
-0.01678461581468582
-0.013886737637221813
0.001546710729598999
-0.008623112924396992
-0.01925935409963131
-0.0070010703057050705
0.0027408036403357983
0.025016644969582558
0.007603726349771023
-0.013110978528857231
0.021811025217175484
-0.03397955372929573
0.008744926191866398
-0.015579304657876492
0.022965049371123314
0.028722338378429413
0.0032120293471962214
0.016464054584503174
0.028055571019649506
0.012437798082828522
-0.015502369031310081
0.01947733573615551
-0.005016792565584183
-0.01793863996863365
0.013309726491570473
0.0019009315874427557
-0.04313479736447334
0.016015268862247467
-0.02795298956334591
-0.023234320804476738
-0.010584951378405094
-0.012873762287199497
-0.029748136177659035
-0.02063135802745819
0.015168985351920128
-0.024516567587852478
-0.030209746211767197
0.01597680151462555
-0.0064432923682034016
0.03351794183254242
-0.0009640896460041404
0.011668450199067593
0.026901546865701675
0.021811025217175484
-0.04041643440723419
-0.015079228207468987
0.0037954519502818584
0.016746148467063904
0.012399330735206604
0.018182266503572464
-0.007860175333917141
-0.01760525442659855
0.035030994564294815
-0.020464666187763214
-0.031902313232421875
-0.030004585161805153
0.006936957594007254
-0.009206535294651985
-0.0004884560476057231
-0.01470737624913454
0.014438103884458542
0.004978325217962265
0.007443445269018412
0.006295834202319384
-0.0031591367442160845
0.01569470576941967
0.00817432627081871
-0.004491071216762066
0.0073280432261526585
-0.02797863446176052
0.013540531508624554
-0.025055112317204475
0.012328807264566422
-0.004891773220151663
-0.019785074517130852
0.0008719281177036464
-0.010341323912143707
0.04546848684549332
-0.03526179865002632
-0.017720656469464302
-0.02060571312904358
-0.002102885628119111
-0.026465583592653275
0.001163639361038804
0.003091818653047085
-0.0003203614614903927
-0.004080751910805702
0.0030293092131614685
0.016989776864647865
0.01760525442659855
-0.012655780650675297
0.005750879179686308
-0.0004351626557763666
-0.026773322373628616
-0.019990235567092896
0.0006555489380843937
-0.019374756142497063
0.044596560299396515
-0.006911312695592642
-0.00459685642272234
-0.010463138110935688
0.01248908881098032
-0.03836483880877495
0.006718975491821766
0.017771946266293526
0.01932346634566784
0.014604796655476093
0.03197924792766571
-0.0007893834845162928
0.04205771163105965
-0.00883468333631754
-0.002753626089543104
-0.005459167528897524
-0.008559000678360462
-0.022029008716344833
-0.01650252193212509
-0.010482371784746647
-0.00023320871696341783
-0.01828484609723091
-0.0004023050714749843
0.029748136177659035
-0.01928499899804592
0.0006254962645471096
0.014156010001897812
0.0025292327627539635
0.0006880058208480477
0.00019163585966452956
0.01960556022822857
0.0039621442556381226
0.0031591367442160845
0.009142423048615456
-0.027440091595053673
-0.01897726021707058
-0.0029139069374650717
0.0013575792545452714
-0.022554729133844376
-0.015092050656676292
0.03749290853738785
-0.012784005142748356
-0.0006900093285366893
-0.0034332170616835356
-0.005032820627093315
0.009482218883931637
-0.013258436694741249
0.004420547280460596
-0.015733173117041588
-0.018592584878206253
0.017451385036110878
-0.0014160817954689264
-0.01947733573615551
-0.004439780954271555
-0.008443598635494709
-0.003785835113376379
0.007764007430523634
0.0012261489173397422
-0.014438103884458542
0.030286680907011032
-0.008584645576775074
-0.008918030187487602
-0.010693942196667194
-0.021208370104432106
-0.01997741311788559
0.005286064464598894
-0.015143340453505516
0.002442680997774005
0.03513357415795326
0.014014963060617447
0.020862162113189697
-0.0009905360639095306
-0.00839230790734291
-0.022336747497320175
-0.027081063017249107
0.010623418726027012
-0.014361169189214706
-0.013861092738807201
-0.0025356439873576164
-0.0033242260105907917
-0.0029667995404452085
-0.00953350868076086
0.011296598240733147
-0.035595182329416275
-0.00016438811144325882
0.20341570675373077
-0.04780217632651329
-0.0045359497889876366
0.006680508144199848
-0.015092050656676292
0.004798810463398695
0.03069699928164482
0.0037954519502818584
-0.009039843454957008
0.009866892360150814
0.007180584594607353
-0.021785380318760872
-0.0006611587596125901
0.02025950700044632
-0.016900019720196724
-0.0021926427725702524
-0.019746607169508934
-0.011950544081628323
0.018451537936925888
0.013181501999497414
0.02979942597448826
0.022464971989393234
-0.010354146361351013
-0.014335524290800095
0.008757748641073704
0.0012854528613388538
-0.0045423610135912895
0.011373532935976982
0.0315176360309124
-0.009443751536309719
-0.014784310944378376
-0.003271333407610655
0.02469608187675476
-0.012521144933998585
-0.02132377214729786
0.026747677475214005
0.027747830376029015
-0.027311867102980614
0.015951156616210938
0.029927650466561317
0.02269577607512474
-0.03082522377371788
0.013155857101082802
0.0015931922243908048
0.0013752102386206388
0.02823508530855179
-0.008962908759713173
-0.014438103884458542
0.01625889539718628
-0.01347641833126545
-0.011008093133568764
0.013732868246734142
0.017528319731354713
-0.0005265228101052344
0.0025035878643393517
0.012309573590755463
0.003359487745910883
0.013373838737607002
0.01904137246310711
-0.014925357885658741
0.005439933855086565
0.024119071662425995
0.002134941751137376
0.027722185477614403
-0.023952379822731018
0.03700565546751022
-0.009475807659327984
-0.005722028203308582
0.00823843851685524
-0.022157233208417892
0.0223880372941494
-0.001328728743828833
-0.012315984815359116
-0.004564800299704075
-0.01083498913794756
-0.02019539475440979
0.010508016683161259
0.010629829950630665
0.013245614245533943
0.01219417154788971
-0.000657151744235307
-0.01766936667263508
-0.015310032293200493
0.013271259143948555
0.018207911401987076
-0.015528014861047268
0.009873303584754467
-0.00870645884424448
-0.009142423048615456
-0.021926429122686386
-0.010918335057795048
0.014271412044763565
-0.007924288511276245
-0.01230316236615181
0.013143034651875496
0.012848117388784885
0.00018572549743112177
0.029748136177659035
-0.0035101519897580147
-0.005423905793577433
-0.03610808402299881
0.031312476843595505
0.023503592237830162
-0.004638529382646084
-0.00912960059940815
0.021400706842541695
-0.014733021147549152
-0.006536255590617657
0.012687836773693562
-0.02338819019496441
-0.0024827513843774796
-0.02879927307367325
0.010046407580375671
-0.009475807659327984
-0.02267013117671013
0.012399330735206604
0.016053736209869385
-0.004612884484231472
0.022952226921916008
0.0029123041313141584
0.012040302157402039
0.0010009543038904667
-0.006404825020581484
0.020208217203617096
-0.010360557585954666
-0.012918640859425068
-0.039749667048454285
0.01164280530065298
-0.011629982851445675
-0.017925817519426346
0.023234320804476738
-0.021618688479065895
0.040313854813575745
-0.008809038437902927
-0.0223880372941494
0.013386661186814308
0.010937568731606007
-0.014104720205068588
0.022644486278295517
0.01255320105701685
0.029645556584000587
-0.02897878736257553
0.003215234959498048
-0.010751643218100071
0.019682494923472404
0.006936957594007254
0.0009015800897032022
0.006930546369403601
-0.004709053318947554
0.0017550759948790073
-0.009725845418870449
-0.03669791668653488
-0.013271259143948555
-0.013322548940777779
0.009732256643474102
0.016528166830539703
-0.024426810443401337
-0.0009168068063445389
-0.019028550013899803
0.015207452699542046
-0.032876819372177124
-0.0019874833524227142
0.02373439632356167
-0.014976647682487965
-0.004026256501674652
0.009982295334339142
-0.15940898656845093
0.01632300764322281
0.003163945162668824
-0.0020692264661192894
-0.0010682722786441445
-0.006007328629493713
0.015002292580902576
0.018554117530584335
-0.009187301620841026
-0.012354452162981033
0.006446497980505228
0.012572434730827808
-0.03013281151652336
-0.023144563660025597
-0.011899254284799099
-0.008860328234732151
-0.026568163186311722
0.005670738406479359
0.026016797870397568
0.019156774505972862
0.021746912971138954
0.00424423860386014
-0.006340712774544954
-0.0004900588537566364
-0.006853611674159765
-0.009963061660528183
-0.030363615602254868
0.00037084994255565107
0.0032344686333090067
-0.006751032080501318
0.0008422761457040906
-0.01128377579152584
0.045878808945417404
-0.006045795977115631
-0.01969531737267971
-0.007866586558520794
0.0014088691677898169
0.012957108207046986
-0.023208675906062126
0.01734880544245243
0.01166203897446394
0.014681731350719929
0.003292169887572527
0.007212640717625618
0.016310185194015503
0.006936957594007254
0.01732316054403782
-0.015143340453505516
0.04669944569468498
-0.00329858111217618
0.026311714202165604
-0.006609984673559666
-0.008276905864477158
0.006154786795377731
0.024644792079925537
-0.003612731583416462
0.01319432444870472
-0.01534849964082241
0.03610808402299881
-0.01561777200549841
-0.01506640575826168
0.0031879872549325228
-0.007860175333917141
-0.01578446477651596
0.01628454029560089
-0.01860540732741356
-0.028286375105381012
0.02491406351327896
-0.02319585345685482
0.0053020925261080265
-0.004779576789587736
-0.018900325521826744
-0.016528166830539703
-0.00795634463429451
0.0025420552119612694
0.01654098927974701
-0.005568158812820911
0.03526179865002632
0.008206382393836975
-0.010713175870478153
-0.022336747497320175
0.03300504386425018
0.00777682987973094
-0.003394749714061618
-0.008430776186287403
-0.0006034576217643917
-0.020862162113189697
0.0016228442545980215
-0.000455197790870443
0.01230316236615181
0.008847505785524845
-0.0519566610455513
-0.013873915188014507
-0.0039685554802417755
0.010918335057795048
0.006433675531297922
-0.0013135020853951573
-0.005346971098333597
0.01477148849517107
0.0014850025763735175
0.01638711988925934
0.008905206806957722
-0.004241032991558313
0.0015386966988444328
0.004160892218351364
-0.011463291011750698
0.008610290475189686
0.008789804764091969
0.008276905864477158
-0.001594795030541718
-0.036338888108730316
0.002635018201544881
0.006289422977715731
-0.0009119983878917992
0.01841307058930397
0.022375214844942093
0.01897726021707058
0.005888720508664846
0.008116625249385834
-0.01155304815620184
0.0478278212249279
0.006401619408279657
-0.004366051871329546
0.026311714202165604
-0.008148681372404099
-0.03808274492621422
-0.10555459558963776
-0.02606808766722679
0.01610502600669861
0.0143483467400074
0.002894673263654113
0.029594266787171364
0.0071485284715890884
-0.00802045688033104
-0.006109908223152161
-0.0020307591184973717
-0.04269883409142494
-0.016374297440052032
0.00641764746978879
0.010617007501423359
0.01164280530065298
0.020246684551239014
-0.0014906123979017138
-0.010418258607387543
-0.0221700556576252
0.02682461217045784
0.010584951378405094
0.013437950983643532
-0.009629677049815655
-0.003011678345501423
0.0015282784588634968
-0.005080904811620712
-0.013591821305453777
0.0040486957877874374
0.018746454268693924
-0.003846741747111082
-0.01991330087184906
-0.015297209843993187
-0.02588857151567936
-0.022490616887807846
0.016951309517025948
-0.022682953625917435
-0.02204183116555214
-0.004612884484231472
0.012957108207046986
-0.01854129508137703
0.015951156616210938
0.025426963344216347
0.008885973133146763
-0.024580679833889008
-0.012033890932798386
-0.024991000071167946
-0.006988247390836477
0.007295987103134394
0.01960556022822857
-0.020733937621116638
-0.02767089568078518
-0.028568468987941742
-0.05070005729794502
-0.020169749855995178
-0.01625889539718628
0.02560647763311863
-0.0071421172469854355
0.0004920623614452779
-0.014784310944378376
-0.02404213696718216
0.006879256572574377
0.005879103671759367
-0.0024186389055103064
0.00806533545255661
0.019208064302802086
0.017900172621011734
-0.023208675906062126
-0.009116778150200844
-0.0058085802011191845
-0.015271564945578575
0.0038146856240928173
0.004321173299103975
0.005350176710635424
-0.014591974206268787
-0.025311561301350594
0.012655780650675297
-0.00864234659820795
0.008821860887110233
0.0005261221085675061
-0.01910548470914364
0.006693330593407154
-0.0037762182764708996
-0.021503286436200142
-0.016579456627368927
0.041467875242233276
0.017592431977391243
0.015643415972590446
0.009418106637895107
-0.01134788803756237
-0.023054806515574455
-0.03480019047856331
0.010790110565721989
-0.00919371284544468
-0.00300045870244503
0.029773781076073647
0.022952226921916008
-0.002670279936864972
-0.013861092738807201
-0.008520533330738544
0.0282607302069664
-0.035466957837343216
0.011014504358172417
-0.06611266732215881
0.007744773291051388
0.015925511717796326
-0.0027135557029396296
0.003204015316441655
0.018515650182962418
0.031902313232421875
-0.020580068230628967
0.03728774935007095
-0.01041184738278389
-0.018964437767863274
-0.0012958711013197899
-0.007680661045014858
-0.010892690159380436
-0.03910854086279869
-0.027004128322005272
0.03136376664042473
0.010655474849045277
0.006866434123367071
-0.0006291025783866644
0.009514275006949902
-0.007635782472789288
0.015989623963832855
0.03382568433880806
-0.013925204984843731
0.0069626024924218655
-0.005270036403089762
0.002737598028033972
-0.00912960059940815
0.025503898039460182
0.021746912971138954
-0.023785686120390892
-0.0182592011988163
0.015835754573345184
0.015745995566248894
-0.00800122320652008
0.0022503440268337727
0.02063135802745819
0.02404213696718216
0.06842071563005447
-0.01669485867023468
-0.013322548940777779
0.02491406351327896
-0.010963214561343193
-0.009905359707772732
-0.015604949556291103
0.012033890932798386
0.006738209165632725
0.004606473259627819
-0.012476266361773014
0.02426011860370636
0.025285916402935982
-0.010572128929197788
-0.017656544223427773
-0.02369592897593975
0.01541261188685894
0.0049430630169808865
0.010790110565721989
-0.005019998177886009
-0.024054959416389465
0.028440244495868683
0.0007032324792817235
0.017092356458306313
-0.008475654758512974
0.00394611619412899
-0.015361322090029716
-0.008559000678360462
0.01253396738320589
-0.00276644853875041
-0.018438715487718582
0.015528014861047268
0.013181501999497414
0.013617466203868389
0.012046713382005692
0.017707834020256996
-0.00535338232293725
0.01650252193212509
-0.00981560256332159
-0.022272635251283646
0.01882338896393776
0.0031863844487816095
0.0021125024650245905
-0.036749206483364105
0.017682189121842384
0.018554117530584335
0.0004017040191683918
-0.009430929087102413
0.013271259143948555
-0.01722058095037937
0.0011940927943214774
-0.011591515503823757
0.025337206199765205
-0.008520533330738544
0.024644792079925537
-0.033748749643564224
-0.00018913147505372763
-0.0008855520281940699
-0.030748289078474045
0.020169749855995178
0.017028244212269783
0.024529390037059784
-0.01763089932501316
0.003910853993147612
-0.008232027292251587
-0.012405741959810257
0.022862467914819717
-0.03038926050066948
-0.02291375957429409
-0.01719493605196476
0.025657767429947853
0.002875439589843154
-0.012392919510602951
0.022016186267137527
-0.0002632614050526172
-0.01634865254163742
0.006904901470988989
0.005148222669959068
-0.032594725489616394
-0.02113143540918827
0.029004432260990143
-0.0108157554641366
0.028722338378429413
0.009155245497822762
-0.013591821305453777
0.0022214932832866907
0.002208670834079385
0.022965049371123314
-0.011841553263366222
-0.003933293279260397
0.009321937337517738
0.003143108682706952
-0.004321173299103975
-0.011149140074849129
-0.0059496271423995495
-0.028183795511722565
0.017951462417840958
0.022029008716344833
0.026568163186311722
-0.040031760931015015
0.06713846325874329
0.012694247998297215
-0.009142423048615456
-0.010232333093881607
-0.014758666045963764
0.013104567304253578
-0.0019105484243482351
0.013591821305453777
-0.011809497140347958
-0.022900935262441635
0.00923859141767025
-0.0006647650734521449
0.00335307652130723
-0.01506640575826168
0.0010746835032477975
-0.007981989532709122
-0.025862926617264748
0.03279988467693329
-0.023554882034659386
0.012694247998297215
0.050161514431238174
0.0008162305457517505
0.019733784720301628
0.010360557585954666
-0.008565411902964115
-0.0021317361388355494
0.03536437824368477
-0.007039537653326988
-0.013899560086429119
-0.02547825314104557
-0.006074646487832069
0.020964743569493294
-0.027209287509322166
-0.016682036221027374
-0.0024522978346794844
-0.0073216320015490055
0.00037185169639997184
-0.017374450340867043
-0.003917265217751265
-0.00476675434038043
-0.0033787216525524855
0.015168985351920128
-0.01991330087184906
-0.045904453843832016
-0.027517026290297508
0.00617402046918869
-0.00964249949902296
0.0014689745148643851
-0.005738056730479002
