-0.009372120723128319
-0.017041342332959175
0.05108700692653656
-0.027320442721247673
-0.029887132346630096
0.020274383947253227
-0.0631307065486908
-0.011889452114701271
-0.02049650251865387
-0.03494647517800331
-0.005392517428845167
0.005997170228511095
-0.015350781381130219
-0.006055784411728382
-0.011297138407826424
-0.005370922386646271
0.030800282955169678
-0.005352412816137075
3.962250775657594e-05
0.009933584369719028
0.008249194361269474
0.018065549433231354
0.00541719701141119
-0.021273912861943245
-0.03082496114075184
0.028801225125789642
0.019052738323807716
-0.009594238363206387
0.004204805940389633
-0.002073095878586173
-0.011167570017278194
-0.01618989184498787
-0.02095307596027851
-0.012321346439421177
0.016757525503635406
-0.007632201537489891
0.013993397355079651
0.0014460769016295671
0.0093289315700531
0.01575799658894539
0.012222628109157085
0.0007249665795825422
0.005210504401475191
-0.00444851815700531
0.013413424603641033
0.035143911838531494
-0.019978227093815804
-0.016066493466496468
-0.021779846400022507
0.04091896489262581
0.0028104023076593876
0.016683485358953476
-0.0076630511321127415
-0.012265817262232304
-0.018312348052859306
-0.018164269626140594
-0.028949303552508354
-0.0054480466060340405
0.012512614950537682
-0.031318556517362595
0.012821110896766186
0.0021070304792374372
-0.032083626836538315
0.015683958306908607
-0.017497915774583817
0.00444851815700531
-0.021705808117985725
-0.0039487541653215885
-0.0027193957939743996
-0.017534935846924782
0.0327746607363224
0.015585239045321941
-0.014931226149201393
-0.011469896882772446
0.029640335589647293
-0.013771279715001583
-0.002629932016134262
-0.018435746431350708
0.0033564409241080284
0.028332311660051346
0.0025728601031005383
-0.03405800461769104
-0.011698184534907341
0.00814430508762598
0.014610390178859234
0.023852942511439323
0.024519294500350952
0.0196080319583416
0.013339385390281677
-0.012481764890253544
-0.01810256950557232
0.012160928919911385
0.0058490922674536705
0.012327516451478004
0.003029434708878398
-0.003066454315558076
0.00010758812277344987
0.013919358141720295
-0.012858130969107151
-0.037537842988967896
-0.02556818351149559
0.011593295261263847
-0.020656919106841087
-0.007656881120055914
-0.05888579413294792
-0.0020407037809491158
0.000537169398739934
0.002017566468566656
0.02044714242219925
-0.030454766005277634
-0.008822997100651264
0.029788414016366005
0.0036525975447148085
0.0034798395354300737
0.004430008586496115
-0.013660221360623837
0.019645052030682564
-0.008391102775931358
0.0072249858640134335
-0.008131965063512325
0.024210799485445023
0.011445216834545135
-0.005994085222482681
-0.016276270151138306
0.028431029990315437
0.024963529780507088
-0.007453273516148329
0.0069226594641804695
-0.03487243503332138
-0.010433348827064037
-0.006651182658970356
0.0027579579036682844
-0.029566297307610512
0.01549885980784893
-0.02097775600850582
0.004766269586980343
-0.03331761434674263
0.019891848787665367
-0.031244516372680664
-0.043584372848272324
0.01767067424952984
0.008983415551483631
-0.01004464365541935
-0.039462860673666
-0.010951622389256954
0.03773528337478638
0.04106704145669937
0.035983022302389145
0.0236801840364933
0.0028042325284332037
0.013327045366168022
-0.021989624947309494
0.016436688601970673
-0.00853918120265007
0.004266505595296621
0.0010481165954843163
0.0060187652707099915
0.003083421615883708
-0.008588540367782116
-0.006897979881614447
-0.012197948060929775
-0.025839660316705704
-0.007595181930810213
-0.02044714242219925
-0.0013041686033830047
0.016498388722538948
-0.016029473394155502
-0.024161439388990402
0.020656919106841087
-0.008280043490231037
0.013894678093492985
0.05735565349459648
-0.030306687578558922
0.030479446053504944
0.012858130969107151
0.041338518261909485
0.018546804785728455
-0.0017337498720735312
-0.00028748009935952723
-0.0046984003856778145
-0.01472144853323698
0.0013959462521597743
0.011568615213036537
0.01999056711792946
-0.016041813418269157
0.005750373005867004
0.009514029137790203
0.008662579581141472
0.018040871247649193
-0.0026098797097802162
-0.0038500353693962097
0.00814430508762598
-0.0058213272131979465
-0.00011105871089966968
-0.6554931998252869
-0.0036525975447148085
-0.007428593467921019
-0.021446671336889267
0.025790300220251083
-0.0017969915643334389
0.016498388722538948
0.026728129014372826
0.012383046559989452
-0.01274707168340683
-0.024642692878842354
0.03274998068809509
0.005719523411244154
-0.013672561384737492
-0.021138174459338188
-0.011889452114701271
0.005830582231283188
-0.03235510364174843
0.03820419684052467
-0.004914348013699055
-0.02485247142612934
0.020410122349858284
0.019793130457401276
-0.0006177640752866864
0.010896093212068081
0.0024941936135292053
0.014079776592552662
-0.006373535841703415
-0.01396871730685234
0.023618485778570175
-0.021866226568818092
0.008286213502287865
0.008236854337155819
0.012722392566502094
0.052962664514780045
-0.001457645557820797
-0.023038512095808983
0.020336084067821503
0.014018077403306961
0.0202126856893301
-0.010124851949512959
-0.017534935846924782
-0.00484956381842494
-0.011698184534907341
0.020508842542767525
0.0034644147381186485
0.007909848354756832
-0.024112079292535782
-0.0045163873583078384
0.023717204108834267
-0.0027687554247677326
0.016399668529629707
-0.004127682186663151
0.010612276382744312
-0.0011838549980893731
-0.013709580525755882
-0.017374517396092415
0.014783148653805256
-0.008347912691533566
0.02164410799741745
0.005846007261425257
0.009945924393832684
0.0013103384990245104
0.003930244129151106
-0.026012416929006577
0.008280043490231037
-0.02444525621831417
-0.0022905857767909765
0.026061777025461197
-0.008792147971689701
0.010902263224124908
0.019978227093815804
0.016017133370041847
-0.001419083564542234
0.018978700041770935
0.024038041010499
0.030405405908823013
0.008292383514344692
-0.01676986552774906
-0.0030356047209352255
0.004004283342510462
-0.01922549679875374
-0.01731281913816929
0.028110193088650703
0.008064095862209797
-0.05246907100081444
-0.0072743454948067665
-0.008076435886323452
0.0033225063234567642
0.019077418372035027
-0.010149531997740269
0.009230212308466434
-0.008619389496743679
-0.009341271594166756
0.0034119703341275454
0.038376953452825546
-0.02788807637989521
-0.008964905515313148
0.030750922858715057
-0.03245382383465767
0.01386999897658825
-0.030701562762260437
-0.005142635200172663
0.00025470234686508775
-0.013425763696432114
0.019731430336833
0.007447103504091501
-0.000718025432433933
0.051383163779973984
-0.01779407262802124
-0.019509313628077507
0.0007384633063338697
0.008711938746273518
0.005947811063379049
-0.021829206496477127
-0.030479446053504944
0.004695315379649401
0.005016151815652847
0.010785034857690334
-0.0301339291036129
0.009742316789925098
-0.001624233671464026
0.035069871693849564
-0.003424310125410557
-0.011815412901341915
0.027295762673020363
-0.020348424091935158
-0.008662579581141472
-0.023803584277629852
-0.006052699871361256
-0.005185824818909168
0.00030483302543871105
0.026925567537546158
-0.009896565228700638
0.02872718684375286
-0.0035014343447983265
0.014005737379193306
-0.015918415039777756
0.014215514995157719
0.006435235030949116
0.001568704261444509
-0.017238778993487358
0.018164269626140594
-0.008502161130309105
-0.024667372927069664
-0.001999056665226817
0.012895150110125542
0.002583657391369343
-0.01784343272447586
0.0029461407102644444
-0.011044171638786793
-0.0008074893848970532
-0.028159553185105324
-0.004047472961246967
0.018472764641046524
-0.004386818967759609
-0.005549850407987833
-0.002299840794876218
-0.025864340364933014
-0.0065709734335541725
0.011000982485711575
-0.00654629385098815
-0.00792835745960474
0.014733788557350636
-0.01712772063910961
0.0036618525628000498
-0.009310421533882618
-0.003513774136081338
-0.021249232813715935
-0.0346749983727932
0.008335573598742485
0.01167350448668003
0.007163286674767733
0.014153815805912018
0.0147708086296916
-0.004960622172802687
-0.016066493466496468
0.008286213502287865
-0.0012956849532201886
-0.024173779413104057
-0.0057102688588202
0.034329481422901154
-0.018003851175308228
-0.015400141477584839
-0.0007658423273824155
0.01139585766941309
-0.003101931419223547
0.02085435763001442
0.01942293345928192
-0.012870470061898232
0.01431423332542181
0.02133561298251152
-0.017559615895152092
-0.0049760472029447556
0.006490764673799276
0.008335573598742485
-0.009526369161903858
0.005663994234055281
0.002708598505705595
0.01580735668540001
0.03428012132644653
-0.019385915249586105
0.046077024191617966
0.004019708372652531
0.008983415551483631
0.007650711107999086
-0.0015070049557834864
-0.005229014437645674
0.026037096977233887
0.013277685269713402
0.026135817170143127
-0.03334229439496994
-0.03692084923386574
-0.006052699871361256
0.012598993256688118
0.014005737379193306
0.0032422973308712244
0.0035446237307041883
-0.022618956863880157
0.008588540367782116
-0.008730448782444
-0.010865244083106518
0.0092672323808074
-0.009581898339092731
-0.014783148653805256
0.0031065589282661676
-0.022224081680178642
0.016041813418269157
8.290840924018994e-05
-0.029171420261263847
0.02521032653748989
0.013783619739115238
-0.0093289315700531
0.02783871628344059
0.03149131312966347
0.020360764116048813
-0.002950768219307065
-0.001965122064575553
0.014425292611122131
0.01271005254238844
0.002872101729735732
0.02640729397535324
-0.0024926511105149984
-0.00358472834341228
0.01068014558404684
0.003192937932908535
0.02542010508477688
0.0003252708993386477
-0.020891377702355385
0.021582409739494324
-0.008347912691533566
0.002276703482493758
-0.031318556517362595
-0.011019491590559483
-0.0036340877413749695
-0.03400864452123642
0.0030556570272892714
0.006459915079176426
-0.009100643917918205
0.013462783768773079
-0.008409611880779266
0.03425544127821922
-0.009415310807526112
0.025296706706285477
-0.0019697495736181736
0.006515444256365299
0.02556818351149559
-0.00015781520050950348
-0.024840131402015686
0.0075766718946397305
0.00291220610961318
-0.01354916300624609
-0.018694883212447166
0.006219287868589163
-0.004170871339738369
0.008915546350181103
-0.0005444961716420949
0.0028104023076593876
-0.00033221207559108734
-0.007823469117283821
-0.017608975991606712
-0.0251116082072258
0.008261534385383129
0.025938378646969795
0.009600408375263214
-0.010587597265839577
0.006990528665482998
-0.008064095862209797
-0.03845099359750748
0.01546184066683054
-0.0006339601241052151
-0.02329764887690544
0.03482307493686676
0.007403913885354996
-0.005589955020695925
-0.006336516235023737
0.016226911917328835
-0.0019882593769580126
0.01929953508079052
0.01633797027170658
0.00660182349383831
-0.025889018550515175
-0.01657242700457573
0.011531596072018147
0.025913698598742485
0.03457627817988396
-0.019028058275580406
0.016041813418269157
0.0069596790708601475
-0.022347480058670044
-0.0052197594195604324
-0.00204841629602015
0.0019281025743111968
0.039142023772001266
0.005306138191372156
0.014215514995157719
-0.012469424866139889
0.0026268470101058483
0.03161471337080002
-0.0048433938063681126
0.011358837597072124
-0.003603238146752119
-0.028998663648962975
0.0007596724317409098
0.04740972816944122
0.0034428199287503958
-0.008150475099682808
0.04101768508553505
0.018645523115992546
-0.027690637856721878
-0.008218344300985336
-0.04430008679628372
0.0027687554247677326
-0.00855152029544115
-0.006003340240567923
0.0012432405492290854
0.0041184271685779095
-0.01352448295801878
0.007453273516148329
0.011272459290921688
-0.008502161130309105
-0.014795487746596336
0.010445688851177692
-0.015103984624147415
0.008557690307497978
-0.011846262030303478
-0.00023542132112197578
0.014178494922816753
0.01731281913816929
-0.0014437632635235786
0.05325882136821747
0.008915546350181103
-0.0011746000964194536
-0.021681128069758415
-0.015153343789279461
0.010303780436515808
0.020718619227409363
0.006737561896443367
-0.0147091094404459
0.0011537765385583043
0.02776467800140381
0.019102098420262337
0.013104927726089954
0.0019142202800139785
0.022298121824860573
0.02174282819032669
0.003908649552613497
-0.011975830420851707
0.002765670418739319
-0.008347912691533566
0.01320364698767662
0.054591525346040726
-0.019965888932347298
-0.010063152760267258
0.027665957808494568
0.0010913060978055
0.0038376953452825546
-0.004519472364336252
0.008236854337155819
0.0008907833835110068
-0.0034860095474869013
0.03097303956747055
-0.014166155830025673
-0.02506224811077118
-0.007218816317617893
-0.019521653652191162
0.024889491498470306
-0.013536822982132435
-0.003729721764102578
-0.008711938746273518
-0.021397311240434647
-0.02633325383067131
-0.026481332257390022
0.011500746011734009
0.004325119778513908
-0.03697020933032036
-0.025025229901075363
0.00434054434299469
0.003254637122154236
0.04272058233618736
0.01354916300624609
-0.0036711073480546474
-0.0046336161904037
0.019669732078909874
0.001982089364901185
-0.010883753187954426
-0.0027780102100223303
-0.02095307596027851
0.005139550194144249
0.005253694020211697
-0.011093530803918839
-0.01395637821406126
0.008465141989290714
0.00827387347817421
-0.0356375053524971
-0.01048887800425291
0.007157116662710905
0.01830000802874565
-0.02406272105872631
0.03408268466591835
-0.003834610339254141
-0.012907490134239197
-0.015992453321814537
-0.006533954292535782
0.0001233021612279117
-0.00017420407675672323
-0.008329403586685658
-0.014055096544325352
0.013487462885677814
0.005938556045293808
-0.00039044077857397497
-0.018003851175308228
-0.010723335668444633
-0.009514029137790203
0.009254892356693745
-0.004627446178346872
0.007712410297244787
-0.003310166532173753
0.01628861017525196
-0.00377291115000844
0.00611748406663537
0.04738504812121391
-0.002967735519632697
-0.03107175976037979
-0.011377347633242607
-0.015696298331022263
-0.012537294067442417
0.023754224181175232
0.0050871060229837894
0.023013832047581673
-0.00789133831858635
-0.01815192960202694
0.0016350309597328305
-0.007150947116315365
-0.018645523115992546
0.0377846397459507
-0.015178023837506771
-0.01662178710103035
-0.007940697483718395
0.007317535113543272
-0.027591919526457787
0.018139589577913284
-0.005000726785510778
-0.0002516173990443349
-0.016782205551862717
0.003995028790086508
0.00735455472022295
-0.024284837767481804
0.014351253397762775
-0.03233042359352112
-0.0007068424019962549
-0.02018800564110279
-0.02714768424630165
0.030701562762260437
-0.01958335191011429
-0.01552353985607624
0.013721920549869537
0.006737561896443367
-0.0180532094091177
-0.0029631080105900764
-0.021421991288661957
-0.0063797058537602425
0.015819696709513664
0.017115380614995956
0.021841546520590782
-0.003159003332257271
-0.010143361985683441
-0.007076907902956009
-0.006287157069891691
0.015943095088005066
-0.0018972529796883464
-0.009032774716615677
-0.03692084923386574
0.02131093293428421
0.03102239966392517
0.0033379311207681894
-0.004389903973788023
-0.00347675452940166
-0.009236382320523262
0.032058946788311005
-0.01736217737197876
0.007607521489262581
-0.002443291712552309
-0.03773528337478638
-0.009606578387320042
0.023359348997473717
-0.016054153442382812
0.014844847843050957
-0.009933584369719028
-0.01105034165084362
0.03867311030626297
-0.018386386334896088
0.0020422462839633226
-0.008767467923462391
0.014635070227086544
-0.014203174971044064
0.0239146426320076
0.0007943782838992774
0.005701013840734959
0.00199442938901484
0.00698435865342617
-0.028282951563596725
0.005111785605549812
0.027986794710159302
0.01588139496743679
-0.00679309107363224
-0.009384460747241974
0.005531340837478638
0.002665409119799733
0.014375932514667511
0.00851450115442276
-0.008280043490231037
0.0018633183790370822
-0.026037096977233887
0.019521653652191162
-0.005481981206685305
0.007971547544002533
-0.007379234302788973
0.006058869417756796
-0.0041184271685779095
-0.008286213502287865
0.010673975571990013
0.00857620034366846
0.001341959461569786
0.001847893581725657
-0.002201121998950839
0.03381120786070824
-0.002762585412710905
0.01817660965025425
0.001608808757737279
0.005404856987297535
-0.03655065596103668
0.016732845455408096
0.020274383947253227
-0.02449461631476879
0.006725221872329712
-0.026925567537546158
0.005432622041553259
-0.022187061607837677
0.020274383947253227
0.025296706706285477
0.0030340622179210186
0.005204334389418364
0.011346498504281044
0.017177080735564232
0.017683014273643494
-0.009205533191561699
0.01126628927886486
-0.008872357197105885
0.021607089787721634
0.017905132845044136
0.00836025271564722
-0.015424820594489574
0.005694843828678131
-0.01975611038506031
0.05651654303073883
-0.01032229047268629
0.021841546520590782
-0.014116795733571053
0.006095889024436474
-0.008292383514344692
-0.007076907902956009
0.002950768219307065
-0.016806885600090027
0.00019001451437361538
0.004297355189919472
-0.007410083897411823
0.006206947844475508
-0.016202231869101524
-0.014215514995157719
0.017608975991606712
-0.0026684938929975033
0.0018000765703618526
0.022631296887993813
-0.027690637856721878
-0.02205132320523262
0.028776545077562332
0.01051355805248022
-0.01126628927886486
0.023371689021587372
0.0037883359473198652
-0.008934056386351585
0.00484956381842494
0.008261534385383129
-0.02274235524237156
-0.0016890178667381406
-0.023421047255396843
-0.010636956430971622
0.005392517428845167
-0.006830110680311918
-0.017448557540774345
-0.017596635967493057
0.003273146925494075
-0.008421951904892921
-0.008477481082081795
0.006490764673799276
0.0014422207605093718
0.02620985545217991
-0.0031235262285917997
-0.011469896882772446
0.006564803887158632
0.023778904229402542
-0.04817479848861694
-0.011352668516337872
0.005191994830965996
0.0173374991863966
-0.005441876593977213
0.0208049975335598
-0.0030155524145811796
-0.028899943456053734
0.05133380368351936
-0.012457084842026234
-0.023976340889930725
-0.029072701930999756
0.008033246733248234
0.004883498419076204
-0.013154286891222
-0.011685844510793686
0.025012889876961708
-0.01820128783583641
0.004840308800339699
-0.006675862241536379
-0.009143834002315998
0.013265346176922321
-0.0002710912376642227
-0.021866226568818092
0.007712410297244787
-0.017954491078853607
0.011099700815975666
-0.018287668004631996
0.04168403521180153
-0.010735675692558289
-0.015042285434901714
-0.005852176807820797
-0.010383989661931992
0.03316953405737877
-0.019139118492603302
0.008557690307497978
-0.0011406654957681894
-0.015585239045321941
-0.02872718684375286
0.019385915249586105
-0.011346498504281044
-0.0046243611723184586
0.025148628279566765
0.023075532168149948
0.007823469117283821
0.03166407346725464
-0.0033934605307877064
0.0024787685833871365
-0.0025481802877038717
-0.012216458097100258
-0.011136720888316631
0.016374990344047546
-0.00511795561760664
0.04933474585413933
-0.0007866658852435648
-0.01032229047268629
-0.0036495125386863947
0.006521614268422127
-0.035859622061252594
0.01137117762118578
0.022421520203351974
0.03931478410959244
0.00857620034366846
-0.006398215424269438
0.006854790262877941
0.010840564034879208
-0.002225801581516862
0.019620371982455254
-0.013573842123150826
-0.013265346176922321
-0.030652204528450966
-0.026555370539426804
0.005485066212713718
-0.005596125032752752
-0.014129135757684708
-0.017855772748589516
0.01776939444243908
-0.010815883986651897
0.0005375550244934857
0.018028531223535538
-0.019126778468489647
-0.01117991004139185
-0.030750922858715057
0.014696769416332245
0.018830621615052223
-0.002933800918981433
0.017349839210510254
-0.02310021221637726
-0.002012939192354679
0.009594238363206387
-0.015844376757740974
-0.030676882714033127
-0.023334668949246407
0.012420065701007843
-0.017238778993487358
0.04422604665160179
0.00549432123079896
-0.006830110680311918
0.011352668516337872
-0.016917943954467773
0.007015208713710308
-0.003040232229977846
-0.0017275799764320254
0.03738976642489433
-0.02353210747241974
-0.004738504998385906
-0.002073095878586173
0.004645956214517355
-0.004541067406535149
0.01702900230884552
0.015597579069435596
-0.006373535841703415
0.013290025293827057
-0.02044714242219925
-0.0278633963316679
-0.01870722323656082
-0.026851527392864227
-0.012086889706552029
-0.006854790262877941
-0.014561031013727188
-0.007286685518920422
0.03879651054739952
0.016535408794879913
0.003300911746919155
-0.00697818910703063
-0.02240918017923832
-0.0466446578502655
-0.017966831102967262
0.005003811791539192
-0.027690637856721878
-0.005093276035040617
-0.005778138060122728
-0.0035939831286668777
-0.0006374306976795197
-0.00033317613997496665
-0.0018725732807070017
-0.04415200650691986
0.008421951904892921
0.17838497459888458
-0.030504126101732254
0.003041774732992053
0.0068856398575007915
-0.026111137121915817
0.006860960274934769
0.03692084923386574
0.0014861815143376589
0.0019867168739438057
0.008687258698046207
-0.015153343789279461
-0.015696298331022263
-0.025963058695197105
0.0011190708028152585
-0.013882339000701904
-0.04101768508553505
-0.032972097396850586
-0.004244910553097725
0.010050813667476177
-0.007126267068088055
-0.008508331142365932
0.010359309613704681
-0.004568831995129585
-0.023445727303624153
0.02702428586781025
0.0031050164252519608
-0.011605635285377502
0.004587341565638781
0.0318121500313282
0.008822997100651264
0.005765798036009073
-0.005617719609290361
-0.02154538966715336
0.0036186629440635443
-0.00969912763684988
0.004766269586980343
0.021582409739494324
0.004636701196432114
0.014153815805912018
0.012784091755747795
0.02064458094537258
-0.008718108758330345
-2.6607815016177483e-05
-0.017140060663223267
0.014153815805912018
0.06633906811475754
-0.011914131231606007
0.005478896200656891
-0.0015185736119747162
0.00444234861060977
-0.0073113651014864445
-0.0030710818246006966
0.01547417975962162
0.00855152029544115
-0.00773092033341527
0.009452329948544502
0.024112079292535782
0.013462783768773079
0.017571955919265747
-0.0032947417348623276
0.011130550876259804
0.022174721583724022
-0.006373535841703415
0.007897508330643177
-0.02176750637590885
0.020434802398085594
-0.007700070738792419
0.0066943722777068615
0.0018432660726830363
0.006274817045778036
0.013438103720545769
-0.018374046310782433
-0.018904659897089005
0.0202126856893301
-0.01161180529743433
0.005583785008639097
0.01358618214726448
0.012049869634211063
0.008113455958664417
0.010100172832608223
-0.02085435763001442
0.01664646714925766
-0.01672050543129444
0.0027548728976398706
-0.005904621444642544
-0.03916670382022858
0.022199401631951332
-0.0061606732197105885
-0.01807788945734501
-0.035958342254161835
-0.014067436568439007
0.0010974759934470057
0.010852904058992863
-0.0005487379967235029
0.011988170444965363
0.020126305520534515
0.011463726870715618
0.02793743461370468
-0.005266034044325352
0.008742788806557655
-0.006712881848216057
0.020348424091935158
0.015350781381130219
-0.008310893550515175
-0.01830000802874565
0.01848510466516018
-0.013647881336510181
-0.01354916300624609
-0.005920046009123325
-0.03321889415383339
0.0004453916917555034
-0.013006208464503288
0.0030170949175953865
-0.001560220611281693
-0.008878527209162712
0.0026237620040774345
0.016029473394155502
-0.014129135757684708
0.024938849732279778
-0.011013321578502655
-0.0029260884039103985
-0.004207890946418047
0.0048310537822544575
0.02207600325345993
-0.008477481082081795
-0.016325630247592926
-0.03531666845083237
0.01825064793229103
-0.0049637071788311005
-0.025173308327794075
0.019151456654071808
-0.02783871628344059
0.033021457493305206
-0.002073095878586173
-0.00907596480101347
0.029665015637874603
-0.007255835924297571
-0.004050557967275381
-0.007126267068088055
0.021866226568818092
0.02783871628344059
-0.026826849207282066
0.018744241446256638
0.004673720803111792
-0.00848982110619545
-0.00907596480101347
-0.005139550194144249
0.00911298394203186
-0.009643597528338432
-0.03245382383465767
-0.010692485608160496
-0.04005517438054085
-0.007996226660907269
0.01511632464826107
0.013018548488616943
0.037587203085422516
-0.02850506827235222
-0.01271005254238844
-0.003101931419223547
1.0851602382899728e-05
-0.0068856398575007915
0.015819696709513664
0.013721920549869537
-0.01769535429775715
-0.004846478812396526
-0.005247524008154869
-0.151632159948349
0.0012093059485778213
-0.001309567247517407
-0.0017723118653520942
-0.002950768219307065
-0.013993397355079651
0.022224081680178642
0.012271987274289131
-0.008742788806557655
-0.014375932514667511
0.013795959763228893
-0.004127682186663151
-0.044472843408584595
-0.0322810634970665
-0.011402027681469917
-0.00385312014259398
-0.04005517438054085
0.0007461757049895823
0.029763733968138695
0.014092116616666317
0.014844847843050957
-0.005966320633888245
-0.015634598210453987
-0.005519000813364983
0.017325159162282944
-0.0025173306930810213
-0.009187023155391216
0.009532539173960686
-0.004331289790570736
-0.009606578387320042
0.004099917132407427
0.0030880491249263287
0.012734731659293175
-0.004562661983072758
-0.016856243833899498
0.013265346176922321
-0.005500491242855787
0.002634559292346239
-0.014449971728026867
0.009477009996771812
0.009335101582109928
0.014585710130631924
0.004380648955702782
0.014030417427420616
0.03531666845083237
0.003550793742761016
0.005645484197884798
0.0030510295182466507
0.03637789562344551
-0.0013789789518341422
0.02126157283782959
0.0034304801374673843
0.0030803366098552942
-0.008212174288928509
0.013746600598096848
0.010038473643362522
0.007551992312073708
0.004670635797083378
0.02796211466193199
-0.01779407262802124
-0.026506012305617332
-0.008890866301953793
-0.014215514995157719
0.0043374598026275635
0.027567239478230476
-0.0392160639166832
-0.02931949868798256
0.011525426059961319
-0.008853847160935402
-0.0049760472029447556
-0.008526841178536415
-0.004161616787314415
-0.0063056666404008865
-0.012475594878196716
0.01999056711792946
0.009902735240757465
-0.029665015637874603
0.020002907142043114
-0.011173740029335022
-0.012074549682438374
-0.03618045896291733
0.02549414336681366
-0.013290025293827057
-0.0173374991863966
-0.01070482563227415
0.01021123118698597
-0.023309988901019096
0.012327516451478004
-0.01667114719748497
0.004173956345766783
0.003982688765972853
-0.03581026569008827
-0.030701562762260437
0.0025450955145061016
-0.00173837726470083
0.003077251836657524
0.009742316789925098
0.008206004276871681
-0.005321563221514225
-0.01693028397858143
0.01659710705280304
0.01472144853323698
0.0008707311353646219
-0.023976340889930725
0.031984906643629074
-0.015005265362560749
0.005127210635691881
-0.005892281420528889
0.0208049975335598
0.005509745795279741
-0.0356375053524971
0.004460858181118965
0.0036680223420262337
0.027369802817702293
-0.007786449510604143
0.014869526959955692
-0.01657242700457573
-0.019743770360946655
0.017115380614995956
-0.019521653652191162
0.03652597591280937
0.003862375160679221
-0.0029600230045616627
0.012722392566502094
-0.00697818910703063
-0.02556818351149559
-0.09551049023866653
-0.012494104914367199
0.044448163360357285
-0.005293798632919788
0.01029761042445898
-0.01070482563227415
0.010346969589591026
0.000277839571936056
-0.0035230291541665792
0.033761847764253616
-0.03709360957145691
-0.00773092033341527
-0.003954924177378416
-0.0028859840240329504
0.03618045896291733
0.011284799315035343
0.002413984388113022
-0.002350742695853114
-0.0185344647616148
0.011870942078530788
-0.0002843951224349439
4.395471478346735e-06
-0.017942151054739952
0.026629410684108734
-0.022989151999354362
0.014610390178859234
-0.02388996258378029
0.016461368650197983
0.019793130457401276
-0.01743621751666069
-0.02707364596426487
-0.0028104023076593876
-0.003061827039346099
-0.03163939341902733
0.005537510849535465
-0.0029816178139299154
-0.027517879381775856
-0.005873771850019693
-0.007076907902956009
-0.010636956430971622
0.015079304575920105
0.011944981291890144
0.02044714242219925
-0.033712487667798996
0.005151890218257904
-0.026777489110827446
-0.01748557761311531
0.029788414016366005
0.005130295176059008
-0.02616049535572529
-0.020558200776576996
-0.02154538966715336
-0.028184233233332634
-0.009193193167448044
-0.003023264929652214
0.01848510466516018
-0.02314957045018673
-0.027665957808494568
0.0064290654845535755
-0.012494104914367199
-0.013413424603641033
-0.02931949868798256
-0.0009439990390092134
0.022063663229346275
0.018324686214327812
0.0037945059593766928
-0.021829206496477127
-0.008156645111739635
-0.006743731442838907
-0.010254421271383762
-0.004488622769713402
0.025247346609830856
0.006256307475268841
-0.015585239045321941
-0.00622545788064599
0.029122062027454376
-0.02472907304763794
-0.005019236821681261
0.009032774716615677
-0.019558671861886978
-0.006675862241536379
-0.00732987467199564
-0.018312348052859306
-0.02951693721115589
0.028332311660051346
-0.0007234240765683353
0.004426923580467701
-0.008779807947576046
0.021779846400022507
-0.010778864845633507
0.0025265857111662626
0.0346749983727932
-0.0018370961770415306
-0.014968246221542358
0.01395637821406126
0.006435235030949116
0.007286685518920422
-0.018398726359009743
-0.0074656130746006966
0.017584295943379402
-0.02508692815899849
0.01393169816583395
-0.04504047706723213
0.013672561384737492
-0.005037746392190456
0.009433820843696594
-0.0024216969031840563
0.008773637935519218
0.027468521147966385
0.004519472364336252
-0.007990057580173016
0.012648353353142738
-0.002441749209538102
-0.012784091755747795
-0.029294820502400398
-0.01253112405538559
-0.015449500642716885
-0.028455710038542747
0.028875265270471573
0.004895837977528572
0.02003992721438408
-0.007724750321358442
-0.003899394767358899
0.005207419395446777
-0.009211703203618526
0.018411066383123398
-0.03250318393111229
0.02467971295118332
-0.011969661340117455
-0.00347675452940166
-0.00894639641046524
0.0023229781072586775
0.03398396447300911
-0.03657533600926399
0.00533390324562788
0.0022905857767909765
0.00638587586581707
-0.030578164383769035
0.009298081509768963
0.02949225716292858
0.021224552765488625
0.07334810495376587
-0.01349980290979147
-0.005852176807820797
0.05399921163916588
-0.02544478513300419
-0.02161942794919014
0.006700542289763689
-0.0017337498720735312
0.0019496973836794496
0.005213589407503605
-0.012179438024759293
0.015387801453471184
0.020582880824804306
-0.010124851949512959
-0.020582880824804306
-0.0010974759934470057
-0.008773637935519218
0.012932170182466507
0.012870470061898232
0.003775996156036854
-0.01393169816583395
0.05113636702299118
0.007299025077372789
0.02157006971538067
-0.007841979153454304
-0.0018062464660033584
-0.002429409185424447
-0.0070460583083331585
0.006330346222966909
0.0027024284936487675
-0.02358146570622921
-0.003843865357339382
-0.0006243195966817439
0.013721920549869537
0.019213156774640083
0.027369802817702293
-0.0163873303681612
0.02334700897336006
-0.002542010508477688
-0.000859162537381053
0.022038983181118965
0.018448086455464363
0.005312308203428984
-0.015264403074979782
0.025864340364933014
0.017115380614995956
0.004507132805883884
-0.008057926781475544
0.006972019094973803
0.0014615018153563142
0.004645956214517355
-0.01618989184498787
0.03326825425028801
-0.009174683131277561
0.013647881336510181
-0.02370486408472061
0.009156174026429653
-0.000420326367020607
-0.024432916194200516
0.018324686214327812
0.031096437945961952
0.009538709186017513
-0.00017613217642065138
0.024840131402015686
-0.029714373871684074
-0.006024934817105532
0.032009586691856384
-0.0447196401655674
-0.036723412573337555
-0.013388744555413723
-0.003658767556771636
0.004596596583724022
0.008403442800045013
0.01850978471338749
-0.007656881120055914
-0.013339385390281677
-0.01899104006588459
0.013635541312396526
-0.013684901408851147
-0.014030417427420616
0.008711938746273518
-0.02314957045018673
0.03526730835437775
0.011019491590559483
-0.015535879880189896
0.019052738323807716
-0.003470584750175476
0.027616599574685097
0.020373104140162468
0.02393932268023491
-0.004504047799855471
0.017571955919265747
0.0001877007889561355
0.010353139601647854
-0.015511199831962585
-0.023001492023468018
-0.006897979881614447
0.0027163110207766294
0.03316953405737877
-0.039931777864694595
0.07680326700210571
0.009705297648906708
-0.009261062368750572
0.016856243833899498
-0.006521614268422127
0.009211703203618526
-0.018522124737501144
-0.02133561298251152
-0.01884296163916588
0.008674919605255127
7.04239500919357e-05
-0.008829167112708092
-0.0035415389575064182
-0.01595543511211872
0.01023591123521328
-0.007607521489262581
-0.010161872021853924
0.011315648443996906
-0.021730488166213036
0.00183246866799891
0.03808079659938812
-0.0092672323808074
0.014412952587008476
0.005074765998870134
-0.021372631192207336
-0.0010234368965029716
0.026678770780563354
0.0052320989780128
-0.012197948060929775
-0.024605674669146538
0.0114822369068861
-0.0037975909654051065
-0.02697492577135563
-0.03403332456946373
-0.006318006664514542
-0.04025261104106903
0.005559105426073074
-0.04792800173163414
-0.003021722426638007
0.02616049535572529
0.0008306265808641911
0.020533520728349686
-0.010063152760267258
-0.010550577193498611
-0.014092116616666317
-0.011469896882772446
-0.01731281913816929
0.011790732853114605
-0.0236801840364933
