-0.004860324785113335
-0.01844952628016472
-0.0002479433314874768
-0.011742341332137585
-0.04704565554857254
-0.003801797516644001
-0.04366345331072807
-0.0063543422147631645
-0.0038145126309245825
-0.008900529704988003
-0.006904267705976963
0.0074573722667992115
-0.006344805937260389
0.020712804049253464
-0.016809284687042236
0.0009218405466526747
0.03939120098948479
-0.011564330197870731
-0.0021361270919442177
0.005054228939116001
-0.004666420165449381
0.010839573107659817
-0.006681754719465971
-0.01402469165623188
-0.022276753559708595
0.017114445567131042
0.013388939201831818
-0.02695588953793049
0.002315727062523365
-0.020102480426430702
-0.017788343131542206
-0.010286469012498856
-0.02307780086994171
0.00599514227360487
-0.011265527456998825
-0.003417167579755187
-0.0020534791983664036
0.030261799693107605
0.021602855995297432
0.012937555089592934
0.021412130445241928
-0.010674277320504189
0.002652675611898303
-0.017178021371364594
-0.01692372001707554
0.020801808685064316
-0.004504303447902203
-0.02052207849919796
-0.03796711564064026
0.02604040503501892
0.015397915616631508
0.023204950615763664
0.004838073626160622
-0.011399035342037678
-0.015054609626531601
-0.01852581650018692
-0.02459089085459709
-0.01176777109503746
0.00536892656236887
-0.02543008327484131
0.013032917864620686
-0.002997571136802435
-0.027718791738152504
0.02909201569855213
0.007342936471104622
0.032728519290685654
-0.012060217559337616
0.01403740607202053
-0.017712052911520004
-0.008016834035515785
0.012346305884420872
0.02105611003935337
-0.021653715521097183
-0.006866122595965862
0.042290229350328445
-0.003471206407994032
-0.018347805365920067
-0.0137576749548316
-0.019186997786164284
0.024819761514663696
0.002581153530627489
0.013299933634698391
-0.01692372001707554
0.013948400504887104
-7.72339481045492e-05
-0.0034934577997773886
-0.003601535689085722
0.01645326428115368
0.002274403115734458
-0.014902029186487198
-0.012638751417398453
0.02156471088528633
-0.002395196119323373
0.018652966246008873
-0.033237118273973465
0.004437549505382776
-0.017406892031431198
0.02001347579061985
-0.026396427303552628
-0.0349663645029068
-0.021373985335230827
-0.006936055142432451
-0.01521990541368723
-0.0009544228087179363
-0.030414380133152008
0.021641001105308533
-0.031228143721818924
-0.025023203343153
0.024260299280285835
-0.0451638288795948
-0.007787963375449181
0.02693045884370804
-0.00761630991473794
-0.00037866985076107085
0.02251833863556385
-0.024705326184630394
-0.0037159710191190243
-0.010070312768220901
0.004539269953966141
-0.010566200129687786
0.03204190731048584
0.006916982587426901
0.012365378439426422
0.011926709674298763
0.02543008327484131
0.006030108779668808
-0.04099329560995102
-0.01103029865771532
-0.027286479249596596
0.008455502800643444
0.001257994445040822
-0.014991034753620625
-0.010369116440415382
0.00699327327311039
-0.0013978598872199655
0.0004342981555964798
-0.026879599317908287
0.04887662082910538
-0.026905028149485588
-0.019632024690508842
0.020344067364931107
0.02143756113946438
-0.011646978557109833
-0.030922982841730118
-0.01176777109503746
0.013732245191931725
0.02693045884370804
0.024171294644474983
0.012187367305159569
0.009943163022398949
0.0174577534198761
-0.032270777970552444
0.026803309097886086
9.600850171409547e-05
0.02295065112411976
0.014813023619353771
-0.011589760892093182
0.017737483605742455
0.013388939201831818
0.01173598412424326
-0.015652216970920563
-0.011856776662170887
-0.000679460063111037
-0.0050033689476549625
0.004494767170399427
0.01708901673555374
0.009059467352926731
0.009447276592254639
0.006462419871240854
0.0016235519433394074
0.009676147252321243
0.047783128917217255
-0.03644131124019623
0.0348646454513073
-0.00024257916084025055
0.013554234988987446
0.007412869483232498
0.004323114175349474
-0.00311836414039135
-0.0014550775522366166
-0.04435006529092789
0.00876066368073225
-0.0024317516945302486
0.02099253423511982
-0.020153341814875603
0.021284980699419975
0.017203452065587044
-0.010566200129687786
0.0030833976343274117
0.005674087442457676
0.013058347627520561
0.017178021371364594
-0.015779366716742516
-0.003359949914738536
-0.6453137993812561
-0.00953628122806549
0.01177412923425436
-0.006341627333313227
0.004936615005135536
-0.008913244120776653
0.016682134941220284
0.01396111585199833
-0.016237108036875725
-0.03394916281104088
0.009199332445859909
0.027311909943819046
-0.0017133519286289811
-0.0036047142930328846
-0.03595813736319542
-0.019403154030442238
0.009727006778120995
-0.014813023619353771
0.01448243297636509
-0.04063727334141731
-0.021221404895186424
0.029117446392774582
0.0013406422222033143
0.007609952706843615
0.0015941483434289694
-0.011176521889865398
0.00201215548440814
0.0039257691241800785
-0.008627155795693398
-0.0052989935502409935
-0.012365378439426422
0.019860895350575447
0.018385950475931168
0.02349739708006382
0.057726290076971054
0.021259550005197525
-0.028786854818463326
-0.001238127239048481
0.015652216970920563
0.02858341485261917
0.022785354405641556
-0.007368366699665785
0.0350172258913517
-0.02298879623413086
0.012587891891598701
0.02609126642346382
0.02394242398440838
-0.03633958846330643
0.005715411156415939
0.03900974988937378
-0.002819560468196869
0.00575673533603549
0.019237859174609184
0.006808904930949211
0.0038208700716495514
-0.007641740143299103
0.029168305918574333
-0.008798808790743351
0.00972064957022667
0.0068788374774158
-0.009809655137360096
0.010057598352432251
-0.01958116516470909
-0.020344067364931107
-0.021920733153820038
0.03539867699146271
-0.006916982587426901
-0.021361270919442177
0.01949215866625309
-0.02109425514936447
0.021780867129564285
0.03585641831159592
-0.002304601250216365
-0.015080039389431477
-0.0007605184218846262
0.0068025472573935986
0.035042654722929
0.006300303153693676
-0.014698588289320469
0.008455502800643444
-0.004186427686363459
-0.016364259645342827
-0.008862384594976902
0.006135007832199335
0.01703815534710884
-0.045290980488061905
0.006745329592376947
-0.0034521338529884815
-0.0034902789629995823
0.011837704107165337
-0.012085647322237492
0.0019247394520789385
0.00437079556286335
-0.016402404755353928
0.021132400259375572
0.039670929312705994
-0.010095743462443352
-0.02443831041455269
0.009949520230293274
-0.002991213696077466
0.011373604647815228
-0.00800411868840456
0.002167914528399706
-0.007342936471104622
0.005810773931443691
0.003158098552376032
0.0014733554562553763
0.015423345379531384
0.030312659218907356
-0.022874360904097557
0.016135388985276222
-0.016173534095287323
-0.01001309510320425
-0.012161937542259693
-0.03715335205197334
-0.02804938331246376
0.014304421842098236
-0.0026812844444066286
-0.009854157455265522
-0.03285566717386246
0.007451014593243599
0.003655574517324567
0.001089520170353353
-0.00463145412504673
-0.007164926268160343
0.01300748810172081
-0.03453405201435089
0.004593309015035629
-0.01525805052369833
-0.020127911120653152
0.0011109767947345972
-0.02797309309244156
0.028252823278307915
0.005270384717732668
0.02195887826383114
-0.00076568394433707
0.012708684429526329
-0.01399926096200943
0.011545257642865181
-0.007495517376810312
-0.01951758936047554
-0.003932126797735691
0.024807047098875046
-0.0087860943749547
-0.02157742530107498
-0.044706087559461594
-0.01958116516470909
-0.013198213651776314
-0.018398664891719818
0.009885945357382298
0.003563390579074621
0.0032010118011385202
-0.0501481257379055
-0.005470647010952234
-0.0021408952306956053
-0.013452514074742794
-0.006866122595965862
-0.009078539907932281
-0.022861644625663757
-0.01148803997784853
0.01151347067207098
-0.010337329469621181
-0.016732994467020035
0.012587891891598701
-0.02595140039920807
0.014088266529142857
-0.01029918435961008
0.01594466343522072
-0.016847429797053337
-0.05340317636728287
0.011596118099987507
0.016186248511075974
-0.0023125482257455587
0.032270777970552444
0.03598356992006302
0.008665300905704498
-0.015677645802497864
-0.002967373002320528
-0.01200935710221529
-0.010661562904715538
0.0004752246895805001
0.016745710745453835
-0.020191486924886703
-0.007088636048138142
-0.0018039465649053454
0.0029371746350079775
0.005546937230974436
0.010655204765498638
0.010343686677515507
0.01178684365004301
0.030770400539040565
0.010203821584582329
-0.0099940225481987
0.017152590677142143
-0.009447276592254639
0.017381463199853897
0.006427453830838203
-0.019708314910531044
0.020191486924886703
0.01477487850934267
0.03148244321346283
-0.00513051962479949
0.03918775916099548
-0.012657823972404003
-0.009440918453037739
0.0005558857228606939
-0.005060586612671614
-0.014927458949387074
0.02345925197005272
0.02157742530107498
0.0027639323379844427
-0.033720292150974274
-0.018640251830220222
-0.025887824594974518
0.008849669247865677
0.03707706183195114
0.014431572519242764
0.004771319683641195
-0.012428953312337399
0.0052513121627271175
-0.020636513829231262
-0.002565259812399745
0.019225142896175385
-0.008563580922782421
-0.019644739106297493
0.012594249099493027
0.0013438209425657988
0.0043739746324718
0.021831726655364037
-0.00722850114107132
0.009428204037249088
0.01598280854523182
-0.010324614122509956
0.04763054847717285
0.022810785099864006
0.009135757572948933
0.015601356513798237
-0.019708314910531044
0.039772652089595795
-0.014228131622076035
-0.0002620490558911115
0.016275253146886826
0.017139876261353493
-0.019288718700408936
0.00801047682762146
0.01322364341467619
0.023866133764386177
-0.008321994915604591
0.004491588566452265
0.005823489278554916
-0.007927828468382359
0.0055024344474077225
0.002765521639958024
-0.028735995292663574
-0.006885195150971413
-0.012867622077465057
-0.011392677202820778
0.017915494740009308
-0.0035379603505134583
0.012606964446604252
-0.01101758424192667
0.03361856937408447
0.005038335453718901
0.014991034753620625
0.013605094514787197
0.01149439811706543
-0.006169973872601986
-0.01855124533176422
-0.04554527997970581
-0.018767401576042175
-0.016872860491275787
-0.023777129128575325
0.01424084696918726
0.008684373460710049
-2.8882019250886515e-05
0.01047719456255436
0.006681754719465971
-6.620761996600777e-05
0.018665680661797523
-0.0014932227786630392
-0.016249824315309525
-0.03789082542061806
0.005225882399827242
0.017190735787153244
-0.001394681166857481
-0.0099558774381876
0.012219155207276344
-0.006313018500804901
-0.014189986512064934
0.011310029774904251
-0.003173992270603776
0.01049626711755991
-0.015792081132531166
-0.00014383891539182514
-0.013668670319020748
-0.019110707566142082
0.03366943076252937
-0.024171294644474983
0.023293957114219666
-0.027184760197997093
0.004218215122818947
-0.025353793054819107
-0.004857146181166172
-0.002706714440137148
0.022416619583964348
0.021857157349586487
-0.02396785467863083
-0.0037636524066329002
0.019225142896175385
-0.009606214240193367
0.001113360864110291
-0.014711303636431694
-0.0068534077145159245
0.008589010685682297
0.004478873685002327
0.010407261550426483
0.012346305884420872
-0.0008217095746658742
0.022645490244030952
-0.012670539319515228
-0.005696338601410389
0.001994672231376171
-0.004545627627521753
0.010369116440415382
0.0649484321475029
-0.025608094409108162
-0.016135388985276222
0.036263298243284225
0.0056327637284994125
0.0004195963847450912
-0.016631275415420532
-0.025239357724785805
0.0028815462719649076
-0.01453329250216484
-0.0199117548763752
0.007044133264571428
0.010489909909665585
-0.0175594724714756
-0.0016450085677206516
0.01941586844623089
-0.005788522772490978
0.003703255904838443
0.005794880446046591
0.006192225497215986
-0.0014566669706255198
-0.023395678028464317
0.018131649121642113
0.006100041326135397
0.0009862104197964072
-0.013236358761787415
0.04208678752183914
0.03550039604306221
-0.03544953837990761
-0.02153928019106388
0.020814523100852966
0.00016748094640206546
0.023827988654375076
-0.0007370751118287444
-0.01693643629550934
0.008875099010765553
0.011138376779854298
0.039213187992572784
0.0052068098448216915
0.0023983747232705355
0.012416237965226173
0.014787593856453896
0.008360140025615692
0.0036269656848162413
0.005699517671018839
-0.018398664891719818
0.010839573107659817
0.03303368017077446
0.008347424678504467
-0.018767401576042175
0.007578164804726839
0.009561711922287941
-0.01593194715678692
0.008633513003587723
0.021717291325330734
-0.012975700199604034
0.007050490938127041
0.02152656577527523
-0.026599867269396782
-0.008423714898526669
-0.018932698294520378
-0.02248019352555275
0.02507406286895275
-0.003045252524316311
-0.00368100474588573
-0.03361856937408447
0.009606214240193367
-0.016872860491275787
-0.03888259828090668
0.014011976309120655
0.02146298997104168
-0.04407033696770668
-0.02151385135948658
0.0016593129839748144
0.024921482428908348
0.022276753559708595
0.00361425057053566
-0.021208690479397774
-0.0016116315964609385
0.02597683109343052
-0.008449145592749119
-0.0010219714604318142
-0.0012643520021811128
-0.014075551182031631
-0.019848180934786797
0.007304791361093521
-0.01472401898354292
-0.011227382346987724
0.018830977380275726
0.02597683109343052
-0.02609126642346382
0.010184749029576778
0.005422965157777071
-0.0037191498558968306
-0.018258800730109215
0.010381831787526608
0.024718040600419044
0.004942972678691149
0.013630525209009647
-0.014139126986265182
-0.004056098405271769
-0.006478313822299242
0.005451573990285397
-0.0016783855389803648
0.008957747370004654
0.02807481214404106
-0.010267396457493305
0.00802954938262701
-0.029676908627152443
-0.013821250759065151
0.0250613484531641
-0.019810035824775696
0.00027992960531264544
-0.0021917554549872875
0.010489909909665585
-0.011399035342037678
-0.017877349629998207
0.06677939742803574
0.01228908821940422
-0.030414380133152008
-0.009682504460215569
-0.04284968972206116
-0.002789362333714962
0.016122672706842422
-0.009727006778120995
0.0005868786247447133
-0.004157818853855133
0.01607181318104267
0.009727006778120995
0.001335079432465136
-0.020839953795075417
0.02698131836950779
-0.02896486595273018
-0.03667018190026283
0.01127188466489315
-0.0225056242197752
-0.006789832375943661
0.008124912157654762
-0.0057249474339187145
0.006497386377304792
-0.008716161362826824
-0.020229632034897804
-0.005047871731221676
-0.02606583572924137
0.02899029478430748
-0.026701588183641434
-0.01272775698453188
-0.02845626324415207
-0.01028011180460453
0.02245476469397545
-0.02399328351020813
0.010826857760548592
0.014507862739264965
0.016707565635442734
-0.0024396986700594425
-0.015054609626531601
-0.000445821147877723
-0.02794766239821911
0.005546937230974436
0.01322364341467619
0.014991034753620625
-0.01599552296102047
-0.01842409558594227
0.007794320583343506
-0.004942972678691149
-0.020649228245019913
0.008315637707710266
-0.014189986512064934
-0.030643250793218613
0.024832475930452347
0.018614821135997772
-0.020916244015097618
0.00144395197276026
-0.009428204037249088
-0.009440918453037739
0.03455948457121849
-0.003601535689085722
-0.030821261927485466
-0.017762914299964905
0.0037731886841356754
-0.015118184499442577
0.015715790912508965
-0.0350935161113739
0.007832465693354607
-0.030388949438929558
-0.02152656577527523
0.03310997039079666
-0.008296565152704716
-0.009714292362332344
0.007673527579754591
0.040713563561439514
-0.010814143344759941
0.007044133264571428
0.0022521517239511013
0.013592380098998547
-0.005922030657529831
-0.0007549556321464479
-0.016707565635442734
0.007444656919687986
0.02901572547852993
0.006211298052221537
0.004170533735305071
-0.022734494879841805
0.01954302005469799
-0.001988314790651202
0.011348174884915352
0.003072272054851055
-0.010133888572454453
0.03099927306175232
-0.012912125326693058
-0.006468777544796467
-0.0019469908438622952
-0.001759443897753954
-0.01172962598502636
0.016287969425320625
0.007686242926865816
0.010852288454771042
0.014914744533598423
-0.003665110794827342
0.01077599823474884
0.017406892031431198
-0.009771510027348995
0.03244878724217415
0.018373236060142517
0.040713563561439514
0.02598954550921917
0.005483361892402172
-0.054267797619104385
0.018665680661797523
0.009288338012993336
-0.009103969670832157
0.02399328351020813
-0.011939424090087414
0.007565449923276901
-0.004923900123685598
0.009065824560821056
0.013147353194653988
-0.00896410457789898
-0.009860514663159847
0.01647869497537613
0.003703255904838443
0.004710922949016094
-0.016211679205298424
0.011570688337087631
-0.008436430245637894
0.023192236199975014
0.006147722713649273
0.002128180116415024
-0.04104415699839592
-0.011341817677021027
-0.006017393432557583
0.04137474671006203
0.016707565635442734
0.014317137189209461
-0.004437549505382776
-0.004666420165449381
-0.008124912157654762
-0.011888564564287663
0.005718590226024389
-0.016809284687042236
-0.0019978510681539774
0.019682884216308594
0.008951389230787754
-0.005330781452357769
-0.004752247128635645
-0.025239357724785805
0.012339947745203972
0.012022072449326515
0.00022032784181647003
0.023700838908553123
-0.007152210921049118
0.008951389230787754
0.021234119310975075
0.0035729268565773964
-0.006020572502166033
0.004316756501793861
-0.004437549505382776
-0.030363520607352257
0.01350337453186512
-0.004720459226518869
-0.011112947016954422
-0.004014774691313505
-0.01529619563370943
-0.025379223749041557
-0.0004132388567086309
-0.001703815651126206
-0.02211145870387554
-0.006408381275832653
0.025404654443264008
0.011818631552159786
-0.0020042085088789463
-0.0022076491732150316
0.006443347316235304
0.028176533058285713
-0.00699327327311039
0.010203821584582329
0.016415119171142578
0.01448243297636509
-0.040662702172994614
-0.02595140039920807
-0.02858341485261917
0.00016152077296283096
-0.0175340436398983
0.01801721379160881
0.018614821135997772
-0.022365758195519447
0.019339578226208687
-0.004469337407499552
-0.019339578226208687
-0.02649814821779728
-0.00232526334002614
0.000139666793984361
-0.006923340260982513
-0.024184009060263634
-0.0017260669264942408
0.0014177272096276283
0.005356211215257645
-0.005175021942704916
-0.021119683980941772
0.01605909876525402
-0.004141924902796745
-0.016643989831209183
-0.030185509473085403
-0.0174577534198761
0.02810024283826351
0.004952508956193924
0.025887824594974518
-0.00501926289871335
-0.01220643986016512
0.007845181040465832
-0.017801059409976006
0.025391938164830208
-0.03349142149090767
0.0200389064848423
-0.010629775002598763
-0.013592380098998547
-0.020305922254920006
0.01696186512708664
-0.003979808185249567
-0.020305922254920006
-0.011653335765004158
-0.000605156528763473
0.011894921772181988
0.009707934223115444
-0.016198962926864624
-0.011246454901993275
-0.016313398256897926
-0.019695600494742393
-0.022289467975497246
-0.0037636524066329002
-0.026905028149485588
0.05889607593417168
-0.00675168726593256
-0.007088636048138142
-0.008423714898526669
0.004278611391782761
-0.03445776179432869
-0.0074891597032547
0.010699708014726639
0.0348900742828846
0.009746079333126545
0.004186427686363459
0.0049334364011883736
0.012657823972404003
-0.017712052911520004
0.008938674814999104
-0.012759544886648655
0.00027436675736680627
-0.03654303029179573
-0.003989344462752342
-0.00726664625108242
-0.008290207013487816
-0.0031008808873593807
-3.340181865496561e-05
0.040815286338329315
-0.018385950475931168
-0.004736353177577257
0.013312648981809616
-0.002821150003001094
-0.009103969670832157
6.615795427933335e-05
0.017190735787153244
0.00951720867305994
-0.0035093515180051327
0.015207190066576004
-0.021106969565153122
0.006942412815988064
0.019148852676153183
-0.003817691234871745
-0.009205690585076809
-0.009046752005815506
0.016148103401064873
-0.02303965575993061
0.031202713027596474
-0.01794092357158661
-0.0011928299209102988
0.021170545369386673
-0.013312648981809616
0.011074801906943321
-0.02146298997104168
0.0032645869068801403
0.016275253146886826
0.0022712242789566517
-0.016224393621087074
0.0018595749279484153
0.0015933536924421787
-0.034228891134262085
0.0019485801458358765
0.009949520230293274
-0.03163502365350723
0.02802395261824131
-0.012740472331643105
0.0047808559611439705
-0.01304563321173191
-0.018932698294520378
-0.02947346679866314
0.012002999894320965
-0.031202713027596474
0.004180070012807846
0.028201963752508163
-0.02398056909441948
0.016834715381264687
0.009561711922287941
-0.019835464656352997
-0.03799254447221756
-0.01604638248682022
0.016898291185498238
-0.009911375120282173
-0.016351543366909027
-0.005422965157777071
0.0022124173119664192
0.019403154030442238
-0.01073149498552084
0.012632394209504128
-0.044782377779483795
0.012002999894320965
0.20140627026557922
-0.015919232740998268
-0.010445406660437584
0.013299933634698391
0.000769657373894006
0.0019994403701275587
0.024934196844697
-0.010305541567504406
-0.01097308099269867
0.002010565949603915
-0.013452514074742794
-0.014011976309120655
-0.023929709568619728
0.010350043885409832
0.00025350615032948554
-0.009968592785298824
-0.02544279955327511
-0.023675408214330673
0.013338078744709492
-0.03799254447221756
0.03694991022348404
0.027617070823907852
-0.0038367637898772955
-0.006592749152332544
0.0350935161113739
-0.004637811332941055
0.011068443767726421
0.0016450085677206516
0.03557668626308441
-0.004186427686363459
-0.012861264869570732
0.0019247394520789385
0.004822179675102234
0.006535531487315893
-0.03150787204504013
0.017801059409976006
0.003221673658117652
-0.0017801058711484075
0.03412717208266258
0.006293945945799351
0.022098742425441742
-0.018691111356019974
0.006347984541207552
0.0036746470723301172
0.005092374514788389
0.05350489541888237
-0.00027555879205465317
-0.01147532556205988
-0.00950449425727129
0.003344055963680148
-0.021361270919442177
0.037229642271995544
0.008334710262715816
0.011570688337087631
0.014965604059398174
0.007629025261849165
0.007584522478282452
-0.00930105336010456
0.010318256914615631
0.0036365019623190165
0.0032677657436579466
0.011691480875015259
-0.013884825631976128
0.02305237017571926
-0.0046727778390049934
0.014253562316298485
-0.026370996609330177
-0.008404642343521118
-0.00850000511854887
-0.014851168729364872
0.01642783358693123
-0.0011991873616352677
-0.00804862193763256
0.019746460020542145
0.0007323069730773568
0.0003903915348928422
0.009676147252321243
0.013274503871798515
-0.0015416988171637058
0.03206733614206314
-0.01656769961118698
-0.007063205819576979
-0.026828737929463387
-0.00953628122806549
0.01603366807103157
-0.018093504011631012
0.010807785205543041
-0.010934935882687569
0.002291886368766427
-0.009326483123004436
0.01022289413958788
0.0007668759790249169
0.011805916205048561
-0.026727018877863884
-0.003433061297982931
0.010814143344759941
0.018589390441775322
0.02396785467863083
-0.026650728657841682
0.0064020236022770405
0.0063765933737158775
-0.006821619812399149
0.008550865575671196
0.016694849357008934
-0.012314517982304096
0.025213928893208504
-0.01951758936047554
0.0006230370490811765
-0.002155199646949768
-0.040713563561439514
0.006847050040960312
-0.008989534340798855
0.010140245780348778
-0.009250192902982235
-0.024400165304541588
0.012829476967453957
0.006777117494493723
-0.006179510150104761
0.016224393621087074
-0.006112756207585335
-0.008213916793465614
0.002260098699480295
-0.006195404101163149
0.03099927306175232
-0.009364628233015537
-0.013299933634698391
-0.02850712463259697
0.006246264558285475
-0.012715041637420654
-0.01808078959584236
0.016682134941220284
-0.021844441071152687
0.02891400456428528
0.030185509473085403
-0.01958116516470909
0.005470647010952234
-0.0070059881545603275
-0.003185118082910776
0.002438109368085861
0.01602095365524292
0.009313767775893211
-0.003102470189332962
-0.004443907178938389
0.0038526577409356833
0.0006476724520325661
-0.019746460020542145
-0.015461491420865059
0.02211145870387554
-0.047732267528772354
0.009320125915110111
0.004990654066205025
-0.031838465481996536
-0.0034108099061995745
-0.0015623607905581594
0.016224393621087074
0.028659705072641373
-0.031279001384973526
0.005521507002413273
0.002171093365177512
0.0013779926812276244
-0.027744220569729805
0.0017864634282886982
0.007241216488182545
-0.00023781102208886296
0.0024778437800705433
0.027261050418019295
-0.15776823461055756
-0.006484671495854855
0.012123792432248592
-0.008887814357876778
0.017699338495731354
-0.009014965035021305
0.036822762340307236
0.01897084340453148
-0.0068279774859547615
-0.010165675543248653
-0.009110327810049057
-0.0013279272243380547
-0.058234892785549164
-0.028329113498330116
-0.00514959217980504
-0.0032582294661551714
-0.028685133904218674
0.008582653477787971
0.021920733153820038
0.015067324973642826
0.0013406422222033143
0.0025175781920552254
-0.012975700199604034
0.009428204037249088
0.012950270436704159
0.004316756501793861
-0.0225056242197752
0.01473673339933157
-0.005511970724910498
-0.007298434153199196
0.005362568888813257
0.022162318229675293
0.03389830142259598
-0.0015067324275150895
-0.0027687004767358303
0.006335269659757614
-0.024908768013119698
-0.004971581511199474
-0.022810785099864006
0.008627155795693398
0.008131269365549088
0.021183259785175323
0.039238620549440384
-0.0033790224697440863
0.012912125326693058
0.0011507113231346011
0.019161568954586983
0.00028708181343972683
0.040255822241306305
-0.005604154895991087
0.03544953837990761
0.005333960056304932
-0.01097943913191557
-0.0023475144989788532
0.007546377368271351
-0.0016815642593428493
0.0028084348887205124
-0.011634263209998608
0.00979693979024887
-0.00904039479792118
-0.026854168623685837
-0.0006707184365950525
-0.01028011180460453
-0.013566949404776096
0.024107718840241432
-0.0015488510252907872
-0.028812285512685776
0.01274682953953743
-0.039314910769462585
-0.014507862739264965
0.0033408773597329855
-0.01959387958049774
0.00927562266588211
-0.003859015181660652
-0.006967843044549227
0.025353793054819107
-0.014940174296498299
0.0500209741294384
-0.0075273048132658005
-0.015436060726642609
-0.00846821814775467
0.033313408493995667
-0.005445216782391071
0.005305351223796606
0.008188487030565739
-0.031660452485084534
-0.029422607272863388
0.00486986106261611
-0.006475135218352079
0.007711672689765692
0.009898659773170948
-0.037789106369018555
-0.01302020251750946
0.0031787604093551636
0.018360519781708717
0.0150164645165205
-0.004062456078827381
0.002587510971352458
0.005089195445179939
0.008436430245637894
0.0005292636342346668
0.011189237236976624
-0.02048393338918686
-0.019110707566142082
0.021628286689519882
-0.00452019739896059
0.011411749757826328
0.010375474579632282
0.027362769469618797
0.008035906590521336
-0.028252823278307915
-0.005778986494988203
0.008735233917832375
0.022276753559708595
0.005982427392154932
0.007342936471104622
-0.004246823955327272
-0.008207559585571289
0.006961485370993614
-0.007762533146888018
0.06316832453012466
-0.020216915756464005
-0.004094243515282869
0.019276004284620285
-0.011844061315059662
-0.023370247334241867
-0.10639946907758713
-0.03211819753050804
0.002878367668017745
0.022670919075608253
0.013477944768965244
0.012409880757331848
-0.01599552296102047
0.006287588272243738
-0.013795820064842701
0.02400599978864193
-0.03356771171092987
-0.009212047792971134
-0.01842409558594227
0.014189986512064934
-0.019212428480386734
0.023408392444252968
0.0012309750309213996
-0.0006202556542120874
-0.01398654654622078
-0.010140245780348778
0.006656324490904808
0.020140625536441803
-0.011456253007054329
0.009212047792971134
-0.01805535890161991
0.007997761480510235
-0.02441287972033024
0.016707565635442734
0.029117446392774582
0.00846821814775467
-0.036822762340307236
-0.0275662112981081
-0.002322084503248334
-0.01024196669459343
0.006389308720827103
-0.020839953795075417
-0.030846690759062767
-0.005279920995235443
0.026167556643486023
-0.013643239624798298
0.0050987317226827145
0.010597987100481987
0.006309839431196451
-0.010165675543248653
-0.012136507779359818
-0.0037318647373467684
0.0038049763534218073
0.004942972678691149
5.292760079100844e-07
-0.004478873685002327
0.0005972096114419401
-0.013350794091820717
-0.049766674637794495
-0.02454003132879734
0.006208118982613087
0.016237108036875725
-0.0047808559611439705
0.00800411868840456
-0.004186427686363459
-0.038679156452417374
0.0046473476104438305
-0.012155580334365368
-0.02001347579061985
0.018309660255908966
0.0002469499595463276
-0.013808535411953926
-0.009714292362332344
-0.021844441071152687
0.012308160774409771
0.01071242243051529
0.015906518325209618
-0.0004064840031787753
-0.004990654066205025
0.0013636882649734616
-0.03959463909268379
0.028354544192552567
-0.016860146075487137
-0.0004088680725544691
0.009434561245143414
-0.007196713704615831
-0.006328911986202002
-0.009231120347976685
-0.021195974200963974
-0.016338828951120377
0.02099253423511982
0.007336579263210297
0.0074573722667992115
0.008143984712660313
-0.01424084696918726
-0.018741970881819725
-0.002684463281184435
0.020890813320875168
-0.0041991425678133965
0.013160068541765213
0.0077307457104325294
-0.004396225791424513
0.011329102329909801
-0.01895812712609768
-0.008595367893576622
0.0025000951718539
-0.017635762691497803
0.013013845309615135
-0.06062531843781471
0.004564700182527304
0.011666051112115383
0.0027687004767358303
-0.02409500442445278
-0.00400205934420228
0.03862829878926277
-0.009930447675287724
0.016198962926864624
0.031762175261974335
-0.010985796339809895
0.010146602988243103
-0.00662453705444932
0.00011354134767316282
-0.03135529160499573
-0.05141963064670563
0.03969636186957359
0.01354151964187622
0.0029037976637482643
0.0020677836146205664
0.023128660395741463
0.0005058202659711242
0.026854168623685837
0.035703837871551514
-0.009771510027348995
0.01801721379160881
-0.004548806231468916
-0.0033408773597329855
-0.002843401161953807
0.018309660255908966
0.006055538542568684
-0.0174450371414423
0.004593309015035629
0.017267026007175446
-0.00016609023441560566
0.00036794153857044876
0.0174831822514534
0.017712052911520004
0.015092754736542702
0.06276144832372665
-0.01804264448583126
-0.018627535551786423
0.04386689513921738
0.0014209059299901128
-0.012689611874520779
-0.00305160996504128
-0.019606593996286392
0.017826488241553307
0.009841442108154297
-0.013872110284864902
0.015207190066576004
0.038221415132284164
-0.001735603203997016
-0.018589390441775322
-0.018309660255908966
0.009529924020171165
0.01644054986536503
0.004615560173988342
0.00026403579977340996
-0.0035093515180051327
0.033694859594106674
-0.008658943697810173
-0.00462827505543828
0.01595737785100937
-0.005140055902302265
-0.010610702447593212
0.006347984541207552
0.004434370901435614
0.003801797516644001
-0.0007251547067426145
-0.011685123667120934
0.021615570411086082
0.011265527456998825
0.009510851465165615
0.022353043779730797
-0.022645490244030952
0.004885755013674498
-0.019924471154808998
-0.0002205265045631677
0.01402469165623188
0.004275432787835598
0.001097467029467225
-0.009631644003093243
0.02551908977329731
0.010814143344759941
0.0007346910424530506
0.0005165485781617463
0.002581153530627489
-0.013121923431754112
0.010820500552654266
-0.017152590677142143
0.01099851168692112
-0.0074319420382380486
0.014202701859176159
-0.003480742685496807
-0.02092895843088627
-0.002983266720548272
-0.01598280854523182
-0.001848449232056737
0.01941586844623089
0.005585082340985537
-0.010623417794704437
0.01324907410889864
-0.01799178496003151
-0.012778617441654205
0.007234858814626932
-0.03646674007177353
-0.03588184714317322
-0.025379223749041557
0.022721780464053154
0.006061896216124296
-0.002268045675009489
0.018271515145897865
-0.004726816900074482
-0.027133898809552193
-0.012193725444376469
0.01527076493948698
-0.004669599235057831
-0.012835835106670856
0.0009599856566637754
-0.01049626711755991
0.045748721808195114
0.04195963963866234
-0.0010354812256991863
-0.009320125915110111
0.003995702136307955
0.023306671530008316
0.0070059881545603275
-0.009879587218165398
0.015169044956564903
0.002587510971352458
0.00168792181648314
-0.017915494740009308
-0.009453633800148964
-0.017165306955575943
-0.0004505892866291106
0.022848930209875107
0.013185498304665089
-0.020127911120653152
0.052792854607105255
0.0028179711662232876
-0.0099940225481987
0.011201951652765274
-0.009936804883182049
0.016326114535331726
-0.013935686089098454
0.013566949404776096
-0.01894541271030903
-0.0015575926518067718
0.016809284687042236
-0.019721029326319695
0.015347055159509182
-0.031329862773418427
-0.006417917553335428
5.726735616917722e-05
-0.014558723196387291
0.041222166270017624
0.005896600894629955
0.011418107897043228
0.04389232397079468
-0.02253105491399765
0.0034044524654746056
0.003366307355463505
0.0021027501206845045
0.018373236060142517
0.004691850394010544
-0.005143234506249428
-0.00018804354476742446
-0.01599552296102047
0.00846186000853777
0.017356032505631447
-0.044706087559461594
-0.01608452759683132
0.01895812712609768
-0.006840692367404699
0.00854450836777687
-0.02609126642346382
-0.011577045544981956
0.024171294644474983
-0.02108153887093067
-0.002597047248855233
-0.02005162090063095
-0.036771900951862335
-0.002550955396145582
0.0013605094281956553
-0.007234858814626932
0.010006737895309925
-0.017419608309864998
