0.003533185925334692
0.0021186016965657473
0.02229279838502407
-0.01989586465060711
-0.045345284044742584
0.023013189435005188
-0.04953664168715477
0.002410032320767641
0.0008890268509276211
-0.03402860835194588
-0.019882766529917717
-0.009070366621017456
-0.005923571530729532
0.005111495032906532
0.002501718234270811
0.003104226430878043
0.04141588136553764
-0.002464061602950096
0.00804872252047062
-0.0005775400204584002
-0.0017813282320275903
0.0007842428749427199
0.0027063745073974133
-0.001662627561017871
-0.03714593127369881
0.008854249492287636
0.03360947221517563
-0.026051925495266914
-0.019332651048898697
0.0020842195954173803
-0.007151509169489145
-0.014067254029214382
-0.014892428182065487
-0.009993775747716427
-0.007714723236858845
-0.014185136184096336
-0.00850715208798647
0.0006765936268493533
0.020747235044836998
0.014093450270593166
0.004584300797432661
-0.004960868041962385
0.013844587840139866
-0.027296235784888268
-0.0021415234077721834
0.02026260830461979
-0.008605387061834335
-0.01359572634100914
-0.02217491716146469
0.0359933078289032
0.026235297322273254
0.02417891100049019
-0.02227970026433468
-0.003651068080216646
-0.02199154533445835
-0.018219320103526115
-0.0032614024821668863
0.00411604717373848
0.006604667287319899
-0.008166603744029999
0.02534463442862034
0.005304690916091204
-0.020432882010936737
0.020930606871843338
0.004803691990673542
0.015377053990960121
-0.016307013109326363
0.02362879551947117
-0.014774546027183533
0.008657779544591904
0.014093450270593166
0.025750672444701195
-0.017787085846066475
-0.02454565465450287
0.043511562049388885
-0.0040538315661251545
0.009823501110076904
-0.0401584729552269
0.0022823268081992865
0.029811052605509758
0.008913190104067326
-0.00995448138564825
-0.028448859229683876
0.0126199247315526
0.010655224323272705
0.0013466383097693324
0.01231212168931961
0.01836339943110943
0.0007453581783920527
-0.0025393750984221697
-0.018297908827662468
0.016215326264500618
0.0016830932581797242
0.013661216013133526
-0.0037231070455163717
0.011238085106015205
-0.0126199247315526
0.019149279221892357
0.011336321011185646
-0.025030281394720078
-8.027642616070807e-05
-0.002410032320767641
-0.040813375264406204
-0.009712168015539646
-0.019201669842004776
0.008363073691725731
-0.02345852181315422
-0.005245749838650227
0.029653877019882202
-0.01789187081158161
-0.017472734674811363
0.04094435274600983
0.01751202903687954
-0.005108220502734184
0.024755222722887993
-0.0351550355553627
0.006431119050830603
-0.028553644195199013
-0.013569530099630356
-0.00823209434747696
0.038062792271375656
0.008965582586824894
0.0037198325153440237
0.019005199894309044
0.04655029997229576
-0.0015578436432406306
-0.0065948436968028545
0.004856084007769823
-0.026065023615956306
0.0012836041860282421
-0.02057696133852005
-0.009011425077915192
-0.011146399192512035
-0.013084903359413147
-0.015390152111649513
-0.023000091314315796
-0.019935159012675285
0.018874220550060272
-0.0277415681630373
-0.018690848723053932
0.03049214743077755
0.010209891945123672
-0.0032155595254153013
-0.025698279961943626
0.007557547185570002
0.02842266485095024
0.015822386369109154
0.050296325236558914
0.01243655290454626
-0.008291034959256649
0.01611054129898548
-0.03274500370025635
0.0037918714806437492
-0.0013310844078660011
0.00967942364513874
0.010570087470114231
0.003932674881070852
0.019581513479351997
0.012030514888465405
-0.014656663872301579
-0.03533840924501419
3.35124641424045e-05
-0.02210942655801773
-0.0017977007664740086
0.019254062324762344
0.023301344364881516
0.01696191169321537
0.007210449781268835
0.017970457673072815
1.6807396605145186e-05
-0.001129702664911747
0.02897278033196926
-0.011631025932729244
0.014787644147872925
0.003634695429354906
0.03400241211056709
0.005013260059058666
-0.0014063979033380747
0.004610496573150158
-0.03575754538178444
-0.016935715451836586
0.020668646320700645
0.02444087155163288
0.0008505514706484973
-0.0063230604864656925
0.0064147463999688625
0.021415233612060547
-0.017931165173649788
0.018468182533979416
-0.005206455942243338
0.004960868041962385
0.02344542369246483
0.0023314442951232195
0.010760008357465267
-0.6408590078353882
-0.014695958234369755
0.020367393270134926
-0.0020432882010936737
0.01157208438962698
0.00473165325820446
0.020249510183930397
0.00710566621273756
0.0033629119861871004
-0.01769540086388588
-0.00952224712818861
-0.0013875695876777172
-0.02297389507293701
-0.0022233857307583094
-0.03305935487151146
-0.024899302050471306
0.0028291684575378895
-0.012161494232714176
0.03858671337366104
-0.017773987725377083
-0.022030839696526527
0.0247421246021986
0.0013351775705814362
0.03856051713228226
-0.012331768870353699
-0.013058708049356937
0.012836041860282421
-0.01442089956253767
-0.007046725135296583
0.01222043577581644
-0.01696191169321537
0.00955499242991209
0.017498930916190147
0.004879005718976259
0.0513179711997509
0.030596932396292686
-0.015481838025152683
0.009194796904921532
0.016922619193792343
0.005245749838650227
-0.017407244071364403
-0.0020694842096418142
0.00688954908400774
0.0159926600754261
0.034578725695610046
0.007079469971358776
0.025069575756788254
-0.016398698091506958
0.006257570348680019
0.020485274493694305
0.0005562557489611208
0.01752512715756893
0.004675986710935831
0.01234486699104309
0.010209891945123672
-0.01017059851437807
0.006837157066911459
-0.004692359361797571
-0.00460722204297781
0.010753459297120571
0.0015332847833633423
-0.006208452861756086
-0.015769993886351585
-0.013975568115711212
-0.010026520118117332
0.011781652458012104
-0.016988107934594154
-0.011925730854272842
0.025187456980347633
-0.016804736107587814
0.02742721512913704
0.04212317243218422
0.0032597652170807123
-0.005750022828578949
0.012613375671207905
0.00040194494067691267
0.03235206380486488
-0.0038475380279123783
-0.028501251712441444
-0.008828053250908852
-0.011938828974962234
-0.00549461180344224
-0.02222730964422226
0.02247617021203041
0.019332651048898697
-0.02732243202626705
-0.006706176791340113
0.0009045807528309524
-0.007930840365588665
0.018887318670749664
-0.004030909854918718
0.01739414595067501
0.0038115184288471937
-0.008520250208675861
0.005795865785330534
0.029994424432516098
0.007302136160433292
-0.014342311769723892
0.019123082980513573
-0.007577193900942802
0.016084346920251846
-0.029051367193460464
0.001477618352510035
-0.008029075339436531
0.003926125820726156
0.011362516321241856
-0.009980677627027035
-0.0012893344974145293
0.03601950407028198
-0.018703946843743324
0.017171479761600494
-0.02309177629649639
0.0001936048356583342
-0.011978122405707836
-0.0209960974752903
-0.03185433894395828
0.02222730964422226
0.013556431978940964
0.00598578667268157
-0.036595817655324936
0.018520575016736984
-0.0033661865163594484
0.017590615898370743
-0.005599395837634802
-0.010615930892527103
0.033714257180690765
-0.02430989220738411
-0.009928285144269466
-0.02197844721376896
-0.0182455163449049
0.008572641760110855
-0.011827495880424976
0.03190673142671585
-0.016005758196115494
0.007256293203681707
-0.011827495880424976
0.024951692670583725
-0.010203343816101551
-0.003641244489699602
-0.0017092892667278647
-0.021467624232172966
-0.026602040976285934
0.018088340759277344
-0.009816952049732208
-0.04434983432292938
-0.025423221290111542
-0.005612493958324194
-0.015023408457636833
-0.028396468609571457
0.03164477273821831
-0.0041062235832214355
-0.001475162454880774
-0.032797396183013916
-0.010661773383617401
-0.01166377030313015
-0.014800742268562317
0.00676511786878109
0.008212447166442871
-0.03423817828297615
-0.006241197697818279
-0.008382720872759819
0.0034022058825939894
-0.018140733242034912
0.03968694433569908
-0.020537666976451874
0.01331411860883236
0.019817275926470757
-0.0020989547483623028
-0.015481838025152683
-0.03546939045190811
0.006909195799380541
0.008271387778222561
0.0026785414665937424
-0.010622479021549225
0.026667531579732895
0.007000882178544998
-0.006738922093063593
0.01212874986231327
-0.019764885306358337
-0.021074684336781502
-0.004502438008785248
0.006332884076982737
-0.04288285970687866
-0.010281931608915329
0.029811052605509758
-0.006522804964333773
0.023170365020632744
0.007086019031703472
0.0019777982961386442
0.010956478305161
0.005455317907035351
-0.011716162785887718
-0.029863443225622177
0.0034153040032833815
-7.751356315566227e-05
0.0233275406062603
0.02742721512913704
0.0041946349665522575
0.011146399192512035
0.006388550158590078
0.032614026218652725
-0.000986443250440061
0.046812258660793304
-0.012515140697360039
0.005736924707889557
-0.017223872244358063
0.010412911884486675
-0.0016765441978350282
0.044061679393053055
0.03185433894395828
0.006876450963318348
-0.011126752942800522
-0.017734695225954056
-0.01867775060236454
-0.02897278033196926
0.016516581177711487
-0.00808801595121622
0.02339303120970726
-0.016372501850128174
0.024296794086694717
-0.011336321011185646
-0.026169806718826294
0.007819507271051407
0.004574477206915617
-0.0341595895588398
0.005874453578144312
-0.002202101517468691
-0.010956478305161
0.005671434570103884
-0.03043975681066513
0.008467857725918293
0.009424012154340744
0.002693276619538665
0.04505712538957596
0.028082115575671196
0.004610496573150158
0.014080352149903774
0.005537180230021477
0.024729028344154358
-0.00906381756067276
0.013792196288704872
0.03062312863767147
-0.0006111036636866629
0.007806409150362015
0.01922786608338356
0.007066371850669384
0.021572409197688103
-0.01719767600297928
-0.010995772667229176
0.019214767962694168
-0.0033105199690908194
-0.0007306229090318084
-0.007695076055824757
-0.029627680778503418
-0.0027816882357001305
-0.017538225278258324
0.007321782875806093
0.024702832102775574
0.001370378420688212
0.03392382338643074
0.0014014862244948745
0.017433440312743187
0.004885554779320955
0.01617603190243244
-0.01664756052196026
-0.004662888590246439
-0.010033069178462029
-0.0036707150284200907
-0.02534463442862034
-0.021467624232172966
-0.026326984167099
-0.018166927620768547
0.007387273013591766
0.006568647921085358
-0.004525359719991684
-0.010674871504306793
0.01068142056465149
0.003007628722116351
0.025580396875739098
-0.00967942364513874
-0.02842266485095024
-0.0277415681630373
0.00034034339478239417
0.020288804545998573
-0.0031631675083190203
-0.02131044864654541
-0.014027959667146206
-0.012213886715471745
-0.0508202463388443
0.01922786608338356
0.00214970950037241
0.014381606131792068
-0.0221618190407753
-0.0015341034159064293
-0.01343854982405901
-0.007144960109144449
0.016752343624830246
0.002994530601426959
0.01573069952428341
0.010786204598844051
0.020563863217830658
-0.031566184014081955
-0.02889419160783291
-0.0017960635013878345
0.02362879551947117
0.012633022852241993
-0.023930048570036888
-0.0012213886948302388
0.005998884793370962
-0.01160482969135046
-0.005111495032906532
-0.0062837665900588036
-0.01909688673913479
0.0240741278976202
0.02467663586139679
0.010327774100005627
-0.0035626564640551805
0.010347421281039715
0.03924161195755005
-0.0145780760794878
-0.001183731947094202
-0.011585182510316372
-0.02136284112930298
-0.014591174200177193
0.07355837523937225
-0.0023412678856402636
-0.022829817607998848
0.0314875952899456
0.009037621319293976
-0.013176590204238892
-0.0199089627712965
-0.02719145268201828
0.014119645580649376
-0.005998884793370962
-0.007144960109144449
0.003048559883609414
-0.0018975730054080486
0.006165884435176849
0.020773431286215782
0.03638624772429466
-0.0018631907878443599
-0.00738072395324707
0.011978122405707836
-0.006712725851684809
0.013543333858251572
-0.028658427298069
-0.0019990825094282627
0.004322340711951256
0.014840035699307919
0.01071416586637497
0.043511562049388885
0.010949929244816303
-0.011224987916648388
-0.018848024308681488
-0.008959033526480198
0.004983789753168821
0.02186056412756443
-0.0022381211165338755
-0.020747235044836998
0.014918624423444271
0.011958475224673748
0.04445461928844452
-0.003241755533963442
0.012849139980971813
0.010085461661219597
0.00859883800148964
0.01113985013216734
-0.013268276117742062
0.01983037404716015
-0.013857685960829258
0.015390152111649513
0.03853432089090347
0.01098922360688448
-0.016451090574264526
0.017472734674811363
0.007059822790324688
-0.004394379444420338
-0.003287598490715027
-0.005458592437207699
0.011028517968952656
0.0021398861426860094
0.03127802908420563
-0.028239291161298752
-0.008729818277060986
-0.0006446672487072647
-0.034997861832380295
0.018049046397209167
-0.011467300355434418
-0.01666065864264965
-0.02364189364016056
-0.0016912794671952724
0.006830608006566763
-0.02645796351134777
-0.00569435628131032
-0.003877008566632867
-0.058626655489206314
-0.022253505885601044
-0.013261727057397366
0.006048002280294895
0.02779396064579487
0.025763768702745438
-0.018690848723053932
-0.018717044964432716
0.02199154533445835
-0.018114537000656128
-0.008133859373629093
-0.006208452861756086
-0.02454565465450287
-0.0063296095468103886
0.01049804873764515
-0.017839478328824043
-0.023720480501651764
0.005943218246102333
-0.005966139957308769
-0.00853989738970995
0.005930120125412941
-0.01368741225451231
-0.008022526279091835
-0.010668322443962097
0.02554110437631607
0.002411669585853815
0.015324662439525127
0.017957359552383423
-0.009391266852617264
-0.002513179089874029
-0.009220993146300316
-0.02027570642530918
-0.014106548391282558
0.010033069178462029
0.018900416791439056
-0.00014203145110514015
-0.005858081392943859
0.0073610772378742695
0.005108220502734184
0.012606826610863209
-0.021781977266073227
-0.012790198437869549
-0.004243752453476191
0.017171479761600494
0.003341627772897482
-0.007878447882831097
0.05474964901804924
0.006974685937166214
-0.012318670749664307
-0.014250625856220722
-0.029863443225622177
-0.007511704228818417
0.011028517968952656
-0.021886760368943214
0.01952912099659443
-0.004957593511790037
-0.006719274912029505
-0.0038016950711607933
-0.0015635739546269178
-0.0032253828831017017
0.03918922320008278
0.005989061202853918
-0.0062837665900588036
-0.016071248799562454
0.011617927812039852
0.006159335374832153
0.012659219093620777
0.012357965111732483
0.00016628322191536427
0.0015062702586874366
-0.0005804051761515439
-0.0235764030367136
-0.03759126365184784
0.014119645580649376
-0.03680538386106491
-0.021218763664364815
-0.013923175632953644
-0.009620482102036476
0.019882766529917717
-0.01757751777768135
0.020838920027017593
-0.007387273013591766
0.013700509443879128
-0.010740361176431179
-0.02644486539065838
-0.0077736638486385345
-0.018625358119606972
-0.004158615600317717
0.007387273013591766
0.011892985552549362
0.01879563182592392
-0.00032929194276221097
0.028213096782565117
-0.009417463093996048
0.0005824517575092614
0.005975963547825813
-0.00471528060734272
-0.016372501850128174
0.023916950449347496
0.02039358951151371
-0.0053177885711193085
-0.015455641783773899
-0.011984671466052532
-0.013058708049356937
0.019201669842004776
-0.023524010553956032
-0.0026572570204734802
-0.0064573148265480995
-0.025135066360235214
-0.005265396554023027
0.015010310336947441
-0.016516581177711487
0.011892985552549362
-0.021087782457470894
0.0031287851743400097
0.01910998485982418
-0.0003211057046428323
-0.0038933809846639633
-0.006139688193798065
0.03122563660144806
-0.014971015974879265
0.028867995366454124
0.008304133079946041
0.00903107225894928
-0.012698512524366379
-0.004702182486653328
-0.015599720180034637
0.006424569990485907
0.045659635215997696
0.0037034600973129272
-0.006044727750122547
-0.020315000787377357
-0.006922293920069933
-0.0020023570396006107
0.02589474990963936
0.012600277550518513
-0.0017371225403621793
0.005992335733026266
-0.023654991760849953
0.008697072975337505
-0.012384160421788692
-0.014591174200177193
-0.0009929923107847571
-0.010072363540530205
-0.005808963906019926
0.0017616812838241458
0.01739414595067501
-0.007210449781268835
-0.010832047089934349
0.0023429051507264376
-0.028998976573348045
0.017289362847805023
0.0015488386852666736
0.03620287775993347
0.007649233099073172
-0.006784765049815178
-0.048095863312482834
0.0010470214765518904
0.010026520118117332
-0.016437992453575134
0.033085551112890244
-0.005615768488496542
-0.01634630560874939
-0.030203992500901222
0.007203901186585426
0.03295457363128662
0.005730375647544861
0.0018582789925858378
0.012043613009154797
0.011008870787918568
0.0117882015183568
-0.012023965828120708
0.0027325705159455538
-0.02417891100049019
0.023196561262011528
-0.009142405353486538
0.00844821147620678
-0.01977798342704773
0.008173152804374695
-0.004430399276316166
0.033452294766902924
0.007171155884861946
0.00679786317050457
-0.0052228281274437904
-0.0033629119861871004
0.002020366722717881
-0.01917547546327114
-0.016673756763339043
-0.008913190104067326
-0.007210449781268835
0.003546284046024084
-0.017616812139749527
-0.002414944116026163
0.003484068438410759
-0.008716720156371593
0.0023887481074780226
0.00017610672512091696
-0.0131634920835495
0.021952250972390175
-0.013425451703369617
0.009712168015539646
0.0024362283293157816
0.008592288941144943
-0.007930840365588665
0.0092471893876791
-0.007027077954262495
-0.01800975203514099
0.01609744504094124
-0.002989618806168437
-0.009312679059803486
-0.014617370441555977
-0.01954221911728382
-0.0039621456526219845
-0.008952484466135502
-0.00850715208798647
-0.015822386369109154
-0.018599161878228188
0.030754107981920242
0.002408395055681467
-0.009594285860657692
0.0019073964795097709
-0.00977110955864191
0.021506918594241142
0.003431676421314478
-0.002786599798128009
0.010871341452002525
0.0012058347929269075
-0.020288804545998573
-0.003939223941415548
0.0015881326980888844
0.01222043577581644
-0.00044205755693838
0.038246165961027145
-0.008828053250908852
-0.019516022875905037
0.04207077994942665
0.005864630453288555
-0.011762005276978016
-0.015285368077456951
-0.0038082441315054893
0.007786761969327927
0.0013826577924191952
-0.00511476956307888
0.004201184026896954
0.0075379000045359135
-0.005507709924131632
-0.009057268500328064
-0.005939943715929985
0.011827495880424976
-0.010445656254887581
-0.006634138058871031
-0.006342707201838493
-0.01466976199299097
0.025868553668260574
-0.024781418964266777
0.03237826004624367
-0.01267886534333229
-0.009273385629057884
-0.003053471678867936
0.024938594549894333
0.028946584090590477
-0.01604505255818367
0.0031648047734051943
-0.01892661303281784
-0.015416348353028297
-0.025449417531490326
0.012796747498214245
-0.007315233815461397
0.012868787162005901
0.0010904086520895362
0.018022850155830383
0.02345852181315422
0.018939711153507233
-0.004895378369837999
-0.02186056412756443
-0.019214767962694168
-0.002740756841376424
-0.02351091243326664
0.0036281466018408537
-0.013078355230391026
0.048174452036619186
-0.004230654798448086
-0.02076033316552639
0.009993775747716427
0.009764560498297215
-0.03924161195755005
-0.005658336915075779
0.022305896505713463
0.022921502590179443
0.023366834968328476
-0.00255738478153944
-0.008461309596896172
0.014748349785804749
-0.012803296558558941
0.006486785598099232
-0.0199089627712965
-0.00937162060290575
-0.0401584729552269
-0.015219878405332565
0.004368183668702841
0.011100556701421738
-0.00973836425691843
-0.011211889795958996
0.03803659602999687
-0.005452043376863003
-0.008703622035682201
0.015586622059345245
0.0031844517216086388
-0.021166371181607246
-0.0012885159812867641
0.007426566909998655
0.015691407024860382
-0.013137295842170715
-0.0004891285207122564
-0.019070690497756004
0.02112707681953907
0.011015419848263264
-0.010576636530458927
-0.0319853201508522
-0.014709056355059147
0.021755781024694443
-0.015508034266531467
0.02326205186545849
-0.010360519401729107
-0.017302460968494415
0.014538781717419624
-0.024519460275769234
0.016752343624830246
-0.0157437976449728
-0.02675921842455864
0.015167485922574997
0.0072890380397439
-0.010792753659188747
-0.025986434891819954
0.010150951333343983
-0.016215326264500618
0.020288804545998573
0.008775660768151283
-0.02027570642530918
0.018271712586283684
-0.019005199894309044
-0.0026179631240665913
-0.026903295889496803
-0.035914719104766846
-0.037198323756456375
0.012534787878394127
-0.010845145210623741
-0.004574477206915617
0.03127802908420563
-0.018690848723053932
0.004581026267260313
-0.010085461661219597
0.0007273484370671213
-0.030230188742280006
-0.027112863957881927
0.003883557626977563
-0.017105991020798683
-0.011054713279008865
0.003490617498755455
0.015534230507910252
0.014001764357089996
-0.004921574145555496
0.003233569208532572
-0.02154621295630932
0.019214767962694168
0.2061101496219635
-0.02186056412756443
-0.0031762653961777687
0.0032040986698120832
-0.009509149007499218
0.020956803113222122
0.026235297322273254
-0.017485832795500755
-0.01058973465114832
0.01892661303281784
0.013196236453950405
-0.003778773592785001
-0.011519692838191986
0.004525359719991684
0.0009561541373841465
-0.02517435885965824
-0.033033162355422974
-0.029365720227360725
0.011539340019226074
-0.01646418869495392
0.002555747516453266
0.010694518685340881
-0.009633580222725868
0.022122524678707123
0.028396468609571457
0.004155341070145369
-0.012593728490173817
0.002372375689446926
0.02547561377286911
0.008015977218747139
-0.017407244071364403
-0.0031762653961777687
0.015691407024860382
0.019398139789700508
-0.019437434151768684
0.01068142056465149
0.029496699571609497
-0.008022526279091835
0.01646418869495392
0.0065522752702236176
0.0021693564485758543
-0.022083230316638947
3.507296787574887e-05
-0.02541012316942215
-0.008900091983377934
0.049143701791763306
0.002252856269478798
0.01001342199742794
-0.022934600710868835
0.010065814480185509
-0.014067254029214382
0.006064374931156635
0.02487310580909252
-0.003929400350898504
0.01225318107753992
-0.007275939919054508
-0.014080352149903774
0.01867775060236454
0.0028700996190309525
-0.024231303483247757
0.00955499242991209
0.01322243269532919
0.008769112639129162
0.01004616729915142
-0.019568415358662605
0.02235828898847103
0.009496050886809826
-0.0022741404827684164
0.006025081034749746
-0.017551321536302567
0.02399553917348385
-0.030570736154913902
-0.011310124769806862
0.021205665543675423
-0.006175708025693893
-0.022188015282154083
0.02589474990963936
0.0074986061081290245
0.004695633426308632
0.04851499944925308
-0.015586622059345245
-0.0038147929590195417
-0.023982441052794456
-0.0008378627826459706
0.005497886333614588
-0.023982441052794456
0.0356527604162693
-0.01745963655412197
-0.021703388541936874
-0.023235855624079704
-0.02797733247280121
0.002693276619538665
0.00946330651640892
-0.004466418642550707
-0.00197616103105247
-3.077518704230897e-05
-0.001132158562541008
0.02297389507293701
-0.012718159705400467
-0.011539340019226074
-0.022449975833296776
0.03717212751507759
0.028239291161298752
0.015311564318835735
-0.014957917854189873
0.02577686682343483
-0.016320109367370605
-0.003883557626977563
-0.008801857009530067
-0.020039942115545273
0.00710566621273756
-0.017498930916190147
0.010314675979316235
-0.004734927788376808
-0.014276822097599506
0.019633904099464417
0.00909001287072897
-0.024270597845315933
0.032430652529001236
0.012397258542478085
-0.015206780284643173
-0.010380166582763195
-0.007485507987439632
0.03062312863767147
0.0003215150209143758
-0.01340580452233553
-0.060041241347789764
0.02669372782111168
-0.042647093534469604
-0.012384160421788692
0.021258056163787842
-0.006719274912029505
0.0361504852771759
0.0027620410546660423
-0.016516581177711487
-0.00676511786878109
0.009384718723595142
-0.0013941185316070914
0.005871179513633251
0.013156943023204803
0.024152714759111404
-0.029103759676218033
0.0003978518070653081
-0.0074920570477843285
0.01787877269089222
-0.020655548200011253
0.004856084007769823
0.0016830932581797242
-0.0249909870326519
0.004957593511790037
-0.020485274493694305
-0.039163026958703995
0.0006602211506105959
-0.004030909854918718
0.013412353582680225
0.03049214743077755
-0.028658427298069
-0.018769437447190285
-0.007315233815461397
0.019581513479351997
-0.015010310336947441
0.015900975093245506
0.02609121985733509
-0.0089983269572258
-0.0019892589189112186
-0.005059103015810251
-0.16472047567367554
-0.006064374931156635
0.01439470425248146
-0.01586168073117733
0.009928285144269466
-0.011244634166359901
0.027112863957881927
0.0063165114261209965
-0.01533776056021452
-0.007171155884861946
0.02001374587416649
0.020485274493694305
-0.029680071398615837
-0.02847505547106266
-0.018507476896047592
0.014512586407363415
-0.0481482557952404
-0.0016798187280073762
0.013792196288704872
0.022436877712607384
0.016503483057022095
-0.017315559089183807
-0.006483511067926884
-0.015442544594407082
-0.009489502757787704
0.016189130023121834
-0.02706047147512436
0.005455317907035351
-0.027636783197522163
-0.01776088960468769
-0.010085461661219597
0.012194239534437656
0.04377352073788643
0.010596283711493015
-0.0064147463999688625
0.028029723092913628
-0.014224429614841938
-0.009712168015539646
-0.023340638726949692
0.014460193924605846
0.021821271628141403
0.01954221911728382
0.01591407135128975
-0.007747468072921038
0.017865674570202827
-0.0064507657662034035
0.028867995366454124
0.00088411511387676
0.027296235784888268
-0.0062281000427901745
0.006915744859725237
0.0076361349783837795
0.008651230484247208
-0.0021709937136620283
0.008841151371598244
0.021781977266073227
0.005917022470384836
0.011781652458012104
0.011892985552549362
0.00716460682451725
-0.027112863957881927
-0.010956478305161
0.009725266136229038
0.006257570348680019
0.01776088960468769
-0.017066696658730507
-0.010504597797989845
0.034264374524354935
-0.02871081978082657
0.0038901064544916153
-0.015481838025152683
-0.005579748656600714
0.00967942364513874
-0.013582628220319748
-0.0021775427740067244
0.00937162060290575
-0.013170041143894196
0.025383926928043365
-0.01423752773553133
-0.009050719439983368
-0.007884996943175793
0.015586622059345245
-0.0024902576114982367
0.001577490591444075
0.0011518055107444525
0.0040014395490288734
0.00043018750147894025
0.01855986937880516
-0.002416581381112337
-0.004522085189819336
0.002909393748268485
-0.048541195690631866
-0.012416905723512173
0.008474406786262989
0.011624476872384548
0.012207337655127048
0.0006872357917018235
0.012521689757704735
-0.0010118206264451146
-0.007328331936150789
0.018625358119606972
0.00878220982849598
-0.014289920218288898
0.01225318107753992
0.020563863217830658
-0.002748943166807294
0.005556827411055565
0.01267231721431017
0.022882208228111267
0.01135596726089716
-0.031435202807188034
0.015272269956767559
0.008500603027641773
0.022882208228111267
0.005448768846690655
0.008389269933104515
-0.003382558934390545
-0.007832605391740799
0.004404203034937382
0.002514816354960203
0.05904579162597656
-0.01542944647371769
0.003425127360969782
3.361479321029037e-05
0.010249186307191849
-0.027270039543509483
-0.11484327912330627
-0.02878940850496292
0.025698279961943626
0.0031762653961777687
0.016241522505879402
0.0018042497104033828
0.0016454365104436874
-0.005537180230021477
-0.0038540870882570744
0.005900649819523096
-0.03122563660144806
-0.019371945410966873
0.009574639610946178
-0.0007711448706686497
-0.005127867683768272
0.03203771263360977
0.00028365361504256725
-0.01231212168931961
-0.013844587840139866
0.0075968410819768906
0.014460193924605846
0.014460193924605846
-0.027715371921658516
0.01353023573756218
-0.001281148288398981
0.008880444802343845
-0.02755819633603096
0.0020383766386657953
0.02227970026433468
-0.0021890036296099424
-0.02706047147512436
-0.025423221290111542
0.005262122023850679
-0.007243195082992315
0.01567830890417099
-0.013399255461990833
-0.011211889795958996
-0.012154946103692055
0.018284810706973076
-0.005163887050002813
0.0051409658044576645
0.007393822073936462
0.0077278208918869495
-0.01671305112540722
-0.007485507987439632
-0.012809845618903637
-0.01597956195473671
0.003497166559100151
0.012993217445909977
-0.03476209565997124
-0.01794426329433918
-0.025999533012509346
-0.04125870391726494
0.007256293203681707
0.007177704945206642
0.019620805978775024
-0.005887551698833704
0.012600277550518513
-0.015468739904463291
-0.0351550355553627
0.00093405123334378
-0.021087782457470894
-0.01466976199299097
0.0021775427740067244
0.011624476872384548
-0.0037067346274852753
-0.023104874417185783
-0.02554110437631607
-0.006100394297391176
-0.002906119218096137
-0.0027063745073974133
0.005262122023850679
0.006817509885877371
-0.008677425794303417
-0.02590784803032875
-0.008494053967297077
-0.02424440160393715
0.0001222821301780641
0.014971015974879265
0.002367463894188404
-0.017171479761600494
-0.01368741225451231
-0.003732930403202772
-0.02279052324593067
0.00835652556270361
0.013268276117742062
0.033766649663448334
-0.010196794755756855
-0.013137295842170715
-0.019699394702911377
0.002450963482260704
0.04052521660923958
-0.005592846777290106
0.0005071382620371878
0.006172433495521545
0.012593728490173817
0.021781977266073227
-0.01909688673913479
-0.009548443369567394
0.018219320103526115
-0.03651722893118858
0.0032155595254153013
-0.053073104470968246
-0.007701625116169453
0.014905526302754879
-0.015691407024860382
-0.0008079829858615994
-0.002961785765364766
0.012364514172077179
0.0004072659939993173
0.004865907598286867
0.014093450270593166
-0.006388550158590078
0.008330329321324825
-0.020249510183930397
-0.013936273753643036
-0.02052456885576248
-0.025816161185503006
0.05721207335591316
0.001715838210657239
0.010026520118117332
0.008991777896881104
0.008945935405790806
0.005808963906019926
0.017656106501817703
0.02021021768450737
-0.008291034959256649
0.013353412970900536
-0.023589501157402992
0.002367463894188404
-0.0016536227194592357
0.025763768702745438
0.017734695225954056
-0.03329512104392052
-0.009443659335374832
0.017773987725377083
0.0012017416302114725
0.005036181770265102
-0.0076230368576943874
0.03402860835194588
0.025973336771130562
0.06627588719129562
-0.024964790791273117
-0.009934834204614162
0.04235893860459328
-0.01617603190243244
-0.03507645055651665
0.0002693276619538665
-0.01040636282414198
0.00970561895519495
0.0031320597045123577
-0.006994333118200302
0.001122334972023964
0.01751202903687954
-0.014931721612811089
-0.023314442485570908
-0.0031271479092538357
0.009974128566682339
0.007767115253955126
0.03222108259797096
-0.005714003462344408
-0.012462749145925045
0.04010608047246933
-0.013504039496183395
-0.0015160937327891588
0.0033170690294355154
0.010661773383617401
-0.0076819779351353645
0.005573199596256018
0.0013540058862417936
-0.012750905007123947
-0.013988666236400604
-0.024650439620018005
0.0053243376314640045
0.024584949016571045
0.021886760368943214
0.033033162355422974
-0.006928842980414629
0.017603714019060135
-0.012102553620934486
0.015874778851866722
0.03638624772429466
0.012397258542478085
0.01886112242937088
-0.02001374587416649
0.027951136231422424
0.016005758196115494
0.0029306779615581036
-0.005730375647544861
-0.011441104114055634
-0.02957528829574585
0.027034275233745575
-0.005805689375847578
0.017171479761600494
-0.005160612519830465
0.016739245504140854
-0.023550206795334816
-0.001367922523058951
0.006784765049815178
-0.012325219810009003
0.0063165114261209965
0.005651787854731083
0.03397621586918831
-0.010661773383617401
0.0036543426103889942
-0.02021021768450737
-0.019804177805781364
0.010419460013508797
-0.04201839119195938
-0.03452633321285248
-0.014250625856220722
0.0038508125580847263
0.004584300797432661
-0.004888829309493303
0.020419783890247345
0.0012983394553884864
-0.0351550355553627
0.008670876733958721
0.02461114525794983
-0.02559349499642849
-0.019489826634526253
0.0019041220657527447
-0.02461114525794983
0.018717044964432716
0.01996135525405407
-0.0017813282320275903
0.0013613735791295767
-0.01855986937880516
0.02309177629649639
0.009148954413831234
0.0012639571214094758
0.00493139773607254
0.019149279221892357
-0.0089983269572258
-0.008828053250908852
-0.007131861988455057
-0.010720714926719666
-0.004174988251179457
0.022764327004551888
0.010295029729604721
-0.0318281427025795
0.07083399593830109
0.028003528714179993
0.005566650535911322
0.011794750578701496
-0.0027620410546660423
0.01258717942982912
-0.018114537000656128
-0.006994333118200302
-0.012541336938738823
-0.015390152111649513
0.007000882178544998
-0.007511704228818417
0.014813840389251709
-0.03214249759912491
0.009869344532489777
0.0043321643024683
-0.01671305112540722
0.026169806718826294
-0.010701067745685577
0.01111365482211113
0.03125183284282684
0.00881495513021946
0.02144142985343933
0.005949767306447029
-0.02260715141892433
0.004918299615383148
0.013307569548487663
-0.01721077412366867
-0.006342707201838493
-0.026169806718826294
0.005350533872842789
0.003094402840360999
-0.037565067410469055
-0.025947142392396927
-0.0040112631395459175
-0.002655619755387306
0.007249744143337011
-0.03680538386106491
0.006342707201838493
0.009600834921002388
-0.0031156872864812613
0.007315233815461397
-0.026903295889496803
-0.05595466494560242
-0.019869668409228325
-0.004322340711951256
-0.01641179621219635
0.004702182486653328
-0.032116301357746124
