0.000925653672311455
-0.006077328231185675
0.01651637628674507
-0.007230760995298624
-0.03037048690021038
0.002327865455299616
-0.03952040523290634
0.010261347517371178
-0.004051552154123783
-0.029698459431529045
-0.015301556326448917
0.011902646161615849
0.003547531319782138
0.03771109879016876
0.0029255826957523823
0.003184054745361209
0.03822804242372513
-0.025007188320159912
0.0098025593906641
-0.0057994709350168705
-0.009763788431882858
0.007275993470102549
0.018558306619524956
0.007482771296054125
-0.03763355687260628
0.015443716198205948
0.006875361315906048
-0.027630681172013283
-0.014745840802788734
-0.01601235568523407
-0.006675045471638441
-0.00816126074641943
-0.0006712200702168047
-0.0032858282793313265
-0.0024554862175136805
-0.0009199996129609644
0.006888285279273987
0.01322085503488779
0.025950612500309944
0.011256465688347816
0.013582715764641762
-0.004397259093821049
0.004675116389989853
-0.027268821373581886
-0.0037866183556616306
0.008329267613589764
-0.0034699898678809404
-0.012161118909716606
-0.020962098613381386
0.02209937572479248
0.015844348818063736
0.01888139732182026
-0.014009195379912853
-0.016503451392054558
-0.014564910903573036
-0.00627441331744194
-0.029284903779625893
0.002880349988117814
0.01482338272035122
-0.020639007911086082
0.0041258628480136395
-0.0013489020057022572
-0.01954050175845623
0.025860147550702095
0.008012639358639717
0.029362445697188377
-0.022487085312604904
0.011560170911252499
-0.004032166674733162
0.010487510822713375
0.01689116097986698
0.009246843867003918
-0.013647333718836308
-0.002145319478586316
0.02434808388352394
-0.00015074182010721415
-0.01495261862874031
-0.03652212768793106
0.00841327104717493
0.023236654698848724
-0.004823738243430853
-0.006435958668589592
-0.014539062976837158
0.018558306619524956
0.006623351015150547
0.007515080273151398
0.01229681633412838
0.0035022988449782133
-0.008749284781515598
-0.02119472250342369
-0.012122347950935364
0.01420304924249649
0.010558591224253178
-0.002957891672849655
-0.009666861966252327
0.00891083013266325
-0.001421597320586443
0.017627807334065437
-0.020587313920259476
-0.031352683901786804
-0.009647476486861706
-0.0013876728480681777
-0.029078125953674316
0.003563686041161418
-0.034066639840602875
0.02172459103167057
-0.023146187886595726
-0.003541069570928812
0.021336883306503296
-0.018364451825618744
0.004293870180845261
0.017020396888256073
0.006400418933480978
-0.015211091376841068
-0.006726739928126335
-0.01773119531571865
0.005088672041893005
-0.017782889306545258
0.003237364813685417
-0.0027543448377400637
0.040502600371837616
0.018803855404257774
0.010377660393714905
0.009621628560125828
0.02768237702548504
0.030758196488022804
-0.03024125099182129
-0.008930215612053871
-0.027940848842263222
-0.008141875267028809
-0.023352965712547302
-0.0016978394705802202
0.007980329915881157
-0.005460225977003574
-0.0010888143442571163
-0.0062582590617239475
-0.02072947286069393
0.010571514256298542
-0.03280012682080269
-0.022668015211820602
0.018648771569132805
0.020458078011870384
-0.018829701468348503
-0.042027585208415985
-0.014009195379912853
0.0074440003372728825
0.031094210222363472
0.013014077208936214
-0.006784896366298199
0.012942996807396412
0.023831140249967575
-0.02765652909874916
0.0035798405297100544
-0.012031883001327515
0.014784611761569977
-0.003783387364819646
0.0048205070197582245
0.02556290477514267
0.0197860486805439
0.007463385816663504
-0.01866169460117817
-0.014564910903573036
0.017873354256153107
0.002788269193843007
0.0013456711312755942
0.021737514063715935
0.029956931248307228
-0.01044227834790945
0.012723295949399471
-0.0065813492983579636
-0.002064547035843134
0.035720862448215485
-0.03499713912606239
0.0158572718501091
-0.03429926559329033
0.019204486161470413
0.009434236213564873
0.014836306683719158
-0.0005419839872047305
-0.00050321314483881
-0.019269105046987534
0.009001296013593674
0.0018141519976779819
0.011560170911252499
-0.015934813767671585
0.003154976759105921
0.006965826731175184
-0.009505316615104675
0.0165422223508358
-0.0011526246089488268
0.022461237385869026
0.006229180842638016
-0.0054796114563941956
-0.004500648006796837
-0.6422517895698547
-0.0027898845728486776
-0.001531447982415557
-0.013001153245568275
0.006687968969345093
-0.011521399952471256
0.015366174280643463
0.03259334713220596
-0.005263140890747309
-0.02693280763924122
0.009220996871590614
0.025369049981236458
0.001550833461806178
-0.012619907036423683
-0.017679501324892044
-0.016749000176787376
-1.4993408512964379e-05
-0.026881111785769463
0.012742681428790092
-0.027578987181186676
-0.019579272717237473
0.01722717471420765
0.010112726129591465
0.016464682295918465
-0.0011655482230708003
-0.0009022296289913356
0.011146615259349346
0.0037898491136729717
-0.0012277431087568402
-0.002219630405306816
-0.008632972836494446
6.269971345318481e-05
0.0046492693945765495
0.009602243080735207
0.05350375175476074
0.01209650095552206
-0.01726594567298889
0.009977028705179691
0.02178920991718769
0.022396618500351906
0.00814833678305149
0.002468409948050976
0.0009741172543726861
-0.0018787700682878494
0.04732626676559448
-0.0003533800190780312
0.01258113607764244
-0.014319362118840218
-0.005566845647990704
0.00578331621363759
0.004222790244966745
0.003174362238496542
0.016813619062304497
-0.019217411056160927
-0.013149774633347988
0.007314764428883791
0.008807441219687462
-0.005227601155638695
-0.005586231127381325
0.023029876872897148
-0.0017543802969157696
-0.0029998933896422386
-0.024089612066745758
-0.021866751834750175
-0.01532740332186222
0.018157673999667168
-0.011663559824228287
-0.006600734777748585
0.02443855069577694
-0.011224157176911831
0.006435958668589592
0.021556584164500237
0.005980401299893856
-0.013440555892884731
0.010804139077663422
-0.0041581722907722
0.020677778869867325
0.0183256808668375
-0.02287479303777218
0.01753734052181244
0.0012301662936806679
-0.006881823297590017
-0.025394897907972336
0.007851094007492065
0.029439987614750862
-0.05161690711975098
-0.02646755613386631
0.0020984713919460773
0.010041646659374237
0.03440265357494354
-0.004329409915953875
-0.002277786610648036
-0.0005274448776617646
-0.0178216602653265
-0.006830128841102123
0.030448028817772865
0.006507038604468107
-0.02309449389576912
0.01168940681964159
-0.023417584598064423
0.019824819639325142
-0.01854538358747959
-0.0025039496831595898
-0.016244979575276375
0.02783745899796486
0.011489090509712696
0.003650920232757926
0.004132324829697609
0.02752729319036007
-0.020406382158398628
0.00030572418472729623
0.0062582590617239475
-0.011017379350960255
-0.005256678909063339
-0.023262500762939453
-0.03080989047884941
-0.009686247445642948
0.0025411052629351616
0.006907670293003321
-0.030887432396411896
0.01015795860439539
-0.011107844300568104
-0.010577975772321224
0.001891693682409823
-0.015495410189032555
0.022202765569090843
-0.023340042680501938
-0.005450533237308264
-0.017033319920301437
-0.035875946283340454
0.004988514352589846
-0.02377944625914097
0.021272264420986176
-0.01704624481499195
0.030913278460502625
-0.004888356197625399
0.02481333538889885
-0.010119187645614147
0.0032131329644471407
-0.008277573622763157
-0.0243093129247427
-0.006112868431955576
0.019527576863765717
-0.010164421051740646
-0.027320515364408493
-0.04409536346793175
-0.023172035813331604
-0.008872059173882008
-0.02553705684840679
0.023947453126311302
-0.011069073341786861
-0.015908965840935707
-0.05598508566617966
-0.0005165406037122011
0.006991674192249775
-0.007424614857882261
-0.00490774167701602
0.00978317391127348
-0.01863584853708744
-0.012109423987567425
0.020548542961478233
0.011489090509712696
-0.01232912577688694
0.04567204415798187
-0.029956931248307228
0.011495552957057953
0.029078125953674316
0.01966973766684532
-0.003880314528942108
-0.03988226503133774
0.009272691793739796
0.022357847541570663
0.005670234560966492
0.021311035379767418
0.034661125391721725
-0.0047332728281617165
-0.016968702897429466
0.0039901649579405785
-0.0010855833534151316
-0.011624788865447044
-0.015366174280643463
0.03566917032003403
-0.0036799984518438578
-0.000932923227082938
-0.008510198444128036
0.004374642390757799
0.024774564430117607
-0.0016219132812693715
0.011592479422688484
-0.0047494275495409966
-0.002432869980111718
-0.009130531921982765
-0.030473876744508743
0.01316916011273861
0.004994975868612528
0.01632252149283886
-0.0044101825915277
-0.015353250317275524
0.01923033408820629
-0.0005682350602000952
0.015508334152400494
-0.005456995218992233
0.039908114820718765
-0.002355328295379877
0.0011776641476899385
-0.0018141519976779819
-0.0054279169999063015
-0.016270827502012253
0.06627228111028671
0.01320146955549717
0.021453196182847023
-0.032412417232990265
-0.02110425755381584
-0.014694146811962128
-0.007424614857882261
0.018584154546260834
-0.015366174280643463
0.010397045873105526
-0.017343487590551376
0.03334291651844978
-0.02094917558133602
-0.0007746089831925929
0.008723437786102295
-0.02350804954767227
-0.018312757834792137
0.014784611761569977
0.009750865399837494
-0.005857626907527447
-0.002232553903013468
-0.010073955170810223
0.008135413751006126
-0.003437680657953024
-0.020264223217964172
0.03145607188344002
0.02640293911099434
0.023016951978206635
0.017020396888256073
-0.006998135708272457
0.021272264420986176
-0.011527861468493938
0.00047696204273961484
0.02547243796288967
-0.004423106089234352
-0.004639576654881239
0.019527576863765717
0.01435813307762146
0.025420743972063065
-0.00629056803882122
0.0024425627198070288
0.011792795732617378
-0.023986224085092545
0.014035042375326157
-0.00332782999612391
-0.019152792170643806
-0.018648771569132805
-0.02734636329114437
0.010997993871569633
0.011140153743326664
-0.0034667588770389557
0.029207361862063408
-0.0033504462335258722
0.008245264180004597
0.0082711111754179
0.01117246225476265
-0.012387282215058804
-0.002468409948050976
-0.016464682295918465
-0.005195291712880135
-0.04329409822821617
-0.018584154546260834
-0.012904226779937744
-0.02496841736137867
0.009563473053276539
0.004545880481600761
-0.008975448086857796
0.016684383153915405
-0.0016291828360408545
-0.0024409471079707146
0.008471427485346794
0.012910688295960426
-0.030292946845293045
-0.041433099657297134
0.012018959037959576
0.005014361348003149
-0.009602243080735207
-0.01120477169752121
0.010274271480739117
-0.01572803594172001
-0.026700181886553764
0.040373362600803375
-0.00048180841258727014
0.004810814280062914
-0.009905948303639889
0.009046528488397598
-0.005847934167832136
0.0019999288488179445
0.03212809935212135
0.01119184773415327
0.029207361862063408
-0.01115953829139471
-0.00100642628967762
-0.010319503955543041
-0.03236072510480881
0.013440555892884731
0.036832295358181
0.038848377764225006
-0.021853826940059662
0.003295521019026637
0.02977600134909153
-0.024361008778214455
0.004943281412124634
-0.007398767862468958
-0.017498569563031197
0.027294667437672615
0.013337166979908943
-0.0033762934617698193
0.00438433513045311
0.00017881028179544955
0.02137565426528454
-0.013867035508155823
-0.0019191562896594405
0.0008263034396804869
0.0028060392942279577
0.00966039951890707
0.037969570606946945
-0.004209866747260094
-0.026958653703331947
0.025071807205677032
0.01017734408378601
-0.008813903667032719
0.003547531319782138
-0.011450320482254028
0.013233778066933155
-0.022952334955334663
-0.018493687734007835
0.008090181276202202
0.0035830712877213955
0.0010338888969272375
0.014900924637913704
0.025756757706403732
0.003996626939624548
-0.011502014473080635
0.021737514063715935
-0.012568212114274502
0.011217694729566574
-0.0254078209400177
0.020109139382839203
-0.011560170911252499
0.010015798732638359
-0.006998135708272457
0.04528433457016945
0.0009337309747934341
0.00577362347394228
-0.015288632363080978
-0.005847934167832136
0.003298752009868622
0.026454633101820946
-0.006468267645686865
-0.02060023695230484
0.01106261182576418
0.034195877611637115
0.046550851315259933
0.005860858131200075
0.012044806033372879
0.028018390759825706
0.007805861532688141
0.008587740361690521
0.008671743795275688
-0.004665423650294542
-0.026855265721678734
0.0110819973051548
0.042777154594659805
0.010487510822713375
-0.022926487028598785
0.0055636148899793625
0.004403720609843731
0.008923754096031189
0.0064811911433935165
0.010590899735689163
-0.002104933373630047
0.008600663393735886
0.018532458692789078
-0.009266229346394539
-0.012484208680689335
0.000666777603328228
-0.03740093111991882
0.007999715395271778
-0.013233778066933155
-0.01519816741347313
-0.019734354689717293
-0.012884841300547123
-0.0021808594465255737
-0.02443855069577694
0.0014740994665771723
0.008128952234983444
-0.03985641896724701
-0.03130098804831505
0.01292361132800579
0.007973868399858475
0.03605687618255615
0.013854111544787884
-0.013647333718836308
-0.004762351047247648
0.035255614668130875
-0.00703044468536973
-0.004112939350306988
-0.000271799712209031
-0.02253877930343151
-0.002269709249958396
0.014461521990597248
-0.021078411489725113
-0.017408104613423347
0.010325965471565723
0.00819357018917799
-0.024890875443816185
-0.008652358315885067
-0.00332782999612391
-0.015392021276056767
-0.014409827068448067
-1.5864237866480835e-05
0.016425911337137222
0.009473007172346115
-0.0050563630647957325
-0.014022118411958218
-0.007993253879249096
-0.017110861837863922
-0.018157673999667168
0.006500576622784138
0.008322806097567081
0.014151355251669884
0.00043617188930511475
0.008245264180004597
-0.01966973766684532
-0.005993324797600508
0.004678347613662481
0.000276444130577147
0.003045126097276807
-0.0030580495949834585
0.013763646595180035
-0.010132111608982086
-0.027940848842263222
0.041717417538166046
0.01040996890515089
-0.0005605616606771946
-0.007708934601396322
-0.034506041556596756
0.003573378548026085
0.022435389459133148
-0.016904084011912346
0.012322664260864258
0.005873781628906727
-0.0054796114563941956
-0.01195434108376503
-0.0012406667228788137
-0.009905948303639889
0.034221723675727844
-0.016774848103523254
-0.026299549266695976
-0.007353534922003746
-0.00981548335403204
-0.015146473422646523
0.008542506955564022
0.011934955604374409
-0.004271253477782011
0.008044947870075703
-0.00908529944717884
0.002174397697672248
-0.04631822556257248
0.024490244686603546
-0.02318495884537697
-0.01994113251566887
-0.021840903908014297
-0.007424614857882261
0.025330279022455215
-0.011941417120397091
0.009401927702128887
0.00027099199360236526
-0.01243897620588541
-0.021802132949233055
0.0008368038688786328
-0.02103964053094387
-0.016813619062304497
0.009725017473101616
0.005246986169368029
0.021556584164500237
-0.0010346967028453946
-0.027010347694158554
0.0017527648014947772
-0.0047332728281617165
0.014164278283715248
-0.018493687734007835
0.0016962240915745497
-0.018829701468348503
0.02527858503162861
0.026803569868206978
-0.0067138164304196835
0.011334007605910301
-0.016051126644015312
-0.00880097970366478
0.0330844447016716
-0.006875361315906048
-0.02474871650338173
-0.004520033020526171
-8.526555029675364e-05
-0.007696010638028383
0.011702330783009529
-0.033161986619234085
0.010694288648664951
-0.013647333718836308
-0.019682660698890686
0.02300402894616127
-0.01872631348669529
-0.006888285279273987
-0.0032195947133004665
0.03998565301299095
-0.003457066137343645
0.013001153245568275
0.006487653125077486
0.012555289082229137
0.011586017906665802
0.012245122343301773
-0.0210654865950346
0.01510770246386528
0.03484205901622772
0.003641227725893259
-0.0032050556037575006
-0.021479042246937752
0.003024125238880515
0.008872059173882008
0.01773119531571865
0.02331419475376606
0.008865597657859325
0.006939979735761881
-0.020794091746211052
-0.0061225611716508865
-0.03236072510480881
-0.0065651945769786835
-0.009712094441056252
-0.0001337795692961663
0.012122347950935364
0.009246843867003918
0.0019046172965317965
-0.0249038003385067
0.0008876905776560307
0.025071807205677032
-0.015017236582934856
0.03768525272607803
-0.0008505351725034416
0.023120341822504997
0.014086736366152763
0.0013440556358546019
-0.041122931987047195
0.010597361251711845
0.01894601434469223
-0.0110819973051548
0.008471427485346794
-0.01726594567298889
0.0196051187813282
-0.01576680690050125
0.01346640381962061
0.031171752139925957
0.005111288279294968
-0.004100015852600336
0.017873354256153107
0.020936250686645508
0.014228896237909794
-0.02750144526362419
0.01008041761815548
-0.01894601434469223
0.011928494088351727
0.002153396839275956
0.03140437602996826
-0.009770250879228115
-0.01466829888522625
0.00036791907041333616
0.04437968134880066
0.01384118851274252
0.015508334152400494
-0.019488805904984474
-0.024735793471336365
0.004229251760989428
-0.02262924425303936
-0.0066136582754552364
-0.025045959278941154
-0.023585591465234756
0.03657381981611252
0.00033035982050932944
0.012587597593665123
-0.02384406328201294
-0.027785765007138252
-0.0018028438789770007
0.001127585070207715
-0.003059664973989129
0.022461237385869026
-0.01625790446996689
0.017149632796645164
0.02531735599040985
0.01632252149283886
-0.026286626234650612
0.002159858588129282
0.004807583522051573
-0.004678347613662481
0.008232341147959232
-0.001215627184137702
-0.02306864783167839
-0.003948163241147995
-0.021491967141628265
-0.009149917401373386
0.004558803979307413
-0.019307876005768776
-0.00989302434027195
-0.010002875700592995
0.024451473727822304
0.0014127122703939676
-0.006497345864772797
-0.002644493943080306
-0.001943388138897717
0.024296389892697334
0.011818642728030682
0.0019046172965317965
0.015392021276056767
0.0025992614682763815
-0.02964676544070244
-0.00805141031742096
-0.014694146811962128
-0.006681507453322411
0.01570218801498413
0.028483640402555466
-0.0027608065865933895
-0.013647333718836308
0.040502600371837616
-0.009905948303639889
-0.02840609848499298
-0.009970566257834435
0.006720277946442366
-0.0032195947133004665
-0.005030516069382429
-0.0008287266246043146
0.010972145944833755
-0.013789493590593338
-0.005337451584637165
0.01015795860439539
-0.0036089185159653425
0.014603680931031704
-0.011114305816590786
-0.010836448520421982
-0.00781232351437211
-0.0028771189972758293
0.018235215917229652
-0.018209369853138924
0.017395181581377983
-0.019889438524842262
-0.02238369546830654
0.0023973300121724606
-0.0006049865623936057
0.02825101464986801
-0.02640293911099434
0.0036379967350512743
-0.0012148194946348667
-0.019243257120251656
-0.02328834868967533
0.00642303517088294
-0.006193641107529402
-6.057943028281443e-05
0.005072517786175013
0.006151639390736818
0.02013498730957508
0.018842626363039017
-0.009072375483810902
0.017653653398156166
0.00465896213427186
-0.005586231127381325
-0.02990523725748062
0.007424614857882261
-0.021711667999625206
0.03758186474442482
-0.007857555523514748
-0.0203805360943079
-0.020483924075961113
-0.0039546252228319645
-0.039597947150468826
0.00740522937849164
0.012884841300547123
0.027268821373581886
0.023055722936987877
-0.002684880280867219
0.015236938372254372
0.01726594567298889
-0.018622923642396927
0.012115886434912682
-0.01625790446996689
-0.02119472250342369
-0.031947169452905655
-0.014022118411958218
-0.005854396149516106
-0.007023983169347048
-0.007230760995298624
-0.019282028079032898
0.04045090451836586
-0.00951823964715004
-0.0023779445327818394
0.022332001477479935
-0.010351813398301601
-0.020483924075961113
0.0014854075852781534
0.018080132082104683
0.01482338272035122
-0.004959436133503914
-0.013621486723423004
-0.010500434786081314
0.007683087140321732
0.003431218909099698
-0.008542506955564022
-0.03068065457046032
-0.018803855404257774
0.021995987743139267
-0.003037048736587167
0.02240954339504242
-0.0024425627198070288
-0.013634410686790943
0.019514653831720352
-0.009376080706715584
-0.002075855154544115
-0.03349800035357475
-0.020147910341620445
0.04156233370304108
-0.006507038604468107
-0.02706204354763031
-0.011489090509712696
-0.0002596838166937232
-0.0370132252573967
0.0054634567350149155
0.0054763806983828545
-0.01751149445772171
-0.0008129759808070958
-0.004474800545722246
-0.01610282063484192
-0.022965257987380028
-0.03543654456734657
-0.018610000610351562
0.016865313053131104
-0.013556868769228458
0.009854254312813282
0.014900924637913704
-0.020109139382839203
0.017925050109624863
-0.0010742752347141504
0.009169302880764008
-0.026170313358306885
-0.01691700704395771
0.009007757529616356
-0.02078116685152054
-0.01004810817539692
-0.001587181119248271
-0.006991674192249775
0.0197860486805439
-0.004222790244966745
0.005502227693796158
-0.053607139736413956
0.0033827554434537888
0.20450323820114136
-0.02825101464986801
-0.000664758263155818
0.007864017970860004
-0.012380819767713547
0.017808737233281136
0.03548823669552803
0.015159396454691887
-0.010506896302103996
0.012406667694449425
-0.009401927702128887
-0.026209084317088127
-0.029129821807146072
0.004985283128917217
0.014164278283715248
-0.021802132949233055
-0.034195877611637115
-0.0040418594144284725
0.007140295580029488
-0.010345350950956345
0.02350804954767227
0.02125934138894081
-0.003411833429709077
-0.010222576558589935
0.026299549266695976
0.005631463602185249
-0.0029175053350627422
0.007741243578493595
0.022732632234692574
-0.0015387175371870399
-0.008878521621227264
0.006561963818967342
-0.023637285456061363
-0.011502014473080635
-0.019307876005768776
0.001980543602257967
0.026428785175085068
-0.004300331696867943
0.020522695034742355
0.03740093111991882
0.01645175740122795
-0.009498855099081993
-0.00502405408769846
-0.021776285022497177
-0.0155600281432271
0.06017233803868294
-0.0040030889213085175
0.004490955267101526
0.0080191008746624
-0.0004192096530459821
-0.022926487028598785
0.03817635029554367
0.0315336138010025
0.010106264613568783
-0.00021808594465255737
0.012464823201298714
-0.0038221580907702446
0.005046670325100422
0.011088458821177483
0.009389003738760948
0.008141875267028809
0.006309953518211842
0.00464280741289258
0.014707069844007492
-0.005492534954100847
0.004148479551076889
-0.0017430721782147884
-0.00867820531129837
-0.012070653028786182
-0.025175195187330246
0.02505888231098652
-0.01994113251566887
-0.01563757099211216
0.0011243541957810521
-0.015870194882154465
-0.019126946106553078
-0.0021824748255312443
0.017550265416502953
0.0012762066908180714
0.04711948707699776
-0.011792795732617378
-0.02547243796288967
-0.021840903908014297
0.008930215612053871
0.01775704324245453
-0.02562752179801464
0.0070886011235415936
-0.015056007541716099
-0.002017698949202895
-0.026881111785769463
-0.007676625158637762
-0.004781736526638269
-0.0030289716087281704
-0.011818642728030682
0.0007633008062839508
0.006778434384614229
-0.001223704544827342
0.015133549459278584
0.0002354520547669381
0.0033504462335258722
-0.012018959037959576
0.01689116097986698
0.01828690990805626
-0.006591042038053274
-0.04014073684811592
0.012942996807396412
-0.0271912794560194
-0.0135956397280097
0.01760195940732956
-0.00830342061817646
0.025989383459091187
-0.003154976759105921
0.004442491568624973
-0.02677772380411625
-0.03037048690021038
0.0034538351465016603
0.01607697270810604
-0.013621486723423004
0.0261832382529974
0.00016558376955799758
-0.01481045875698328
-0.007243684493005276
-0.008846212178468704
0.028199320659041405
-0.019243257120251656
-0.014900924637913704
-0.05624355748295784
0.014164278283715248
-0.021556584164500237
-0.0013900960329920053
0.015934813767671585
-0.031481917947530746
0.04122631996870041
0.0009692708845250309
-0.0083163445815444
0.00338598620146513
-0.004352026153355837
-0.0073083024471998215
0.013298396952450275
0.0173176396638155
0.025084730237722397
-0.016749000176787376
0.004856047220528126
-0.013440555892884731
-0.0010298503329977393
-0.022551702335476875
-0.0020031598396599293
-0.00515005923807621
-0.008329267613589764
-0.010261347517371178
-0.001836768351495266
-0.03936532139778137
-0.019307876005768776
-0.0110819973051548
0.021931368857622147
0.02858702838420868
-0.023637285456061363
-0.008626510389149189
-0.011069073341786861
0.002783422823995352
-0.014771687798202038
0.014125507324934006
0.007056292146444321
0.002214784035459161
0.0061581009067595005
-0.003938470501452684
-0.16139006614685059
-0.004545880481600761
0.002122703241184354
-0.004946512170135975
0.006587811280041933
-0.0014312900602817535
0.024102535098791122
0.02783745899796486
0.001256013521924615
-0.007508618291467428
0.0029611224308609962
0.006090252194553614
-0.03052557073533535
-0.0243093129247427
-0.009989951737225056
0.01215465646237135
-0.04045090451836586
-0.006939979735761881
0.03132683411240578
0.0055636148899793625
0.006090252194553614
-0.021246418356895447
-0.00869112927466631
-0.012309740297496319
0.00403539789840579
0.01691700704395771
-0.02949168160557747
0.011056150309741497
-0.03202471137046814
0.01157955639064312
0.001260052202269435
0.030603112652897835
0.03822804242372513
0.010274271480739117
-0.005770392715930939
0.010481049306690693
-0.027010347694158554
0.019734354689717293
-0.018622923642396927
0.028974737972021103
0.0066298129968345165
0.010771830566227436
0.014319362118840218
-0.0047849672846496105
0.015133549459278584
-0.000348937523085624
0.019527576863765717
-0.002843194641172886
0.03835728019475937
-0.014719993807375431
0.02403791807591915
0.006939979735761881
-0.0006756625953130424
0.00665565999224782
0.0012333971681073308
0.01579265296459198
0.000527041032910347
0.01209650095552206
0.020367613062262535
-0.004478031303733587
-0.0018593845888972282
0.007321225944906473
0.0076313926838338375
0.005201753694564104
0.0342734195291996
-0.0317145437002182
-0.023882834240794182
0.02366313338279724
-0.03864159807562828
0.010054569691419601
0.0021372423507273197
-0.006151639390736818
-0.004358488135039806
-0.01281376089900732
0.00867820531129837
-0.005295449867844582
-0.009395466186106205
0.04784321039915085
0.0052922191098332405
-0.01804136112332344
-0.01435813307762146
0.0417691133916378
0.001649376004934311
-0.00377692561596632
-0.008128952234983444
0.001428866875357926
-0.0010128880385309458
0.007017521187663078
0.009279153309762478
0.001499139005318284
0.003334291744977236
-0.033885709941387177
-0.008716976270079613
-0.02122057043015957
0.006549040321260691
0.029207361862063408
0.0009264614200219512
-0.0022487083915621042
0.004187250044196844
0.0007851094123907387
0.00626472057774663
0.009615167044103146
-0.017485646530985832
-0.017059167847037315
0.0130916191264987
-0.0036379967350512743
-0.001391711411997676
0.009201611392199993
0.02637709118425846
-1.3504164598998614e-05
-0.028509488329291344
-0.0014248281950131059
0.012652215547859669
0.02428346686065197
0.02238369546830654
0.008917292580008507
-0.015908965840935707
-0.017408104613423347
-0.003980472218245268
0.010875219479203224
0.047894906252622604
-0.0011808950221166015
0.004297100938856602
0.01346640381962061
0.00039598753210157156
-0.04867032170295715
-0.10173467546701431
-0.017033319920301437
0.02159535512328148
0.01548248715698719
0.0110819973051548
0.03453189134597778
-0.007864017970860004
0.006093482952564955
-0.005153289996087551
0.015366174280643463
-0.03099082037806511
-0.015870194882154465
-0.011870337650179863
0.0038253890816122293
0.0013480941997841
0.029052279889583588
0.008329267613589764
-0.007482771296054125
-0.035643320530653
0.00978317391127348
0.010384121909737587
0.01296884473413229
-0.01345347985625267
0.0027753456961363554
-0.01682654209434986
0.015740958973765373
-0.030887432396411896
0.030137863010168076
0.025924764573574066
-0.008762208744883537
-0.02693280763924122
-0.005809163674712181
-0.0007810707902535796
-0.0011235465062782168
0.018454916775226593
-0.010384121909737587
-0.010855833999812603
0.008826826699078083
0.022655092179775238
-0.013802417553961277
0.020871633663773537
0.01872631348669529
0.015081854537129402
-0.03952040523290634
0.005324528086930513
-0.022306153550744057
-0.0021097795106470585
0.016865313053131104
0.012161118909716606
-0.030784042552113533
-0.011876799166202545
-0.030008627101778984
-0.04810168221592903
-0.0034182954113930464
0.015353250317275524
0.020561465993523598
-0.008090181276202202
0.00629703002050519
-0.0299310851842165
-0.03577255830168724
-0.005802701693028212
-0.021776285022497177
-0.020807014778256416
-0.0013279011473059654
-0.0018852318171411753
-0.017175480723381042
-0.007889864966273308
-0.019928209483623505
0.006319646257907152
0.00844558048993349
-0.009369618259370327
0.009989951737225056
-0.001495100324973464
-0.013854111544787884
-0.024761639535427094
0.01307869516313076
-0.017433952540159225
-0.0009644245146773756
-0.0054796114563941956
0.008839750662446022
-0.011967264115810394
-0.0058867051266133785
-0.021647049114108086
-0.019282028079032898
0.014073813334107399
0.00540853152051568
0.020251300185918808
-0.005162982735782862
-0.011902646161615849
-0.0010040031047537923
0.001175240962766111
0.027734071016311646
0.013996271416544914
0.025446591898798943
-0.002722035627812147
0.012645754031836987
0.005062825046479702
-0.0023391738068312407
-0.01735641062259674
0.0010863911593332887
-0.026829417794942856
0.02066485583782196
-0.06399772316217422
-0.011514938436448574
0.00150963943451643
-0.012962382286787033
0.009188688360154629
0.003224441083148122
0.020613159984350204
-0.0017139939591288567
-0.008497274480760098
0.021530738100409508
-0.009395466186106205
-0.002245477633550763
0.001991851720958948
-0.006561963818967342
-0.01570218801498413
-0.026570945978164673
0.035720862448215485
-0.010733059607446194
0.011430935002863407
0.019618041813373566
0.010590899735689163
0.018118903040885925
0.029284903779625893
0.034040793776512146
-0.013621486723423004
0.020122064277529716
-0.0009159609908238053
-0.019359569996595383
-0.004423106089234352
0.021685820072889328
-0.0020338534377515316
-0.025976460427045822
-0.00869112927466631
0.015094778500497341
-0.02525273710489273
0.004096785094588995
0.007948021404445171
0.032851822674274445
0.008859136141836643
0.07025275379419327
-0.010384121909737587
-0.020716549828648567
0.028793806210160255
-0.02706204354763031
-0.04311316832900047
0.0024877951946109533
0.0015645647654309869
-0.006855975836515427
0.02013498730957508
-0.01030011847615242
0.017899202182888985
0.021013792604207993
0.006510269362479448
-0.03205055743455887
-0.01854538358747959
-0.0011170846410095692
0.0025588751304894686
0.02328834868967533
-0.022357847541570663
-0.0073599969036877155
0.04461230710148811
-0.015844348818063736
-0.005964247044175863
0.011766948737204075
-0.000333388801664114
-0.018829701468348503
0.007398767862468958
0.0020338534377515316
-0.01954050175845623
0.0027349593583494425
-0.0021566275972872972
0.024645328521728516
-0.0006837398395873606
0.012484208680689335
0.029517529532313347
-0.007528003770858049
0.0183256808668375
-0.00995764322578907
-0.006574887316673994
0.009253306314349174
-0.002174397697672248
0.011844489723443985
-0.007398767862468958
0.03334291651844978
0.012361434288322926
0.011075534857809544
0.01256175059825182
0.0011154692620038986
-0.04419875144958496
-0.002612184965983033
-0.019747279584407806
0.016645612195134163
-0.004193712025880814
0.01496554259210825
-0.015288632363080978
0.00040043002809397876
0.01557295210659504
-0.03807295858860016
0.0069852122105658054
0.020794091746211052
0.023456355556845665
-0.003276135539636016
0.0027091121301054955
-0.00880097970366478
-0.03161115571856499
0.028923043981194496
-0.03199886158108711
-0.031662847846746445
-0.013944577425718307
0.011967264115810394
0.012193427421152592
0.0013513251906260848
0.013479326851665974
0.004100015852600336
-0.024399779736995697
0.0045975749380886555
0.00803848635405302
0.0056508490815758705
-0.017123784869909286
0.021401500329375267
-0.012723295949399471
0.04042505845427513
0.03393740579485893
-0.0010734675452113152
0.0035249150823801756
-0.008587740361690521
0.02247416041791439
0.0028335019014775753
0.028535334393382072
0.009337309747934341
0.019527576863765717
-0.007876941002905369
-0.01976020261645317
-0.01817059889435768
-0.02690695971250534
0.022861870005726814
0.03561747446656227
0.03533315286040306
-0.029879391193389893
0.07506033778190613
0.011502014473080635
-0.018429070711135864
0.02047100104391575
0.007689549122005701
0.003676767461001873
-0.011088458821177483
-0.005592693109065294
-0.014112584292888641
0.014319362118840218
0.020328842103481293
-0.013007615692913532
0.009169302880764008
-0.04665423929691315
-0.020626084879040718
-0.012658677995204926
-0.016839466989040375
0.030473876744508743
-0.006074097473174334
0.019062327221035957
0.044276293367147446
0.01044227834790945
0.004904510453343391
0.0038156963419169188
-0.034195877611637115
0.02571798674762249
0.021362729370594025
-0.0073599969036877155
-0.004797890782356262
-0.03667721152305603
-0.005421455018222332
0.016994548961520195
-0.04207928106188774
-0.01804136112332344
-0.006371340714395046
-0.01685239002108574
0.0021582432091236115
-0.025330279022455215
0.01177987176924944
0.011502014473080635
-0.00627441331744194
0.015508334152400494
-0.026260778307914734
-0.047429654747247696
-0.004219559021294117
-0.0016849158564582467
-0.02622200734913349
0.0023246346972882748
-0.020264223217964172
