-0.00035464114625938237
-0.013999792747199535
0.014539258554577827
-0.019578658044338226
-0.03210478648543358
0.0220786202698946
-0.050262413918972015
0.0017137904651463032
-0.009993272833526134
-0.027025915682315826
-0.006282801739871502
0.013710323721170425
0.0013642889680340886
0.017078693956136703
0.0009851828217506409
-0.012762969359755516
0.03649945929646492
0.004325593821704388
0.008131458424031734
-0.013091911561787128
0.011677458882331848
0.012065610848367214
0.002210493665188551
-0.008986708708107471
-0.022802293300628662
0.018210256472229958
0.011151150800287724
-0.022433878853917122
-0.024736475199460983
-0.00232068938203156
-0.002213783096522093
-0.020512854680418968
-0.02311807870864868
-0.007684096693992615
-0.01423663180321455
-2.794726242427714e-06
0.003090414684265852
0.02197335846722126
0.01023011188954115
0.01693395897746086
0.01340111717581749
-0.0056775473058223724
0.00896697212010622
-0.017328690737485886
-0.001365111325867474
0.02527594193816185
-0.01977602392435074
-0.0007417653105221689
-0.03576262667775154
0.015223458409309387
0.026039088144898415
0.0263680312782526
-0.012282713316380978
0.007013054098933935
-0.03570999950170517
-0.016236601397395134
0.0008219450828619301
0.0046775625087320805
0.013907688669860363
-0.012151136063039303
0.008953814394772053
-0.016118181869387627
-0.029710086062550545
0.02134178951382637
-0.00584859773516655
0.012493235990405083
-0.0154208242893219
0.015157670713961124
-0.005647942889481783
-0.0016183970728889108
0.014486627653241158
0.02685486525297165
-0.016868172213435173
0.00765778124332428
0.036578405648469925
-0.011210360564291477
-0.01536819338798523
-0.02852589264512062
-0.006907792296260595
0.02763116918504238
0.012210345827043056
-0.018210256472229958
-0.022565456107258797
0.025881195440888405
0.010368268005549908
-0.003907836973667145
0.011743247509002686
0.01976286619901657
-0.0015082013560459018
-0.02355228364467621
-0.014802412129938602
0.025262784212827682
0.005881492048501968
0.02306544780731201
-0.004022966604679823
0.01035511028021574
-0.017578687518835068
0.015328720211982727
-0.021723363548517227
-0.009552489966154099
-0.0038650743663311005
-0.008309087716042995
-0.028499579057097435
0.0006278689834289253
-0.03394686430692673
0.02239440567791462
-0.010973521508276463
-0.007138052023947239
0.015605032444000244
-0.028183793649077415
-0.013144542463123798
0.04960452765226364
-0.001991746947169304
-0.02281545102596283
0.01593397557735443
-0.011111677624285221
0.034946851432323456
-0.03502579778432846
-0.023460179567337036
-0.009078812785446644
0.023012816905975342
-0.0013091911096125841
0.01715764030814171
0.004855191335082054
0.027236439287662506
0.020433908328413963
-0.023302286863327026
0.0009218613267876208
-0.04615721106529236
-0.012289292179048061
-0.01074984110891819
0.012026137672364712
0.0032894250471144915
-0.0027927218470722437
-0.005565707106143236
-0.0035690260119736195
-0.01693395897746086
0.02910483255982399
-0.036788929253816605
-0.0032844909001141787
0.02402595989406109
0.020565485581755638
-0.01017748098820448
-0.03976256772875786
-0.008111721836030483
0.0008897894877009094
0.036104727536439896
0.02789432369172573
0.015144512988626957
0.01646028272807598
0.022802293300628662
-0.03465738147497177
0.0026101586408913136
-0.00577951967716217
0.01363137736916542
0.008743291720747948
0.009368282742798328
0.03623630478978157
0.0013420854229480028
0.012822178192436695
-0.009868275374174118
-0.006342011503875256
0.007914356887340546
0.013565588742494583
0.0169997476041317
0.01630239002406597
-0.007782779633998871
-0.0005559128476306796
0.015512928366661072
0.001940760761499405
0.014394523575901985
0.034525804221630096
-0.02517068013548851
0.025407519191503525
-0.0037762599531561136
0.02742064744234085
0.01710500940680504
0.01138141006231308
-0.0085196103900671
-0.018526041880249977
-0.03226267918944359
0.013999792747199535
0.012887966819107533
0.01426294632256031
-0.017012905329465866
0.02836800180375576
0.005842018872499466
0.008841974660754204
0.010295900516211987
0.004638089332729578
0.04049940034747124
0.011874823831021786
-6.177951581776142e-05
-0.010756419971585274
-0.6378852725028992
0.013565588742494583
0.006483456585556269
-0.012447183951735497
0.011361673474311829
0.01567082107067108
0.010960363782942295
0.022907555103302002
-0.014855043031275272
-0.01436820812523365
-0.0027137757278978825
0.004578879568725824
-0.01557871699333191
-0.00659200781956315
-0.007473573554307222
-0.027868008241057396
0.004861770197749138
-0.01626291684806347
0.020907584577798843
-0.00833540316671133
-0.010315637104213238
0.015355035662651062
-0.003161137457937002
0.013762954622507095
-0.006644638255238533
-0.003736786777153611
0.022512825205922127
-0.016499755904078484
0.007111737038940191
0.015565559267997742
-0.03444685786962509
0.020223384723067284
0.0045755901373922825
0.010762998834252357
0.06052542105317116
0.026631183922290802
-0.030025871470570564
0.010170902125537395
0.02627592720091343
0.006309117190539837
-0.008368297480046749
-0.009013024158775806
0.015710294246673584
0.00042310229036957026
0.03181532025337219
0.009953799657523632
0.024999629706144333
-0.03218373283743858
-0.0037302079144865274
0.013322170823812485
-0.011526145040988922
0.010440634563565254
0.023012816905975342
0.000861006963532418
0.012197188101708889
0.005105187650769949
0.007295944727957249
0.001773000112734735
-0.008631451055407524
0.022315459325909615
0.005585443694144487
-0.010848524048924446
-0.012585340067744255
-0.022091777995228767
-0.028499579057097435
0.017657633870840073
-0.007085421588271856
-0.01423663180321455
0.003694024169817567
-0.025078576058149338
0.012637970969080925
0.042762525379657745
-0.0046775625087320805
-0.008618293330073357
0.0033437004312872887
0.005861755460500717
0.014631362631917
0.008381455205380917
0.002161152195185423
0.01719711348414421
-0.010762998834252357
-0.022223355248570442
-0.022118093445897102
0.018433937802910805
0.025289099663496017
-0.04923611506819725
-0.019907599315047264
-0.006085436325520277
-0.0022499666083604097
0.003805864602327347
-0.01563134789466858
0.013960319571197033
0.00415783328935504
-0.01012485008686781
-0.0047433506697416306
0.035104744136333466
0.006371616385877132
-0.008651187643408775
0.024341745302081108
-0.019368134438991547
0.0033075169194489717
-0.02469700202345848
0.0041611227206885815
-0.005200580693781376
0.012144557200372219
0.007309102453291416
-0.003335476852953434
0.02040759287774563
0.022578613832592964
-0.010716946795582771
-0.0023502942640334368
-0.02417069487273693
0.0002341659419471398
-0.021328631788492203
-0.019736550748348236
-0.02332860231399536
0.006220302544534206
0.012223503552377224
0.006088725756853819
-0.024197010323405266
0.019473396241664886
-0.005707152187824249
0.009138022549450397
0.009809065610170364
-0.017381321638822556
0.01956550031900406
-0.01924971491098404
-0.0034802115987986326
-0.0021134556736797094
-0.008203825913369656
-0.003740076208487153
0.0015674110036343336
0.02878904715180397
-0.0049834786914289
0.023420706391334534
-0.0033519240096211433
0.026460135355591774
-0.0030114685650914907
0.005713731050491333
0.005279527045786381
-0.02155231311917305
-0.006585428956896067
0.013131384737789631
-0.026157507672905922
-0.03770996630191803
-0.03223636373877525
-0.022854924201965332
-0.006769636645913124
-0.011394567787647247
0.010460371151566505
-0.01452610082924366
0.002383188344538212
-0.03936783969402313
-0.0016249759355559945
-0.01326954085379839
-0.023302286863327026
-0.015433982014656067
-0.020065492019057274
-0.03255214914679527
0.0006434937822632492
0.02338123321533203
-0.010052482597529888
-0.011920875869691372
0.035315267741680145
-0.026868022978305817
0.006598586682230234
0.020841795951128006
0.014802412129938602
-0.02385490946471691
-0.0388941615819931
0.003221991704776883
0.009151180274784565
-0.0005246633081696928
0.027815377339720726
0.01672343723475933
0.006855161860585213
-0.009657751768827438
0.011289306916296482
-0.017657633870840073
-0.01888129860162735
-0.010953784920275211
0.013697165995836258
-0.013789269141852856
-0.006901213433593512
-0.0010748195927590132
0.01846025325357914
0.01582871377468109
0.013072174973785877
0.013499800115823746
-0.004335462115705013
0.0339994952082634
-0.00823014136403799
-0.008532768115401268
0.0139734772965312
-0.008670924231410027
0.012190609239041805
-0.008453822694718838
0.005934122484177351
0.007052527274936438
0.0007635577931068838
0.012966913171112537
0.006213723681867123
0.020539170131087303
-0.025670671835541725
0.004763087257742882
-0.0025262783747166395
0.0014966883463785052
-0.018907614052295685
0.03194689378142357
0.012552445754408836
0.014328734949231148
-0.012427447363734245
-0.02538120374083519
-0.00807224866002798
-0.006960423197597265
0.026354873552918434
0.0026578553952276707
0.00686831958591938
-0.006703848019242287
0.018486568704247475
-0.0029736401047557592
-0.023052290081977844
0.016394494101405144
-0.007216998375952244
-0.03184163570404053
0.021578628569841385
0.006888055708259344
-0.010723525658249855
0.00382889062166214
-0.025670671835541725
0.013078753836452961
0.005397946573793888
-0.00284535251557827
0.023775963112711906
0.02003917656838894
0.011341937817633152
0.015960289165377617
-0.011137993074953556
0.03160479664802551
-0.007282787002623081
0.0048453230410814285
0.02726275473833084
-0.004049282055348158
-0.01955234259366989
0.021486524492502213
-0.0009407755569554865
0.024420691654086113
-0.014960304833948612
-0.009091970510780811
0.003384818322956562
-0.018065521493554115
0.005322289653122425
-0.014723466709256172
-0.025946984067559242
-0.0041084918193519115
-0.01898656040430069
0.020789165049791336
0.027289070188999176
-0.001081398455426097
0.022854924201965332
0.0014884647680446506
-0.00035464114625938237
-0.009190653450787067
0.03336792811751366
-0.01851288415491581
0.0030427181627601385
-0.006519640330225229
-0.02144705131649971
-0.02736801654100418
-0.01148667186498642
-0.011572197079658508
-0.01007221918553114
-0.004766376689076424
0.004220332484692335
0.005983463954180479
0.007552519906312227
0.0116971954703331
0.014276104047894478
0.0013009675312787294
0.0013955385657027364
-0.029262725263834
-0.03115743398666382
0.02009180746972561
0.0131840156391263
-0.007388048339635134
-0.008598556742072105
-0.007045948412269354
-0.019526027143001556
-0.04860454425215721
0.009006445296108723
-0.022315459325909615
-0.002940746024250984
0.0005838729557581246
0.0015748122241348028
-0.015236616134643555
-0.007624886929988861
0.025354888290166855
-0.00993406306952238
0.009309072978794575
-0.014499785378575325
0.007769621908664703
-0.015565559267997742
-0.036841560155153275
-0.0031594927422702312
0.04065729305148125
0.01846025325357914
-0.04699930548667908
0.011026152409613132
0.009539332240819931
-0.014894516207277775
-0.005055846180766821
0.00414138613268733
-0.012868230231106281
0.026578553020954132
0.001157055259682238
0.014565574005246162
0.0018338544759899378
0.0029604823794215918
0.023789120838046074
0.005358473397791386
-0.009993272833526134
-0.0034275809302926064
0.009374861605465412
0.01960497349500656
0.041288863867521286
0.0021447050385177135
-0.007078842725604773
0.022723346948623657
0.005812413990497589
-0.01661817543208599
-0.025144364684820175
-0.037525761872529984
0.005545970518141985
-0.002539436100050807
0.010295900516211987
-0.007151209749281406
0.0008758094045333564
-0.013999792747199535
0.01166430115699768
0.024091748520731926
-0.01413137000054121
-0.000567836978007108
0.01497346255928278
0.005187423434108496
0.018762880936264992
-0.018420780077576637
0.01798657514154911
-0.011960349045693874
0.03236794099211693
-0.00243252981454134
0.041446756571531296
0.0008511387277394533
-0.009953799657523632
-0.02778906188905239
-0.00928275752812624
0.003090414684265852
0.03234162554144859
0.0044045401737093925
-0.025670671835541725
0.0004860125482082367
0.008243299089372158
0.024736475199460983
0.00540123600512743
0.0020410881843417883
0.03181532025337219
0.03234162554144859
0.020723378285765648
-0.0014777742326259613
-0.0020575353410094976
-0.02213125117123127
0.004539406392723322
0.03089427947998047
-0.012907703407108784
-0.03955204784870148
0.003115085419267416
0.02963113971054554
0.005838729441165924
-0.0009966957150027156
0.015486612915992737
-0.0028009454254060984
-0.0037038924638181925
0.03576262667775154
-0.015552401542663574
-0.023460179567337036
0.011960349045693874
-0.03199952468276024
0.025736460462212563
-0.014144527725875378
-0.008526189252734184
-0.0027121310122311115
-0.0013955385657027364
0.007065685000270605
-0.015710294246673584
0.0014802411897107959
0.0075459410436451435
-0.05260448530316353
-0.04684141278266907
0.0024637794122099876
0.0035065270494669676
0.020276015624403954
0.019210241734981537
-0.001382380840368569
-0.004055860918015242
0.010164323262870312
-0.01447346992790699
-0.017657633870840073
0.0147629389539361
-0.0234338641166687
-0.01965760439634323
0.02380227856338024
-0.02014443837106228
-0.0021512839011847973
0.014065581373870373
0.01093404833227396
-0.02815747819840908
-0.014644520357251167
-0.014210316352546215
-0.0054143937304615974
-0.011703774333000183
0.016289232298731804
0.027025915682315826
0.006828846409916878
-0.004555853549391031
-0.029604824259877205
0.005144660826772451
-0.014289261773228645
-0.017433952540159225
-0.005552549380809069
0.018526041880249977
0.001188304740935564
-0.006230170838534832
0.004115070682018995
-0.01609186641871929
-0.013105069287121296
-0.004243358038365841
0.015591874718666077
-0.0022022700868546963
0.006677532568573952
0.018736565485596657
-0.015197143889963627
-0.0027910771314054728
0.035525791347026825
0.02464437112212181
-0.015394508838653564
0.0009868275374174118
-0.05631495639681816
0.0044045401737093925
0.020591801032423973
-0.005499918479472399
0.008631451055407524
-0.007684096693992615
-0.012887966819107533
-0.006795952096581459
0.006193987093865871
-0.0034604750107973814
0.03115743398666382
-0.01647344045341015
-0.037788912653923035
-0.017012905329465866
0.0004971143789589405
-0.01647344045341015
0.010151165537536144
-0.01972339302301407
-0.0014440575614571571
0.007328839041292667
0.007973565720021725
-0.014841885305941105
-0.016841856762766838
0.002703907433897257
-0.02522331103682518
-0.012591918930411339
-0.019170768558979034
-0.010736683383584023
0.035367898643016815
-0.0011940612457692623
0.0129011245444417
0.008940656669437885
0.004565721843391657
-0.014736623503267765
-0.02427595667541027
-0.00245062168687582
-0.006578850094228983
0.02736801654100418
0.0037795493844896555
0.019644446671009064
0.002131547313183546
0.010032746009528637
0.02653908170759678
-0.005424262024462223
0.017341848462820053
0.0023322023916989565
-0.017854999750852585
-0.036473143845796585
0.015355035662651062
0.0052367644384503365
-0.013315591961145401
-0.000694891030434519
-0.003825601190328598
-0.011809036135673523
0.0372362919151783
-0.02915746346116066
-0.009736698120832443
-0.0016891197301447392
-0.017894471064209938
-0.0015484967734664679
0.017657633870840073
-0.013697165995836258
0.014381365850567818
-0.003361792303621769
-0.007605150807648897
0.025775933638215065
-0.0067334529012441635
0.0072762081399559975
0.016499755904078484
0.043709877878427505
-0.022368090227246284
-0.0025246336590498686
0.006874898448586464
0.02543383464217186
0.00849987380206585
0.020697062835097313
-0.03342055901885033
0.012493235990405083
0.03560473769903183
0.007151209749281406
-0.0071051581762731075
-0.00855250470340252
0.016644490882754326
0.004539406392723322
0.022841766476631165
0.008184089325368404
-0.01777605339884758
-0.0004284476162865758
0.0014111633645370603
-0.010638000443577766
-0.01609186641871929
-0.0014662612229585648
-0.006144646089524031
0.006424246821552515
0.0020904296543449163
0.0016759620048105717
0.0110393101349473
-0.0162497591227293
-0.020618116483092308
0.009401177056133747
-0.02611803449690342
0.05584127828478813
0.0006969469250179827
0.019631288945674896
0.022223355248570442
-0.004819007590413094
-0.015657663345336914
0.0031019276939332485
0.020802322775125504
-0.024512795731425285
0.013230067677795887
-0.004819007590413094
0.010999836958944798
-0.020118122920393944
0.011341937817633152
0.03734155371785164
-0.030657440423965454
-0.014407681301236153
0.013045859523117542
0.01610502414405346
0.0055558388121426105
-0.017289217561483383
0.011216939426958561
-0.028025900945067406
0.015960289165377617
-0.0058782026171684265
0.017973417416214943
-0.02065758965909481
0.0029127858579158783
0.00973011925816536
0.043183572590351105
0.014460312202572823
0.001382380840368569
-0.0007894620066508651
-0.00308712525293231
-0.013085332699120045
-0.027394331991672516
0.000778771354816854
-0.00781567394733429
-0.0005916852969676256
0.03892047703266144
-0.012177451513707638
0.00043214819743297994
-0.004855191335082054
-0.012203766964375973
0.008670924231410027
-0.007151209749281406
-0.02381543628871441
0.025460150092840195
0.004493354354053736
0.00940775591880083
0.0183549914509058
0.03644682839512825
-0.015249773859977722
0.008611714467406273
-0.0006036094855517149
-0.015039251185953617
0.011387988924980164
0.008190668188035488
-0.028762731701135635
0.01209192629903555
-0.019104979932308197
-0.01205903198570013
-0.005045977886766195
-0.0053354473784565926
0.00354600022546947
-0.01507872436195612
0.020618116483092308
-0.0271574929356575
-0.012841914780437946
0.007059106137603521
-0.0041348072700202465
0.0199339147657156
-0.004730192944407463
-0.00855250470340252
0.014670835807919502
0.023039132356643677
-0.03265741094946861
-0.0035558685194700956
-0.007749885320663452
-0.004493354354053736
0.022170724347233772
0.04178885370492935
0.01577608287334442
-0.029867978766560555
0.03884153068065643
0.0012746521970257163
-0.0028782468289136887
-0.0024177273735404015
0.013960319571197033
-0.003226925851777196
-0.0183549914509058
-0.012335343286395073
0.0076643601059913635
-0.0031348220072686672
0.011651143431663513
0.005078872200101614
-0.014789254404604435
0.007828831672668457
-0.0001607706508366391
-0.021933885291218758
-0.0007080487557686865
-0.018315518274903297
0.030973225831985474
-0.010506423190236092
0.017762895673513412
-0.02155231311917305
-0.024499638006091118
-0.0035361319314688444
0.011447198688983917
0.03313108906149864
-0.01053931750357151
0.003110151272267103
-0.011473514139652252
-0.008868290111422539
-0.024868052452802658
0.0075722564943134785
-0.0234338641166687
-0.005443998146802187
-0.003789417678490281
-0.006065699737519026
0.004174280446022749
0.01614449732005596
-0.03392054885625839
-0.00016755508841015399
-0.0022795714903622866
-0.0073156813159585
-0.027815377339720726
0.009105128236114979
-0.041025709360837936
0.04684141278266907
-0.011723510921001434
-0.03199952468276024
-0.018947087228298187
0.004628221038728952
-0.043551985174417496
0.0013297500554472208
0.016802383586764336
0.03389423340559006
0.016486598178744316
-0.0020575353410094976
0.006378195248544216
0.03218373283743858
-0.019078664481639862
0.00382889062166214
-0.018078679218888283
-0.006404510233551264
-0.04189411550760269
0.006848582997918129
-0.01402610819786787
-0.014341892674565315
-0.017644476145505905
0.0008338692132383585
0.04663088917732239
-0.005565707106143236
0.00267430255189538
0.020118122920393944
-0.008809080347418785
-0.009920905344188213
0.016078708693385124
0.013565588742494583
0.0036973136011511087
-0.00431243609637022
0.0009054142283275723
0.0017351716523990035
0.015855029225349426
0.018631303682923317
-0.01513135526329279
-0.03339424356818199
-0.01088141743093729
0.02574961818754673
-0.00365784065797925
0.01672343723475933
-0.00781567394733429
-0.009006445296108723
0.003549289656803012
-0.019289188086986542
0.005710441619157791
-0.0022812162060290575
-0.024447007104754448
-0.001825630897656083
0.009506437927484512
-0.01986812613904476
-0.018170783296227455
0.011072204448282719
-0.033578451722860336
0.008059090934693813
0.015236616134643555
-0.027762746438384056
0.01363137736916542
-0.009269599802792072
-0.00860513560473919
-0.004384803585708141
-0.030973225831985474
-0.015447139739990234
0.005397946573793888
-0.01856551505625248
0.00938801933079958
0.03507842868566513
-0.01342085376381874
0.013881373219192028
-0.01497346255928278
-0.0048222970217466354
-0.012256397865712643
-0.022262828424572945
-0.008999866433441639
-0.016341863200068474
0.0006373260985128582
0.0014284327626228333
0.007401206064969301
0.016697121784090996
-0.00458874786272645
0.02065758965909481
-0.05176239088177681
0.018854983150959015
0.1979970633983612
-0.03171005845069885
0.0035295530688017607
0.012184030376374722
-0.014052423648536205
0.0023864777758717537
0.043183572590351105
0.004269673489034176
-0.018078679218888283
0.0005020484677515924
0.010493265464901924
-0.030025871470570564
-0.021210212260484695
0.00546702416613698
0.0318942628800869
-0.0021068768110126257
-0.0473940335214138
-0.015065566636621952
0.005256501026451588
-0.012105084024369717
0.03239425644278526
0.019789181649684906
-0.012815599329769611
-0.013565588742494583
0.014105054549872875
0.004315725527703762
-0.0055821542628109455
0.0020427329000085592
0.023736489936709404
0.0035558685194700956
-0.010460371151566505
0.012887966819107533
-0.001202284824103117
-0.009736698120832443
-0.0102498484775424
0.0044736177660524845
0.008322245441377163
-6.0134800150990486e-05
0.01735500618815422
0.01180245727300644
0.021644417196512222
-0.021328631788492203
-0.00046668716822750866
-0.04165727645158768
-0.015447139739990234
0.04931505769491196
-7.910039130365476e-05
-0.012690601870417595
0.0006122442428022623
-0.0045229592360556126
0.009348546154797077
0.04636773467063904
0.03328898176550865
0.017026063054800034
0.002569040982052684
0.016736594960093498
-0.02134178951382637
-0.013657692819833755
-0.005006504710763693
0.0031216642819344997
-0.011499829590320587
0.015749767422676086
0.0069275288842618465
0.011473514139652252
-0.004295988939702511
0.005233475007116795
-0.027131177484989166
-0.014539258554577827
-0.016328705474734306
-0.025618040934205055
0.008611714467406273
-0.006378195248544216
-0.03152585029602051
0.009236705489456654
-0.01935497671365738
-0.018854983150959015
0.014157685451209545
0.00805251207202673
0.012335343286395073
0.02381543628871441
-0.022315459325909615
0.011572197079658508
-0.00667424313724041
-0.0162102859467268
0.027552222833037376
-0.02778906188905239
0.02134178951382637
-0.013618219643831253
-0.0019424054771661758
-0.03434159606695175
-0.016486598178744316
-0.001860169810242951
0.002434174530208111
-0.0013067240361124277
0.018223414197564125
0.0065887183882296085
-0.005003215279430151
0.014394523575901985
-0.013230067677795887
-0.024289114400744438
-0.017420794814825058
0.04665720462799072
0.02086811140179634
0.0204996969550848
-0.01949971169233322
0.029762716963887215
-0.0030739677604287863
-0.01782868430018425
-0.013605061918497086
-0.015118197537958622
-0.0028881151229143143
-0.01605239324271679
0.008644608780741692
-5.684537609340623e-05
-0.028289055451750755
0.016341863200068474
0.013565588742494583
-0.0147629389539361
0.025025945156812668
0.012381395325064659
-0.015052408911287785
-0.0018881299765780568
-0.0016093511367216706
0.012841914780437946
-0.013697165995836258
-0.01672343723475933
-0.0505518838763237
0.02453911118209362
-0.029289040714502335
-0.0034835010301321745
0.0081051429733634
-0.03186795115470886
0.04013098403811455
0.015144512988626957
0.004937427118420601
-0.0009210389689542353
-0.0075459410436451435
-0.0029127858579158783
0.007644623517990112
0.017486583441495895
0.020644431933760643
-0.01893392950296402
-0.010670894756913185
-0.007197261787950993
0.008006460033357143
-0.022433878853917122
-0.00043009233195334673
0.012131399475038052
-0.014289261773228645
-0.01373663917183876
0.0015707004349678755
-0.03949941694736481
-0.003190742339938879
-0.005861755460500717
0.012822178192436695
0.015276089310646057
-0.04010466858744621
-0.004496643785387278
-0.0033716605976223946
0.002269703196361661
-0.02265756018459797
-0.003141400869935751
0.03186795115470886
-0.020420750603079796
-0.0018486568005755544
0.0015040895668789744
-0.16578702628612518
3.6389265005709603e-05
-0.005914386361837387
-0.01452610082924366
0.008427507244050503
0.003680866677314043
0.03305214270949364
0.01300638634711504
-0.01041431911289692
-4.4407235691323876e-05
-0.023460179567337036
-0.004940716549754143
-0.03421001881361008
-0.026736445724964142
-0.011782720685005188
3.088975790888071e-05
-0.03010481782257557
-0.0008996577234938741
0.030446916818618774
0.011335358954966068
0.013828742317855358
-0.0018864852609112859
-0.020618116483092308
-0.0037269184831529856
0.008927499875426292
0.008473558351397514
-0.0169997476041317
0.014802412129938602
-0.01615765504539013
-0.012322185561060905
-0.0012327120639383793
0.025710145011544228
0.0017664212500676513
-0.008703818544745445
-0.004371645860373974
-0.0035657365806400776
-0.014433996751904488
-0.0032861356157809496
-0.02077600732445717
0.013934004120528698
0.0037598127964884043
0.012447183951735497
0.00738146947696805
-0.02313123643398285
0.001284520491026342
0.0025312125217169523
0.03455211967229843
-0.00799988117069006
0.018710250034928322
-0.01486820075660944
0.010651158168911934
0.0002894694043789059
0.004911111667752266
-0.004697299096733332
0.003578894305974245
0.011723510921001434
0.022999659180641174
-0.014841885305941105
0.010730104520916939
0.005138081964105368
0.002003259724006057
-0.01930234581232071
0.005871623754501343
0.019907599315047264
0.02826274000108242
-0.013881373219192028
-0.018183941021561623
0.008927499875426292
-0.021157581359148026
0.006440693978220224
-0.014894516207277775
-0.010374846868216991
0.010506423190236092
-0.006907792296260595
-0.002289439784362912
0.0034835010301321745
-0.01164456456899643
0.04068360850214958
0.0011373186716809869
-0.012026137672364712
-0.012723496183753014
0.04084150120615959
0.006822267547249794
-0.010276163928210735
0.004233489744365215
-0.003450606716796756
0.002095363801345229
0.012710338458418846
0.01053931750357151
0.020420750603079796
0.02611803449690342
-0.029078517109155655
-0.012447183951735497
0.0012499814620241523
0.00873013399541378
0.021749677136540413
-0.007045948412269354
-0.003516395343467593
0.00045024004066362977
-0.008138037286698818
0.02511804923415184
4.1272003727499396e-05
-0.013499800115823746
-0.003766391659155488
0.02228914387524128
-0.006993317510932684
0.0059472802095115185
0.017973417416214943
0.03318371996283531
0.02014443837106228
-0.03692050650715828
-0.011631406843662262
0.01098667923361063
-0.0018453673692420125
0.023302286863327026
0.0026315399445593357
0.0015246485127136111
-0.0199733879417181
-0.0031512691639363766
-0.011216939426958561
0.06599902361631393
-0.014381365850567818
-0.007460415828973055
-0.0002976929536089301
-0.013697165995836258
-0.03931520879268646
-0.09999851882457733
-0.03397317975759506
0.026302242651581764
0.021789150312542915
0.0001462766231270507
0.01567082107067108
-0.0038124434649944305
-0.0023963460698723793
-0.019131295382976532
0.017552372068166733
-0.026565397158265114
-0.014460312202572823
-0.003407844342291355
0.002705552149564028
-0.008223562501370907
0.043394096195697784
0.001171035342849791
-0.018433937802910805
-0.005930833052843809
0.02281545102596283
0.0015090237138792872
0.0236970167607069
-0.03223636373877525
-0.0036973136011511087
-0.004075597506016493
0.014065581373870373
-0.03057849407196045
0.01266428641974926
0.018789196386933327
-0.00019736550166271627
-0.010368268005549908
-0.005440708715468645
0.00453611696138978
-0.01647344045341015
0.020433908328413963
-0.01898656040430069
-0.014223474077880383
-0.018052363768219948
0.016447125002741814
-0.007782779633998871
-0.0002978985430672765
0.014052423648536205
0.004266384057700634
-0.014999778009951115
0.009532753378152847
-0.02081548050045967
0.0048453230410814285
0.016605017706751823
0.00867750309407711
-0.030867964029312134
-0.028131162747740746
-0.03139427304267883
-0.052262384444475174
-0.011795878410339355
0.014894516207277775
0.030710071325302124
-0.004565721843391657
0.006618323270231485
-0.01719711348414421
-0.017473425716161728
-0.005009794142097235
-0.010874838568270206
-0.018341833725571632
0.021144423633813858
0.020539170131087303
-0.008013038896024227
-0.012578761205077171
-0.02271018922328949
0.004049282055348158
0.004907822236418724
0.002758182818070054
0.001226955559104681
-0.00033983870525844395
0.0017861577216535807
-0.004509801510721445
0.010269585065543652
-0.02102600410580635
-0.0033667264506220818
-0.006042673718184233
-0.012980070896446705
-0.014118212275207043
-0.01188140269368887
-0.014697151258587837
-0.013605061918497086
-0.00857224129140377
0.013512957841157913
0.01316427905112505
-0.004167701583355665
0.005855176597833633
-0.010552475228905678
0.003990072291344404
0.03426264971494675
-0.00562491687014699
0.01305901724845171
0.011394567787647247
-0.0010320571018382907
0.005470313597470522
-0.02334176003932953
-0.013499800115823746
0.018907614052295685
-0.037262607365846634
-0.012085347436368465
-0.05936754122376442
0.005805835127830505
0.002342070685699582
-0.013335328549146652
-0.006568981800228357
-0.005003215279430151
0.012855072505772114
-0.00017783453222364187
0.0031841634772717953
0.0008083761786110699
-0.024683844298124313
-0.004187438171356916
-0.019052349030971527
-0.0034012654796242714
-0.016552386805415154
-0.03247320279479027
0.013644535094499588
-0.005769651383161545
0.004766376689076424
0.012256397865712643
0.00484861247241497
0.0021924017928540707
0.0113222012296319
0.02836800180375576
0.0038420483469963074
-0.005565707106143236
-0.019789181649684906
-0.01373663917183876
0.0034835010301321745
0.01698658987879753
0.0036841558758169413
-0.01642080955207348
-0.012552445754408836
0.007499889004975557
-0.008532768115401268
0.003171005751937628
0.022275986149907112
0.018131310120224953
0.02889430895447731
0.07747253775596619
-0.0191444531083107
-0.0029588378965854645
0.03586788848042488
-0.004940716549754143
-0.0175655297935009
-0.019052349030971527
-0.006848582997918129
0.0023124658036977053
0.01955234259366989
-0.01164456456899643
0.045762479305267334
0.009434070438146591
-0.00579596683382988
-0.027920639142394066
-0.004654536489397287
0.01423663180321455
0.007230156101286411
0.020210226997733116
-0.008131458424031734
-0.003519684774801135
0.04734140634536743
-0.009065655060112476
0.0043551987037062645
0.005197291262447834
0.00743410037830472
-0.005664390046149492
0.003680866677314043
-0.008894605562090874
-0.02831537090241909
-0.01347348466515541
-0.006249907426536083
0.010170902125537395
0.022670717909932137
0.0226049292832613
0.035104744136333466
0.0027762746904045343
0.007269629277288914
-0.002046022331342101
0.00063609256176278
0.010894575156271458
-0.0011118256952613592
0.012282713316380978
-0.00923012662678957
0.02638118900358677
0.035104744136333466
-0.0032137681264430285
0.0006138889584690332
0.0023716753348708153
-0.03807838261127472
0.012322185561060905
0.0031479797326028347
0.01777605339884758
-6.815277447458357e-05
0.0040525714866817
-0.00044448356493376195
-0.0027203543577343225
0.0154208242893219
-0.01126957032829523
0.017907628789544106
0.015091882087290287
0.042236216366291046
-0.009243284352123737
0.009295915253460407
-0.03160479664802551
-0.018683934584259987
0.008341982029378414
-0.03655209019780159
-0.0479203425347805
0.004690720234066248
0.014855043031275272
-0.018999718129634857
-0.009703803807497025
0.03255214914679527
0.010638000443577766
-0.021223369985818863
0.007388048339635134
0.009940641932189465
-0.015328720211982727
-0.027131177484989166
0.011295885778963566
-0.0113222012296319
0.024552268907427788
0.044394079595804214
-0.011762984097003937
-0.00627951230853796
-0.0129011245444417
0.03534158319234848
-0.015144512988626957
0.013394538313150406
0.0005731823039241135
-0.01651291362941265
0.004440723918378353
-0.012927439995110035
-0.01323664654046297
-0.012045874260365963
0.007341996766626835
0.03342055901885033
0.021104950457811356
-0.02040759287774563
0.08736712485551834
0.016486598178744316
-0.01114457193762064
0.013552431017160416
-0.004832165315747261
0.004470328334718943
-0.018078679218888283
0.009973536245524883
-0.025039102882146835
0.003743365639820695
0.024578584358096123
-0.01481556985527277
0.0013618218945339322
-0.022302301600575447
-0.001935826614499092
-0.0022614796180278063
-0.01939444988965988
0.0505518838763237
-0.030710071325302124
0.01536819338798523
0.05436761677265167
-0.004322304390370846
-0.0007133940234780312
-0.00781567394733429
-0.01631554774940014
0.01250639371573925
0.03063112497329712
-0.007453836966305971
-0.010782735422253609
-0.021433893591165543
-0.004647957626730204
-0.01593397557735443
-0.045815110206604004
-0.019802339375019073
-0.008861711248755455
-0.02411806397140026
0.0003603976219892502
-0.03660472109913826
0.009927484206855297
0.0030706783290952444
0.015552401542663574
0.02947324700653553
-0.022512825205922127
-0.04073623940348625
-0.014105054549872875
-0.004447302781045437
-0.02371017448604107
0.0023075316566973925
-0.03360476717352867
