-0.005810228176414967
-0.011206350289285183
0.009874839335680008
-0.02833760343492031
-0.037409715354442596
0.016131028532981873
-0.044621530920267105
-0.02081998437643051
0.0006331046461127698
-0.02252737618982792
-0.005032982677221298
0.019087109714746475
-0.01184980757534504
0.01749439351260662
-0.0019988585263490677
-0.0028270708862692118
0.022196089848876
-0.006708519998937845
-0.00015678298950660974
0.0028923721984028816
-0.018233412876725197
0.0210111103951931
0.008874613791704178
-0.007893500849604607
-0.03730778023600578
0.0044946447014808655
0.01508620660752058
-0.029127590358257294
-0.020131930708885193
-0.003462564665824175
-0.0010981777450069785
3.884733814629726e-05
-0.011448442935943604
-0.009326945059001446
-0.010562893003225327
0.01920178532600403
0.006377235054969788
0.02468072809278965
0.03086046501994133
0.02434944361448288
0.022463666275143623
-0.0015521018067374825
0.006810453720390797
-0.009976773522794247
-0.019405651837587357
0.023266395553946495
-0.022221574559807777
0.0014668914955109358
-0.009709197096526623
0.01685730740427971
0.003997717052698135
0.004070982336997986
-0.0010687124449759722
-0.014194285497069359
-0.021622713655233383
-0.0009508514776825905
-0.007313752081245184
0.0122511712834239
0.0061032879166305065
-0.0008704193169251084
0.013238655403256416
-0.008823647163808346
-0.03218560665845871
0.012142866849899292
0.007313752081245184
0.0122511712834239
-0.01599086821079254
0.021113043650984764
-0.0058771222829818726
0.018399056047201157
0.03804679960012436
0.015493941493332386
0.004991571884602308
0.003167912131175399
0.034275248646736145
0.016895530745387077
-5.922912896494381e-05
-0.05168044939637184
-0.0018523287726566195
0.017812935635447502
0.013837517239153385
-0.003883041674271226
-0.013015675358474255
0.014780404977500439
-0.004975644871592522
-0.0018093254184350371
0.00792535487562418
0.007581328507512808
0.006593844387680292
-0.005730592180043459
-0.024718953296542168
0.0155066829174757
0.0046793995425105095
0.014283477328717709
-0.03254237398505211
0.019469359889626503
-0.004106021951884031
0.01458927895873785
-0.030733048915863037
-0.03949935734272003
-0.006386791355907917
-0.006937871221452951
-0.017596326768398285
-0.004851412959396839
-0.037919383496046066
0.017226817086338997
-0.020807242020964622
0.000306796922814101
0.019138075411319733
-0.027649549767374992
-0.008103739470243454
0.05183335021138191
-0.014576537534594536
-0.023954449221491814
0.012340364046394825
-0.018717598170042038
0.008868242613971233
-0.012646165676414967
-0.013697357848286629
-0.01699746586382389
0.036441341042518616
-0.011575859971344471
0.008224785327911377
-0.004373598378151655
0.015493941493332386
0.034122347831726074
-0.03070756420493126
-0.00638042064383626
-0.0210111103951931
-0.013429781422019005
-0.0138502586632967
-0.013990418054163456
0.0024511900264769793
0.0033255910966545343
-0.006536506582051516
-0.005322856828570366
-0.013799292035400867
0.017812935635447502
-0.019087109714746475
-0.024617018178105354
0.02169916406273842
0.018105996772646904
-0.0015441381838172674
-0.03435169905424118
-6.141910853330046e-05
0.010441846214234829
0.02866888791322708
0.023814290761947632
0.018768565729260445
0.011843436397612095
0.016271186992526054
-0.031777869910001755
-0.0008624557522125542
-0.004141061566770077
0.0193546861410141
-0.0010448216926306486
0.016207478940486908
0.024973787367343903
0.008931951597332954
0.0011706462828442454
-0.021979480981826782
-0.002729915315285325
0.0075558447279036045
0.010085077956318855
0.025266846641898155
0.006268930155783892
0.01684456504881382
0.004982015583664179
0.026757629588246346
0.013098496943712234
0.018794048577547073
0.016640696674585342
-0.0277005173265934
0.014066867530345917
-0.004908750765025616
0.012486893683671951
0.0052464064210653305
0.005345155019313097
0.0033988559152930975
-0.028643405064940453
-0.015455716289579868
0.01200270839035511
-0.001868255902081728
0.011053449474275112
-0.020934659987688065
0.017978578805923462
0.007205447182059288
0.0047462936490774155
0.00629759905859828
-0.00168031535577029
0.042735755443573
0.011359251104295254
-0.009715567342936993
-0.013812033459544182
-0.6344361305236816
0.0019717824179679155
0.008288494311273098
-0.0014660950982943177
0.014117835089564323
-0.01076676044613123
0.019571295008063316
0.012544231489300728
0.007918983697891235
-0.020093705505132675
0.026604728773236275
0.0009030699729919434
-0.008772679604589939
-0.010327170602977276
-0.014219768345355988
-0.02251463383436203
0.009556296281516552
-0.034122347831726074
0.02282043546438217
-0.021151268854737282
-0.029739193618297577
0.023113494738936424
-0.0006171774584800005
0.011072562076151371
-0.023088011890649796
-0.03751164674758911
0.00842228252440691
0.011582231149077415
0.011983595788478851
0.011282800696790218
-0.015965385362505913
0.028388570994138718
0.0236741304397583
0.012843661941587925
0.0506611131131649
0.02000451274216175
-0.028719855472445488
0.023253653198480606
0.009084852412343025
0.016258444637060165
-0.014487344771623611
-0.008473249152302742
0.01443637814372778
0.008371315896511078
0.014156060293316841
0.002436855575069785
0.012359476648271084
-0.02821018546819687
-0.0064473142847418785
0.009639117866754532
-0.01753261871635914
-0.002594534307718277
-0.010492812842130661
-0.004924677778035402
-0.005138101987540722
-0.004625247325748205
0.0030612002592533827
0.009760163724422455
-0.013926709070801735
0.017277782782912254
0.008148334920406342
0.004204770550131798
-0.02002999745309353
-0.019966287538409233
-0.02102385088801384
0.007128996774554253
-0.008804534561932087
-0.03070756420493126
0.01701020635664463
-0.03368913009762764
0.007893500849604607
0.029943061992526054
-0.0024257064796984196
0.003102610819041729
-0.005265519022941589
0.000967575004324317
0.0216609388589859
-0.0203612819314003
-0.007517619524151087
0.007377460598945618
-0.01683182269334793
-0.028821788728237152
-0.02352122962474823
0.010900548659265041
0.031115300953388214
-0.02915307506918907
0.0005303744110278785
-0.020947400480508804
0.017787452787160873
0.013531715609133244
-0.002140610245987773
0.00892558041960001
0.0014095536898821592
-0.030452730134129524
0.004351300187408924
0.033791061490774155
-0.005278260912746191
0.0009301461395807564
0.009473474696278572
-0.019749678671360016
0.0017026134300976992
-0.022068673744797707
0.006116029340773821
-0.02566184103488922
0.01600361056625843
0.01931646093726158
0.004787704441696405
0.01274809893220663
0.033281393349170685
-0.01735423319041729
-0.007702374830842018
-0.01185617782175541
-0.004373598378151655
-0.0066702947951853275
-0.004026385955512524
-0.03473395109176636
0.0145000871270895
0.011403846554458141
0.019112592563033104
-0.0216609388589859
0.014576537534594536
-0.007874388247728348
0.007581328507512808
-0.0005785541143268347
-0.030554665252566338
0.028414053842425346
-0.017392458394169807
0.006119214929640293
-0.0028143292292952538
-0.016398604959249496
-0.008282123133540154
-0.022285282611846924
0.008543328382074833
-0.00825026910752058
0.029637260362505913
0.022476408630609512
0.044443149119615555
-0.006466426886618137
-0.007154480554163456
-0.01616925373673439
-0.013149463571608067
-0.034632015973329544
0.01769826002418995
-0.02066708356142044
-0.03315397724509239
-0.048138249665498734
-0.00300226965919137
-0.0076641496270895
-0.0211894940584898
0.010926032438874245
0.003972233738750219
0.0025101203937083483
-0.04056966304779053
-0.012525118887424469
0.009741051122546196
-0.013518973253667355
-0.011123528704047203
0.015328299254179
-0.031446583569049835
-0.0007159258821047843
0.009893951937556267
-0.010301687754690647
-0.01344252284616232
0.013315105810761452
-0.025407006964087486
0.025139430537819862
0.010722164064645767
0.01732875034213066
-0.007708745542913675
-0.04599763825535774
0.009084852412343025
0.023253653198480606
-0.001822067191824317
0.018309863284230232
0.026783112436532974
0.0033383327536284924
-0.017124881967902184
0.009454362094402313
-0.019889837130904198
-0.011907145380973816
-0.009976773522794247
0.01785116083920002
-0.019456619396805763
-0.023776065558195114
-0.00746028171852231
0.015047981403768063
0.007027063053101301
0.02568732388317585
-0.006906016729772091
-0.0008600666769780219
0.01648779585957527
0.005233664996922016
-0.02181383967399597
0.01226391363888979
-0.006657552905380726
0.01051192544400692
0.005736963357776403
-0.013073013164103031
0.012365846894681454
0.008677116595208645
0.029127590358257294
0.0005335598834790289
0.03949935734272003
0.00033048857585527003
0.0014780404744669795
0.0014780404744669795
-0.0007322512101382017
-0.01599086821079254
0.06279123574495316
0.011467555537819862
0.008460507728159428
-0.0048354859463870525
-0.0211894940584898
-0.005367453210055828
-0.004204770550131798
0.01600361056625843
-0.011639568954706192
-0.00875356700271368
-0.017914870753884315
0.010652084834873676
-0.012799066491425037
-0.013569940812885761
0.022769467905163765
0.0008935136720538139
-0.007982692681252956
0.02566184103488922
-0.0038002205546945333
-0.008728084154427052
0.0117478733882308
-0.021074818447232246
0.004567909520119429
0.00028191073215566576
0.006937871221452951
0.027420198544859886
0.014156060293316841
0.010142415761947632
0.02250189147889614
-0.004637989215552807
0.0293569415807724
-0.0005885085556656122
0.009390654042363167
0.033103011548519135
0.012155609205365181
-0.007039804942905903
0.026044093072414398
0.013289622962474823
0.02199222333729267
-0.01582522690296173
-0.01999177224934101
0.009823872707784176
0.003102610819041729
0.0030261604115366936
-0.018972434103488922
-0.02818470261991024
0.0025117131881415844
-0.03605909273028374
0.0057879299856722355
0.01374832447618246
0.006313526537269354
0.01783842034637928
0.006179738324135542
0.02333010360598564
-0.003280994947999716
0.018131479620933533
-0.0054948702454566956
0.0064473142847418785
-0.0008951064082793891
-0.011588601395487785
-0.02767503447830677
-0.019431134685873985
-0.012314880266785622
-0.022055931389331818
0.008549699559807777
0.021979480981826782
0.0006581898778676987
0.019902579486370087
0.004857783671468496
-0.005775188561528921
0.007186334580183029
0.0211894940584898
-0.01665343903005123
-0.03983064368367195
0.01999177224934101
0.005644585471600294
-0.0012447076151147485
-0.021074818447232246
-0.013722841627895832
-0.01915081776678562
-0.019112592563033104
0.01717584952712059
0.0012932854006066918
0.008651633746922016
0.0052878172136843204
0.010409992188215256
-0.00608736090362072
-0.030121445655822754
0.020284831523895264
-0.00851147435605526
6.330424184852745e-06
-0.005434347316622734
0.013123979791998863
-0.018118737265467644
-0.032109156250953674
-0.012060046195983887
0.03269527480006218
0.018220670521259308
-0.025954900309443474
0.0012295767664909363
0.009830242954194546
-0.016283929347991943
-0.004564723931252956
-0.007001579739153385
0.0013028417015448213
0.02520313858985901
-0.0012797473464161158
0.01483137160539627
0.022642051801085472
-0.011722389608621597
0.009645488113164902
0.003940379247069359
-0.0008951064082793891
-0.0037396971601992846
-0.020960142835974693
0.01009781938046217
0.048596952110528946
-0.016207478940486908
-0.008282123133540154
0.01954581029713154
-0.018424538895487785
-0.007485765498131514
-0.024642502889037132
-0.035753291100263596
0.0023715542629361153
-0.0077788252383470535
0.008951064199209213
0.013366073369979858
0.013786549679934978
-0.015608617104589939
0.0022457295563071966
0.022055931389331818
-0.003344703698530793
0.0033192201517522335
-0.004281220491975546
-0.004131505265831947
0.027445683255791664
-0.026757629588246346
0.013671874068677425
-0.007409315090626478
0.030248863622546196
-0.0072118183597922325
0.042277052998542786
0.017978578805923462
-0.013041159138083458
-0.010021368972957134
0.0011029558954760432
0.014308961108326912
0.031624969094991684
-0.010531038045883179
-0.026247959583997726
0.004959717858582735
-0.001060748822055757
0.049769189208745956
-0.004348114598542452
0.009868468157947063
0.03149755299091339
0.014997013844549656
0.00721818907186389
-0.02386525645852089
0.013620907440781593
-0.01685730740427971
0.013544457033276558
0.026757629588246346
-0.009951289743185043
-0.023088011890649796
0.021469812840223312
0.03932097181677818
-0.009244123473763466
0.024234768003225327
0.0021915773395448923
0.010301687754690647
0.0011706462828442454
0.016882790252566338
-0.02501201257109642
-0.04199673607945442
-0.008033659309148788
-0.02434944361448288
0.00617655273526907
-0.006848678924143314
-0.020310314372181892
-0.01226391363888979
0.00048418567166663706
-0.005504426546394825
-0.022935111075639725
0.00916767306625843
0.0078425332903862
-0.05152754858136177
-0.02698698081076145
-0.011461184360086918
0.001981338718906045
0.03269527480006218
0.013608166016638279
-0.004306704271584749
-0.0001407562813255936
0.032440438866615295
-0.005807042587548494
0.0008313977741636336
0.0066957781091332436
-0.0201828982681036
-0.016118286177515984
0.01768551953136921
-0.02698698081076145
0.000993854831904173
0.024311218410730362
0.018985174596309662
-0.028745338320732117
-0.003768366063013673
-0.002842998132109642
0.004593392834067345
-0.014054126106202602
0.020960142835974693
0.009989514946937561
0.006198850926011801
0.003123316215351224
-0.014614762738347054
0.0033542599994689226
-0.0233173631131649
-0.012518747709691525
-0.014895080588757992
0.01684456504881382
0.016946498304605484
0.0019112592563033104
0.01616925373673439
-0.015914417803287506
-0.015723291784524918
0.004886452574282885
0.0008767902036197484
-0.0004459604970179498
-0.006052320823073387
0.007868017069995403
-0.002713988069444895
-0.010110561735928059
0.02484636940062046
0.005074393469840288
-0.0025403820909559727
0.0007437983877025545
-0.05224108695983887
-0.010193382389843464
0.0007899871561676264
-0.007453911006450653
0.017723744735121727
0.01950758509337902
-0.021469812840223312
0.009225010871887207
-0.003491233568638563
0.012754470109939575
0.011741502210497856
-0.019979029893875122
-0.013136722147464752
-0.008288494311273098
-0.013340589590370655
-0.010556521825492382
0.023088011890649796
0.016054578125476837
-0.010314429178833961
-0.001914444612339139
0.001274172798730433
0.003934008534997702
-0.029713710770010948
0.027267297729849815
-0.028592437505722046
-0.020374024286866188
-0.019061625003814697
-0.0033861142583191395
0.02688504569232464
-0.017061173915863037
0.024655243381857872
-0.005300559103488922
-0.0023046601563692093
-0.007772454060614109
-0.027241814881563187
-0.017112141475081444
-0.009792017750442028
0.004771777428686619
0.008632521145045757
0.01833534613251686
-0.009498958475887775
0.013251397758722305
0.0009635931928642094
0.0039786044508218765
-0.020119188353419304
-0.011098044924438
-0.019635003060102463
-0.03636489063501358
0.013799292035400867
0.011047078296542168
-0.005959943402558565
0.011563118547201157
-0.013187688775360584
-0.01493330579251051
0.03582974150776863
-0.02233625017106533
-0.009900323115289211
-0.01785116083920002
0.009486217051744461
-0.007179963868111372
-0.005300559103488922
-0.014066867530345917
0.014665729366242886
-0.01903614215552807
-0.010110561735928059
0.01687004789710045
0.006638440303504467
0.007587699219584465
0.012563344091176987
0.03988160938024521
-0.010881436057388783
0.0005976667162030935
0.010002256371080875
0.023546714335680008
0.004309889394789934
0.0037651807069778442
-0.034912336617708206
0.013722841627895832
0.04306704178452492
0.002390666864812374
-0.0022584714461117983
-0.027114396914839745
0.01802954636514187
-0.0117478733882308
0.025317814201116562
-0.01250600628554821
-0.017609069123864174
0.005549022462219
-0.024222025647759438
-0.0014318517642095685
-0.016118286177515984
-0.00933968648314476
0.0054439036175608635
-0.001834808848798275
-0.0026247960049659014
0.008473249152302742
0.015162657015025616
-0.009830242954194546
0.0070780301466584206
0.007485765498131514
-0.016806339845061302
0.040289346128702164
-0.00916767306625843
0.0493614561855793
0.03254237398505211
0.001194537035189569
-0.03182883560657501
-0.00022337841801345348
0.01884501613676548
-0.01458927895873785
0.021393362432718277
0.003169504925608635
0.0056541417725384235
0.0005315689486451447
0.01300930418074131
0.030401764437556267
-0.008129222318530083
0.005437532439827919
-0.00638042064383626
0.01259519811719656
0.009524442255496979
-0.03470846638083458
-0.0018571069231256843
-0.021074818447232246
0.03368913009762764
0.007358347997069359
0.007950838655233383
-0.019456619396805763
0.0020243420731276274
-0.010792244225740433
0.05657327175140381
-0.005838897079229355
-0.0008043216075748205
0.003163133980706334
0.011709648184478283
-0.011626826599240303
-0.016398604959249496
-0.004392710980027914
-0.0117478733882308
-0.002261656802147627
0.00800817646086216
-0.01400315947830677
0.004602949135005474
-0.006778599228709936
-0.01684456504881382
0.020259348675608635
-0.0008321941131725907
0.00027215536101721227
0.022794952616095543
-0.004163359757512808
0.015226365067064762
0.02800631895661354
-0.000457109505077824
-0.015098948031663895
0.011384733952581882
-0.0036919156555086374
-0.02599312551319599
0.002035491168498993
0.010486442595720291
-0.028439536690711975
0.013022046536207199
-0.005211366806179285
-0.014270735904574394
0.0004109207366127521
-0.012238429859280586
-0.017137624323368073
-0.008409541100263596
0.03486136719584465
-0.01804228685796261
-0.008556070737540722
-0.005431161727756262
-0.012818178161978722
0.02135513722896576
0.012187463231384754
0.015073464252054691
0.006504652090370655
0.029892094433307648
-0.03605909273028374
-0.01783842034637928
0.006345380563288927
9.60606848821044e-05
-0.0033670016564428806
0.0400090254843235
-0.000674515264108777
-0.02652827836573124
0.027751484885811806
-0.0077788252383470535
-0.026095058768987656
-0.015532166697084904
0.00529737351462245
0.00020257357391528785
0.0004722402954939753
0.003163133980706334
0.021597228944301605
0.0097665349021554
-0.004456419497728348
0.005023426376283169
-0.010288945399224758
-0.0007836162694729865
-0.0022473223507404327
-0.022718502208590508
0.005217737518250942
-0.009651859290897846
0.027904385700821877
-0.0036791739985346794
0.02204318903386593
-0.010034111328423023
-0.02033579908311367
-0.014729437418282032
-0.0019064811058342457
0.022272540256381035
-0.005122174974530935
0.007638666313141584
-0.009995886124670506
-0.019915321841835976
-0.032924626022577286
0.0018650704296305776
-0.02665569633245468
-0.006323082838207483
-0.0008106924360617995
-0.012455039657652378
0.015047981403768063
0.024935562163591385
-0.015621358528733253
-0.005370638333261013
-0.02821018546819687
-0.01634763740003109
-0.026222476735711098
0.014487344771623611
-0.013901225291192532
0.04355122894048691
0.010110561735928059
-0.016080060973763466
-0.027802450582385063
-0.01250600628554821
-0.052801720798015594
-0.007224559783935547
0.0112445754930377
0.038429051637649536
0.005259148310869932
-0.0069633545354008675
0.035090718418359756
0.026783112436532974
-0.02803180180490017
0.012346734292805195
-0.025903932750225067
-0.013659132644534111
-0.028133735060691833
0.0018204743973910809
-0.009301461279392242
-0.009154931642115116
-0.031624969094991684
0.0047685918398201466
0.03636489063501358
-0.009613634087145329
0.010734906420111656
0.02033579908311367
-0.004450048785656691
-0.028133735060691833
0.019571295008063316
0.009632746689021587
0.01502249762415886
0.005950387101620436
0.004825929645448923
-0.015124431811273098
0.012773582711815834
0.015239107422530651
-0.008447765372693539
-0.0326697900891304
-0.002629574155434966
0.035957157611846924
-0.016462313011288643
0.015888934955000877
-0.008632521145045757
-0.0036282071378082037
0.008868242613971233
-0.0047462936490774155
-0.0009261643863283098
-0.029433391988277435
-0.012525118887424469
0.0010663233697414398
0.004491459112614393
-0.024617018178105354
-0.00868348777294159
0.005316486116498709
-0.03465750068426132
0.010460958816111088
0.015188139863312244
-0.026222476735711098
0.01816970482468605
-0.005596803966909647
-0.010123303160071373
-0.03052918054163456
-0.05053369328379631
-0.016755372285842896
0.01508620660752058
-0.020233863964676857
-0.013710099272429943
0.03458105027675629
-0.013289622962474823
0.0030341241508722305
0.001534581882879138
-0.0015313964104279876
-0.020947400480508804
-0.018399056047201157
0.0015377673553302884
-0.03335784375667572
-0.018450021743774414
-0.004408637993037701
-0.005794300697743893
3.825006933766417e-05
-0.0008656411664560437
0.024757178500294685
-0.043449293822050095
-0.0031599486246705055
0.20937207341194153
-0.018475506454706192
0.0029863426461815834
0.012697132304310799
-0.0011865734122693539
0.011480296961963177
0.03404589742422104
0.004415008705109358
-0.00018545187776908278
0.010868694633245468
0.004252551589161158
-0.015595875680446625
-0.019456619396805763
0.0050616515800356865
-0.00048139842692762613
-0.010843210853636265
-0.038913238793611526
-0.014283477328717709
0.01476766262203455
-0.006702149286866188
0.024566052481532097
0.013901225291192532
0.0015648434637114406
-0.0017440241063013673
0.03223657235503197
0.008861872367560863
0.00252286228351295
0.023457521572709084
0.036772627383470535
-0.0074220565147697926
-0.011932628229260445
0.015901677310466766
-0.007020692341029644
0.000493741943500936
-0.0021199050825089216
-0.0006442536250688136
0.023546714335680008
-0.026095058768987656
0.01832260563969612
0.014461861923336983
0.025241363793611526
-0.036262959241867065
0.011257316917181015
-0.019558552652597427
-0.007963580079376698
0.04890275374054909
0.0022122825030237436
-0.01934194378554821
-0.004131505265831947
-0.004313074983656406
-0.005650956649333239
0.03407138213515282
0.02051418274641037
-0.0028191073797643185
-0.0049278633669018745
0.02283317781984806
-0.0008457322255708277
-0.00933968648314476
0.015799742192029953
-0.001968597061932087
-0.003701471956446767
0.02434944361448288
0.0038097768556326628
0.031064333394169807
-0.02516491338610649
0.014971530996263027
-0.01903614215552807
-0.014041384682059288
-0.02233625017106533
-0.009868468157947063
0.013990418054163456
-0.0077151162549853325
-0.0051285456866025925
0.007065288256853819
-0.014946047216653824
-0.025585390627384186
0.014398152939975262
0.013990418054163456
0.012875515967607498
0.04903016984462738
-0.008957435376942158
-0.020475957542657852
-0.03086046501994133
0.0002693680871743709
0.009938548319041729
-0.007594069931656122
0.022463666275143623
-0.03473395109176636
-0.003688730299472809
-0.02570006623864174
-0.011295542120933533
0.010543780401349068
-0.010613859631121159
-0.005619102157652378
0.007186334580183029
0.009307832457125187
0.005685996264219284
0.024591535329818726
-0.00029206430190242827
0.009862097911536694
-0.015226365067064762
0.0201828982681036
0.0030596074648201466
0.03883678838610649
-0.012321251444518566
0.003991346340626478
-0.03481040149927139
-0.005316486116498709
-3.165523230563849e-05
-0.01931646093726158
0.009460733272135258
-0.012627053074538708
0.01618199422955513
-0.007918983697891235
-0.018883241340517998
0.015583133324980736
0.015634100884199142
-0.01732875034213066
0.011645939201116562
0.017774710431694984
0.004615691024810076
-0.011690535582602024
-0.014538312330842018
0.01983887143433094
-0.012709873728454113
-0.032950110733509064
-0.044111862778663635
0.021482553333044052
-0.040799014270305634
-0.03356171399354935
0.01599086821079254
-0.027904385700821877
0.03998354449868202
0.0053133005276322365
-0.005963128991425037
0.002174057299271226
0.0029178557451814413
-0.011448442935943604
0.009715567342936993
0.021877547726035118
0.021062076091766357
-0.009498958475887775
-0.003570869332179427
-0.004829115234315395
0.011728760786354542
-0.015914417803287506
0.011970853433012962
0.008906467817723751
-0.02719084732234478
-0.005533095449209213
0.0010161527898162603
-0.037766482681035995
-0.01118086650967598
-0.0022505077067762613
0.0211894940584898
0.023151719942688942
-0.024298476055264473
0.004644359927624464
-0.008466877974569798
0.005074393469840288
-0.025152171030640602
-0.016704406589269638
0.02800631895661354
-0.0025770145002752542
-0.009556296281516552
0.01033991202712059
-0.15789549052715302
0.006810453720390797
0.010976999066770077
-0.009154931642115116
0.012735357508063316
-0.004252551589161158
0.029764676466584206
0.013149463571608067
-0.005007499363273382
-0.019940804690122604
-0.00687416223809123
0.002075308933854103
-0.025407006964087486
-0.025598132982850075
0.0031663195695728064
0.011645939201116562
-0.022476408630609512
0.005975870415568352
0.025572648271918297
0.012359476648271084
0.015634100884199142
-0.016615213826298714
-0.02601860836148262
0.011544005945324898
0.003755624406039715
-0.0039021542761474848
-0.034453634172677994
0.008110109716653824
-0.008517845533788204
-0.017290525138378143
0.01565958373248577
0.004239810165017843
0.026095058768987656
0.03455556556582451
-0.013977675698697567
-0.00023472652537748218
-0.007568586617708206
-0.003749253461137414
-0.020985625684261322
0.026082318276166916
0.012104641646146774
0.007989063858985901
0.03430073335766792
-0.000874401128385216
0.000366921944078058
-0.014232510700821877
0.026808597147464752
-0.022132381796836853
0.01274809893220663
-0.0036186508368700743
0.023228170350193977
0.0058803074061870575
-0.010237978771328926
-0.02350848913192749
0.006848678924143314
0.00818656012415886
0.004354485776275396
-0.008065514266490936
0.01508620660752058
-0.009887580759823322
-0.000493741943500936
-0.018730340525507927
-0.01209190022200346
0.009237753227353096
0.026324409991502762
-0.04056966304779053
-0.019596777856349945
0.03353622928261757
-0.026604728773236275
0.0019972659647464752
-0.010199753567576408
-0.03233850747346878
0.011958112008869648
0.009639117866754532
0.004551982507109642
0.012302138842642307
-0.014691212214529514
0.049437906593084335
-0.00704617565497756
-0.002613646909594536
-0.0028175145853310823
0.03221108764410019
-0.003924452234059572
0.003022975055500865
-0.01065845601260662
-0.027547616511583328
-0.0006143901846371591
0.008313978090882301
0.026783112436532974
0.012690761126577854
-0.001167460810393095
-0.047093428671360016
-0.0020179711282253265
0.0006788952159695327
0.0017121697310358286
0.022399958223104477
0.013710099272429943
-0.001428666291758418
-0.004982015583664179
0.002169279148802161
0.002698061056435108
0.014729437418282032
-0.0009070517844520509
0.009842985309660435
0.027445683255791664
-0.026451827958226204
0.02366138994693756
0.02135513722896576
0.034912336617708206
0.008970176801085472
-0.02570006623864174
0.016436830163002014
0.01804228685796261
0.020896434783935547
0.016793597489595413
0.007001579739153385
-0.0014453898184001446
-0.005396122112870216
-0.01126368809491396
-0.010409992188215256
0.05667520686984062
-0.005485313944518566
-0.009881210513412952
-0.0026200178544968367
-0.022642051801085472
-0.03269527480006218
-0.10071062296628952
-0.030452730134129524
0.02451508492231369
0.03730778023600578
0.018271638080477715
0.018271638080477715
-0.0010838432935997844
0.007766083348542452
-0.015583133324980736
0.021113043650984764
-0.01350623182952404
-0.02149529568850994
-0.00933968648314476
0.01734149269759655
-0.01782567799091339
0.015162657015025616
-0.003280994947999716
-0.0023524416610598564
-0.024948304519057274
0.018628407269716263
0.018450021743774414
0.011633197776973248
-0.012378589250147343
-0.0009715567575767636
-0.01517539843916893
0.003054829314351082
-0.04301607608795166
0.01687004789710045
0.03386751189827919
-0.013901225291192532
-0.013875742442905903
-0.013697357848286629
0.015290074050426483
-0.011843436397612095
0.019456619396805763
-0.020233863964676857
-0.011582231149077415
-0.016717147082090378
0.03050369769334793
-0.009569037705659866
0.014640245586633682
0.02171190455555916
0.009524442255496979
-0.03330687806010246
0.013213172554969788
-0.010569263249635696
0.0063549368642270565
-0.01258882787078619
0.007243672385811806
-0.025598132982850075
-0.01931646093726158
-0.023419296368956566
-0.052113667130470276
0.003303293138742447
0.004956532269716263
0.016220219433307648
-0.005265519022941589
0.005485313944518566
-0.00983661413192749
-0.024973787367343903
-0.002096014330163598
-0.014602020382881165
-0.024884594604372978
0.022298024967312813
0.007116255350410938
-0.009326945059001446
-0.006151069421321154
-0.023126237094402313
0.011276429519057274
0.018921466544270515
0.01226391363888979
0.0056955525651574135
0.013366073369979858
-0.0018395869992673397
-0.015748776495456696
0.01344252284616232
-0.011786098591983318
0.0029305974021553993
0.0059440163895487785
0.02298607863485813
-0.0122511712834239
-0.026961496099829674
-0.010225237347185612
-0.021966738626360893
0.01159497257322073
0.014538312330842018
0.011894403025507927
0.002755398629233241
-0.01326413918286562
-0.029611775651574135
-0.014156060293316841
0.014958788640797138
0.0011754244333133101
0.017583584412932396
0.006342195440083742
-0.0020737163722515106
-0.00017241151363123208
-0.01332784816622734
-0.003589981934055686
0.008549699559807777
-0.02081998437643051
0.01300293393433094
-0.06457507610321045
0.0004200788389425725
0.009811130352318287
-0.007696003653109074
-0.002408186672255397
0.006568361073732376
0.027292782440781593
-0.00725004356354475
0.01985161192715168
0.02186480537056923
-0.019138075411319733
0.007848904468119144
-0.016615213826298714
0.009473474696278572
-0.020412249490618706
-0.022119639441370964
0.030095962807536125
-0.016589730978012085
0.008454136550426483
0.007657778449356556
0.014054126106202602
0.0037396971601992846
0.028643405064940453
0.028465021401643753
0.010206124745309353
0.02652827836573124
-0.024056382477283478
-0.005214552395045757
-0.0015823633875697851
0.009696454741060734
0.004007273353636265
-0.017316007986664772
-0.009059368632733822
0.011703277006745338
-0.0039117103442549706
-0.008638891391456127
-0.0007736618281342089
0.044621530920267105
0.020068222656846046
0.06432024389505386
-0.013964934274554253
-0.015736034139990807
0.032313022762537
-0.013964934274554253
-0.03272075951099396
-0.016258444637060165
0.007332864683121443
-0.008562440983951092
-0.0021517593413591385
-0.008020917885005474
0.016882790252566338
0.02132965251803398
-0.007269156165421009
-0.020781759172677994
-0.020641598850488663
0.017889386042952538
0.026961496099829674
0.020756274461746216
0.012932853773236275
0.014984272420406342
0.025088462978601456
-0.03165045380592346
-0.012123754248023033
0.013888483867049217
0.0004925474058836699
-0.022654792293906212
-0.007116255350410938
-0.00967734307050705
-0.0145000871270895
-0.005189068615436554
-0.0011443664552643895
-0.003589981934055686
0.004864154849201441
0.011187237687408924
0.008906467817723751
-0.016475055366754532
0.013952192850410938
-0.021979480981826782
-0.008810904808342457
0.027241814881563187
-0.0018141035689041018
0.024655243381857872
-0.02153352089226246
0.02019563876092434
0.017290525138378143
0.0024591535329818726
0.020131930708885193
-0.0036345780827105045
-0.01819518767297268
0.013251397758722305
-0.011773357167840004
0.012467781081795692
-0.008141964673995972
0.015901677310466766
-0.012200204655528069
0.009486217051744461
0.015188139863312244
-0.017965836450457573
0.0033478890545666218
0.01701020635664463
0.04742471128702164
-0.0018077327404171228
-0.004000902641564608
-0.018437281250953674
-0.02617150917649269
0.019087109714746475
-0.02803180180490017
-0.037970349192619324
-0.016105543822050095
0.027088914066553116
-0.013123979791998863
-0.002389074070379138
0.028821788728237152
0.007288268767297268
-0.03983064368367195
0.012525118887424469
0.012295767664909363
-0.0008194523979909718
-0.024120092391967773
0.008868242613971233
-0.002616832498461008
0.029255008324980736
0.024222025647759438
-0.011480296961963177
0.027394715696573257
-0.020743533968925476
0.020628858357667923
-0.0097665349021554
0.006937871221452951
0.0013227507006376982
-0.01735423319041729
0.004233438987284899
-0.005679625552147627
-0.013837517239153385
-0.007963580079376698
-0.017468908801674843
0.012811807915568352
0.0317269042134285
-0.021622713655233383
0.08567538112401962
0.006412274669855833
-0.01185617782175541
0.024629760533571243
-0.004424565006047487
0.0013450486585497856
-0.0024065938778221607
-0.0050457245670259
-0.009473474696278572
-0.01636037975549698
0.017226817086338997
-0.01866663247346878
-0.00487371115013957
-0.023266395553946495
-0.0022377660498023033
-0.001648461096920073
-0.005240035708993673
0.03363816440105438
-0.013518973253667355
0.007097142748534679
0.025623615831136703
-0.003934008534997702
0.0020100076217204332
0.007708745542913675
-0.027216332033276558
0.014538312330842018
0.03320494294166565
0.0015592690324410796
-0.019558552652597427
-0.02902565710246563
0.013404298573732376
0.0007350384257733822
-0.04673665761947632
-0.013812033459544182
-0.00517632719129324
-0.016411345452070236
0.001640497473999858
-0.04031482711434364
-0.005055280867964029
0.00783616304397583
-0.00983661413192749
0.01517539843916893
-0.03621199354529381
-0.054279763251543045
-0.02468072809278965
-0.011575859971344471
-0.024043641984462738
0.019775161519646645
-0.017889386042952538
