-0.001981306355446577
-0.015863172709941864
0.0038258612621575594
-0.0047863018698990345
-0.011582532897591591
0.01384052261710167
-0.045744962990283966
-0.005947099532932043
-0.014858207665383816
-0.025671115145087242
-0.00877117644995451
0.020353708416223526
-0.02620540000498295
0.013395285233855247
0.0155197037383914
0.01067297626286745
0.0319044403731823
0.006678560748696327
0.009031958878040314
0.0037717968225479126
-0.011207261122763157
-0.001264951191842556
-0.005858052056282759
-0.009458114393055439
-0.015494260936975479
0.023839281871914864
0.02170214243233204
-0.030988521873950958
-0.007511790841817856
-0.01719888485968113
-0.01770772784948349
-0.016817253082990646
-0.014591065235435963
-0.011251784861087799
-0.016486505046486855
0.0028781418222934008
0.000480220332974568
0.023724792525172234
0.004929414018988609
0.007957028225064278
0.016028545796871185
0.0050884271040558815
-0.008198728784918785
0.009877909906208515
-0.0060933916829526424
0.009572603739798069
-0.0016004694625735283
-0.008077878504991531
-0.023076018318533897
0.028724173083901405
0.004376047290861607
-0.0013118601636961102
-0.02288520149886608
-0.013318958692252636
-0.027172202244400978
-0.02455166168510914
-0.015367050655186176
-0.006748526822775602
0.006484564393758774
-0.013484332710504532
0.0319044403731823
-0.00031762916478328407
-0.019030718132853508
-0.0031564151868224144
0.007931586354970932
0.004089823458343744
-0.020862551406025887
0.005908936262130737
-0.015863172709941864
-0.011766987852752209
0.011162737384438515
0.016715483739972115
-0.012950047850608826
0.0024170030374079943
0.025709278881549835
-0.0035078346263617277
-0.020913437008857727
-0.04902699589729309
-0.004331523552536964
0.02396649308502674
-0.0017714087152853608
0.018992554396390915
-0.023890165612101555
0.015265282243490219
0.005924837663769722
-0.01033586822450161
0.026052748784422874
0.0318789966404438
-0.01391684915870428
-0.01571051962673664
-0.0025553444866091013
0.019488677382469177
0.006484564393758774
0.01264474168419838
-0.011035527102649212
-4.0188142520491965e-06
-0.009451753459870815
0.01121362205594778
-0.019743097946047783
-0.04920509085059166
-0.002068763831630349
-0.010348589159548283
-0.02436084672808647
0.0006273076869547367
-0.03979150205850601
0.00862488429993391
-0.005164753645658493
0.0012188373366370797
0.025429416447877884
-0.01777133159339428
0.005819888785481453
0.023037854582071304
0.004124806262552738
-0.0002862240362446755
0.0064432211220264435
-0.003266134299337864
0.02841886691749096
-0.01714799925684929
-0.0022357278503477573
-0.01571051962673664
0.0050311824306845665
0.0072828116826713085
0.0165246669203043
-0.004732237197458744
0.027070432901382446
0.0010335867991670966
-0.035110149532556534
0.0013428677339106798
-0.03689109906554222
-0.004487356636673212
-0.02910580486059189
-0.007505430374294519
-0.008529475890100002
0.003949891775846481
-0.0017078034579753876
0.006099752150475979
-0.028775056824088097
0.01667732000350952
-0.025416694581508636
-0.029767299070954323
0.028724173083901405
0.02100248448550701
-0.015901334583759308
-0.027350297197699547
0.005155212711542845
0.005788085982203484
0.023928329348564148
0.0421321764588356
0.014374807476997375
0.008783897385001183
0.03923177346587181
-0.03503382205963135
0.012733789160847664
-0.01018957607448101
0.019565002992749214
0.006067949812859297
0.005396913271397352
0.024627989158034325
-0.003065777476876974
0.010742941871285439
-0.002898813458159566
-0.015163513831794262
-0.002362938364967704
-0.006697642616927624
0.009178251028060913
0.022757990285754204
0.020112009719014168
0.010412194766104221
0.015125350095331669
-0.01055848691612482
0.011436240747570992
0.02301241271197796
-0.03526280075311661
0.009477196261286736
-0.00914008729159832
0.023037854582071304
0.00485626794397831
0.03040335327386856
-0.0026014584582298994
-0.017440585419535637
-0.0050311824306845665
0.004363326355814934
0.005508222617208958
0.016893578693270683
-0.019628608599305153
0.013560659252107143
0.026040026918053627
-0.008211449719965458
-0.001040742383338511
0.015265282243490219
0.019043439999222755
0.014565623365342617
0.005893034860491753
-0.009629848413169384
-0.6545752882957458
-0.007683525327593088
-0.010825629346072674
-0.016130315139889717
0.016372015699744225
0.009483556263148785
0.024729756638407707
0.024869687855243683
-0.002514001214876771
-0.030327027663588524
0.0025553444866091013
0.006071129813790321
0.007836177945137024
-0.007181043270975351
-0.018483711406588554
-0.01363698486238718
0.01389140635728836
-0.010539405047893524
0.03165001794695854
-0.023610303178429604
-0.013344400562345982
0.033965252339839935
-0.0007366293575614691
0.014044059440493584
-0.01184331439435482
-0.0069902269169688225
0.010316786356270313
0.004544601775705814
0.006401877850294113
0.0038131403271108866
-0.018979834392666817
0.02648526430130005
0.022274591028690338
0.046381015330553055
0.05658331140875816
0.012307633645832539
-0.027655603364109993
0.029182130470871925
0.029589204117655754
0.030835868790745735
0.0025807868223637342
-0.009121006354689598
2.795156615320593e-05
-0.008345020934939384
0.004293360747396946
0.004964396823197603
0.052461687475442886
-0.02887682430446148
0.008020633831620216
0.03678932785987854
-0.004035758785903454
0.0007573011098429561
0.021206021308898926
-0.00404211925342679
0.021994726732373238
0.004760859999805689
0.004096183925867081
0.0004086643166374415
0.006614955607801676
0.017224326729774475
-0.013382564298808575
0.011798790656030178
-0.023597581312060356
-0.021371394395828247
-0.0009540801402181387
0.021371394395828247
-0.022821595892310143
-0.0016259115654975176
0.0162320826202631
-0.02255445346236229
0.005854871589690447
0.019959356635808945
-0.003577800467610359
-0.0227834340184927
0.005864412523806095
-0.007429103832691908
0.05780453607439995
0.014641949906945229
-0.015850450843572617
0.004312442149966955
-0.0039467113092541695
-0.013993174768984318
-0.015099908225238323
0.012651102617383003
0.023190507665276527
-0.04134347289800644
-0.004118445795029402
-0.0023200048599392176
-0.013471611775457859
0.00902559794485569
-0.031293828040361404
-0.0018938489956781268
-0.0006348608294501901
-0.01656283065676689
0.0034251476172357798
0.046889856457710266
0.0038735652342438698
-0.004512798972427845
0.019107043743133545
-0.020569967105984688
0.009146448224782944
-0.01588861458003521
-0.00723192747682333
-0.0060933916829526424
-0.0027429803740233183
-0.0017252948600798845
0.011200900189578533
-0.0045891255140304565
0.044218432158231735
-0.022592617198824883
0.016766367480158806
0.0008650326635688543
-0.011938722804188728
-0.0026793750002980232
-0.025493020191788673
-0.021218741312623024
0.016588272526860237
0.00803335476666689
0.004554142244160175
-0.01059028971940279
0.009877909906208515
-0.016715483739972115
-0.00887930579483509
-0.00928001943975687
-0.018865345045924187
0.015112629160284996
-0.01414582785218954
0.004888070281594992
-0.012651102617383003
-0.03951163962483406
-1.1571948562050238e-05
-0.029996279627084732
0.03729817271232605
-0.009216413833200932
0.016079429537057877
-0.022071054205298424
0.019259696826338768
-0.020315546542406082
-0.003819500794634223
-0.0061156535521149635
-0.04253925383090973
-0.017389699816703796
0.0064432211220264435
-0.003962612710893154
-0.025442136451601982
-0.04533788561820984
-0.03274403139948845
0.002967189298942685
-0.010781105607748032
0.01657555252313614
-0.016359293833374977
0.010940118692815304
-0.05892398953437805
-0.03383804112672806
-0.007390940561890602
-0.007518151309341192
-0.013331679627299309
-0.00424247607588768
-0.023559419438242912
-0.0026189498603343964
0.003908548038452864
-0.004799022804945707
0.0005338873597793281
0.027808254584670067
-0.029131246730685234
0.004236115608364344
-0.005368290934711695
0.017109837383031845
-0.005454157944768667
-0.043938569724559784
0.002391560934484005
0.008306857198476791
-0.0045668636448681355
0.010870153084397316
0.02170214243233204
0.006863016169518232
-0.021218741312623024
0.01577412523329258
-0.014311201870441437
-0.01001784112304449
-0.005562287289649248
0.007511790841817856
-0.029029477387666702
-0.02658703364431858
-0.004512798972427845
-0.001206911401823163
0.016779089346528053
-0.007906143553555012
0.0006622906075790524
0.009858828037977219
-0.005912116728723049
0.0032756750006228685
-0.018407385796308517
0.0072255670092999935
-0.009782501496374607
0.009375426918268204
-0.005644973833113909
-0.028825940564274788
0.02368662878870964
0.009044679813086987
0.034423209726810455
0.007810736075043678
0.03259137645363808
-0.010755662806332111
0.0030514663085341454
-0.010685697197914124
0.007467267103493214
-0.013217190280556679
0.07449457794427872
0.011518927291035652
0.02055724710226059
-0.016143035143613815
-0.04722060635685921
-0.017351537942886353
0.018242012709379196
0.03729817271232605
0.000571653014048934
0.007556314580142498
-0.016270246356725693
0.004283819813281298
-0.011557091027498245
-0.006052048411220312
0.008472231216728687
-0.01702078990638256
-0.02511138841509819
0.020061124116182327
-0.009706174954771996
-0.003450589720159769
0.024131866171956062
-0.018547317013144493
0.0018747674766927958
0.015532424673438072
-0.018534597009420395
0.02140955813229084
0.027172202244400978
0.015697797760367393
0.02966553159058094
-0.000613394018728286
0.044447410851716995
-0.0168045312166214
0.004764040000736713
0.019234254956245422
-0.0006193569861352444
-0.009585324674844742
0.024895131587982178
0.004061201121658087
0.0256329532712698
-0.003488752990961075
-0.02152404747903347
-0.0072828116826713085
-0.007085634861141443
0.012358518317341805
-0.017262490466237068
-0.030047163367271423
0.006678560748696327
-0.011468043550848961
0.011366274207830429
0.0009477196144871414
-0.0026205400936305523
0.029309341683983803
-0.013967732898890972
0.0038926468696445227
-0.009000156074762344
0.0011878297664225101
-0.005336488131433725
-0.005431896075606346
0.0015376590890809894
-0.007817096076905727
-0.04650822654366493
0.013331679627299309
-0.006742166355252266
-0.017911264672875404
0.016944462433457375
-0.009655291214585304
0.0006956834113225341
0.005695858504623175
0.004611387383192778
-0.0027286692056804895
0.004958036355674267
0.006389156449586153
-0.029411109164357185
-0.014451134018599987
0.0025966879911720753
0.008707570843398571
-0.004446013364940882
-0.007041111122816801
0.0013834161218255758
-0.009871548973023891
-0.016982626169919968
0.015964940190315247
0.012701986357569695
-0.007982470095157623
-0.002428133971989155
-0.003247052663937211
-0.006812131963670254
-0.005428716074675322
0.032947566360235214
-0.01508718729019165
0.028317097574472427
-0.022516291588544846
0.004252017010003328
-0.016588272526860237
-0.016664599999785423
0.013051816262304783
0.03126838430762291
0.009330903179943562
-0.03040335327386856
0.0081096813082695
0.01018957607448101
-0.03223518654704094
0.00017869126168079674
-0.010278623551130295
-0.0074227433651685715
0.01919609121978283
-0.0050884271040558815
0.003962612710893154
0.01646106317639351
0.0010391522664576769
0.02466615103185177
0.0014867748832330108
0.0007171502220444381
0.0009222774533554912
-0.015430656261742115
0.008796618320047855
0.0524108000099659
0.007098356261849403
-0.014336643740534782
0.043531496077775955
0.0023581681307405233
-0.013306237757205963
-0.005482780281454325
-0.036076948046684265
-0.010539405047893524
-0.012072294019162655
-0.0009039909346029162
0.003676388645544648
0.0082559734582901
0.023991934955120087
-0.004900791682302952
-0.0007239083060994744
0.0010248410981148481
-0.026637917384505272
0.003635045373812318
0.004007136449217796
-0.004659091122448444
-0.00506616523489356
0.005215637851506472
0.026637917384505272
0.0073400563560426235
-0.00412798672914505
0.03477939963340759
0.002615769626572728
-0.0003703023539856076
-0.030250700190663338
0.006048867944628
0.027197644114494324
0.008345020934939384
0.003081678878515959
0.0008085829322226346
0.018585480749607086
0.01844554953277111
0.038977354764938354
0.01606670953333378
0.010768384672701359
0.02846975065767765
-0.004690893925726414
0.007123798131942749
-0.010717500001192093
0.01059028971940279
-0.03378715738654137
0.006465482991188765
0.023584861308336258
-0.003145284252241254
-0.02671424299478531
-0.0028908627573400736
0.02345765009522438
0.0051711141131818295
0.0032629540655761957
0.011658859439194202
0.01041855476796627
0.007486348506063223
0.01198324654251337
-0.011900559067726135
-0.006697642616927624
-0.003988055046647787
-0.043811358511447906
0.014858207665383816
-0.018890786916017532
-0.0182165689766407
-0.015188955701887608
-0.003854483598843217
0.016193920746445656
-0.009222774766385555
0.005759463645517826
0.009642569348216057
-0.03338008373975754
-0.012333075515925884
0.013077258132398129
0.023190507665276527
0.018712691962718964
0.0149472551420331
0.0010948069393634796
-0.004019857384264469
0.02168942056596279
-0.009846107102930546
-0.02517499402165413
0.029792742803692818
-0.02340676635503769
-0.0031357433181256056
0.016422899439930916
-0.016715483739972115
-0.009082842618227005
0.023559419438242912
0.02938566729426384
-0.006729444954544306
0.0025235419161617756
-0.017275210469961166
-0.007187403738498688
-0.017300652340054512
0.013751475140452385
0.017097115516662598
0.0015456097899004817
0.028215330094099045
-0.02773192897439003
-0.001349228317849338
0.00208466500043869
-0.00851675495505333
-0.011595253832638264
-0.001245869672857225
0.008332299999892712
-0.012689265422523022
0.00894291140139103
-0.02129506878554821
0.006665839813649654
0.0045986659824848175
-0.004140707664191723
-0.003978514112532139
0.0026269005611538887
0.0022341376170516014
-0.019386908039450645
-0.019895751029253006
0.042971767485141754
0.0023152343928813934
-0.01078746560961008
-0.014273039065301418
-0.02806267701089382
-0.005368290934711695
0.017058951780200005
-0.01278467383235693
0.02892770990729332
-0.024526219815015793
-0.0011162736918777227
0.00489761121571064
0.014336643740534782
-0.00877117644995451
0.05307229608297348
-0.0035841609351336956
-0.0193614661693573
-0.020404594019055367
0.014998139813542366
0.000469486927613616
-0.002389970701187849
-0.000531502126250416
0.0023168246261775494
-0.01432392280548811
0.007206485141068697
-0.005110688973218203
-0.025009620934724808
0.006786690093576908
-0.019157929345965385
0.0033011173363775015
-0.004846727009862661
0.0037686165887862444
0.0213459525257349
-0.02471703663468361
-0.0027922745794057846
0.0035237360280007124
0.014985418878495693
-0.008815700188279152
-0.016015825793147087
-0.006052048411220312
-0.031751785427331924
0.01520167663693428
-0.01409494411200285
0.020302824676036835
-0.01531616598367691
-0.008306857198476791
0.008046075701713562
0.00710471672937274
0.017046231776475906
0.0037304533179849386
-0.0006428114720620215
-0.035949740558862686
0.01703350991010666
0.011652498506009579
0.019666772335767746
0.0012331485049799085
-0.003243872430175543
-0.002286612056195736
0.019094323739409447
-0.0071428800001740456
-0.023953771218657494
-0.0155197037383914
-0.03218430280685425
-0.008694849908351898
0.014883649535477161
-0.022172821685671806
0.021892959251999855
0.007136519532650709
0.0003444626636337489
0.031217502430081367
0.006459122523665428
-0.008580360561609268
0.003266134299337864
0.04292088374495506
-0.014909092336893082
0.011951443739235401
-0.005244260188192129
0.0038067796267569065
0.017796775326132774
0.01690630055963993
-0.026790570467710495
-0.004360146354883909
0.021142415702342987
-0.007454546168446541
-0.014298480935394764
-0.01714799925684929
-0.00022659402748104185
-0.0016282967990264297
0.006926621776074171
0.002777963178232312
-0.020709898322820663
0.014909092336893082
0.0004452373832464218
-0.007238287944346666
-0.007651722524315119
-0.011786069720983505
-0.011792430654168129
-4.316963895689696e-06
0.0072255670092999935
0.002921075327321887
0.01657555252313614
-0.015290724113583565
-0.008160565048456192
0.01696990430355072
-0.021333230659365654
0.050935156643390656
0.012460286729037762
0.02254173345863819
0.01953956112265587
-0.01896711252629757
-0.04195408150553703
0.009260937571525574
0.0013317367993295193
-0.018687250092625618
0.013573380187153816
-0.0029544681310653687
0.0057562836445868015
-0.022529011592268944
0.018140243366360664
0.01998479850590229
-0.024004656821489334
-0.007893422618508339
0.01216134149581194
0.01690630055963993
-0.004760859999805689
-0.007301893085241318
-0.004929414018988609
-0.030886754393577576
0.01992119289934635
-0.011417158879339695
0.030047163367271423
-0.019565002992749214
-0.012746510095894337
-0.005997983738780022
0.058109838515520096
-0.014476575888693333
0.01531616598367691
-0.01019593607634306
-0.013827801682054996
-0.010825629346072674
-0.02846975065767765
0.009400869719684124
-0.025009620934724808
-0.014451134018599987
0.03867204859852791
-0.010762023739516735
-0.0042965407483279705
0.002286612056195736
-0.03386348485946655
0.006589513272047043
-0.02750295028090477
-0.011200900189578533
0.026790570467710495
-0.018585480749607086
0.0009707765420898795
0.003654126776382327
0.027121318504214287
-0.004197952337563038
0.026663359254598618
0.0005350799183361232
-0.008217809721827507
0.014845486730337143
0.011468043550848961
-0.02874961495399475
0.010927397757768631
-0.025327647104859352
0.00477040046826005
-0.00657679233700037
-0.025811048224568367
-0.006742166355252266
-0.008395904675126076
0.000439274386735633
-0.019157929345965385
-0.02590009570121765
-0.013560659252107143
-0.0027413901407271624
0.049459513276815414
-0.007556314580142498
-0.005495501682162285
0.015138071030378342
0.016244804486632347
-0.03938442841172218
0.007499069906771183
-0.011518927291035652
0.003105530748143792
0.01752963289618492
0.017275210469961166
0.0026650638319551945
-0.022643500939011574
0.03348185122013092
0.0025283123832195997
-0.0279100239276886
-0.0023645285982638597
0.013369842432439327
-0.023215949535369873
-0.00788706261664629
0.005155212711542845
0.014998139813542366
9.903550380840898e-05
-0.005616351496428251
0.00485626794397831
-0.02385200373828411
0.003310658037662506
0.013369842432439327
-0.01629568822681904
-0.018610922619700432
0.0022738908883184195
0.03572075814008713
-0.020646294578909874
0.03251504898071289
-0.005282423458993435
-0.01121362205594778
-0.02175302617251873
-0.009916072711348534
0.038239531219005585
-0.01702078990638256
0.00978886242955923
-0.010774744674563408
-0.015150791965425014
-0.02266894280910492
0.013051816262304783
-0.009356345981359482
-0.012822836637496948
-0.009038318879902363
-0.0003430712968111038
0.005104328505694866
0.016143035143613815
0.01249844953417778
0.001998797757551074
0.0011941902339458466
-0.01121362205594778
-0.009413590654730797
6.777944508939981e-05
-0.0009095564018934965
0.05587093159556389
0.01409494411200285
-0.013789637945592403
-0.022618059068918228
0.020480919629335403
-0.021956562995910645
-0.008173285983502865
0.020073845982551575
0.02578560635447502
0.014705554582178593
0.009305461309850216
0.021969284862279892
-0.0010105298133566976
-0.02311418205499649
0.000835615152027458
-0.011150016449391842
-0.010978281497955322
-0.014883649535477161
0.010647534392774105
-0.0010359720326960087
0.0026253105606883764
-0.015227118507027626
-0.021282346919178963
0.028215330094099045
-0.009801583364605904
0.0050884271040558815
0.021485883742570877
-0.005148852244019508
0.0051138694398105145
0.003220020327717066
0.027299413457512856
0.023076018318533897
6.266120180953294e-05
0.0013714901870116591
-0.01696990430355072
0.0031087109819054604
0.001734835677780211
-0.012606578879058361
-0.026408938691020012
0.006805771496146917
0.01391684915870428
0.01667732000350952
0.01696990430355072
0.006261945702135563
-0.005403273738920689
0.015010860748589039
-0.023546697571873665
0.020468199625611305
-0.015596029348671436
0.003266134299337864
0.016702761873602867
0.008052436634898186
-0.01731337420642376
-0.007091995794326067
0.00010286176257068291
-0.022529011592268944
-0.0064909253269433975
0.019666772335767746
0.006026606075465679
0.02841886691749096
-0.007880701683461666
-0.0016903119394555688
-0.017605958506464958
-0.008841142058372498
-0.004907152149826288
0.00046272887266241014
-0.011894199065864086
0.012091375887393951
0.0461265929043293
-0.03159913420677185
0.014870928600430489
-0.007066553458571434
0.0013706950703635812
-0.012053212150931358
-0.007613559253513813
-0.004118445795029402
-0.001574232243001461
-0.009737977758049965
-0.0037622558884322643
-0.009636209346354008
0.02455166168510914
-0.008300497196614742
-0.003226381028071046
-0.04851815477013588
0.013026374392211437
0.19366554915905
-0.03284579887986183
0.0031961684580892324
0.012199504300951958
-0.019730376079678535
0.006102932617068291
0.03007260523736477
-0.004411030560731888
-0.013140863738954067
0.014412970282137394
-0.013904127292335033
-0.013140863738954067
-0.010889234021306038
0.010138691402971745
-0.0051138694398105145
-0.0010264312149956822
-0.024195471778512
-0.015697797760367393
0.02237635850906372
-0.01696990430355072
0.014502017758786678
0.005117049906402826
-0.014934534206986427
-0.0010312015656381845
0.03312566131353378
0.002207105280831456
0.0018477351404726505
-0.0010789056541398168
0.01534160878509283
0.00899379514157772
-0.0057562836445868015
0.012937326915562153
0.002736619906499982
-0.0039944155141711235
-0.017338816076517105
0.010971921496093273
0.02517499402165413
-0.00644958158954978
0.016155757009983063
0.00040548405377194285
0.021091531962156296
-0.02170214243233204
0.010475799441337585
0.006414598785340786
-0.01071113906800747
0.0638088807463646
-0.009445393458008766
-0.004493717569857836
-0.006920261308550835
0.0028733713552355766
-0.03885014355182648
0.02322867140173912
0.013611542992293835
0.006761247757822275
0.018038474023342133
0.009757059626281261
-0.0029878609348088503
0.004115265794098377
0.012841918505728245
-0.011258145794272423
0.0006968760280869901
0.024017376825213432
0.0006002754089422524
0.002857469953596592
-0.027019549161195755
0.0190816018730402
-0.03976605832576752
-0.010348589159548283
-0.006614955607801676
-0.03162457421422005
-0.004579584579914808
0.0019892570562660694
-0.03940986841917038
0.011270866729319096
-0.007193764206022024
-0.026001863181591034
0.012453925795853138
0.01736425794661045
0.011156376451253891
0.034524980932474136
-0.014222154393792152
-0.016715483739972115
-0.02135867439210415
-0.0008089804323390126
0.009267298504710197
-0.023470371961593628
0.01811480149626732
0.0011973705841228366
-0.0051361313089728355
-0.016639158129692078
-0.0006094186683185399
0.011976885609328747
0.012581137008965015
-0.01731337420642376
0.0011083231074735522
-0.00015344787971116602
-0.004363326355814934
0.014171269722282887
-0.005053444299846888
-0.006510006729513407
-0.014400249347090721
0.016931742429733276
0.03091219626367092
-0.0027095875702798367
-0.012453925795853138
0.01788582280278206
-0.03918088972568512
-0.010762023739516735
0.009839746169745922
-0.02118057943880558
0.001000193995423615
-0.006074310280382633
0.012123177759349346
-0.015532424673438072
-0.01896711252629757
0.005091607570648193
0.005164753645658493
-0.01895439252257347
-0.001408063224516809
0.009687093086540699
-0.014591065235435963
-0.010800186544656754
-0.017860379070043564
0.024182751774787903
-0.014018617570400238
-0.0047036148607730865
-0.04887434467673302
0.018750853836536407
-0.006646758411079645
-0.008701210841536522
0.00851039495319128
-0.03650946542620659
0.02568383701145649
0.010876513086259365
0.001982896588742733
0.010513963177800179
0.002779553411528468
0.0016823612386360765
0.022630780935287476
0.010075085796415806
0.027375739067792892
-0.02768104523420334
-0.01857275888323784
-0.023152343928813934
0.01952683925628662
-0.02722308598458767
0.019336024299263954
-0.007677164860069752
-0.040402114391326904
-0.012441204860806465
-0.007270090747624636
-0.02961464785039425
-0.025607511401176453
-0.010151412338018417
-0.005536844953894615
0.021714864298701286
-0.009769780561327934
-0.005047083832323551
0.0003937568108085543
0.012301272712647915
-0.013064537197351456
0.0007429898832924664
0.009413590654730797
-0.004360146354883909
0.010393112897872925
0.0029322062619030476
-0.15875893831253052
0.0010916267056018114
0.020302824676036835
-0.011836954392492771
0.010056004859507084
0.009000156074762344
0.022223705425858498
0.025823768228292465
0.006532268598675728
0.0053587500005960464
0.0015551506076008081
0.011951443739235401
-0.044167548418045044
-0.04284455627202988
-0.003006942570209503
-0.005164753645658493
-0.03762891888618469
0.0034633108880370855
0.026663359254598618
0.013446168974041939
0.014629228971898556
-0.003024433972314
-0.0036445860750973225
0.003797238925471902
0.0020115189254283905
0.011029166169464588
0.005956640467047691
0.013802358880639076
-0.0018858984112739563
-0.003930809907615185
-0.017211604863405228
0.022198263555765152
0.01702078990638256
-0.001777769299224019
-0.008872944861650467
0.001879537827335298
-0.001573437126353383
-0.00011926001752726734
-0.01508718729019165
0.020112009719014168
0.01931058242917061
0.0058485111221671104
0.014362086541950703
-0.002590327523648739
0.01844554953277111
0.019208813086152077
0.022007448598742485
-0.005590909626334906
0.0298945102840662
-0.008663047105073929
-0.0030498760752379894
0.012116817757487297
0.007581756915897131
0.0035714400000870228
0.018267454579472542
0.013598822057247162
-0.005412814673036337
-0.014107665047049522
0.015926778316497803
0.007034750655293465
-0.0063605341129004955
-0.012619299814105034
0.005549565888941288
0.012746510095894337
0.024348124861717224
-0.01583773083984852
-0.020544525235891342
0.019157929345965385
-0.04134347289800644
0.01633385196328163
0.001634657266549766
-0.015481540001928806
0.008637605234980583
-0.006761247757822275
-0.0111054927110672
0.0009763420093804598
-0.019272418692708015
0.025442136451601982
-0.0002591917582321912
-0.002083074999973178
0.00216417177580297
0.02745206467807293
0.001898619462735951
-0.003654126776382327
-0.0026602933648973703
-0.01135991420596838
0.002610999159514904
0.013764196075499058
-0.011735185980796814
0.003615963738411665
-0.0038481231313198805
-0.03935898467898369
-0.016359293833374977
-0.0005895420326851308
-0.01565963588654995
0.008332299999892712
0.008752094581723213
-0.0019097503973171115
0.006856655701994896
-0.01187511719763279
0.01669004186987877
0.005005740560591221
-0.0006881302688270807
-0.009337264113128185
0.022732548415660858
-0.0071428800001740456
0.01811480149626732
-0.0050884271040558815
0.023953771218657494
-0.006455942057073116
-0.036534909158945084
0.0005036747897975147
0.01018957607448101
0.0036127835046499968
0.0029894511681050062
0.028266213834285736
0.004849907476454973
-0.005845331121236086
0.02773192897439003
-0.00953444093465805
0.04963760823011398
-0.012854639440774918
-0.009871548973023891
0.0250605046749115
0.01782221719622612
-0.034601304680109024
-0.09754515439271927
-0.025582067668437958
0.007658082991838455
0.0015631013084203005
0.004140707664191723
0.022872481495141983
-0.026663359254598618
0.000918302102945745
-0.013942291028797626
-0.00024090522492770106
-0.049790263175964355
-0.007441824767738581
-0.009922433644533157
-0.012040491215884686
0.033456411212682724
0.04052932187914848
-0.0009874729439616203
-0.03480484336614609
-0.013306237757205963
0.021562211215496063
-0.0008864994742907584
0.01662643626332283
-0.022350916638970375
0.0021975645795464516
-0.008923829533159733
-0.0136624276638031
-0.04648278281092644
0.006147456355392933
0.021536769345402718
-0.009114645421504974
-0.0256329532712698
-0.01941234990954399
-0.005613171495497227
-0.009858828037977219
0.02168942056596279
-0.005511402618139982
-0.02824077196419239
0.004840366542339325
0.004875349346548319
-0.009814304299652576
0.011162737384438515
0.017784053459763527
0.028775056824088097
-0.030276142060756683
0.0011337652103975415
-0.022872481495141983
-0.002451985841616988
0.004490537103265524
-0.00020184757886454463
-0.035339128226041794
-0.028724173083901405
-0.010043282993137836
-0.038010552525520325
-0.011423519812524319
0.009769780561327934
-0.0009508998482488096
0.007117437664419413
-0.005597270093858242
-0.0059280176647007465
-0.010730220936238766
-0.006446401588618755
-0.01212953869253397
-0.008007912896573544
0.032082535326480865
0.006773968692868948
0.00134843320120126
0.009833386167883873
0.008949271403253078
0.005997983738780022
0.00019807100761681795
0.0033615422435104847
-0.003965793177485466
0.011118213646113873
-0.016422899439930916
-0.019666772335767746
0.009439032524824142
-0.04508346691727638
-0.009477196261286736
0.006188799627125263
-0.00322479079477489
0.0077153281308710575
-0.013904127292335033
-0.020595408976078033
-0.002386790467426181
0.02658703364431858
-0.0005072525818832219
-0.004064381122589111
0.0026634735986590385
-0.018585480749607086
-0.0222109854221344
0.010831989347934723
0.031192058697342873
-0.0022579897195100784
0.01261293888092041
0.029919952154159546
0.006570431869477034
0.01929786056280136
-0.00917189009487629
-0.00632237084209919
-0.003949891775846481
-0.03905367851257324
0.02699410729110241
-0.05607447028160095
0.01135991420596838
0.021206021308898926
6.59905417705886e-05
-0.010475799441337585
-0.0014319152105599642
0.029741857200860977
-0.023877445608377457
0.004789482336491346
0.019056160002946854
-0.006812131963670254
0.01765684224665165
-0.01377691701054573
-0.013000931590795517
-0.00837046280503273
-0.0370183102786541
0.02214737981557846
-0.0011194540420547128
-0.007066553458571434
-0.00990335177630186
0.015914056450128555
0.0005008920561522245
0.031802669167518616
0.03485572710633278
-0.0034251476172357798
0.008669408038258553
-0.00444283289834857
0.0008443609112873673
-0.019679492339491844
0.029919952154159546
0.014285760000348091
-0.03432144224643707
-0.008949271403253078
0.009610767476260662
-0.00529832486063242
-0.004986658692359924
-0.004372867289930582
0.03289668262004852
0.006481384392827749
0.07902327924966812
-0.016244804486632347
-0.0330238938331604
0.030199816450476646
-0.0155197037383914
-0.019234254956245422
0.020811667665839195
-0.0190816018730402
-0.003530096495524049
0.019259696826338768
-0.013802358880639076
0.04844182729721069
0.021142415702342987
-2.166556987504009e-05
-0.015964940190315247
-0.011836954392492771
0.0011512567289173603
0.002490149112418294
0.01403133850544691
-0.0020894354674965143
-0.0168045312166214
0.03890102729201317
-0.0017221146263182163
0.00796974916011095
0.0076326411217451096
-0.007766212336719036
-0.024526219815015793
0.0028638304211199284
-0.006440040655434132
0.0005565467290580273
-0.0026221300940960646
-0.017860379070043564
0.010908315889537334
0.001428734976798296
0.030377911403775215
0.01810207962989807
-0.009076482616364956
-0.0020306005608290434
-0.014171269722282887
-0.013446168974041939
0.024119146168231964
-0.0041089048609137535
-0.008866584859788418
-0.02829165570437908
0.008796618320047855
0.01793670654296875
0.0033042975701391697
-0.010927397757768631
0.014540181495249271
-0.029792742803692818
0.018636364489793777
-0.01004964392632246
0.020251940935850143
0.013089979067444801
0.010901955887675285
-0.009292740374803543
-0.012943686917424202
-0.01999751850962639
-0.00734641682356596
0.0149472551420331
0.007619919721037149
0.006401877850294113
-0.0095408009365201
-0.0014327103272080421
-0.03905367851257324
-0.004744958598166704
0.008376823738217354
-0.028596961870789528
-0.03218430280685425
-0.010793826542794704
0.017466027289628983
-0.011487124487757683
-0.016944462433457375
0.02432268299162388
0.018712691962718964
-0.02242724411189556
-0.004719516262412071
0.01221222523599863
-0.012110456824302673
-0.01981942355632782
0.016817253082990646
0.0030912195798009634
0.027986349537968636
0.03857027739286423
0.0015837730607017875
-0.013560659252107143
-0.00022798539430368692
0.02453894168138504
0.014387528412044048
0.005600450094789267
0.014247596263885498
-0.0013508184347301722
-0.010265901684761047
-0.013738754205405712
0.0009572603739798069
-0.01816568523645401
0.004913512617349625
0.014489296823740005
0.02648526430130005
-0.025874653831124306
0.07133974879980087
0.01016413327306509
-0.019272418692708015
0.015443377196788788
-0.007982470095157623
0.012428483925759792
-0.01839466392993927
-0.005670416168868542
-0.0033551817759871483
0.018712691962718964
0.011340832337737083
-0.007511790841817856
0.009070121683180332
-0.036636676639318466
-0.009012877009809017
0.006843934766948223
-0.017402421683073044
0.01690630055963993
0.02049364149570465
0.012333075515925884
0.04139435663819313
0.016639158129692078
0.0020576328970491886
0.0009930384112522006
-0.02869872935116291
-0.004888070281594992
0.032082535326480865
-0.014603786170482635
-0.012097735889256
-0.021256905049085617
-0.01764412224292755
0.0032597738318145275
-0.0387229323387146
-0.019959356635808945
0.008014272898435593
-0.015049023553729057
-0.004538241308182478
-0.02984362654387951
-0.004830825608223677
0.012721068225800991
-0.009687093086540699
0.017300652340054512
-0.022516291588544846
-0.03622960299253464
-0.006366894580423832
0.0001455965975765139
-0.0007982470560818911
-0.000653544906526804
-0.00224844878539443
