0.007075426634401083
-0.0005081442650407553
0.02750411257147789
-0.003971887286752462
-0.02296297624707222
0.010928317904472351
-0.03838740661740303
-0.015347243286669254
-0.019643956795334816
-0.026191942393779755
-0.01130781788378954
0.027298282831907272
-0.020647382363677025
0.00637753214687109
-0.010098563507199287
0.0024024290032684803
0.03720387816429138
-0.019219432026147842
0.01542443037033081
-0.01406080275774002
-0.009198054671287537
-0.005618532188236713
-0.002236799569800496
-0.004068370442837477
-0.02125200815498829
-0.0006677433848381042
0.011809530667960644
-0.027658486738801003
-0.030385741963982582
-0.007776536978781223
0.0018637316534295678
0.00897935964167118
-0.004435006063431501
-0.01923229545354843
-0.011056962423026562
0.0014585027238354087
-0.004595811013132334
0.01307024247944355
0.007358443923294544
0.02105904184281826
0.024262281134724617
0.007139748893678188
0.007204070687294006
-0.010059970431029797
-0.01025936845690012
0.019734008237719536
-0.018190279603004456
-0.016003329306840897
-0.027890045195817947
0.024210823699831963
0.018936414271593094
0.03138916566967964
-0.03568587824702263
0.013134565204381943
-0.043610356748104095
-0.0031324843876063824
-0.006551201920956373
0.015810362994670868
-0.005184357985854149
-0.028558995574712753
0.019373804330825806
-0.0060912990011274815
-0.0042709847912192345
0.011423598043620586
0.008554833941161633
0.015578802675008774
-0.019077923148870468
-0.00011547820031410083
-0.01257496327161789
-0.0032418319024145603
0.005837227217853069
0.016929566860198975
-0.0006802057614549994
0.0074163335375487804
0.04708374664187431
0.0100278090685606
-0.011005504988133907
-0.03133770823478699
0.009532528929412365
0.015758905559778214
0.0058726039715111256
-0.023567603901028633
-0.013906429521739483
0.019360940903425217
0.010458767414093018
0.00866418145596981
0.024300875142216682
0.007918045856058598
-0.018640533089637756
-0.02222970500588417
-0.010561682283878326
0.012150437571108341
0.0038657558616250753
0.014382412657141685
-0.010812538675963879
0.015167142264544964
-0.01389356516301632
0.012735768221318722
-0.02234548330307007
-0.03195520117878914
0.00042130949441343546
-0.005879036150872707
-0.020660245791077614
-0.0013990048319101334
-0.027118179947137833
0.013957886956632137
-0.010124292224645615
0.005888684652745724
0.014588243328034878
-0.040342796593904495
-0.002207854762673378
0.030462928116321564
-0.008445486426353455
-0.004644052591174841
0.03084886074066162
-0.020094212144613266
0.00458294665440917
-0.026281993836164474
-0.007107587531208992
-0.0006528689409606159
0.032907165586948395
0.003087458899244666
0.01085113175213337
-0.0034155014436692
0.033807676285505295
0.005206870846450329
-0.02077602595090866
-0.010741784237325191
-0.029356587678194046
-0.005448078736662865
-0.00532908271998167
-0.007094723172485828
-0.003721031127497554
0.004316010046750307
0.010999072343111038
0.01659509167075157
-0.010445903055369854
0.014099395833909512
-0.019180838018655777
-0.017392685636878014
0.02570309489965439
0.024004992097616196
0.00780869834125042
-0.03192947059869766
0.014613972045481205
0.006753816269338131
0.03874760866165161
0.024995552375912666
0.012504208832979202
0.009005088359117508
0.024172229692339897
-0.038361676037311554
0.013288937509059906
-0.003576306626200676
0.032444048672914505
-0.011809530667960644
0.00866418145596981
0.023117348551750183
0.01080610603094101
-0.0028478591702878475
-0.0028510752599686384
-0.003737111808732152
-0.002291473327204585
0.009339563548564911
0.00944247841835022
0.019489584490656853
0.01597760058939457
0.006155621260404587
0.007371308282017708
0.005155412945896387
0.017907261848449707
0.01660795696079731
-0.017675701528787613
0.01443387009203434
-0.009159461595118046
0.014318090863525867
0.006454718764871359
0.007911613211035728
0.003021528711542487
-0.020209992304444313
-0.025304298847913742
0.012941598892211914
0.0194381270557642
0.018640533089637756
-0.03167218342423439
0.02442951872944832
0.007442062254995108
0.0011521689593791962
-0.007184774149209261
0.0012092547258362174
0.03316445276141167
0.01179666630923748
0.0072748251259326935
-0.008027393370866776
-0.6430147886276245
-0.0036953024100512266
-0.008554833941161633
0.00862558837980032
0.008342571556568146
0.014125124551355839
0.01925802417099476
0.02531716227531433
-0.0179715845733881
-0.022937247529625893
0.009545394219458103
0.008599859662353992
-0.0008108599577099085
0.000723221164662391
-0.00721693504601717
-0.036972321569919586
0.007622164208441973
-0.027992960065603256
0.016119107604026794
-0.02487977221608162
-0.00939745269715786
0.01319888699799776
-0.016479311510920525
0.010079266503453255
-0.014318090863525867
-0.008677045814692974
-0.005271192640066147
-0.007397036999464035
0.003952590748667717
0.006564066279679537
-0.017740024253726006
0.028558995574712753
0.008728503249585629
0.013102403841912746
0.046157509088516235
0.020930398255586624
-0.019862651824951172
0.01660795696079731
0.0243394672870636
0.02159934863448143
0.005393404979258776
0.006544769741594791
-0.005544561427086592
0.002590571064502001
0.03205811604857445
0.00123015942517668
0.026024704799056053
-0.026281993836164474
-0.008805690333247185
0.029819706454873085
-0.011153445579111576
0.010831834748387337
0.02014566957950592
-0.005493103992193937
0.0031807259656488895
-0.010580979287624359
0.004557217936962843
-0.002719215117394924
-0.0004317618440836668
0.019463855773210526
0.007088290993124247
-0.0010589018929749727
-0.012144004926085472
-0.016993887722492218
-0.018023042008280754
0.006052705924957991
-0.013854972086846828
-0.029845435172319412
0.009583987295627594
-0.03259842097759247
-0.006094515323638916
0.023554738610982895
0.009037249721586704
-0.018113091588020325
0.003291681408882141
0.00039718873449601233
0.015514480881392956
-0.008381164632737637
-0.004746967926621437
0.007982367649674416
-0.020107075572013855
-0.03257269039750099
-0.021110501140356064
0.024197958409786224
0.0152957858517766
-0.0528470054268837
-0.014485328458249569
-0.006888892501592636
-0.0072426642291247845
0.026449231430888176
-0.017006753012537956
0.013957886956632137
0.006531905382871628
-0.019811194390058517
-0.000943122198805213
0.027246825397014618
0.010175749659538269
-0.01429236214607954
0.018589075654745102
-0.0032177111133933067
0.011835259385406971
-0.030437199398875237
0.010137156583368778
-0.0040973154827952385
0.026346316561102867
0.0050010401755571365
0.003685654141008854
0.011333547532558441
0.036715030670166016
-0.011140581220388412
0.0016900621121749282
-0.0031292682979255915
-0.017109667882323265
-0.015167142264544964
-0.029896894469857216
-0.02696380764245987
0.017997313290834427
0.007789401337504387
0.025844603776931763
-0.038901980966329575
0.007802266161888838
-0.010671029798686504
0.020891806110739708
-0.016376396641135216
-0.028816282749176025
0.027349740266799927
-0.018138820305466652
-0.00018532793910708278
0.0042484719306230545
-0.019116517156362534
0.014279497787356377
-0.0047662644647061825
0.01533437892794609
-0.004435006063431501
0.013970751315355301
-0.010535953566432
0.027452655136585236
0.007081858813762665
0.008136740885674953
-0.014176581986248493
-0.012632852420210838
-0.030797403305768967
0.0046151080168783665
0.0034251497127115726
-0.02095612697303295
-0.019026465713977814
-0.018923550844192505
-0.00410374766215682
-0.024918366223573685
0.015668854117393494
-0.004618323873728514
-0.00036100755096413195
-0.04013696685433388
-0.002141924574971199
-0.003214495023712516
-0.00789231713861227
-0.0043031456880271435
-0.0024892636574804783
-0.03128625079989433
-0.010741784237325191
0.011082691140472889
-0.02113622985780239
-0.02234548330307007
0.014112260192632675
-0.02213965356349945
0.006165269296616316
0.014974175952374935
0.0058726039715111256
0.002572882454842329
-0.05433927848935127
0.01786866784095764
0.01788153313100338
0.007930910214781761
0.027118179947137833
0.039262186735868454
0.001414281316101551
-0.022178245708346367
0.007827994413673878
-0.01615770161151886
-0.009828411042690277
-0.0012832251377403736
-0.002751376247033477
-0.010420173406600952
-0.015861820429563522
-0.003991183824837208
0.009069410152733326
0.013752056285738945
0.0076478929258883
-0.004508976358920336
0.008368300274014473
0.007461358793079853
0.009423181414604187
-0.026217671111226082
0.010214343667030334
-0.004846667405217886
0.015089955180883408
0.009358859620988369
-0.008503376506268978
0.0032530880998820066
0.004589378833770752
0.0055638584308326244
0.008638452738523483
0.03612326830625534
-0.01615770161151886
0.0021740857046097517
-0.012619988061487675
0.008927902206778526
0.0016426246147602797
0.05289846286177635
0.004772697109729052
0.017649972811341286
-0.007918045856058598
-0.027709944173693657
-0.01389356516301632
-0.004032993223518133
0.022551314905285835
0.014601107686758041
0.0015815186779946089
-0.010085699148476124
0.018949279561638832
-0.0019473503343760967
-0.013250344432890415
0.009468207135796547
-0.004631188232451677
-0.011635860428214073
0.022384077310562134
-0.0027465519960969687
-0.01456251461058855
-0.002823738381266594
-0.013649141415953636
0.004637620411813259
-0.0021740857046097517
-0.005287273321300745
0.013880700804293156
0.016993887722492218
0.01651790551841259
0.026474960148334503
-0.0024571027606725693
0.03694659098982811
0.000436987989814952
0.020119940862059593
0.029613876715302467
-0.010876860469579697
-0.011951038613915443
0.03005126677453518
0.010317258536815643
0.015321514569222927
-0.020647382363677025
-0.010651732794940472
-0.00347339129075408
-0.013533361256122589
0.0041616372764110565
-0.015578802675008774
-0.017276905477046967
-0.002196598332375288
-0.005801849998533726
0.018177414312958717
0.0197726022452116
-0.0004908576956950128
0.022744281217455864
-0.008657749742269516
0.010291529819369316
-0.0007119647925719619
0.021264873445034027
-0.008246088400483131
0.0007284473394975066
-0.01633780263364315
-0.020750297233462334
-0.03120906464755535
-0.02406931482255459
-0.006593011319637299
-0.032804250717163086
-0.0009407101315446198
0.012105411849915981
0.0005077422829344869
0.013597683981060982
0.0033190182875841856
0.0012695566983893514
0.010921886190772057
0.009513232856988907
-0.036998048424720764
-0.03486255556344986
0.013314666226506233
0.023850619792938232
-0.007667189463973045
-0.010002080351114273
-0.023837756365537643
-0.008767097257077694
-0.019901245832443237
0.023541873320937157
-0.008915037848055363
0.007397036999464035
0.0029170054476708174
-0.004245256073772907
0.004013696685433388
-0.01171304751187563
0.017354091629385948
-0.00733271474018693
0.01707107573747635
0.0108446991071105
-0.004640836734324694
-0.004791993647813797
-0.03722960874438286
-0.005116819869726896
0.05238388478755951
0.01833178661763668
-0.048318732529878616
0.021818043664097786
0.015141412615776062
-0.014575378969311714
-0.0011682494077831507
0.011224200017750263
-0.008451919071376324
0.021367788314819336
0.02840462140738964
0.009294537827372551
0.02858472429215908
0.004049073904752731
0.027735672891139984
-0.00721693504601717
0.01189314853399992
0.00204061740078032
-0.007866588421165943
0.004599027335643768
0.02606329880654812
0.0012293553445488214
-0.014806938357651234
0.028970656916499138
0.006072002463042736
-0.008027393370866776
-0.013121699914336205
-0.02940804697573185
0.005168277770280838
0.0011256360448896885
0.0018556914292275906
-0.004634404554963112
0.002305945847183466
0.004952798597514629
0.010330122895538807
0.020711703225970268
0.0031003232579678297
-0.013777785003185272
0.007094723172485828
0.009905597195029259
0.02768421545624733
-0.018460432067513466
0.02660360373556614
0.00870920717716217
0.013102403841912746
0.013623412698507309
0.02987116575241089
0.004692294169217348
-0.004087666980922222
-0.03756408393383026
-0.011449326761066914
0.009461775422096252
0.02940804697573185
-0.006509392522275448
-0.009294537827372551
0.018550481647253036
0.01851188950240612
0.03609754145145416
-0.004045857582241297
-0.003140524495393038
0.033627573400735855
0.014369548298418522
0.009545394219458103
-0.004907773341983557
0.018769176676869392
-0.01732836291193962
0.0021435327362269163
0.02295011095702648
-0.018859228119254112
-0.013790649361908436
0.010812538675963879
0.027246825397014618
0.0035634422674775124
0.021161958575248718
0.0037853531539440155
0.025381485000252724
0.009699766524136066
0.03288143873214722
-0.013417582027614117
-0.018383244052529335
-0.004795209504663944
-0.03437370806932449
0.00429028132930398
-0.015167142264544964
-0.015733176842331886
0.003466959111392498
0.009789817966520786
0.00939745269715786
-0.02615335024893284
0.007725079543888569
0.018679127097129822
-0.05475093796849251
-0.019991297274827957
-0.005788985639810562
-0.010999072343111038
0.02023572102189064
0.016852380707859993
-0.006512608844786882
-0.007094723172485828
0.01641499064862728
-0.021689398214221
-0.011011936701834202
0.013520496897399426
-0.01798444800078869
-0.015115683898329735
0.018820634111762047
-0.028173062950372696
-0.011880284175276756
0.009912029840052128
0.0002158809220418334
-0.028095876798033714
-0.009564690291881561
-0.013057378120720387
-0.009391020983457565
-0.019103651866316795
0.01978546567261219
0.02606329880654812
0.023644790053367615
0.017379820346832275
-0.02060878835618496
-0.0026870539877563715
-0.007319850381463766
-0.02840462140738964
-0.006612307857722044
0.02523997612297535
-0.0005768885021097958
-0.005168277770280838
0.009809114038944244
-0.02442951872944832
-0.006557634100317955
0.012491344474256039
-0.005904765333980322
0.007081858813762665
0.005843659397214651
0.007731511723250151
0.015951871871948242
-0.022306891158223152
0.03704950585961342
0.019901245832443237
-8.718654135009274e-05
0.007937341928482056
-0.05845588818192482
0.00780869834125042
0.011050529778003693
-0.014459598809480667
0.02660360373556614
-0.002717606956139207
-0.011056962423026562
0.012504208832979202
0.002328458707779646
0.00862558837980032
0.037641268223524094
-0.016312073916196823
-0.03151781111955643
-0.01698102429509163
-0.01156510692089796
0.0023702678736299276
0.0075771389529109
-0.017083939164876938
0.007673621643334627
-0.009403885342180729
0.004965662956237793
-0.004084450658410788
-0.02231975458562374
0.026809435337781906
-0.022538449615240097
-0.01542443037033081
-0.0067666806280612946
-0.013816379010677338
0.018820634111762047
-0.00952609721571207
0.008548402227461338
-0.011134148575365543
-0.0028526834212243557
-0.007937341928482056
-0.02442951872944832
0.011359276250004768
-0.0005853307666257024
0.01770143024623394
0.0011224199552088976
0.008111012168228626
-0.009339563548564911
-0.0014207134954631329
0.0005644260672852397
-0.004901341162621975
0.0032707767095416784
-0.024635348469018936
-0.029896894469857216
-0.028996385633945465
0.019489584490656853
0.009326699189841747
0.0028993168380111456
0.0032756009604781866
-0.00628426531329751
-0.010799674317240715
0.04590022191405296
-0.016916701570153236
-0.016299210488796234
-0.01996556669473648
-0.008837850764393806
-0.003663141280412674
0.020364364609122276
-0.025072738528251648
0.0055960193276405334
-0.022165382280945778
-0.008065986447036266
0.006338939070701599
0.003795001655817032
-0.008998656645417213
-0.0009109611855819821
0.0430443212389946
-0.020274313166737556
0.00659944349899888
9.196044265991077e-05
0.0045604342594742775
-0.0015951871173456311
0.003965455107390881
-0.03329309821128845
0.014961311593651772
0.02340036630630493
-0.0009350819746032357
-0.014652565121650696
-0.03468245640397072
0.011294953525066376
-0.015758905559778214
0.014896988868713379
0.01605478674173355
-0.020171398296952248
0.011725911870598793
-0.010439470410346985
-0.012761496938765049
-0.023027297109365463
-0.014922717586159706
0.021535025909543037
0.0076607572846114635
-0.0006379944388754666
0.0048273708671331406
0.022011009976267815
-0.014511057175695896
-0.0034058531746268272
0.013764920644462109
-0.030514385551214218
0.03776991367340088
0.007898748852312565
0.029536690562963486
0.024982688948512077
-0.007519248872995377
-0.010143589228391647
0.007409901358187199
0.03159499540925026
-0.04039425402879715
0.014099395833909512
0.0030488655902445316
0.007956638932228088
0.005171493627130985
0.016942430287599564
0.0495794452726841
-0.02258990705013275
-0.005711799021810293
0.0006404065061360598
0.012034657411277294
0.014511057175695896
-0.02159934863448143
0.006509392522275448
-0.012555666267871857
0.0419122539460659
-0.01130781788378954
0.011018369346857071
-0.024918366223573685
-0.001546945539303124
-0.017637109383940697
0.05439073592424393
0.012137573212385178
-0.0047341035678982735
0.004791993647813797
-0.005650693085044622
-0.008561266586184502
-0.019926974549889565
-0.022075330838561058
-0.002420117612928152
-0.004978527314960957
0.02686089277267456
-0.012819387018680573
-0.0015461415750905871
-0.006650900933891535
-0.01771429553627968
0.010143589228391647
-0.003441230161115527
-0.01156510692089796
0.02015853300690651
-0.0060366252437233925
-0.00082493043737486
0.0215221606194973
0.013250344432890415
-0.010330122895538807
0.005817930214107037
-0.00948750413954258
-0.024262281134724617
0.012459183111786842
0.00816246960312128
-0.020467279478907585
0.02186950109899044
-0.01851188950240612
-0.015282921493053436
-0.007680053822696209
-0.02233261987566948
-0.012053954415023327
-0.010137156583368778
0.02386348508298397
-0.017649972811341286
-0.006133108399808407
-0.013276073150336742
-0.0041069635190069675
0.017045345157384872
0.0017173989908769727
0.0050557139329612255
0.031440623104572296
0.03159499540925026
-0.0344766229391098
-0.018936414271593094
-0.01840897463262081
-0.008786393329501152
0.01570744626224041
0.024172229692339897
0.01175164058804512
-0.006506176199764013
0.027375468984246254
-0.012176166288554668
-0.01777861826121807
-0.009075842797756195
-0.005792201496660709
-0.0038078660145401955
-0.013919293880462646
-0.010104996152222157
0.019991297274827957
-0.0014713670825585723
0.004714807029813528
0.015733176842331886
0.00035477636265568435
-0.00038110819878056645
-0.014742616564035416
-0.029819706454873085
0.005242248065769672
-0.024583891034126282
0.02606329880654812
-0.011558674275875092
0.03674076125025749
-0.01807449944317341
-0.03903062641620636
0.005827578715980053
0.01034298725426197
0.004978527314960957
-0.006316426210105419
0.011635860428214073
-0.019463855773210526
-0.015450159087777138
-0.028018688783049583
0.020107075572013855
-0.013674870133399963
-0.015360107645392418
-0.0031549970153719187
0.0028800202999264
0.02668078988790512
0.032444048672914505
-0.009783385321497917
-0.0007967895362526178
-0.004808073863387108
-0.01789439655840397
-0.017932990565896034
0.005210086703300476
-0.01851188950240612
0.04983673244714737
0.005663557443767786
-0.02024858444929123
-0.01389356516301632
-0.006869595963507891
-0.04196371138095856
0.02378629706799984
0.02442951872944832
0.04973381757736206
0.018177414312958717
-0.005978735629469156
0.00037909814273007214
0.01870485581457615
-0.013970751315355301
0.006274616811424494
-0.04474242404103279
-0.017109667882323265
-0.03751262649893761
-0.00567642180249095
-0.01852475292980671
-0.01038801297545433
-0.01034298725426197
-0.008387596346437931
0.043533168733119965
-0.009899165481328964
0.016453582793474197
0.015372972935438156
-0.016106244176626205
-0.029433775693178177
0.004460734780877829
0.023310314863920212
0.0023477552458643913
0.004222743213176727
0.0012237272458150983
-0.002762632444500923
0.012272649444639683
0.019579635933041573
-0.014485328458249569
-0.017405549064278603
0.0005833206814713776
0.03087458945810795
-0.0007461358909495175
0.02060878835618496
-0.00659944349899888
-0.005120036192238331
0.0018540833843871951
-0.01034941989928484
0.0030006240122020245
-0.035454317927360535
-0.009153028950095177
0.0023734839633107185
-0.0005941750132478774
-0.03686940670013428
-0.022911518812179565
0.018846362829208374
-0.03439943864941597
0.0067023588344454765
0.015463023446500301
-0.02279573865234852
0.0009712630999274552
0.004663349594920874
-0.019811194390058517
-0.011854555457830429
-0.039776761084795
-0.017907261848449707
0.008387596346437931
-0.008143172599375248
0.008014529012143612
0.02113622985780239
-0.022486992180347443
0.010214343667030334
-0.0020116723608225584
-0.00043336988892406225
-0.016672277823090553
-0.009596851654350758
0.0018749880837276578
-0.04085737466812134
0.0152957858517766
-0.02014566957950592
-0.0064032613299787045
0.020853212103247643
-0.0014480503741651773
0.01816454902291298
-0.028919197618961334
0.008001664653420448
0.1983177810907364
-0.028790554031729698
-0.00489812484011054
0.010979775339365005
-0.008020960725843906
0.03277852386236191
0.028842011466622353
0.0068117063492536545
-0.00382394646294415
-0.002035793149843812
0.012742199935019016
-0.021354924887418747
-0.030179910361766815
0.010902589187026024
0.011854555457830429
-0.0036181157920509577
-0.03813011571764946
-0.01425376906991005
0.010503792203962803
-0.006612307857722044
0.027118179947137833
0.013559089973568916
-0.008535537868738174
-0.012272649444639683
0.029099300503730774
0.008168901316821575
-0.0025519777555018663
0.003047257661819458
0.03542859107255936
-0.0041294763796031475
-0.026114756241440773
0.011616564355790615
-0.005460943095386028
-0.01552734524011612
-0.020197127014398575
0.0022834332194179296
0.01406080275774002
-0.014909853227436543
0.006207078695297241
0.010709622874855995
0.023580467328429222
-0.01357195433229208
0.0051425485871732235
-0.030360013246536255
-0.0039879679679870605
0.06293270736932755
0.005544561427086592
-0.003676005871966481
0.012394861318171024
-0.00399761600419879
-0.010535953566432
0.042323917150497437
0.03259842097759247
0.005348379258066416
0.009957054629921913
0.02822452038526535
0.006049489602446556
-0.011989631690084934
0.018653398379683495
-0.006155621260404587
-0.016363531351089478
0.016903838142752647
-0.007313418202102184
0.03614899888634682
-0.013366124592721462
0.01716112531721592
-0.02442951872944832
-0.025548722594976425
-0.018370380625128746
-0.023670518770813942
-0.013970751315355301
-0.01923229545354843
-0.0016852379776537418
0.012703606858849525
-0.01156510692089796
-0.020814618095755577
0.013089539483189583
0.009564690291881561
0.012922301888465881
0.04546283185482025
-0.020029889419674873
-0.0059497905895113945
-0.012092547491192818
-0.015643125399947166
0.011417165398597717
-0.03149208053946495
0.014819802716374397
-0.013237480074167252
0.0008418149664066732
-0.03241831809282303
-0.010973343625664711
0.0017752888379618526
0.009101571515202522
-0.015192870981991291
0.010021377354860306
0.002141924574971199
-0.0004948778660036623
0.018125956878066063
-0.0214063823223114
-0.00556064210832119
-0.0072426642291247845
0.013790649361908436
0.021380653604865074
0.012626420706510544
-0.010285097174346447
0.005850091576576233
-0.025072738528251648
-0.016093378886580467
0.01334039494395256
-0.012491344474256039
0.009075842797756195
-0.02197241596877575
0.01080610603094101
-0.011378572322428226
-0.0233231782913208
0.0032852492295205593
0.004933502059429884
-0.00710115535184741
0.013520496897399426
-0.004383548628538847
-0.0051103876903653145
0.011996064335107803
-0.02014566957950592
0.020531602203845978
-0.0064354222267866135
-0.012446318753063679
-0.05691215768456459
0.032907165586948395
-0.021856635808944702
-0.00998921599239111
0.01189314853399992
-0.022023873403668404
0.02814733423292637
0.01343044638633728
0.005271192640066147
-0.014536785893142223
-0.012227623723447323
0.0040426417253911495
0.013996480032801628
-0.0009439262212254107
0.0368436761200428
-0.025252841413021088
-4.6256605855887756e-05
0.0026999185793101788
0.00587582029402256
-0.030823132023215294
0.0063260747119784355
0.011224200017750263
-0.0067345197312533855
-0.012555666267871857
-0.00123015942517668
-0.04667208716273308
-0.021663669496774673
-0.031723640859127045
0.014137988910079002
0.013469039462506771
-0.029845435172319412
-0.0030263529624789953
-0.009513232856988907
0.012285513803362846
-0.027941502630710602
-0.008419757708907127
0.029562419280409813
-0.0068438672460615635
0.019129380583763123
0.004547569900751114
-0.16013620793819427
0.014716887846589088
0.0031582131050527096
-0.0005917629459872842
-0.0012261392548680305
-0.004576514475047588
0.03550577908754349
0.01139786932617426
-0.007930910214781761
0.006695926655083895
-0.014279497787356377
-0.0020454414188861847
-0.028250249102711678
-0.03939082846045494
-0.008284681476652622
-0.0018380029359832406
-0.03442516550421715
0.006197430659085512
0.027298282831907272
0.010323691181838512
0.02077602595090866
-0.016170566901564598
-0.010265801101922989
0.010220775380730629
-0.007982367649674416
-0.01942526176571846
-0.010754648596048355
0.0012036265106871724
-0.0115200811997056
-0.0008820162620395422
0.01641499064862728
0.015347243286669254
0.031183334067463875
-0.008065986447036266
-0.007802266161888838
-0.001310562016442418
-0.018447566777467728
-0.009867004118859768
-0.02449384145438671
0.01923229545354843
0.013854972086846828
0.03205811604857445
0.009307402186095715
-0.025908926501870155
0.013102403841912746
0.002945950487628579
0.031620725989341736
-0.003772488795220852
0.016762329265475273
-0.009069410152733326
0.02060878835618496
-0.011758072301745415
-0.002987759653478861
-0.021097635850310326
0.005499536171555519
-0.009037249721586704
0.010876860469579697
0.0035087685100734234
0.009493935853242874
0.0042709847912192345
0.0036148997023701668
-0.007461358793079853
-0.003930077888071537
0.026449231430888176
0.013957886956632137
-0.0198883805423975
-0.015450159087777138
0.009005088359117508
-0.035068389028310776
0.017186854034662247
-0.010162885300815105
-0.012073250487446785
0.011590835638344288
-0.01406080275774002
0.0015943830367177725
-0.003946158569306135
0.0018219223711639643
0.02576741762459278
-0.009146597236394882
-0.02143211103975773
-0.00944247841835022
0.03702377900481224
-0.0004450282431207597
-0.010227208025753498
-0.01456251461058855
-0.002277001040056348
-0.00703040137887001
0.012555666267871857
0.0060848668217659
0.01596473529934883
-0.008413325063884258
-0.045076899230480194
-0.006760248448699713
0.01443387009203434
-0.005187574308365583
0.011803098022937775
-0.0019039330072700977
-0.0039815353229641914
0.0024763992987573147
-0.0059819514863193035
0.026166213676333427
0.008406893350183964
-0.008426190353929996
-0.008297545835375786
0.038618966937065125
-0.027890045195817947
0.00678597716614604
0.015360107645392418
0.025741688907146454
0.005348379258066416
-0.0076607572846114635
0.013533361256122589
0.01795871928334236
0.01605478674173355
0.016569362953305244
0.016003329306840897
-0.01689097285270691
-0.00041447527473792434
0.021766584366559982
-0.02222970500588417
0.057323820888996124
-0.011140581220388412
-0.012665013782680035
-0.011835259385406971
-0.011050529778003693
-0.021727992221713066
-0.10517943650484085
-0.03421933576464653
0.011880284175276756
0.03439943864941597
0.007287689484655857
0.01833178661763668
0.002526249038055539
0.008767097257077694
-0.008972926996648312
0.011327114887535572
-0.030179910361766815
-0.002294689416885376
0.006264968775212765
0.020441550761461258
-0.011880284175276756
0.04173215106129646
0.020994720980525017
-0.002288257237523794
-0.024545298889279366
0.01479407399892807
0.009275240823626518
0.005788985639810562
-0.023078754544258118
-0.004332090727984905
-0.008226791396737099
0.01860193908214569
-0.03957093134522438
0.01107625849545002
0.030282825231552124
-0.009661173447966576
-0.024828314781188965
-0.015501616522669792
0.0003726659342646599
-0.008715638890862465
0.01852475292980671
-0.009468207135796547
-0.019399533048272133
-0.013276073150336742
0.03102896176278591
-0.022911518812179565
0.007879452779889107
0.01878204196691513
0.028610453009605408
-0.019450990483164787
0.002762632444500923
-0.008503376506268978
-0.013237480074167252
0.0059176296927034855
0.010941182263195515
-0.03527421876788139
-0.04494825750589371
-0.026346316561102867
-0.044073477387428284
-0.0021660453639924526
0.011500784195959568
0.02768421545624733
-0.002550369594246149
-0.0007513620657846332
-0.00908227451145649
-0.027658486738801003
-0.0012317674700170755
-0.001304933801293373
-0.01743127778172493
0.020724568516016006
0.004222743213176727
-0.010883292183279991
-0.0049463664181530476
-0.022203974425792694
0.0017559922998771071
0.02125200815498829
-0.005451294593513012
0.007834427058696747
0.016479311510920525
0.003312586108222604
-0.0074484944343566895
0.025986112654209137
-0.02296297624707222
-0.007821562699973583
-0.0024683589581400156
-0.003460526932030916
-0.0027272554580122232
-0.008432622067630291
-0.00145769864320755
-0.022203974425792694
0.021933821961283684
0.009686902165412903
0.017225448042154312
-0.003955806605517864
0.0025568020064383745
-0.01851188950240612
-0.006573714781552553
0.026886621490120888
0.0029748952947556973
0.011918878182768822
0.01632493920624256
0.007358443923294544
0.015257192775607109
-0.005689286161214113
-0.009178757667541504
0.011918878182768822
-0.02295011095702648
0.004383548628538847
-0.053155750036239624
-0.009423181414604187
0.0069532147608697414
-0.0071333167143166065
-0.0022175030317157507
0.008824986405670643
0.024210823699831963
-0.014909853227436543
0.009899165481328964
0.0065544177778065205
-0.004332090727984905
0.0047341035678982735
-0.01933521218597889
0.0049688792787492275
-0.014871260151267052
-0.0037017345894128084
0.019399533048272133
-0.017354091629385948
0.012716471217572689
0.02186950109899044
0.005007472354918718
-0.005396620836108923
0.013108835555613041
0.016505040228366852
-0.01795871928334236
0.0074484944343566895
-0.012497776187956333
-0.0021724775433540344
-0.0055188327096402645
0.015218599699437618
-0.0021628292743116617
-0.015051362104713917
-0.006551201920956373
0.014498192816972733
-0.00916589330881834
-0.00726196076720953
0.015089955180883408
0.03478537127375603
0.01905219443142414
0.06339582055807114
-0.01552734524011612
-0.017457006499171257
0.04520554468035698
1.4083013411436696e-05
-0.02514992654323578
0.004016912542283535
-0.0025487616658210754
0.006030193064361811
0.018293194472789764
-0.0031131876166909933
0.030462928116321564
0.017907261848449707
0.01261355634778738
-0.03319018334150314
-0.01261355634778738
-0.0002816100313793868
0.011822395026683807
0.02122627943754196
-0.00124784791842103
-0.0006777936941944063
0.03591743856668472
-0.0026146918535232544
-0.009731927886605263
0.019013600423932076
0.0020116723608225584
-0.01198319997638464
0.00010643291170708835
-0.0024249416310340166
-0.017032481729984283
-0.024558162316679955
-0.0016281522111967206
0.003762840526178479
0.010426606051623821
0.011629428714513779
0.02668078988790512
-0.01229837816208601
-1.8957420252263546e-05
-0.0015646341489627957
-0.006383964326232672
0.028739096596837044
-0.016762329265475273
0.015630260109901428
-0.027272554114460945
0.024558162316679955
0.01860193908214569
-0.001627348130568862
0.012086114846169949
-0.011745207943022251
-0.03457954153418541
0.016826650127768517
0.0025568020064383745
0.019631093367934227
0.004602243658155203
0.02042868733406067
-0.012047521770000458
0.018447566777467728
0.011912445537745953
-0.03455381095409393
0.01623488776385784
0.01252350490540266
0.020904669538140297
-0.0123369712382555
0.0046794298104941845
-0.016016192734241486
-0.020351499319076538
0.00442857388406992
-0.05009401962161064
-0.03303581103682518
-0.02948523312807083
0.009300969541072845
-0.0041616372764110565
0.0017286554211750627
0.04656917229294777
0.00721693504601717
-0.01979833096265793
-0.020724568516016006
0.002826954470947385
-0.017855804413557053
-0.025831740349531174
-0.0036727895494550467
-0.015488752163946629
0.021123364567756653
0.03396204859018326
0.0011803098022937775
0.00202936097048223
-0.010941182263195515
0.02504700981080532
-0.006753816269338131
0.0010540777584537864
0.006457935087382793
-0.0014930758625268936
-0.004843451082706451
-0.025574451312422752
-0.005740744061768055
-0.019386669620871544
-0.015591667033731937
0.023914942517876625
0.026835164055228233
-0.007853723131120205
0.08881589770317078
0.002455494599416852
-0.01452392153441906
0.011577971279621124
0.0033769081346690655
-0.0021081555169075727
-0.008535537868738174
-0.017302634194493294
-0.021007584407925606
0.010535953566432
0.014073667116463184
-0.02267995849251747
0.00492063770070672
-0.037538353353738785
-0.017830075696110725
-0.010040673427283764
-0.004997824318706989
0.03542859107255936
-0.011725911870598793
0.0194381270557642
0.051226090639829636
0.0022705686278641224
0.012420590035617352
0.005226167384535074
-0.03566015139222145
0.00984127540141344
0.032984353601932526
-0.004142340738326311
-0.02460961975157261
-0.019746871665120125
-0.0008498552488163114
-0.006882460322231054
-0.04005977883934975
-0.016196295619010925
-0.012195462360978127
-0.016865244135260582
-0.004660133272409439
-0.03620045632123947
-0.01779148168861866
0.007512816693633795
0.013957886956632137
0.016402125358581543
-0.022564178332686424
-0.043610356748104095
-0.01680092141032219
-0.006586579140275717
-0.026179078966379166
0.007319850381463766
-0.029742520302534103
