0.0046208687126636505
-0.014344615861773491
0.013142804615199566
-0.01060421857982874
-0.024614641442894936
0.01935751922428608
-0.05537329986691475
-0.012776476331055164
-0.01611841283738613
-0.021953945979475975
-0.004627295304089785
0.024614641442894936
-0.0022300994023680687
0.018419206142425537
-0.0015239547938108444
0.014203226193785667
0.028920596465468407
-0.016812507063150406
0.008181314915418625
0.005520620383322239
-0.01715955324470997
0.010938412509858608
-0.003637568326666951
-0.012660793960094452
-0.015604267828166485
0.016761092469096184
0.011966699734330177
-0.026838313788175583
-0.00872759334743023
-0.003775744466111064
-0.00879186112433672
-0.005861240904778242
-0.0027603101916611195
-0.004328449256718159
-0.012075955979526043
0.00322625320404768
0.01115692313760519
0.006812407169491053
0.01805930584669113
0.022532356902956963
0.006221141666173935
-0.001183334388770163
0.006478213705122471
-0.011105508543550968
-0.003708263160660863
0.010064367204904556
0.0019071525894105434
-0.0062821959145367146
-0.011214764788746834
0.0148844663053751
0.0075707691721618176
0.02484600618481636
-0.004010322503745556
-0.008650471456348896
-0.014228933490812778
-0.014486005529761314
-0.005674863699823618
0.017223821952939034
-0.00917104259133339
-0.015848485752940178
0.016504019498825073
-0.00046915633720345795
-0.011099082417786121
0.022596625611186028
-0.0027972643729299307
0.014974442310631275
-0.021234143525362015
0.002281513763591647
-0.01444744411855936
0.003997468855232
0.012069528922438622
0.01193456631153822
-0.011523250490427017
-0.0028679592069238424
0.019383225589990616
0.006054044701159
-0.007879255339503288
-0.036170024424791336
-0.005093238316476345
0.030051711946725845
0.008888263255357742
0.003907493781298399
-0.010578511282801628
0.009498809464275837
0.007050198502838612
0.005334243178367615
0.015115831047296524
0.023753449320793152
0.005874094553291798
-0.01733950339257717
-0.01821354776620865
0.011709627695381641
-0.003047909587621689
0.01665826328098774
-0.0046369354240596294
-0.0011439702939242125
-0.004235260654240847
0.020771414041519165
-0.036298561841249466
-0.023085063323378563
-0.024357568472623825
-0.00065754191018641
-0.010662059299647808
0.0027329963631927967
-0.04537320137023926
0.029409032315015793
-0.016504019498825073
-0.006940943188965321
0.021992506459355354
-0.023380694910883904
0.0014572767540812492
0.05629875883460045
-0.0013287407346069813
-0.023470669984817505
0.01212736964225769
-0.00921603012830019
0.009158188477158546
-0.014023276045918465
-0.002337748184800148
-0.01805930584669113
0.026555534452199936
0.009948684833943844
0.007795707322657108
-0.003984615672379732
0.02543727122247219
0.022133896127343178
-0.02581002563238144
-0.001250815810635686
-0.042365461587905884
-0.013766204006969929
-0.019203275442123413
-0.00417741946876049
0.003544379724189639
0.0023827357217669487
-0.0008314671576954424
-0.0034062035847455263
-0.031825508922338486
0.007506501395255327
-0.0317998006939888
-0.01385617908090353
0.026709776371717453
0.02057861164212227
-0.01474307756870985
-0.04002610594034195
-0.013104243203997612
0.007230149116367102
0.023907693102955818
0.030591564252972603
0.01248084381222725
0.0056266626343131065
0.018971910700201988
-0.030848635360598564
0.006153660360723734
-0.015951314941048622
0.023432109504938126
-0.00070132443215698
0.011009106412529945
0.0030752234160900116
0.010366426780819893
-0.0023714888375252485
-0.015025855973362923
-0.005269975401461124
0.0022108189295977354
-0.016092704609036446
0.016683969646692276
0.01910044625401497
0.012345881201326847
-0.0008041532128117979
0.009974392130970955
-0.008213449269533157
0.013881886377930641
0.014434590935707092
-0.04205697402358055
0.0066067492589354515
-0.009633772075176239
0.018612010404467583
0.008496228605508804
0.02399766817688942
0.009402407333254814
-0.029666105285286903
-0.02784089371562004
0.008001364767551422
-0.0016291935462504625
0.031902629882097244
-0.03524456545710564
0.006876674946397543
0.0063432506285607815
-0.0010917525505647063
0.002088709734380245
-0.004190273117274046
0.024370422586798668
0.018380645662546158
-0.018033597618341446
0.005520620383322239
-0.6441195011138916
-0.005157506093382835
-0.009241737425327301
-0.002980428049340844
0.006683871150016785
-0.014923027716577053
0.028689231723546982
0.02645270526409149
-0.009588784538209438
-0.020090173929929733
0.008284144103527069
0.017763672396540642
-0.004656216129660606
-0.0010531917214393616
-0.025128783658146858
-0.014048982411623001
0.010623498819768429
-0.014563126489520073
0.0304116141051054
-0.0316198505461216
-0.028663523495197296
0.031491316854953766
0.021876825019717216
0.014601687900722027
-0.020899951457977295
0.006397878285497427
0.01582277938723564
0.004370223265141249
0.012602953240275383
0.0033001613337546587
-0.016606848686933517
0.011381860822439194
0.0158099252730608
0.03028307668864727
0.04997479170560837
0.013573399744927883
-0.021568337455391884
0.019126154482364655
0.023265013471245766
0.018791960552334785
-0.004479479044675827
-0.003181265667080879
0.0058901612646877766
0.0011881544487550855
0.02075856178998947
-0.0016902481438592076
0.030977170914411545
-0.031234243884682655
-0.0016026829835027456
0.03231394663453102
-0.0031491315457969904
0.001139953499659896
0.014100397005677223
-0.0046883500181138515
0.001020254334434867
-0.031362779438495636
0.017056724056601524
-0.01847062073647976
0.01741662621498108
0.025038808584213257
0.003682555863633752
0.020321538671851158
-0.02290511131286621
-0.021285558119416237
-0.017917916178703308
0.009518089704215527
-0.017069578170776367
0.004585521295666695
0.013200645335018635
-0.023560645058751106
0.011870297603309155
0.01982024870812893
-0.013129950501024723
-0.01699245721101761
0.01700531132519245
-0.0035026054829359055
0.034987494349479675
-0.0037275434006005526
-0.00413243193179369
0.009209603071212769
-0.009601637721061707
-0.016683969646692276
-0.0221853107213974
0.01762228272855282
0.022917965427041054
-0.053625211119651794
0.001548858592286706
0.013727642595767975
-0.00043180055217817426
0.016401192173361778
-0.02226243168115616
0.001425946014933288
0.00824558362364769
-0.02458893321454525
-0.001604289747774601
0.04411355033516884
-0.0036407816223800182
-0.0016677543753758073
-0.007859975099563599
-0.025668635964393616
0.003978188615292311
-0.016349777579307556
-0.010925558395683765
-0.026208486407995224
0.01893335022032261
-0.0027153226546943188
0.0022750869393348694
-0.014048982411623001
0.0434451624751091
-0.03681270405650139
0.01290501281619072
0.00834841188043356
-0.007969231344759464
-0.013650521636009216
-0.022198164835572243
-0.023637767881155014
0.020732853561639786
0.00784712191671133
0.01117620337754488
-0.013142804615199566
0.024267593398690224
-0.004736551083624363
-0.005694143939763308
0.0036343547981232405
-0.022969380021095276
0.024987395852804184
-0.024473251774907112
0.0025434058625251055
-0.01906188577413559
-0.024833152070641518
-0.010482109151780605
-0.017365211620926857
0.03074580617249012
-0.00824558362364769
0.02796942926943302
-0.01619553379714489
0.02235240675508976
-0.004521253053098917
0.0001528373104520142
-0.002959541045129299
-0.025964267551898956
-0.010372853837907314
-0.0028036911971867085
-0.027172505855560303
-0.023419255390763283
-0.04791821539402008
-0.03395920619368553
0.003679342567920685
-0.017146699130535126
0.03398491442203522
-0.018367791548371315
-0.014370323158800602
-0.042956724762916565
-0.02045007422566414
-0.011015533469617367
-0.004058523569256067
-0.0005418594810180366
0.010109354741871357
-0.02244238182902336
-0.01254511158913374
0.016054144129157066
0.007532208692282438
-0.012410148978233337
0.032288238406181335
-0.023046500980854034
0.015231514349579811
-0.0024743175599724054
0.02314933016896248
0.0034736848901957273
-0.04575880989432335
-0.007050198502838612
0.014048982411623001
0.02083568274974823
-0.0009503629407845438
0.011169777251780033
0.012365161441266537
-0.014833052642643452
0.002589999930933118
-0.027018263936042786
-0.007108039688318968
-0.004411997739225626
0.02122129127383232
-0.006160086952149868
-0.007236575707793236
-0.0020935297943651676
0.008136327378451824
0.007506501395255327
0.010739181190729141
0.009961538948118687
0.016054144129157066
0.019254690036177635
-0.00046594292507506907
-0.016568288207054138
0.012596526183187962
-0.015128685161471367
0.010257171466946602
-0.001841277931816876
-0.009922977536916733
0.015077270567417145
0.01717240735888481
0.013547692447900772
-0.019498908892273903
0.04115722328424454
-0.004919714760035276
-0.0003518672601785511
-0.013200645335018635
0.011336873285472393
-0.007037344854325056
0.0586124062538147
0.008823995478451252
0.017827941104769707
-0.012692928314208984
-0.02479459159076214
-0.024653201922774315
-0.004113151226192713
0.028920596465468407
-0.0037307569291442633
-0.006336824037134647
-0.012512978166341782
0.016182679682970047
-0.006054044701159
-0.008830421604216099
0.007011638022959232
-0.0026815820019692183
-0.028483573347330093
0.030308784916996956
0.004591947887092829
-0.003158771665766835
0.015488585457205772
-0.013509131968021393
0.01856059581041336
-0.0008483374840579927
-0.015745658427476883
0.038098063319921494
0.011947419494390488
0.027146799489855766
0.01670967787504196
-0.005678077228367329
0.01700531132519245
-0.015784218907356262
-0.002922586863860488
0.0377124585211277
-0.011189057491719723
-0.00323750008828938
0.02399766817688942
0.005841960199177265
0.02458893321454525
-0.011896004900336266
-0.005192853510379791
-0.004665856249630451
0.004428064450621605
0.015977023169398308
-0.008252009749412537
-0.032416775822639465
-0.01296928059309721
-0.022493796423077583
-0.009961538948118687
0.01398471463471651
-0.0031989391427487135
0.034524764865636826
-0.0014829839346930385
-0.0009294758201576769
-0.0009326892322860658
0.008515508845448494
0.013843324966728687
-0.003415843704715371
0.013104243203997612
-0.017763672396540642
-0.0347561277449131
-0.002083889674395323
-0.02366347424685955
-0.013174938037991524
0.005318176466971636
-0.007268709596246481
0.0019248262979090214
0.008566923439502716
0.0260670967400074
0.007082332391291857
0.024151911959052086
0.007577196229249239
-0.033470768481492996
-0.028946302831172943
0.01163893286138773
0.006127953063696623
-0.022031066939234734
-0.022300992161035538
-0.0015536786522716284
-0.02344496361911297
-0.03305945545434952
0.014974442310631275
-0.001823604223318398
-0.012821463868021965
-0.007133746985346079
-0.004559813998639584
-0.0016283902805298567
-0.007731439545750618
0.019241835922002792
0.0028004776686429977
0.0008941284031607211
-0.009415260516107082
0.006908808834850788
-0.02260947972536087
-0.030231662094593048
0.006799553520977497
0.025038808584213257
0.02632416971027851
-0.03167126700282097
0.007776427082717419
0.010507816448807716
-0.025617221370339394
-0.022699454799294472
-0.0020710360258817673
-0.009312432259321213
0.02122129127383232
0.005019329953938723
0.0055591813288629055
0.013380595482885838
0.007519355043768883
0.03706977888941765
-0.00766717130318284
0.0015416283858940005
-0.003705049632117152
-0.024100497364997864
0.009511662647128105
0.046041589230298996
-0.013290620408952236
-0.007365111727267504
0.03411344811320305
-0.006529627833515406
-0.01530863530933857
-0.005115732084959745
-0.03524456545710564
0.0004607211740221828
-0.016478313133120537
0.006600322667509317
-0.003550806548446417
0.00441842433065176
-0.005241054575890303
0.0232007447630167
0.015077270567417145
-0.0021899316925555468
0.0052764019928872585
0.014023276045918465
-0.000669190485496074
0.022249579429626465
-0.013676228933036327
0.01343201007694006
0.023779157549142838
0.017069578170776367
-0.008958958089351654
0.045321788638830185
0.00740367267280817
0.006645310204476118
-0.01665826328098774
0.006246848963201046
0.015167245641350746
0.027815187349915504
0.008252009749412537
-0.00976230762898922
0.015154392458498478
0.025527246296405792
0.03951195999979973
-0.0025466191582381725
0.006558548659086227
0.02564292773604393
0.005318176466971636
0.005228200927376747
-0.015462879091501236
0.007500074338167906
-0.025501538068056107
0.015424317680299282
0.02935761772096157
-0.003843225771561265
-0.03496178612112999
0.016941042616963387
0.006664590444415808
0.0006057257996872067
0.012178784236311913
0.025617221370339394
-0.004649789072573185
0.0194089338183403
0.043213795870542526
-0.0009720533853396773
-0.020218709483742714
-0.003386923111975193
-0.029666105285286903
0.013830471783876419
-0.014678808860480785
-0.01796933077275753
-0.01880481466650963
-0.017236676067113876
0.005382444243878126
-0.03151702135801315
0.012892158702015877
-0.0021867183968424797
-0.030128834769129753
-0.013380595482885838
0.016349777579307556
0.0011969913030043244
0.025115931406617165
0.02961469069123268
-0.011208337731659412
-0.011079801246523857
0.015617121942341328
0.0012082381872460246
-0.0029466873966157436
0.004010322503745556
-0.02838074415922165
0.00015143144992180169
0.003608647733926773
-0.021105607971549034
-0.011009106412529945
0.024357568472623825
0.005131799262017012
-0.019434640184044838
0.00024421836133114994
-0.01674823835492134
0.005771265830844641
-0.02120843715965748
0.01345771737396717
0.013303474523127079
0.014344615861773491
0.0015737623907625675
-0.019961638376116753
0.006998784374445677
-0.008039925247430801
0.017018163576722145
-0.02712109312415123
0.001139953499659896
0.002226885873824358
-0.008823995478451252
0.005057890899479389
-0.007268709596246481
-0.004678709898144007
-0.0015641222707927227
-0.007345831487327814
0.006060471758246422
0.002217245753854513
0.010244317352771759
-0.007519355043768883
-0.040463127195835114
0.024139057844877243
-0.0071787345223128796
-0.011632506735622883
-0.0101222088560462
-0.04221121594309807
0.007879255339503288
0.02244238182902336
-0.015925608575344086
0.023843424394726753
-0.016414044424891472
-0.002080676145851612
0.005131799262017012
0.009813722223043442
-0.0023040075320750475
0.04555315151810646
-0.020655732601881027
-0.018843375146389008
9.554842836223543e-05
-0.0074358065612614155
-0.011034813709557056
-0.000328770955093205
-0.01056565809994936
-0.020681438967585564
-0.0051221586763858795
-0.009350992739200592
-0.005938362330198288
-0.022288139909505844
0.020848536863923073
-0.023779157549142838
-0.01665826328098774
0.003293734509497881
-0.009029652923345566
0.016375483945012093
-0.024306153878569603
0.014524566009640694
0.010353573597967625
0.0008587810443714261
-0.01856059581041336
-0.01991022378206253
-0.015115831047296524
-0.006503920536488295
0.01661970280110836
-0.0024261167272925377
0.02577146515250206
-0.004958275705575943
-0.00722372205927968
0.006793126463890076
-0.007879255339503288
-0.0016324069583788514
-0.004485905636101961
-0.004460198804736137
-0.033085159957408905
0.012673648074269295
0.020321538671851158
-0.008560496382415295
0.004511612933129072
-0.0065392679534852505
-0.013174938037991524
0.017519453540444374
-0.010237891227006912
-0.03187692537903786
-0.009048933163285255
-0.0168253593146801
-0.0034672580659389496
0.00323750008828938
-0.0338306687772274
0.007075905799865723
-0.0009375092922709882
-0.008187741972506046
0.03856079280376434
0.0035893672611564398
-0.0058901612646877766
-0.008881836198270321
0.0316198505461216
-0.015617121942341328
0.013342035003006458
0.0003599007613956928
0.002933833748102188
-0.001174497534520924
0.028740646317601204
-0.028123673051595688
0.0029290136881172657
0.019935930147767067
-0.00109898264054209
-0.020321538671851158
-0.021748287603259087
0.004653002601116896
0.012860025279223919
0.013701935298740864
-0.001382565125823021
-0.010758461430668831
0.011658214032649994
-0.009871563874185085
-0.017185261473059654
-0.0029675744008272886
-0.014563126489520073
-0.0015753691550344229
-0.0008844882249832153
0.012294466607272625
0.015784218907356262
0.020360099151730537
-0.023303573951125145
-0.008656898513436317
0.015013002790510654
-0.020552903413772583
0.05372804030776024
-0.004938994999974966
0.033676426857709885
0.02361205965280533
-0.013110670261085033
-0.03388208523392677
0.0011303132632747293
0.00883684866130352
-0.013342035003006458
0.015295782126486301
0.0008860949310474098
0.01787935569882393
-0.016298362985253334
0.012795756570994854
0.03390779346227646
-0.01804645173251629
0.0028502854984253645
0.03020595572888851
0.011928139254450798
-2.0397555999807082e-05
-0.02179970219731331
0.004328449256718159
-0.020719999447464943
0.013174938037991524
-0.0012210918357595801
0.01793077029287815
-0.010674913413822651
-0.012917865999042988
-0.003836799180135131
0.04570739343762398
-0.011465409770607948
0.01491017360240221
-0.0011126395547762513
-0.006240421906113625
-0.0070437719114124775
-0.013611960224807262
-0.002241346286609769
-0.007763573434203863
-0.015090124681591988
0.027558114379644394
-0.019383225589990616
0.0018219975754618645
-0.015629975125193596
-0.027635235339403152
0.0052346279844641685
-0.01661970280110836
-0.019087594002485275
0.023599205538630486
-0.009582357481122017
-0.004633722361177206
0.028355037793517113
0.02185111679136753
-0.013104243203997612
0.01715955324470997
-0.0020469354931265116
-0.012313746847212315
0.006577828899025917
0.0059094419702887535
-0.022339554503560066
-0.008759726770222187
-0.028534987941384315
0.002402016194537282
-0.01202454138547182
-0.016478313133120537
-0.015154392458498478
-0.005263548344373703
0.017725111916661263
-0.01669682376086712
-0.02029583230614662
-0.0024566438514739275
0.004942208528518677
0.025411562994122505
-0.004039243329316378
-0.012300893664360046
0.02054004929959774
0.01031501218676567
-0.04542461782693863
-0.009466675110161304
-0.005620236042886972
-0.0011503970017656684
0.003415843704715371
0.021581191569566727
0.00669672479853034
-0.01767369732260704
0.037815287709236145
-0.0050611044280231
-0.025617221370339394
-0.0009881203295663
0.01754516176879406
-0.010739181190729141
-0.01628550887107849
-0.004871513694524765
0.013174938037991524
-0.009338139556348324
-0.0038592929486185312
0.011561811901628971
-0.036375682801008224
0.014087543822824955
0.0036664889194071293
-0.019036179408431053
-0.019935930147767067
-0.012275186367332935
0.030925758183002472
-0.020565757527947426
0.024743176996707916
-0.010745608247816563
-0.014601687900722027
-0.0034672580659389496
-0.008181314915418625
0.04036029800772667
-0.03344506397843361
-0.003419057233259082
-0.013470570556819439
-0.01491017360240221
-0.02404908277094364
0.01564282923936844
0.0013078536139801145
-0.007641464006155729
-0.017146699130535126
0.006857394706457853
0.010983400046825409
0.01102838758379221
-0.00740367267280817
-0.006060471758246422
0.01898476481437683
-0.012757196091115475
-0.030642978847026825
-0.000666378706227988
-0.014280348084867
0.05285399407148361
0.016593994572758675
0.00047959989751689136
-0.01741662621498108
-0.0005093238432891667
-0.04408784210681915
-0.01153610460460186
0.023856278508901596
0.0349360816180706
0.026581240817904472
-0.001195384655147791
0.021838262677192688
0.026092804968357086
-0.008971811272203922
0.0024148698430508375
-0.03491037338972092
-0.016979603096842766
-0.03822660073637962
-0.007635037414729595
0.008419106714427471
0.0011230831732973456
-0.0139590073376894
0.0031105708330869675
0.03622144088149071
0.006940943188965321
-0.0009776768274605274
0.016542579978704453
0.0036697022151201963
-0.006388238165527582
0.0003034654073417187
0.019704565405845642
0.018791960552334785
-0.014833052642643452
0.00035066221607849
0.003134671365842223
-0.002273480175063014
-0.002340961480513215
-0.011748189106583595
-0.025668635964393616
-0.011433275416493416
0.021079901605844498
0.006156873423606157
0.01582277938723564
0.016516873612999916
-0.020809976384043694
0.01349627785384655
-0.01767369732260704
0.010572084225714207
-0.009498809464275837
-0.01632406935095787
0.028663523495197296
0.002016408136114478
-0.03437052294611931
-0.00768645154312253
-0.01014791615307331
-0.02825220860540867
-0.0019505334785208106
0.018033597618341446
-0.00413243193179369
0.018869081512093544
-0.014935880899429321
-0.005359950475394726
-0.024768883362412453
-0.022121042013168335
-0.022275285795331
0.007287990301847458
-0.009858709760010242
0.007994937710464
0.035578761249780655
-0.005135012324899435
0.013264913111925125
0.004479479044675827
-0.0018155707512050867
-0.01928039640188217
-0.014923027716577053
-0.010488536208868027
-0.012204491533339024
-0.008926823735237122
-0.005035397130995989
-0.004665856249630451
0.018033597618341446
-0.0023248945362865925
0.0016693610232323408
-0.0539851114153862
-0.003721116576343775
0.19794541597366333
-0.02543727122247219
0.0027394231874495745
0.0064974939450621605
-0.014241786673665047
0.028920596465468407
0.025295881554484367
0.005163933150470257
-0.001636423752643168
0.013078535906970501
0.0008419106598012149
-0.027815187349915504
-0.021324118599295616
0.010546376928687096
0.027660943567752838
-0.026555534452199936
-0.03316228464245796
-0.014357469044625759
0.015951314941048622
-0.012448709458112717
0.03074580617249012
0.0011254932032898068
-0.003080043476074934
0.007982084527611732
0.044139254838228226
-0.001478967140428722
0.002998101757839322
0.008913970552384853
0.023881984874606133
0.0011994013329967856
-0.01610555872321129
0.009093920700252056
-0.007339404430240393
-0.008894690312445164
-0.01872769184410572
0.01168392039835453
0.028560696169734
-0.001633210340514779
0.011748189106583595
0.005176786798983812
0.013239205814898014
-0.03339364752173424
0.011285459622740746
-0.012075955979526043
0.0008740446646697819
0.04331662505865097
0.004293101839721203
-0.010199329815804958
-0.018971910700201988
-0.01669682376086712
-0.017429478466510773
0.03997468948364258
0.021915385499596596
0.013329180888831615
0.005597741808742285
0.0026494478806853294
-0.007808560971170664
0.0006599519401788712
0.0074615138582885265
-0.009967965073883533
0.0012427822221070528
0.018714839592576027
-0.016773946583271027
0.006259702146053314
-0.012384441681206226
0.008862555958330631
-0.01632406935095787
-0.02509022317826748
-0.011896004900336266
-0.039409130811691284
0.008534789085388184
-0.013342035003006458
-0.0139590073376894
0.019640298560261726
-0.006144019775092602
-0.029203375801444054
0.019897369667887688
0.016761092469096184
0.01763513684272766
0.031234243884682655
-0.014575980603694916
-0.009877989999949932
-0.018817666918039322
-0.0014138957485556602
0.014987295493483543
-0.031491316854953766
0.0024148698430508375
-0.02645270526409149
0.002726569538936019
-0.013001414947211742
0.0012170750414952636
0.005562394857406616
0.005128585733473301
-0.025758611038327217
0.001516724587418139
0.006503920536488295
0.007204441819339991
0.01699245721101761
-0.008592630736529827
0.0010732754599303007
-0.002040508668869734
0.003202152671292424
0.012802183628082275
0.00883684866130352
-0.021902531385421753
0.026941141113638878
-0.02379200980067253
-0.012339454144239426
-0.009357419796288013
-0.031696971505880356
0.017982183024287224
-0.003676129039376974
0.01392044685781002
-0.024241887032985687
-0.03478183597326279
0.02100277878344059
0.012615806423127651
-0.027558114379644394
0.010848436504602432
0.002459857380017638
-0.017352357506752014
-0.009865136817097664
-0.019293250516057014
0.023483524098992348
-0.01611841283738613
-0.02164546027779579
-0.024537518620491028
0.018149280920624733
-0.00885612890124321
-0.003608647733926773
0.012198064476251602
-0.03758392110466957
0.04514183849096298
0.004685136489570141
-0.013946154154837132
0.017095286399126053
0.0071980152279138565
-0.015013002790510654
0.019845955073833466
0.021876825019717216
0.023046500980854034
-0.014241786673665047
0.005973709747195244
-0.005453139077872038
0.013380595482885838
-0.03766104206442833
0.002016408136114478
-0.01910044625401497
-0.023290719836950302
-0.016812507063150406
-0.003483325010165572
-0.05077171325683594
-0.0071723079308867455
-0.012750769034028053
0.01809786632657051
0.034858956933021545
-0.017236676067113876
-0.001294196699745953
-0.009755881503224373
0.0003167206887155771
-0.018419206142425537
0.00768645154312253
0.02930620312690735
0.015115831047296524
0.007673598360270262
0.009588784538209438
-0.16051574051380157
0.008367692120373249
-0.0024437904357910156
-0.009338139556348324
0.011851017363369465
-0.012448709458112717
0.02586144022643566
0.022596625611186028
0.0007631824119016528
0.004289888311177492
-0.004167779348790646
0.010912705212831497
-0.03652992472052574
-0.024100497364997864
0.004411997739225626
7.446049130521715e-05
-0.0327252596616745
0.0062821959145367146
0.020899951457977295
0.01431890856474638
0.02796942926943302
-0.004633722361177206
-0.013997568748891354
0.006160086952149868
0.0011769075645133853
0.0036247146781533957
-0.01565568335354328
0.00970446690917015
-0.002737816423177719
0.0033901366405189037
0.0038817867171019316
0.026092804968357086
0.012879305519163609
-0.0046883500181138515
-0.00768645154312253
0.008714739233255386
-0.028277916833758354
0.00464014895260334
-0.009884417057037354
0.004913287702947855
0.008335558697581291
0.016311215236783028
0.018817666918039322
0.00845766719430685
0.011266178451478481
0.009871563874185085
0.01813642680644989
-0.015013002790510654
0.04339374601840973
-0.018676279112696648
0.004505186341702938
0.008091339841485023
0.0032632071524858475
0.00459837494418025
0.009942257776856422
0.006449292879551649
0.02379200980067253
-0.00441842433065176
0.018676279112696648
0.003997468855232
-0.011381860822439194
-0.010514243505895138
-0.00978801492601633
0.026966849341988564
0.028612108901143074
-0.022172456607222557
-0.03560446575284004
0.030514441430568695
-0.03470471501350403
0.005838747136294842
-0.007956377230584621
-0.04120863601565361
0.016632556915283203
-0.003264813916757703
0.0007957180496305227
0.005003263242542744
-0.012467990629374981
0.029640397056937218
-0.018020745366811752
-0.009100347757339478
-0.019588883966207504
0.03354789316654205
-0.021568337455391884
0.0014942308189347386
0.010160769335925579
-0.00651677418500185
-0.010038659907877445
0.007217295467853546
-0.010533523745834827
0.014871613122522831
0.002104776678606868
-0.03470471501350403
-0.016144119203090668
0.0031491315457969904
-0.0005788136040791869
0.02623419463634491
0.0030928971245884895
-0.003383709816262126
-0.0022043921053409576
-0.0010017773602157831
0.012680074200034142
0.0005129388882778585
-0.015051563270390034
-0.0030430892948061228
0.028586402535438538
-0.02416476421058178
0.0071723079308867455
0.022198164835572243
0.022995086386799812
0.007673598360270262
-0.01586133986711502
0.010295731946825981
0.023432109504938126
-0.0023040075320750475
0.01661970280110836
0.016041290014982224
-0.0069795036688447
-0.021529776975512505
0.008830421604216099
0.0008868982549756765
0.055321887135505676
0.006863821297883987
-0.007236575707793236
0.016812507063150406
-0.007377965375781059
-0.027892308309674263
-0.10190332680940628
-0.023097915574908257
0.021246997639536858
0.018740545958280563
0.005575248040258884
0.018123572692275047
-0.015347196720540524
0.00885612890124321
-0.008399826474487782
0.019666004925966263
-0.03652992472052574
-0.01586133986711502
-0.003708263160660863
0.00344797782599926
0.007557915523648262
0.019935930147767067
0.0016725744353607297
-0.01695389673113823
-0.02564292773604393
0.014768783934414387
0.0006286212592385709
0.021902531385421753
-0.021786848083138466
-0.00015976620488800108
-0.005973709747195244
-0.007898536510765553
-0.037558212876319885
0.02581002563238144
0.016465459018945694
-0.0060797519981861115
-0.025064516812562943
-0.011420422233641148
-0.0012596526648849249
-0.0032519602682441473
0.008399826474487782
-0.023522084578871727
-0.017866501584649086
2.5882929548970424e-05
0.02041151374578476
-0.01717240735888481
0.02399766817688942
0.025424417108297348
-0.0023859492503106594
-0.022326700389385223
0.0029531142208725214
-0.017493747174739838
-0.013933300040662289
0.01336774230003357
0.00015524736954830587
-0.019203275442123413
-0.012770050205290318
-0.025989975780248642
-0.04185131564736366
-0.005983349867165089
0.01163893286138773
0.018200695514678955
0.009916551411151886
0.000978480209596455
-0.014653101563453674
-0.03154272958636284
-0.0003155156737193465
-0.005189640447497368
-0.022583771497011185
0.03370213508605957
0.01577136479318142
-0.014640248380601406
-0.006844541057944298
-0.02070714719593525
-0.004746191203594208
0.00974302738904953
0.0020726427901536226
0.012191638350486755
0.001414699130691588
-0.017789380624890327
-0.008862555958330631
0.025989975780248642
-0.03226253017783165
0.008907543495297432
-6.58244825899601e-05
-0.003062369767576456
0.001688641496002674
-0.01687677390873432
-0.027995137497782707
-0.023432109504938126
0.01208238210529089
-0.0079499501734972
0.009755881503224373
-0.0021465509198606014
-0.0013536445330828428
-0.01474307756870985
0.0008306637755595148
0.03151702135801315
0.002548225922510028
0.008554069325327873
0.01939607970416546
0.006773846223950386
0.018123572692275047
-0.0007933080196380615
-0.010456401854753494
0.00552383391186595
-0.02066858671605587
0.029126252979040146
-0.06642739474773407
0.0062757693231105804
0.015128685161471367
0.012725062668323517
0.006044404581189156
-0.008219876326620579
0.02581002563238144
-0.018740545958280563
0.00784712191671133
0.028097964823246002
-0.03293091803789139
0.016478313133120537
-0.018830521032214165
0.00014952350466046482
-0.01586133986711502
-0.03221111744642258
0.004543746821582317
-0.011844590306282043
0.0034351241774857044
0.013971861451864243
0.02488456666469574
0.0006495083798654377
0.02442183718085289
0.02222387120127678
-0.01974312774837017
0.0020437221974134445
-0.006095819175243378
0.0028824193868786097
-0.006025124341249466
0.03868933022022247
0.016812507063150406
-0.021709727123379707
0.013264913111925125
0.020977072417736053
-0.014293201267719269
-0.01813642680644989
0.0031105708330869675
0.03989756852388382
0.017390917986631393
0.08339414745569229
-0.029871761798858643
-0.01994878426194191
0.02732674963772297
-0.0037339702248573303
-0.01948605477809906
0.015218660235404968
-0.0010716686956584454
0.000505708740092814
0.010347146540880203
-0.016092704609036446
0.048021044582128525
0.023483524098992348
0.008014218881726265
-0.027043970301747322
-0.010809876024723053
0.018843375146389008
0.01784079521894455
0.005353523883968592
0.005186426918953657
-0.010347146540880203
0.04218550771474838
0.00032194246887229383
0.0158999003469944
0.006131166126579046
0.0040906574577093124
-0.02771235816180706
0.006028337404131889
-0.004003895912319422
-0.010976972989737988
-0.0023136476520448923
0.010482109151780605
-0.003454404417425394
0.002758703427389264
0.010951265692710876
0.03750680014491081
-0.019306104630231857
0.004897220991551876
-0.019974492490291595
-0.019666004925966263
0.001265276107005775
-0.004447345156222582
0.030385905876755714
-0.02003875933587551
0.021067047491669655
0.02379200980067253
0.004222407005727291
0.011009106412529945
0.005845173727720976
-0.02521876059472561
0.010282878763973713
-0.0008933250792324543
0.01615697331726551
0.014524566009640694
0.008483374491333961
-0.01064920611679554
-0.012095236219465733
0.0005141439032740891
-0.01257081888616085
0.02163260616362095
0.018534889444708824
0.013509131968021393
0.008489801548421383
0.007859975099563599
-0.01524436753243208
-0.020527197048068047
0.01952461525797844
-0.025462977588176727
-0.04442203417420387
-0.017223821952939034
0.01796933077275753
-0.00026751551195047796
-0.006519987713545561
0.026259901002049446
0.01257081888616085
-0.032879505306482315
-0.008014218881726265
0.010424268431961536
-0.007814987562596798
-0.018534889444708824
0.0011769075645133853
-0.008650471456348896
0.028406452387571335
0.03478183597326279
0.004052096977829933
-0.008547643199563026
-0.016336923465132713
0.03087434358894825
0.002487171208485961
0.00647500017657876
0.014665955677628517
-0.0015352016780525446
0.008579776622354984
-0.013843324966728687
-0.015321489423513412
-0.019845955073833466
0.0014653102261945605
0.03061727061867714
0.03223682567477226
-0.0221853107213974
0.08046352118253708
0.004942208528518677
-0.02564292773604393
0.007294416893273592
-0.006818833760917187
0.01193456631153822
-0.018830521032214165
-0.022493796423077583
-0.006307903211563826
0.0031282445415854454
0.02475602924823761
-0.029049132019281387
0.01695389673113823
-0.03437052294611931
-0.003968548495322466
-0.007146600633859634
-0.018290670588612556
0.03691553324460983
0.004238474182784557
0.023020794615149498
0.048226699233055115
-0.003415843704715371
0.013149230740964413
0.00013084561214782298
-0.04311096668243408
0.01107337512075901
0.02737816423177719
-0.01619553379714489
-0.005922295153141022
-0.02902342565357685
0.006224354729056358
0.002498418092727661
-0.030000297352671623
-0.0158099252730608
-0.009595210663974285
-0.029537567868828773
0.010057940147817135
-0.031157122924923897
-0.013727642595767975
0.025257321074604988
0.0006189810810610652
0.007834267802536488
-0.030694393441081047
-0.02366347424685955
-0.019833102822303772
-0.004624081775546074
-0.009158188477158546
0.008399826474487782
-0.004421637859195471
