-0.011743852868676186
-0.005528188776224852
0.04104671999812126
-0.006045372225344181
-0.03095533326268196
0.00561648840084672
-0.03557214513421059
0.003513064468279481
-0.024812201038002968
-0.028962284326553345
-0.002060850616544485
0.0012038710992783308
-0.0012787680607289076
0.008344316855072975
0.006647701840847731
-0.009006563574075699
0.034689147025346756
0.0045411246828734875
-5.981906724628061e-05
-0.003781117033213377
-0.01749594509601593
0.018959196284413338
0.009328226558864117
-0.010381515137851238
-0.015288452617824078
0.04944780096411705
0.009940017014741898
-0.024067960679531097
-0.00598545465618372
-0.005480885040014982
-0.01903488114476204
-0.009195777587592602
-0.011384347453713417
0.0023020978551357985
0.0020718881860375404
-0.008861499838531017
0.0045915814116597176
-0.003008495084941387
0.007795597426593304
0.011157291010022163
0.016499418765306473
0.011592482216656208
0.0032954688649624586
-0.005594413261860609
0.014783883467316628
0.01904749497771263
-0.01870691031217575
-0.009757110849022865
-0.01829064078629017
0.01291697658598423
0.008325395174324512
0.022087525576353073
-0.0282558873295784
-0.016448963433504105
-0.00711442856118083
-0.009126398712396622
-0.02676740661263466
-0.0039009521715343
0.010267987847328186
-0.007814519107341766
0.004692495334893465
0.01816449873149395
-0.03209061548113823
0.01325756125152111
0.01463251281529665
0.0187825970351696
-0.016259748488664627
0.005537649150937796
-0.0009326650178991258
-0.005723709240555763
0.0013678561663255095
0.022112755104899406
-0.01816449873149395
0.0029753828421235085
0.028306344524025917
-0.013648602180182934
-0.01161140389740467
-0.03234289959073067
-0.0005187604110687971
0.03930595517158508
0.010520271956920624
-0.008382159285247326
0.005379971116781235
-0.004418136086314917
0.003211899660527706
0.011012227274477482
0.011964602395892143
0.0241436455398798
0.01662556268274784
-0.007234263699501753
-0.016840003430843353
0.008281245827674866
0.01190783828496933
0.018795210868120193
-0.0037905776407569647
0.018013127148151398
-0.011195133440196514
0.021406356245279312
-0.0291893407702446
-0.024585144594311714
-0.021948769688606262
0.004285686183720827
-0.0032923154067248106
-0.006319731939584017
-0.04568875953555107
0.013118804432451725
0.0006874758400954306
0.0006744674174115062
0.002803513780236244
-0.031787872314453125
0.005288518033921719
0.051087651401758194
-0.009372376836836338
-0.015843478962779045
-0.0008861499954946339
-0.02091440185904503
0.03055167756974697
-0.03362955152988434
-0.011422189883887768
-5.49901815247722e-05
0.01406487263739109
0.0063134245574474335
-0.003215053118765354
-0.0038221131544560194
0.0302741639316082
0.02853339910507202
-0.012727763503789902
0.0037338135298341513
-0.02974436618387699
-0.014317156746983528
-0.0034846824128180742
-0.01608314923942089
-0.017319345846772194
0.010381515137851238
-0.01850508339703083
-0.008508301340043545
-0.02145681343972683
0.01600746437907219
-0.010312137193977833
-0.02030891925096512
0.022428110241889954
0.013156646862626076
-0.017521172761917114
-0.03867524489760399
-0.008445230312645435
0.018732139840722084
0.03294838219881058
0.02979482337832451
0.004471746273338795
0.013396318070590496
0.026262838393449783
-0.03108147531747818
0.024446388706564903
-0.0009815451921895146
0.015654265880584717
0.007480241358280182
0.0054051997140049934
0.009195777587592602
-0.0077072978019714355
0.004711417015641928
-0.009094863198697567
-0.028634313493967056
0.006114750634878874
0.004736645147204399
0.00244716159068048
0.012633156962692738
0.004553738981485367
-0.0009665657998993993
0.028079288080334663
0.008716436102986336
0.0049952371045947075
0.02544291317462921
-0.01976650580763817
0.02355077676475048
-0.006836915388703346
0.014872183091938496
0.012727763503789902
0.013270175084471703
-0.00634180661290884
-0.007398249115794897
-0.022049682214856148
-0.006736001465469599
0.009511133655905724
0.016713861376047134
-0.009227313101291656
-0.0006551518454216421
0.006654009222984314
0.010602264665067196
0.014039644040167332
0.014102715067565441
0.020838716998696327
0.008804735727608204
-0.007391941733658314
-0.0021649182308465242
-0.6494817137718201
-0.007562234066426754
0.009813874959945679
-0.01936285011470318
0.02100270241498947
0.007070278748869896
0.02590963989496231
0.013484617695212364
0.00403655506670475
-0.024610372260212898
-0.012614235281944275
0.05207156389951706
0.010715792886912823
-0.03537031635642052
-0.01762208715081215
-0.026691721752285957
0.010072466917335987
-0.034411635249853134
0.029845280572772026
-0.028281114995479584
-0.033074524253606796
0.025985324755311012
0.009164242073893547
-0.004285686183720827
-0.003008495084941387
-0.017256272956728935
0.016991375014185905
-0.005231753922998905
-0.0037653492763638496
0.013623373582959175
-0.011832152493298054
0.0035698285792022943
0.013459389097988605
0.022314582020044327
0.053585272282361984
0.021810011938214302
-0.01695353165268898
0.013118804432451725
0.0156794935464859
0.001923670875839889
-0.0022295659873634577
-0.010406743735074997
0.004187926184386015
-0.016108378767967224
0.02797837369143963
0.0021806859876960516
0.030223706737160683
-0.02429501712322235
0.018807824701070786
0.01822756975889206
-0.0045852744951844215
0.014947868883609772
-0.004503281787037849
0.005253829061985016
-0.005916076246649027
-0.010286908596754074
-0.0013221295084804296
-0.007846054621040821
0.006868450902402401
0.017256272956728935
-0.008785814978182316
0.014027029275894165
0.0004958971403539181
-0.015061397105455399
-0.03060213476419449
0.023563390597701073
-0.020901788026094437
-0.0017123824218288064
0.02293268032371998
-0.007953274995088577
0.0040933191776275635
0.022718237712979317
0.0009326650178991258
-0.010312137193977833
0.02226412482559681
0.00837585236877203
0.03274655342102051
0.005515574477612972
-0.00888042151927948
0.013459389097988605
-0.0076631479896605015
-0.019186250865459442
-0.02153250016272068
0.008356930688023567
0.014809112064540386
-0.043569568544626236
-0.002309981733560562
0.014518984593451023
-0.0023872440215200186
0.024799587205052376
-0.0063891103491187096
0.0023430942092090845
0.004162697587162256
-0.019690820947289467
0.006095828954130411
0.03950778394937515
-0.017104903236031532
-0.010009395889937878
0.002604839624837041
-0.016045307740569115
0.016373276710510254
-0.04230814427137375
0.001857446157373488
-0.001833794405683875
0.002560689812526107
-7.982445822563022e-05
-0.008672286756336689
-0.005950765684247017
0.0524752177298069
-0.020170161500573158
0.013648602180182934
-0.0021664949599653482
0.005525034852325916
-0.007429784629493952
-0.021759556606411934
-0.022428110241889954
0.014821726828813553
0.00891826394945383
0.015654265880584717
-0.02704492025077343
0.016373276710510254
-0.016196677461266518
0.008489380590617657
-0.0022232590708881617
-0.016436347737908363
0.036354225128889084
-0.02583395317196846
0.0029769595712423325
-0.026590807363390923
-0.02651512250304222
8.352003351319581e-05
-0.025140170007944107
0.025241084396839142
-0.01332063227891922
0.030097564682364464
-0.021204529330134392
0.010261679999530315
-0.012368257157504559
0.006294503342360258
-0.007644226308912039
-0.004288840107619762
-0.011024841107428074
0.012954819947481155
-0.01856815442442894
-0.021961383521556854
-0.018454626202583313
-0.01991787739098072
0.010148151777684689
-0.01923670805990696
0.017382416874170303
-0.01009138859808445
-0.0010564421536400914
-0.03034985065460205
-0.01830325461924076
0.0033900756388902664
-0.0039230273105204105
-0.0011116295354440808
0.004594735335558653
-0.034411635249853134
-0.023046208545565605
0.014329771511256695
-0.0006366246961988509
-0.004714570473879576
0.023727376013994217
-0.018050970509648323
0.021078387275338173
0.00814248900860548
0.0045348177663981915
-0.0043771397322416306
-0.04525987431406975
0.00014644338807556778
0.004027094691991806
0.0033143903128802776
0.018656453117728233
0.025001414120197296
0.0018669067649170756
-0.013699059374630451
0.005534495692700148
-0.01572995074093342
-0.03115716017782688
-0.006742308847606182
0.030173251405358315
-0.020359376445412636
-0.010148151777684689
0.022150596603751183
-0.0015452437801286578
0.01557858008891344
0.00888042151927948
0.0022579480428248644
0.0037211994640529156
0.007442398928105831
0.004039708990603685
-0.011819538660347462
0.006266121286898851
0.001288228784687817
0.006937829311937094
0.008136182092130184
-0.0012527512153610587
0.013863044790923595
0.012134894728660583
0.03256995603442192
-0.020901788026094437
0.026061009615659714
-0.02792791649699211
0.008937185630202293
0.009807568043470383
0.0011447418946772814
-0.005559724289923906
0.05086059495806694
0.0039261807687580585
0.030324621126055717
-0.03236812725663185
-0.025127556174993515
-0.015427209436893463
0.0037432743702083826
0.01749594509601593
0.002530731027945876
-0.00512768654152751
-0.012507013976573944
0.017924828454852104
-0.0023714762646704912
-0.00688106520101428
0.01656249165534973
-0.0058940015733242035
-0.020157547667622566
-0.001903172698803246
-0.01469558384269476
0.007890203967690468
0.0145946703851223
-0.025796111673116684
0.015893936157226562
0.004055476747453213
-0.003289161715656519
0.03148513287305832
0.02838202938437462
0.007379327435046434
0.013572917319834232
-0.004462285898625851
0.019564678892493248
-0.0031125624664127827
-8.012010221136734e-05
0.016461577266454697
0.004247843753546476
0.0005857735523022711
0.011239283718168736
-0.008735357783734798
0.03970961272716522
0.007618998177349567
-0.010520271956920624
-0.01063380017876625
-0.0030463377479463816
-0.0008435769705101848
-0.021229756996035576
-0.013900887221097946
-0.004496974870562553
-0.02482481487095356
-0.0008971875067800283
-0.0022311429493129253
0.016852619126439095
0.023512935265898705
0.00366758881136775
0.030122794210910797
-0.010167073458433151
0.014342385344207287
-0.002264255192130804
0.016713861376047134
0.010570729151368141
-0.009662504307925701
-0.035748742520809174
0.01177538838237524
-0.02785223163664341
-0.018732139840722084
0.001970974262803793
0.009712961502373219
0.010810399428009987
0.01923670805990696
-0.0006019355496391654
0.0065594022162258625
0.002715214155614376
-0.003263933351263404
-0.043771397322416306
-0.02030891925096512
0.015856092795729637
0.033604323863983154
0.00019216998771298677
-0.02078825980424881
-0.007127042859792709
-0.0018747907597571611
-0.03590011224150658
0.009195777587592602
-0.010677950456738472
-0.008287552744150162
0.008602908812463284
0.00751808425411582
-0.006887372583150864
-0.0015712606254965067
0.023336336016654968
0.005550263449549675
0.017748229205608368
0.02051074616611004
0.015364138409495354
-0.01824018359184265
-0.027675632387399673
0.0003455117985140532
0.027625175192952156
0.030980560928583145
-0.009359762072563171
0.0024818507954478264
0.0013284366577863693
-0.036631740629673004
-0.0031567122787237167
-0.020283689722418785
0.0007954852189868689
0.03426026180386543
0.011031148955225945
0.007902818731963634
0.010583342984318733
0.020220618695020676
0.03405843675136566
-0.008167717605829239
0.02353816293179989
-0.00203562225215137
-0.03496665880084038
-0.00020320744079072028
0.041475605219602585
-0.010520271956920624
-0.014897411689162254
0.03173741698265076
0.0023430942092090845
-0.025001414120197296
-7.814913260517642e-05
-0.0352441743016243
0.014947868883609772
-0.013560302555561066
0.0006019355496391654
0.013522460125386715
0.0037527349777519703
-0.0014419647632166743
0.011031148955225945
0.006373342126607895
-0.001608315040357411
0.006319731939584017
0.00452535692602396
0.011863688006997108
0.010810399428009987
-0.011781695298850536
0.0019425922073423862
0.009845410473644733
-0.0006492389366030693
-0.00015048388740979135
0.057621825486421585
0.01976650580763817
0.0021381129045039415
-0.018114041537046432
-0.0015649535926058888
0.007574848365038633
0.024055346846580505
0.0072531853802502155
-0.010104002431035042
0.001901595969684422
0.020763030275702477
0.04997760057449341
-0.00038847903488203883
-0.00412170123308897
0.03067781962454319
4.459329284145497e-05
0.004307761322706938
-0.006073754280805588
-0.008237095549702644
-0.024522073566913605
0.020170161500573158
0.023046208545565605
-0.0032024390529841185
-0.02691877819597721
0.014518984593451023
-0.0035256787668913603
0.0006098194280639291
0.009548976086080074
0.02717106230556965
-0.005256982520222664
0.0002581976295914501
0.031989701092243195
-0.018605997785925865
-0.020296303555369377
0.002582764718681574
-0.025127556174993515
0.013131419196724892
-0.019589906558394432
0.005121379625052214
-0.006975672207772732
-0.0028886599466204643
-0.005275903735309839
-0.018328484147787094
0.007139657158404589
0.017596857622265816
-0.04619332775473595
-0.021305443719029427
0.03055167756974697
-0.0027940531726926565
0.02805405855178833
0.012727763503789902
-0.02368953451514244
-0.01586870849132538
0.027675632387399673
0.009309305809438229
-0.0011471069883555174
-0.0024124723859131336
-0.019526835530996323
-0.00778929004445672
0.005058308131992817
-0.00992109626531601
-0.011573560535907745
0.011403268203139305
0.0021854161750525236
-0.020132320001721382
-0.0047839488834142685
-0.009889560751616955
0.0014474834315478802
-0.01837894134223461
0.019463764503598213
0.005805701948702335
0.001743918051943183
-0.006641394924372435
-0.007776676211506128
0.011283433064818382
-0.013989186845719814
0.0007371443789452314
-0.006956750527024269
-0.010684257373213768
0.016095764935016632
-0.009025485254824162
0.0009224159293808043
-0.01856815442442894
-0.007171192672103643
0.006111597176641226
0.0027120604645460844
0.010968077927827835
-0.010413051582872868
0.03262041136622429
-0.017773456871509552
-0.02570781111717224
0.04412459582090378
0.0032087459694594145
-0.008628136478364468
-0.004777641501277685
-0.02490049973130226
-0.006672930438071489
0.006228278856724501
-0.017344573512673378
0.03357909247279167
-0.0016122569795697927
-0.02044767513871193
0.00253861490637064
-0.01594439335167408
-0.010501351207494736
0.05118856579065323
-0.015414595603942871
-0.02785223163664341
-0.00898764282464981
-0.00033210916444659233
-0.031863559037446976
0.0019094798481091857
-0.013497231528162956
-0.01903488114476204
-0.0065594022162258625
0.000997312949039042
0.0028255886863917112
-0.017205817624926567
0.03216629847884178
-0.03047599270939827
-0.0020640043076127768
-0.010892392136156559
-0.014922640286386013
0.021494656801223755
-0.0312076173722744
-0.020334146916866302
-0.0039230273105204105
0.014102715067565441
-0.007770368829369545
-0.017369801178574562
-0.021709099411964417
-0.015010939911007881
0.02293268032371998
0.0004328259383328259
0.04213154688477516
0.003850495209917426
-0.00786497537046671
-0.008741664700210094
-0.016575105488300323
-0.003418457694351673
-0.0011195134138688445
-0.024648215621709824
-0.02294529415667057
0.016776932403445244
0.028962284326553345
0.0047965627163648605
-0.008527223020792007
-0.008022653870284557
-0.0197917353361845
0.031258076429367065
-0.021229756996035576
-0.023866133764386177
-0.017306730151176453
-0.019413307309150696
-0.0056890202686190605
0.00253861490637064
-0.032469041645526886
0.020813487470149994
-0.007095507346093655
-0.008350623771548271
0.04644561558961868
0.0056984806433320045
-0.004014480393379927
-0.01093023456633091
0.023260649293661118
-0.016335435211658478
0.009832796640694141
0.013535073958337307
0.0016887307865545154
0.002991150598973036
-0.00975080393254757
-0.019816963002085686
0.0070072077214717865
0.014468527399003506
0.0074234772473573685
-0.009523747488856316
-0.01755901612341404
0.0023982813581824303
0.0009161088382825255
0.03269609808921814
-0.013232332654297352
-0.0008798429043963552
0.029492082074284554
-0.015401980839669704
-0.01537675317376852
-0.01572995074093342
-0.005594413261860609
-0.022957907989621162
-0.004260458052158356
0.016360662877559662
0.013888273388147354
0.002552805934101343
-0.013863044790923595
0.0030195326544344425
0.018013127148151398
-0.013875658623874187
0.04137469083070755
-0.002830319106578827
0.02913888357579708
0.0035067573189735413
0.0039009521715343
-0.042282916605472565
-0.001563376747071743
0.025985324755311012
-0.02160818502306938
0.011460032314062119
-0.004288840107619762
0.016991375014185905
-0.014998326078057289
0.00982648879289627
0.018593382090330124
0.006584630813449621
-0.013547688722610474
-7.105361873982474e-05
0.0301984790712595
0.025581669062376022
-0.025468140840530396
0.004345604218542576
-0.01382520142942667
0.020397217944264412
0.007139657158404589
0.014771269634366035
-0.020359376445412636
-0.007606383878737688
-0.01167447492480278
0.06942874938249588
0.01082932110875845
0.019728664308786392
0.006717080250382423
-0.007398249115794897
-0.0004139046068303287
-0.034487318247556686
-0.011661860160529613
-0.01749594509601593
-0.004279379267245531
0.017786072567105293
-0.0063544209115207195
-0.0034058433957397938
-0.012216886505484581
-0.03370523825287819
0.00684322277083993
-0.001244867336936295
-0.013610759750008583
0.023361563682556152
-0.005966533441096544
-0.011478953994810581
0.038246359676122665
0.0074171703308820724
0.0003608853730838746
0.013610759750008583
0.011964602395892143
0.0029328097589313984
0.011869994923472404
0.008262324146926403
-0.02516539953649044
-0.0012866519391536713
-0.027776546776294708
0.001224369159899652
0.007505469955503941
-0.01406487263739109
-0.010438279248774052
-0.015351524576544762
0.020081862807273865
-0.007341485004872084
-0.00683060847222805
-0.006367035210132599
-9.002425213111565e-05
0.026742178946733475
0.004648345522582531
-0.006546787917613983
0.010564422234892845
0.00768837658688426
-0.05832822248339653
0.004203693941235542
0.0032576262019574642
-0.0010162342805415392
0.003260779893025756
0.019425923004746437
-0.005376817658543587
-0.02966868132352829
0.04866572096943855
-0.0027215213049203157
-0.02280653640627861
-0.023033592849969864
0.0145946703851223
0.004739799071103334
-0.016120992600917816
-0.002218528650701046
0.015023553743958473
-0.005307439249008894
0.007177500054240227
-0.00830647349357605
-0.029845280572772026
0.018542924895882607
0.0024771203752607107
-0.019337622448801994
-0.01251332089304924
-0.016259748488664627
0.03292315453290939
-0.035420771688222885
0.020750416442751884
0.0043771397322416306
-0.02495095692574978
0.007757754530757666
0.00010525002289796248
0.02744857594370842
-0.039331186562776566
-0.008811043575406075
0.001267730607651174
-0.001836947980336845
-0.02818020060658455
-0.002131805755198002
-0.02241549640893936
-0.006174668204039335
-0.0022942139767110348
-0.0070513575337827206
0.002377783413976431
0.01581825129687786
-0.005017312243580818
-0.00013629287423100322
0.01870691031217575
-0.004872248508036137
-0.017508558928966522
0.00905071385204792
-0.0011250320822000504
0.052979789674282074
0.009277770295739174
0.0013016314478591084
-0.004897476639598608
-0.0002629279624670744
-0.04230814427137375
-0.004301454406231642
0.04205586016178131
0.02818020060658455
0.01406487263739109
-0.01796267181634903
0.028281114995479584
0.03047599270939827
-0.019526835530996323
0.019564678892493248
-0.022087525576353073
-0.013308018445968628
-0.025934867560863495
-0.01716797426342964
-0.005761552136391401
-0.01075994223356247
-0.008060496300458908
-0.014178399927914143
0.02684309333562851
-0.014834340661764145
0.0014616744592785835
0.02939116768538952
-0.022453337907791138
-0.015641652047634125
-0.006215664558112621
0.02772608958184719
0.014582055620849133
-0.0042699184268713
0.01990526355803013
-0.019488994032144547
0.00025740923592820764
-0.006401724182069302
-0.018467240035533905
-0.020624274387955666
-0.011157291010022163
0.0170796737074852
-0.01453159935772419
0.036101941019296646
0.0031172928865998983
-0.013181875459849834
0.0022027608938515186
-0.01550289522856474
0.006628780625760555
-0.02131805755198002
4.4741114834323525e-05
0.019829576835036278
-0.006666623521596193
-0.018820438534021378
0.002284753369167447
0.006981979124248028
-0.006590937729924917
-0.008331702090799809
0.009019178338348866
0.013472002930939198
0.01829064078629017
-0.016638176515698433
-0.008659672923386097
-0.014115328900516033
-0.018530311062932014
-0.008691208437085152
0.012065515853464603
-0.021280214190483093
-0.007537005469202995
0.01797528564929962
-0.010356287471950054
0.014771269634366035
0.004875401966273785
-0.003062105504795909
-0.034890975803136826
-0.026010552421212196
-0.0016138337086886168
-0.018189726397395134
-0.008628136478364468
-0.011876302771270275
-0.01120774820446968
0.0011029571760445833
-0.002084502251818776
-0.017243659123778343
-0.05938781797885895
0.016171449795365334
0.21353377401828766
-0.03007233701646328
0.0076694549061357975
-0.0017060752725228667
-0.017735615372657776
-0.008293859660625458
0.03315021097660065
-0.0035445999819785357
0.020775645971298218
0.01870691031217575
0.004232075996696949
-0.021646028384566307
-0.0027104837354272604
0.006294503342360258
0.01695353165268898
-0.03458823263645172
-0.03537031635642052
-0.00022390267986338586
0.0032576262019574642
-0.009265155531466007
0.0015775677748024464
0.002533884486183524
0.007846054621040821
-0.0011266089277341962
0.018921352922916412
0.009889560751616955
0.0006311059696599841
0.002718367613852024
0.009542669169604778
-0.0051939114928245544
-0.010728406719863415
-0.0216586422175169
0.008199253119528294
-0.0005822257953695953
-0.02812974527478218
0.002403011778369546
0.0231345072388649
-0.018252797424793243
0.022251510992646217
0.0001819209282984957
0.02247856743633747
-0.006367035210132599
0.0029091578908264637
-0.0058593121357262135
0.015919165685772896
0.0605483278632164
-0.001788067864254117
-0.0006480563315562904
-0.0006937829311937094
-0.0033806150313466787
-0.005834084004163742
0.022037068381905556
0.0226677805185318
0.004165851045399904
0.0017912214389070868
0.01842939853668213
0.013560302555561066
-0.0012969010276719928
0.010110309347510338
-0.0008301743655465543
0.006988286506384611
0.023992275819182396
-0.012809756211936474
0.014241471886634827
-0.024408545345067978
0.01325756125152111
-0.012570085003972054
-0.0009137436863966286
0.004645192064344883
-0.011516796424984932
0.029920965433120728
-0.015124468132853508
-0.014771269634366035
0.0012543280608952045
-0.0011471069883555174
-0.0008215020643547177
0.015162310563027859
0.023046208545565605
0.011560946702957153
0.02167125605046749
-0.011062684468925
-0.0018054124666377902
-0.028407257050275803
0.018278026953339577
0.008558758534491062
-0.026136694476008415
0.004900630563497543
-0.017268888652324677
0.0003102313494309783
-0.03292315453290939
-0.006502638105303049
-0.00877320021390915
0.013863044790923595
-0.02004401944577694
0.003010071814060211
0.01648680493235588
0.017722999677062035
0.011983523145318031
-0.005389431957155466
-0.00797219667583704
-0.017647314816713333
0.00968773290514946
0.006199896801263094
0.00629134988412261
-0.028003601357340813
0.01572995074093342
-0.0343107208609581
-0.014657741412520409
0.0008624983602203429
-0.03963392600417137
0.0026631804648786783
-0.01456944178789854
-0.013181875459849834
-0.02004401944577694
-0.018732139840722084
0.009208391420543194
0.02516539953649044
-0.03375569358468056
0.015641652047634125
-0.002779862144961953
-0.004824944771826267
0.007202728185802698
-0.005966533441096544
0.01945115067064762
-0.03463869169354439
-0.02543029747903347
-0.03294838219881058
0.018605997785925865
-0.012595313601195812
0.002603262895718217
0.03211584314703941
-0.040870122611522675
0.03658128157258034
0.004254150670021772
-0.011239283718168736
0.02288222312927246
-0.0032040157821029425
-0.016247134655714035
0.010646414943039417
0.006398570723831654
0.017180588096380234
-0.009126398712396622
0.0024944650940597057
-0.011346505023539066
-0.004509589169174433
-0.024660829454660416
-0.00734779192134738
-0.0001774862321326509
-0.02139374241232872
-0.010501351207494736
0.009870639070868492
-0.03817067667841911
-0.0017076521180570126
0.0017060752725228667
0.031258076429367065
0.024118417873978615
-0.013547688722610474
0.006275582127273083
0.0024345472920686007
0.005975993815809488
-0.029113654047250748
-0.001627236371859908
0.026868321001529694
0.0006224336684681475
-0.009164242073893547
0.022352425381541252
-0.15651743113994598
0.02596009522676468
0.001493998453952372
-0.006401724182069302
0.008356930688023567
-0.003995559178292751
0.003191401483491063
0.029492082074284554
0.018530311062932014
-0.0002308010880369693
0.00786497537046671
0.014014415442943573
-0.02201184071600437
-0.03544599935412407
0.008426309563219547
-0.009794953279197216
-0.0405169241130352
0.014834340661764145
0.0312076173722744
0.010267987847328186
0.013156646862626076
-0.0002398675715085119
-0.03007233701646328
0.002563843270763755
0.014052257873117924
0.0020261616446077824
-0.018000513315200806
-0.004973162431269884
-0.013774745166301727
-0.002338363789021969
0.011699703522026539
0.006133671849966049
0.01586870849132538
-0.00023494013294111937
-0.018353711813688278
0.014203628525137901
-0.01890873908996582
0.018151884898543358
-0.014405456371605396
0.024446388706564903
0.0020750416442751884
0.01251332089304924
0.0019205173011869192
0.02286960929632187
0.023197578266263008
0.017609471455216408
0.009422834031283855
-0.014153172262012959
0.032393354922533035
0.0015996426809579134
0.017117517068982124
-6.941525043657748e-06
0.003241858445107937
-0.0003350656188558787
0.018151884898543358
0.007776676211506128
-0.003714892314746976
-0.012153815478086472
0.031031018123030663
0.0069693648256361485
0.0002449920866638422
0.002369899535551667
0.005834084004163742
0.013080962002277374
0.03231767192482948
-0.016095764935016632
-0.03269609808921814
0.03564782813191414
-0.016966145485639572
-0.0058530052192509174
0.006171514745801687
0.00016161988605745137
0.0059381513856351376
-0.002973805880174041
-0.001518438570201397
0.0026884088292717934
-0.016184063628315926
0.03067781962454319
-0.00017374138406012207
0.0009523747721686959
-0.022642552852630615
0.02752426080405712
-0.013270175084471703
-0.015906549990177155
-0.00502992607653141
-0.0055313422344625
-0.010974384844303131
0.013900887221097946
-0.01864383928477764
0.016789546236395836
0.01574256643652916
-0.04112240672111511
-0.0384986475110054
-0.009574204683303833
0.0020703114569187164
0.005165529437363148
0.009031792171299458
0.0026616037357598543
-0.00172026630025357
-0.012103358283638954
-0.004430749919265509
-0.001357607077807188
-0.0036802031099796295
-0.0009839104022830725
0.019526835530996323
-0.0197917353361845
0.007076586131006479
-0.0036139783915132284
0.01714274473488331
-0.004711417015641928
-0.03294838219881058
0.017849143594503403
0.011340197175741196
0.004030248150229454
-0.002469236496835947
0.026136694476008415
-0.013408931903541088
-0.02260470949113369
0.016966145485639572
-0.010375208221375942
0.04485622048377991
0.005780473351478577
0.008565065450966358
0.015338909812271595
-0.02474913001060486
-0.024736514315009117
-0.10585866123437881
-0.022920064628124237
0.01976650580763817
0.018984423950314522
0.015010939911007881
0.00037468221853487194
-0.019350236281752586
0.008186638355255127
-0.0026016859337687492
0.00778929004445672
-0.022920064628124237
-0.02005663327872753
-0.025619512423872948
0.009265155531466007
0.01469558384269476
0.021368514746427536
-0.004162697587162256
0.0022106447722762823
-0.026817863807082176
0.008867807686328888
0.011825845576822758
0.01762208715081215
-0.0211162306368351
0.01426669955253601
-0.013207104057073593
0.0019630903843790293
-0.025745654478669167
0.005111918784677982
0.014279314316809177
-0.012500707060098648
-0.01615883596241474
-0.0005771012511104345
0.005812008865177631
-0.02544291317462921
0.0098580252379179
-0.015288452617824078
-0.03920504450798035
-0.0024282403755933046
0.008855192922055721
-0.014645126648247242
0.020409831777215004
0.015856092795729637
0.0030731430742889643
-0.025783495977520943
0.006278735585510731
-0.018933966755867004
-0.0033112368546426296
0.01580563746392727
-0.007713604718446732
-0.023967046290636063
-0.005411507096141577
-0.033881835639476776
-0.03572351485490799
-0.031712185591459274
-0.00415639067068696
0.018114041537046432
0.009025485254824162
-0.011750159785151482
-0.006641394924372435
-0.024168875068426132
-0.0012480209115892649
-0.0058624655939638615
-0.007795597426593304
0.025783495977520943
0.030778734013438225
0.008993949741125107
-0.024446388706564903
-0.0051970649510622025
-0.0008053400670178235
-0.000678409356623888
-0.00924623478204012
0.00466095982119441
0.006067447364330292
-0.01338370330631733
-0.0166129469871521
0.022289354354143143
-0.020472902804613113
-0.025669967755675316
-0.0061494396068155766
-0.012418714351952076
0.004471746273338795
-0.015263224951922894
-0.03148513287305832
-0.023096663877367973
0.022024454548954964
-0.0005424121045507491
-0.0006689486326649785
-0.008867807686328888
0.014203628525137901
-0.014342385344207287
0.010640107095241547
0.025733040645718575
-0.006691851653158665
-0.01029952336102724
0.013017890974879265
0.023714762181043625
0.021507270634174347
-0.0033143903128802776
-0.01332063227891922
0.00854614470154047
-0.02623760886490345
0.011378040537238121
-0.05731908604502678
0.011743852868676186
0.0012842868454754353
0.0003027416532859206
-0.01075994223356247
-0.012443942949175835
0.02676740661263466
-0.0036581282038241625
0.011352811940014362
0.02476174384355545
-0.01154202502220869
0.00393564160913229
-0.0077072978019714355
-0.001740764477290213
-0.029365940019488335
-0.031712185591459274
0.029719138517975807
-0.0003439350111875683
0.01422885712236166
0.009189470671117306
0.004970008507370949
0.009763417765498161
0.0020230079535394907
0.024799587205052376
-0.017609471455216408
0.022024454548954964
0.003421611385419965
-0.015023553743958473
-0.015565966255962849
0.01456944178789854
0.012380871921777725
-0.03870047256350517
-0.0026016859337687492
0.0035193716175854206
-0.005521881394088268
-0.028356799855828285
0.005670098587870598
0.041677433997392654
0.012702534906566143
0.07003423571586609
-0.005553416907787323
-0.02845771424472332
0.024938343092799187
-0.028962284326553345
-0.031182389706373215
0.014115328900516033
-0.01957729272544384
-0.013648602180182934
0.00968773290514946
-0.014796498231589794
0.032191529870033264
0.031131932511925697
-0.004471746273338795
-0.028482943773269653
-0.0021475735120475292
0.004216308239847422
0.009637275710701942
-0.005521881394088268
-0.003907259553670883
-0.010242759250104427
0.04467961937189102
-0.006937829311937094
0.007650533691048622
0.006912600714713335
-0.000589715491514653
-0.020472902804613113
-0.0024944650940597057
0.008798428811132908
-0.013812587596476078
-0.0013331669615581632
0.012406100519001484
0.004689341876655817
-0.0018937120912596583
0.01776084303855896
0.024812201038002968
-0.005849851761013269
0.009460676461458206
-0.019325008615851402
0.00034078143653459847
0.00012633945152629167
0.015048782341182232
0.007902818731963634
-0.02389136143028736
0.029340710490942
0.011743852868676186
0.01701660268008709
-0.011535718105733395
0.010684257373213768
-0.007574848365038633
0.004399214405566454
-0.007953274995088577
0.022112755104899406
-0.0002784986572805792
0.014380227774381638
-0.017874371260404587
-0.0009523747721686959
-0.005547109991312027
-0.022957907989621162
0.010841934941709042
0.018681682646274567
0.007530698552727699
-0.008066803216934204
0.016739090904593468
-0.03315021097660065
-0.007133349776268005
0.009183162823319435
-0.03721199557185173
-0.04089535027742386
-0.022226283326745033
0.027549490332603455
-0.007385634817183018
0.002379360143095255
0.018870895728468895
-0.008451537229120731
-0.012563778087496758
-0.012967433780431747
-0.001040674396790564
-0.011352811940014362
-0.01574256643652916
0.0070639718323946
-0.025480754673480988
0.04566353186964989
0.0222010537981987
-0.00612105755135417
0.014014415442943573
0.008117260411381721
0.03592534363269806
-0.0042951470240950584
0.0156794935464859
0.01237456500530243
0.006628780625760555
0.010886085219681263
-0.02038460411131382
-0.01557858008891344
-0.037918392568826675
-0.007379327435046434
0.025556441396474838
0.02078825980424881
-0.04344342648983002
0.06730955839157104
0.005096151027828455
-0.008268631063401699
0.010217530652880669
0.009542669169604778
0.004837559070438147
-0.009845410473644733
-0.009977860376238823
-0.018252797424793243
0.015654265880584717
0.018580768257379532
-0.013169261626899242
-0.003267086809501052
-0.014380227774381638
-0.0029075811617076397
-0.0031819408759474754
-0.03370523825287819
0.02845771424472332
-0.012759299017488956
0.017180588096380234
0.034739602357149124
0.005480885040014982
0.007158578373491764
0.00864705815911293
-0.014682970009744167
0.00928407721221447
0.029895737767219543
-0.01668863371014595
-0.008407387882471085
-0.03552168607711792
-0.006773844361305237
0.014796498231589794
-0.026262838393449783
-0.019085338339209557
-0.010476122610270977
-0.03895275667309761
0.0035004501696676016
-0.033528637140989304
-0.009088556282222271
0.01251332089304924
0.007921739481389523
0.013888273388147354
-0.010886085219681263
-0.02361384779214859
-0.013522460125386715
0.012532242573797703
-0.016726475208997726
0.0033616935834288597
-0.013888273388147354
