0.006694457959383726
-0.009531632997095585
0.007829328067600727
-0.00835850927978754
-0.04644041135907173
0.03223541006445885
-0.036494359374046326
-0.018642472103238106
-0.013388915918767452
-0.03942716866731644
-0.008530652150511742
0.008945071138441563
0.002398847369477153
0.011756743304431438
0.0007539234939031303
0.004042177461087704
0.02996566891670227
0.0013946787221357226
0.009365865029394627
-0.007644433528184891
-0.003745708614587784
0.029659636318683624
0.01744384504854679
-0.022110838443040848
-0.023513486608862877
-0.003650073427706957
0.01446002908051014
-0.026675820350646973
-0.01179499737918377
-0.010328592732548714
-0.00689210370182991
-0.02608925849199295
-0.016921039670705795
-0.006503187585622072
-0.005486267618834972
0.004552231635898352
-0.0037839626893401146
0.025566453114151955
0.010774889029562473
0.0191652774810791
0.010099068284034729
-0.010194703005254269
0.0056042177602648735
-0.01230505108833313
-0.0026841589715331793
0.01930554211139679
-0.02461010217666626
-0.00557233951985836
-0.039784207940101624
0.03799901902675629
0.0020928150042891502
0.029634134843945503
-0.020924963057041168
-0.00916821975260973
-0.021256497129797935
-0.014409024268388748
0.0011532000498846173
0.017329081892967224
-0.007797449827194214
-0.014842569828033447
-5.7430879678577185e-05
-0.009295732714235783
-0.022174594923853874
0.023436978459358215
0.010245708748698235
0.007204512134194374
-0.01928003877401352
0.008766552433371544
-0.012770475819706917
0.00574767030775547
0.008282001130282879
0.012776851654052734
-0.007510544266551733
-0.003895536996424198
0.03776949271559715
-0.004867827519774437
0.00023131743364501745
-0.03817753866314888
0.014192250557243824
0.02662481553852558
0.010660127736628056
0.0015963094774633646
-0.022659147158265114
0.011629229411482811
0.01284060813486576
0.0073639038018882275
0.024380577728152275
0.011724865064024925
0.0035640019923448563
-0.021154487505555153
-0.004466159734874964
0.01664051041007042
-0.001954144099727273
0.03674938529729843
-0.005164296366274357
0.014345266856253147
-0.013643942773342133
0.021613536402583122
-0.02395978383719921
-0.023092692717909813
-0.007261892780661583
-0.005827366374433041
-0.027134869247674942
0.00914271641522646
-0.016359979286789894
0.023564491420984268
-0.008932319469749928
-0.006700833793729544
0.01841294765472412
-0.020873958244919777
-0.014919077977538109
0.03680039197206497
0.004615988116711378
-0.01349092647433281
0.008734673261642456
-0.005036782473325729
0.03623933345079422
-0.028741540387272835
-0.015518391504883766
-0.014396272599697113
0.016053948551416397
0.01349092647433281
0.014077488332986832
-0.001502268249168992
0.032694458961486816
0.01976459100842476
-0.028333496302366257
0.004287641029804945
-0.026395291090011597
0.0015947155188769102
0.0012942618923261762
-0.000132992587168701
0.00879205483943224
0.0002097995311487466
-0.006541441660374403
0.0022027953527867794
-0.018680725246667862
0.004851887933909893
-0.026242274791002274
-0.01205002423375845
0.008352133445441723
0.023041686043143272
-0.00964001938700676
-0.016972044482827187
0.013886218890547752
0.0049538989551365376
0.04697596654295921
0.008396763354539871
0.007574301213026047
0.005690289195626974
0.023577243089675903
-0.04442569985985756
0.00688572833314538
-1.090215391741367e-05
0.012177538126707077
0.008530652150511742
0.005358754191547632
0.015161353163421154
-0.001727807684801519
0.004172878805547953
-0.01795389875769615
0.009295732714235783
0.007625306490808725
0.01420500222593546
0.017048552632331848
0.02800196222960949
0.02095046639442444
0.001640142174437642
0.009914173744618893
0.0030380086973309517
0.01027121115475893
0.019458558410406113
-0.039784207940101624
0.013873467221856117
-0.0023382785730063915
0.027364393696188927
0.023360470309853554
0.0047307503409683704
0.004093182738870382
-0.02059342712163925
-0.027211377397179604
0.008639038540422916
0.009627267718315125
0.01230505108833313
-0.02533692866563797
0.022416871041059494
0.018400195986032486
0.01906326599419117
0.009754781611263752
0.005642471835017204
0.02024914138019085
0.006777341943234205
0.0072427657432854176
0.008658166043460369
-0.6434840559959412
0.003417361294850707
0.001947768498212099
0.009021579287946224
0.019241785630583763
0.0006726336432620883
0.021881313994526863
0.03343403711915016
0.0036819519009441137
-0.004698872100561857
-0.006018636282533407
0.015416380017995834
0.010519862174987793
-0.007803825195878744
-0.019025012850761414
-0.03088376671075821
0.00992054957896471
-0.017698870971798897
0.00566159887239337
-0.019025012850761414
-0.029608631506562233
0.014396272599697113
-0.003643697826191783
0.004587297793477774
-0.015008336864411831
-0.026191269978880882
0.006930357776582241
-0.0107302600517869
0.007083374075591564
0.010188327170908451
-0.03616282343864441
0.030705247074365616
0.022684648633003235
0.016742520034313202
0.04501226171851158
0.02614026516675949
-0.033995095640420914
0.005553212482482195
0.0024928885977715254
0.014817067421972752
0.002381314290687442
-0.007810201030224562
0.007217263337224722
-0.00646174605935812
0.035474251955747604
0.014893574640154839
0.014268758706748486
-0.014868072234094143
0.01658950373530388
0.019853848963975906
0.0029503433033823967
-0.00012850968050770462
0.003181461477652192
0.00373933301307261
-0.028231484815478325
-0.01398822944611311
0.004957086872309446
0.009576262906193733
-0.012228542938828468
0.02228935807943344
0.006130210589617491
-0.0025391122326254845
-0.026675820350646973
-0.029710641130805016
-0.02415105327963829
0.00477219233289361
-0.015607650391757488
-0.011355075985193253
0.01613045670092106
-0.021065227687358856
0.006107896100729704
0.031138792634010315
-0.004769004415720701
0.005157920531928539
0.018234428018331528
0.0033663560170680285
0.03473467379808426
0.014077488332986832
-0.006656203884631395
0.009270230308175087
0.0017309956019744277
-0.02531142719089985
-0.03134281560778618
0.009646395221352577
0.015314369462430477
-0.047996073961257935
-0.023768514394760132
-0.005138793494552374
0.0014130087802186608
0.026701323688030243
-0.019190778955817223
-0.0006981363403610885
0.0028865865897387266
-0.017762629315257072
0.008345757611095905
0.027415398508310318
-0.0009069396764971316
-0.0020800638012588024
0.020861206576228142
-0.017188817262649536
0.009703775867819786
-0.02953212335705757
0.019828347489237785
-0.011278567835688591
0.006257724482566118
-0.003347228979691863
-0.002137444680556655
0.024673858657479286
0.031674351543188095
-0.014600293710827827
-0.009282981976866722
-0.015123099088668823
-0.022085335105657578
0.008466895669698715
-0.030195193365216255
-0.030067680403590202
0.00663707684725523
0.0020131191704422235
0.03340853378176689
-0.02897106297314167
0.018910249695181847
-0.009480627253651619
0.00028989394195377827
0.013031878508627415
-0.02165178954601288
0.011488964781165123
-0.030985776335000992
0.010564492084085941
-0.02361549809575081
-0.015046590939164162
0.0034747424069792032
-0.00357037759386003
0.018757233396172523
-0.009818538092076778
0.014064737595617771
-0.014880823902785778
0.022799411788582802
-0.00916821975260973
0.009754781611263752
-0.013720450922846794
-0.01828543283045292
-0.0021501961164176464
0.002131069079041481
-0.0020418097265064716
-0.04009024053812027
-0.03325551748275757
-0.025617459788918495
-0.013937223702669144
-0.03570377454161644
0.030526727437973022
-0.010341343469917774
-0.015620402060449123
-0.04501226171851158
-0.012783226557075977
-0.009270230308175087
-0.021014222875237465
-0.010908778756856918
0.01446002908051014
-0.038483571261167526
-0.00786120630800724
-0.011807749047875404
-0.01064737606793642
-0.024265816435217857
0.019484059885144234
-0.03147032856941223
0.01806866005063057
0.015556645579636097
0.015926433727145195
-0.014332516118884087
-0.03942716866731644
0.02005787193775177
0.0050941635854542255
0.0060537029057741165
0.009123589843511581
0.02124374732375145
0.006700833793729544
-0.01114467903971672
-0.0018250367138534784
-0.02119274064898491
-0.008428641594946384
-0.01792839542031288
0.02226385474205017
-0.01351642981171608
-0.0026809710543602705
0.0061589013785123825
-0.0011173369130119681
-0.004673369228839874
0.009397744201123714
-0.012011770159006119
0.017979402095079422
0.013414418324828148
0.012081902474164963
-0.018106915056705475
0.012081902474164963
-0.006566944532096386
0.012540951371192932
0.0027447277680039406
-0.010583619587123394
0.007835703901946545
0.0038891613949090242
0.017137812450528145
-0.011629229411482811
0.026267778128385544
-0.015441883355379105
0.012942618690431118
0.006484060548245907
-0.006391613278537989
-0.01493182871490717
0.06712310016155243
-0.010927905328571796
0.01052623800933361
-0.028205983340740204
-0.023283962160348892
-0.02068268693983555
0.0019445806974545121
0.01039234921336174
0.00688572833314538
0.005757234059274197
-0.015339871868491173
0.014906326308846474
-0.010181951336562634
-0.007905836217105389
0.010666502639651299
-0.010283962823450565
-0.025540951639413834
0.02049141749739647
0.005808239337056875
-0.02654830738902092
0.01254732720553875
-0.012011770159006119
0.0037616477347910404
-0.018463952466845512
0.016768023371696472
0.017290828749537468
0.020720941945910454
0.00845414400100708
0.034530650824308395
-0.0020338401664048433
0.010226581245660782
-0.013949975371360779
0.007115252315998077
0.032617948949337006
0.001855321228504181
-0.023551741614937782
0.02665031887590885
-0.002502452116459608
0.01925453543663025
-0.0001565028796903789
-0.0013157797511667013
0.009837665595114231
-0.009595389477908611
-0.009282981976866722
-0.011782245710492134
-0.026828836649656296
-0.006525502540171146
-0.022251103073358536
0.0029455614276230335
0.01111917570233345
-0.012719470076262951
0.03241392970085144
0.00444384478032589
0.028843550011515617
0.01011181902140379
0.008282001130282879
0.007555174175649881
0.008352133445441723
-0.004466159734874964
-0.018030406907200813
-0.008734673261642456
-0.03481118008494377
-0.010717508383095264
-0.02148602157831192
-0.0041856300085783005
-0.0041856300085783005
0.0005323687801137567
0.007963216863572598
0.014868072234094143
-0.01828543283045292
-0.0010719102574512362
0.008855811320245266
-0.018999509513378143
-0.019662579521536827
-0.0037871506065130234
0.013044629245996475
-0.022659147158265114
-0.01374595332890749
-0.009652771055698395
-0.02589798904955387
-0.0411868542432785
0.01671701855957508
-0.013682196848094463
0.02986365742981434
-0.01305738091468811
-0.008364884182810783
-0.0007941699004732072
-0.013197645545005798
0.025273172184824944
-0.007427660282701254
0.02705836109817028
-0.007453163154423237
0.004698872100561857
-0.03606081381440163
-0.023819519206881523
-0.011514468118548393
0.029302598908543587
0.014000981114804745
-0.02805296704173088
0.007472290191799402
0.004211132880300283
-0.01149534061551094
-0.003243624232709408
0.010966159403324127
-0.01669151522219181
0.015811672434210777
0.020912211388349533
0.009295732714235783
0.007306522689759731
-0.01222216710448265
0.03427562490105629
0.0016672387719154358
0.004759440664201975
0.0012464442988857627
0.0041410005651414394
0.003965669311583042
0.04065129905939102
-0.005913437809795141
-0.017188817262649536
0.03662187233567238
-0.01280235406011343
-0.009703775867819786
-0.013605688698589802
-0.03083276003599167
-0.0018393819918856025
0.0025215791538357735
-0.005671162158250809
0.004842324648052454
0.019586071372032166
-0.0034651788882911205
-0.005132417660206556
0.02461010217666626
-0.012502697296440601
-0.002862677676603198
0.014944580383598804
0.0036468857433646917
0.010915154591202736
-0.019445806741714478
0.001558852382004261
0.004411966539919376
0.022391367703676224
0.012317802757024765
0.04580284282565117
0.027925454080104828
0.006592447403818369
-0.031189799308776855
-0.005266306921839714
0.007842079736292362
0.04281902685761452
-0.015594899654388428
-0.017252573743462563
0.017163315787911415
-0.0013970696600154042
0.040319763123989105
-0.007676311768591404
0.014613045379519463
0.023628247901797295
0.0017804070375859737
0.0046701813116669655
-0.0063342321664094925
0.008390387520194054
-0.004332270473241806
0.010009808465838432
0.016768023371696472
0.008530652150511742
-0.021039724349975586
6.370693154167384e-05
0.037004414945840836
0.011138303205370903
0.006015448831021786
-0.004880578722804785
-0.0045394799672067165
0.0035671896766871214
0.02843550778925419
-0.016627758741378784
-0.03175085783004761
-0.003701078938320279
-0.024724865332245827
0.012738597579300404
0.001120524713769555
-0.004622363951057196
-0.016066698357462883
-0.008855811320245266
0.012980872765183449
-0.025999998673796654
0.00747866602614522
-0.011826875619590282
-0.048047080636024475
-0.024431584402918816
0.0018154731951653957
-0.007937714457511902
0.03228641301393509
0.01569690927863121
-0.013427169993519783
-0.0071726334281265736
0.026726827025413513
-0.0034524276852607727
-0.011973516084253788
0.021588033065199852
-0.0014823442324995995
-0.012317802757024765
0.009353114292025566
-0.007618930656462908
0.007115252315998077
0.0168317798525095
0.003640509909018874
-0.03958018496632576
-0.0022027953527867794
-0.006911230739206076
-0.010532613843679428
-0.021116232499480247
0.01755860634148121
-0.0012990436516702175
0.007497793063521385
-0.004160127602517605
-0.007045120000839233
0.014689553529024124
-0.017048552632331848
0.0001637751265661791
-0.011731240898370743
0.008906817063689232
-0.000901360937859863
0.0011858753859996796
0.010762138292193413
-0.028818048536777496
-0.008109857328236103
0.0035225600004196167
0.00012581994815263897
4.3733140046242625e-05
0.009965178556740284
0.02754291333258152
-0.011488964781165123
-0.00494752312079072
0.04552231356501579
0.010876900516450405
0.008715546689927578
-0.00444384478032589
-0.03534673899412155
0.013108386658132076
0.004271701909601688
-0.007376655004918575
0.008403138257563114
0.001820254954509437
-0.008894065394997597
-0.0029662824235856533
-0.0067390878684818745
0.008702795021235943
0.027670426294207573
0.0027479156851768494
-0.012381559237837791
0.012094654142856598
0.0028499264735728502
-0.019700832664966583
0.018961254507303238
-0.008390387520194054
-0.006898479536175728
0.0023526237346231937
-0.012228542938828468
0.0014074300415813923
-0.030067680403590202
0.025642961263656616
-0.028078468516469002
-0.03361255303025246
-0.0031081412453204393
-0.009340362623333931
0.03725944086909294
-0.01804315857589245
0.02262089215219021
-0.010169200599193573
-0.00277023040689528
-0.015658656135201454
-0.008128984831273556
-0.011055419221520424
-0.004727562423795462
0.02083570323884487
0.011865129694342613
0.01517410483211279
-0.008639038540422916
0.0056998529471457005
0.006943109445273876
0.013427169993519783
0.0023478420916944742
-0.009212849661707878
-0.0171760655939579
-0.03782049939036369
0.006056890357285738
0.01971358433365822
-0.008900441229343414
0.00951888132840395
-0.01588818058371544
-0.01647474244236946
0.015008336864411831
-0.029200587421655655
-0.009767533279955387
-0.01998136378824711
-0.015403629280626774
0.01952231489121914
0.008983325213193893
-0.018680725246667862
0.02288866974413395
-0.00798234436661005
-0.017647866159677505
0.026701323688030243
-0.014766061678528786
0.004322707187384367
-0.011042667552828789
0.0356527715921402
-0.02274840511381626
0.005718979984521866
0.008517900481820107
0.02010887674987316
0.015072094276547432
0.008855811320245266
-0.02584698423743248
-0.009633643552660942
0.032158900052309036
-0.01911427080631256
-0.002516797510907054
-0.019203530624508858
0.012324178591370583
-0.025132907554507256
0.013414418324828148
-0.009391368366777897
-0.01814516820013523
0.033076997846364975
-0.016653260216116905
-0.0026953162159770727
-0.0033312898594886065
-0.007465914357453585
0.015059342607855797
0.0006981363403610885
0.002540706191211939
0.005741294473409653
0.014166748151183128
-0.013631191104650497
-0.0149700827896595
0.0022187347058206797
-0.02853751741349697
0.04531829431653023
-0.0020418097265064716
0.047639038413763046
0.016576753929257393
0.003420549212023616
-0.033153507858514786
0.01852770894765854
0.02172829769551754
-0.012540951371192932
0.01124031376093626
-0.0052949972450733185
0.0026204020250588655
-0.011259440332651138
0.00853702798485756
0.028665032237768173
-0.019560568034648895
-0.014179499819874763
0.01402648352086544
0.009251103736460209
0.0066880821250379086
-0.030679743736982346
0.013465424068272114
-0.024750366806983948
0.035984303802251816
-0.0062545365653932095
0.030016673728823662
-0.016551250591874123
-0.008250122889876366
-0.012770475819706917
0.07191760838031769
0.004743501543998718
-0.00160507601685822
0.0030061304569244385
-0.017163315787911415
-0.01296174619346857
-0.012285924516618252
-0.002993379021063447
-0.006974987685680389
0.0022282982245087624
0.03537224233150482
-0.017711622640490532
-0.004109121859073639
0.0017612800002098083
-0.028307992964982986
-0.002531142672523856
-0.00914271641522646
0.008435017429292202
0.022251103073358536
-0.002339872531592846
0.004360961262136698
0.012878862209618092
0.017724374309182167
0.0018569150706753135
0.026854339987039566
-0.008441392332315445
-0.01591368205845356
0.009875919669866562
-0.007287395652383566
-0.01623246632516384
0.014868072234094143
-0.02805296704173088
-0.012553703039884567
-0.015773417428135872
-0.015135850757360458
-0.01099803764373064
-0.004944335203617811
0.03437763452529907
-0.024737617000937462
-0.004207944963127375
-0.0024482589215040207
-5.972213693894446e-05
0.015569396317005157
0.0006993317510932684
-0.022531632333993912
0.02347523346543312
0.009620892815291882
-0.035933300852775574
-0.005680725909769535
-0.011935262009501457
0.00036022558924742043
-0.0030491661746054888
0.006535066291689873
0.004118685610592365
-0.0195988230407238
0.02652280405163765
-0.013108386658132076
-0.02991466410458088
-0.025030897930264473
-0.0011898601660504937
-0.0004694090166594833
-0.014549288898706436
-0.02022363804280758
0.02986365742981434
-0.02226385474205017
0.004922020714730024
0.004023050423711538
-0.022952428087592125
0.0086964201182127
-0.016053948551416397
-0.018502207472920418
0.0057444823905825615
-0.012451691552996635
0.04411966726183891
-0.025132907554507256
0.015276115387678146
-0.003340853378176689
-0.023972535505890846
0.005887935403734446
0.020236389711499214
0.02129475213587284
-0.01196714024990797
0.014268758706748486
0.0052949972450733185
-0.0171760655939579
-0.0034301127307116985
0.02364099957048893
-0.00506866117939353
-0.015327121131122112
-0.010921530425548553
0.005623344797641039
0.01284060813486576
0.02858852408826351
0.009053457528352737
-0.0009340362739749253
-0.015390877611935139
-0.0013197645312175155
-0.027313388884067535
-0.00042637321166694164
-0.008607160300016403
0.049041684716939926
-0.005253555718809366
-0.00586880836635828
-0.022735655307769775
0.012904364615678787
-0.036927904933691025
0.015225110575556755
0.01766061782836914
0.026905344799160957
0.02948111854493618
-0.004520352929830551
0.010379597544670105
0.036545366048812866
-0.011858753859996796
0.007638057693839073
-0.02759391814470291
-0.002668219618499279
-0.038917116820812225
0.010194703005254269
-0.015569396317005157
0.007873957976698875
-0.02749190665781498
-0.008192741312086582
0.02337322197854519
0.004727562423795462
0.010870524682104588
0.01521235890686512
-0.015390877611935139
-0.00688572833314538
0.006015448831021786
0.01449828315526247
0.011399705894291401
0.010194703005254269
0.005170671734958887
-0.009952427819371223
-0.008728298358619213
0.00714075518772006
-0.015786169096827507
-0.030169690027832985
-0.0003438879211898893
0.0309347715228796
-0.014307012781500816
0.026267778128385544
0.002268146025016904
-0.007924962788820267
0.007281019818037748
-0.031597841531038284
0.011743991635739803
-0.010239332914352417
-0.0154673857614398
0.01217116229236126
0.005970818921923637
-0.011629229411482811
-0.004077243618667126
0.004756253212690353
-0.044170670211315155
0.0047307503409683704
-0.0060282000340521336
-0.007249141577631235
0.005559587851166725
0.0029168708715587854
-0.002496076514944434
-0.03282197192311287
-0.04304855316877365
-0.000637965917121619
0.008141735568642616
-0.003375919535756111
-0.0066434526816010475
0.00926385447382927
-0.023385973647236824
0.01884649321436882
0.009684649296104908
9.085335477720946e-05
-0.012375183403491974
-0.02364099957048893
0.01064737606793642
-0.029940165579319
0.002880210755392909
0.014370770193636417
-0.0005522927967831492
0.007051495835185051
0.013261402025818825
0.008243747055530548
-0.03904462978243828
0.015352623537182808
0.20218537747859955
-0.010373221710324287
0.005020843353122473
0.01715056411921978
0.0010543771786615252
0.03626483678817749
0.03529573231935501
-0.007402157876640558
-0.004937959834933281
0.003650073427706957
-0.015237861312925816
-0.02027464471757412
-0.018616968765854836
0.009550759568810463
0.013669445179402828
-0.02242962270975113
-0.0444767028093338
-0.006898479536175728
-0.009914173744618893
-0.03088376671075821
0.021957822144031525
0.020312897861003876
-0.0034938694443553686
-0.008760176599025726
0.010315841063857079
0.01884649321436882
-0.006356547120958567
3.479225415503606e-05
0.015556645579636097
-0.005938940681517124
-0.018910249695181847
-0.012891612946987152
-0.008039725013077259
0.004303580150008202
-0.016436487436294556
0.0012520230375230312
0.030093181878328323
-0.011214811354875565
0.005785924382507801
0.014625797048211098
0.028180480003356934
-0.020657185465097427
-0.006139774341136217
-0.02105247601866722
-0.018349191173911095
0.07400882989168167
-0.008052476681768894
0.002212358871474862
-0.0061333985067903996
0.010099068284034729
-0.032056890428066254
0.03861108422279358
0.02710936777293682
0.0003994758299086243
0.010972535237669945
0.01420500222593546
-0.006535066291689873
-0.02751740999519825
0.019968612119555473
0.00040485532372258604
0.014409024268388748
0.020236389711499214
0.012910740450024605
0.043227072805166245
-0.033153507858514786
0.024227561429142952
-0.016321726143360138
-0.01777537912130356
-0.009461500681936741
-0.012375183403491974
0.0009173001162707806
-0.03083276003599167
-0.0028547081165015697
0.012285924516618252
-0.024699361994862556
-0.01613045670092106
0.01763511449098587
0.008403138257563114
0.017520353198051453
0.023513486608862877
-0.028358999639749527
-0.012120156548917294
-0.009767533279955387
-0.002724006772041321
0.009614516980946064
-0.018081411719322205
0.013172143138945103
-0.008772927336394787
-0.0028244236018508673
-0.02659931220114231
-0.000726428406778723
-0.00435458542779088
0.009531632997095585
-0.004922020714730024
0.006923982407897711
0.013682196848094463
0.0031575525645166636
0.0204659141600132
-0.004893329925835133
-0.00938499253243208
-0.028282491490244865
0.006031387951225042
0.009665521793067455
0.007370279636234045
-0.01637273095548153
0.021715546026825905
-0.026344286277890205
-0.006503187585622072
-0.013618440367281437
-0.029149582609534264
0.01962432451546192
-0.007255517411977053
-0.0033281019423156977
-0.016627758741378784
-0.03203138709068298
-0.007408533710986376
0.009671897627413273
-0.01599019020795822
0.01806866005063057
0.008486022241413593
-0.0107302600517869
-0.005607405677437782
-0.00870917085558176
0.033025991171598434
0.00426851399242878
-0.012987248599529266
-0.06304267048835754
0.007937714457511902
-0.024788621813058853
-0.020963216200470924
0.006866601295769215
-0.03294948488473892
0.03718293085694313
0.005489455536007881
-0.009531632997095585
0.009442373178899288
-0.0022872730623930693
-0.0003608233237173408
0.011782245710492134
0.007599803619086742
0.035423245280981064
-0.005862432532012463
-0.004746689461171627
-0.005454389378428459
0.0037488965317606926
-0.03083276003599167
0.0034874938428401947
-0.002604462904855609
-0.03379107266664505
-0.021817557513713837
-0.023169200867414474
-0.030169690027832985
-0.01035409513860941
-0.023258458822965622
0.01744384504854679
0.0023319029714912176
-0.030246198177337646
0.002118317876011133
0.008435017429292202
0.00895144697278738
-0.02579597756266594
0.0071726334281265736
0.02148602157831192
-0.012030897662043571
-0.016921039670705795
-0.0039497301913797855
-0.1590348184108734
0.014256007969379425
0.017023051157593727
-0.0030698871705681086
0.004013487137854099
-0.01099803764373064
0.020618930459022522
0.01976459100842476
0.004083619453012943
-0.014307012781500816
-0.005750858224928379
-0.004721186589449644
-0.024087296798825264
-0.019611574709415436
-0.02385777235031128
0.013911721296608448
-0.02705836109817028
-0.008269249461591244
0.029251594096422195
0.0232329573482275
0.013325159437954426
-0.0030635115690529346
-0.022008826956152916
-0.008524276316165924
-0.0025215791538357735
-0.007574301213026047
-0.020988719537854195
0.011935262009501457
-0.021855810657143593
-0.0064999996684491634
0.009691025130450726
0.015849925577640533
0.03231191635131836
-0.0020625307224690914
-0.011233937926590443
0.02030014619231224
-0.008205492980778217
-0.004568170756101608
-0.019127022475004196
0.006955860648304224
0.009735655039548874
0.009015203453600407
0.010328592732548714
-0.007587052416056395
0.005470328498631716
-0.014855320565402508
0.015416380017995834
-0.00464467890560627
0.018718980252742767
-0.005562775768339634
0.016780775040388107
-0.00028949545230716467
0.011686610989272594
-0.009353114292025566
0.012955370359122753
0.011100049130618572
0.0011794997844845057
0.005884747486561537
0.010303089395165443
-0.01208827830851078
-0.006216282490640879
-0.02051691897213459
-0.0021007845643907785
0.021715546026825905
0.03037371300160885
-0.003198994556441903
-0.0173928402364254
0.017278077080845833
-0.034556154161691666
-0.003512996481731534
-0.02051691897213459
-0.023513486608862877
0.020529670640826225
0.00452354084700346
-0.004676557146012783
0.005923001561313868
-0.0070196171291172504
0.035423245280981064
-0.011820499785244465
-0.002894556149840355
-0.020937714725732803
0.054830797016620636
-0.025999998673796654
0.0025773663073778152
-0.006719960831105709
-0.008645414374768734
-0.01814516820013523
-0.010589994490146637
0.019802844151854515
0.008479646407067776
0.01015007309615612
-0.032643452286720276
-0.01108092162758112
0.016143206506967545
0.00566159887239337
0.010698381811380386
-0.0007798246806487441
-0.011412456631660461
-0.0024482589215040207
-0.021549778059124947
0.009149092249572277
0.0071981362998485565
-0.010698381811380386
-0.009888670407235622
0.026854339987039566
-0.018030406907200813
0.01355468388646841
0.00735115259885788
0.024278568103909492
0.009276606142520905
-0.014128494076430798
0.0046956841833889484
0.026242274791002274
0.020504169166088104
0.025234919041395187
0.010430603288114071
0.0035034329630434513
0.0003000551660079509
0.008173614740371704
-0.005655223038047552
0.03514271602034569
-0.013146640732884407
-0.010468857362866402
-0.0035608140751719475
-0.00748504139482975
-0.03340853378176689
-0.10027660429477692
-0.027899950742721558
0.015824424102902412
0.018502207472920418
-0.0016481118509545922
0.01499558612704277
-0.011329573579132557
-0.0027542912866920233
-0.010634624399244785
0.023436978459358215
-0.03374006971716881
-0.005680725909769535
-0.013146640732884407
0.02856302075088024
-0.019407551735639572
0.024814123287796974
-0.00748504139482975
-0.008486022241413593
-0.03340853378176689
0.012177538126707077
0.01542913168668747
0.022633643820881844
-0.0236665029078722
-0.010800392366945744
0.005122854374349117
0.00663707684725523
-0.03534673899412155
0.018349191173911095
0.019994113594293594
0.008364884182810783
-0.01618146151304245
-0.01811966672539711
-0.0016273908549919724
-0.01952231489121914
0.014153996482491493
-0.007147131022065878
-0.0309347715228796
-0.011450710706412792
0.01928003877401352
-0.009487003087997437
0.030042177066206932
0.018004903569817543
0.009136341512203217
-0.020376654341816902
0.003060323651880026
-0.010787640698254108
-0.011310446076095104
0.011068170890212059
-0.0023127759341150522
-0.019560568034648895
-0.01229230035096407
-0.036341343075037
-0.044604215770959854
-0.008817557245492935
0.015811672434210777
0.008753800764679909
0.006308729760348797
0.018974006175994873
-0.006471309345215559
-0.02555370330810547
-0.0014998773112893105
-0.01884649321436882
-0.0032930357847362757
0.018183423206210136
0.02126924879848957
-0.001519801327958703
-0.01906326599419117
-0.013835213147103786
0.019700832664966583
0.0034396762493997812
0.0005662395851686597
0.006512751337140799
0.0024769494775682688
0.008690044283866882
-0.025132907554507256
0.025132907554507256
-0.006222657859325409
-0.038381557911634445
0.004035801626741886
0.007561549544334412
-0.011221186257898808
-0.015301617793738842
-0.02841000445187092
-0.012145659886300564
0.0009810568299144506
0.009493378922343254
0.01157822459936142
0.018476704135537148
-0.003519372083246708
-0.018757233396172523
-0.007300146855413914
0.02022363804280758
0.0060983323492109776
-0.0071726334281265736
0.016296222805976868
-0.0011691392865031958
0.007587052416056395
-0.01795389875769615
0.005463952664285898
0.0022171407472342253
-0.0171760655939579
-0.0029328102245926857
-0.0559019111096859
0.011705737560987473
-0.00314639532007277
-0.011527218855917454
-0.0014249632367864251
0.002131069079041481
0.03899362310767174
-0.008186365477740765
-0.005677537992596626
0.01935654692351818
-0.012846983969211578
0.0014608263736590743
-0.024457085877656937
0.0024817311204969883
-0.01567140780389309
-0.005126042291522026
0.03085826337337494
0.005999509245157242
0.013121137395501137
0.011074545793235302
0.008836684748530388
-0.0019111083820462227
0.01836194097995758
0.036953408271074295
0.003512996481731534
0.010602746158838272
0.0017198381246998906
0.007599803619086742
-0.00857528205960989
0.018463952466845512
0.02078469842672348
-0.03856007754802704
0.0032707208301872015
0.0064298673532903194
-0.00832025520503521
-0.002491294639185071
0.011903383769094944
0.02889455482363701
0.012668464332818985
0.05467778071761131
-0.0023478420916944742
-0.021205492317676544
0.04394114762544632
-0.0016481118509545922
-0.012215792201459408
-0.005926189012825489
-0.00016616600623819977
0.015110348351299763
0.01650024577975273
-0.0163982342928648
0.02848651260137558
0.024036291986703873
0.00829475186765194
-0.02703285962343216
-0.004829573445022106
0.011386954225599766
0.019050514325499535
0.00537150539457798
0.015365375205874443
0.0040549286641180515
0.03830505162477493
-0.00879205483943224
0.002491294639185071
0.01234330516308546
0.017545854672789574
-0.00596444308757782
0.018757233396172523
-0.0009236758342012763
-0.012668464332818985
-0.016410985961556435
0.0018122853944078088
-0.007867582142353058
0.006362922955304384
0.008511525578796864
0.024036291986703873
0.007383030839264393
0.005811427254229784
-0.014447277411818504
-0.0061589013785123825
0.03317900747060776
0.0009850417263805866
0.032617948949337006
-0.018476704135537148
0.012662089429795742
0.028103971853852272
0.012368808500468731
-5.16031141160056e-05
-0.009939676150679588
-0.026854339987039566
0.019853848963975906
-0.006308729760348797
0.01011181902140379
0.004749877378344536
-0.01048798393458128
-0.004612800199538469
0.009200097993016243
-0.0021725110709667206
-0.014523785561323166
0.008058852516114712
0.010762138292193413
0.035015203058719635
0.001576385460793972
0.0005809832946397364
-0.017035800963640213
-0.009608141146600246
0.0015771824400871992
-0.03626483678817749
-0.02471211366355419
-0.021307503804564476
0.03284747526049614
0.007159882225096226
-0.006503187585622072
0.029940165579319
0.013682196848094463
-0.02492888644337654
-0.0033376654610037804
0.012834232300519943
-0.022518880665302277
-0.021154487505555153
0.016627758741378784
-0.010564492084085941
0.04363511502742767
0.04429818317294121
-0.0006806032033637166
0.01780088245868683
0.002653874456882477
0.016997547820210457
0.0029216527473181486
0.00015032645023893565
0.0054384502582252026
-0.007701814640313387
-0.011999018490314484
-0.021766552701592445
-0.010385973379015923
-0.019904855638742447
-0.022518880665302277
0.030016673728823662
0.02892005816102028
-0.03333202376961708
0.09221775084733963
0.0012942618923261762
-0.013541932217776775
0.019586071372032166
-0.003261157311499119
0.014358018524944782
-0.0038477194029837847
-0.000820071087218821
-0.02054242230951786
0.016946543008089066
0.0195988230407238
-0.015849925577640533
-0.010162824764847755
-0.03532123565673828
-0.015097596682608128
-0.01015007309615612
-0.01777537912130356
0.04677194729447365
-0.01599019020795822
0.0019780530128628016
0.03271995857357979
-0.001958925975486636
0.01289798878133297
0.0035544384736567736
-0.0036628248635679483
0.019050514325499535
0.035448748618364334
-0.0015158165479078889
-0.02393428049981594
-0.028843550011515617
0.00853702798485756
-0.012719470076262951
-0.05299460515379906
-0.009550759568810463
0.011259440332651138
-0.02000686526298523
0.014842569828033447
-0.017724374309182167
0.015288867056369781
0.0038477194029837847
0.001898357062600553
0.0071981362998485565
-0.036927904933691025
-0.029149582609534264
-0.03379107266664505
-0.015811672434210777
-0.029812652617692947
0.007045120000839233
-0.043686121702194214
