0.0008214223780669272
-0.010330580174922943
0.03634001687169075
-0.008205396123230457
-0.017977392300963402
0.013457362540066242
-0.037778206169605255
-0.00928403902798891
-0.01849103346467018
-0.0119357043877244
-0.023820046335458755
0.001837867428548634
-0.019633881747722626
0.007672494277358055
-0.005447791889309883
-0.004234318155795336
0.026401085779070854
-0.010850640945136547
0.005075403023511171
-0.0007471853750757873
-0.015280784107744694
0.004285681992769241
0.0023306405637413263
-0.018991831690073013
-0.02077673003077507
0.013052871450781822
0.020019110292196274
-0.029020648449659348
-0.002672532107681036
0.0024574454873800278
-0.004982306156307459
0.002625983441248536
-0.014548847451806068
0.00010674077202565968
-0.007845847867429256
-0.01924865134060383
0.01065160520374775
0.002863541943952441
0.02378152310848236
0.02950860559940338
0.009810520336031914
-0.003974287770688534
0.011608259752392769
-0.010882742702960968
0.0031925924122333527
0.024551982060074806
-0.012179683893918991
-0.007967837154865265
-0.01674465648829937
0.03164021298289299
0.013983843848109245
0.009239096194505692
-0.006070580333471298
-0.010773594491183758
-0.01013154536485672
-0.005024039186537266
-0.02326788194477558
0.0013892351416870952
0.008487897925078869
-0.006099472753703594
-0.003723888425156474
0.006709419656544924
-0.030587250366806984
0.01475430279970169
0.011409224011003971
0.0157944243401289
-0.026375403627753258
-0.0007929314160719514
0.0007098662317730486
0.01259059552103281
0.0036340015940368176
0.01571737788617611
-0.006972660310566425
-0.006491122767329216
0.034105680882930756
0.009219834581017494
-0.010966209694743156
-0.03459364175796509
0.017887506633996964
0.03703342750668526
-0.00024999812012538314
-0.003235930809751153
-0.023460498079657555
0.017720572650432587
0.0035569556057453156
0.0038266165647655725
0.01182013563811779
0.015511921606957912
0.008359488099813461
-0.014972600154578686
-0.02172696404159069
0.010568139143288136
0.016834544017910957
0.019402742385864258
-0.0022969329729676247
0.025232555344700813
-0.011113881133496761
0.006664476357400417
-0.025219714269042015
-0.029123377054929733
-0.020943662151694298
-0.004921311512589455
-0.012783210724592209
0.0012568123638629913
-0.03508159890770912
-0.0028699622489511967
-0.011691725812852383
0.015486239455640316
0.010979050770401955
-0.03253908082842827
0.002210256177932024
0.04979737848043442
0.008320964872837067
-0.0062086209654808044
0.018003074452280998
-0.013521567918360233
0.009412448853254318
-0.019261492416262627
-0.002255199709907174
-0.02297253906726837
0.02591312676668167
0.008089826442301273
0.004211846273392439
-0.022227762266993523
0.037264566868543625
0.02150866575539112
-0.023242201656103134
-0.009296880103647709
-0.02570767141878605
-0.003861929289996624
-0.0037303089629858732
-0.014638734050095081
-0.008558522909879684
-0.0004851488338317722
-0.006799306720495224
0.0020128260366618633
-0.01607692614197731
0.022574469447135925
-0.028378598392009735
-0.012121899053454399
0.028763828799128532
0.011223029345273972
-0.00965642835944891
-0.042041417211294174
-0.010927686467766762
0.033951591700315475
0.02048138715326786
0.04851327836513519
0.018080120906233788
0.005460632964968681
0.024256639182567596
-0.03428545594215393
0.023075267672538757
-0.0051652900874614716
0.011165245436131954
0.002471891464665532
0.015486239455640316
0.01937706209719181
0.0057527655735611916
-0.007261582650244236
-0.014292026869952679
-0.0006781650590710342
0.006308138836175203
0.0016468575922772288
0.009117105975747108
0.019351379945874214
0.011762351728975773
-0.006902034860104322
0.006192569620907307
-0.0007748737698420882
0.01990354247391224
0.015948515385389328
-0.021470142528414726
0.018709329888224602
-0.00799993984401226
0.03441386669874191
0.004715855233371258
0.008243918418884277
-2.0716135622933507e-05
-0.028173143044114113
-0.02629835717380047
0.004664491396397352
0.006876352708786726
0.01746375299990177
-0.026157107204198837
0.02298538014292717
0.008930912241339684
0.0018282366218045354
0.00782016571611166
0.009637166745960712
0.0045713940635323524
0.010137965902686119
0.0010938922641798854
0.0013940505450591445
-0.6459534168243408
0.010600240901112556
-0.007659653667360544
0.003624370787292719
0.007736699189990759
-0.010902004316449165
0.018259894102811813
0.007858688943088055
0.0019020723411813378
-0.02371731773018837
-0.005101085174828768
0.012924461625516415
0.011685305275022984
-0.012603436596691608
-0.01644931361079216
-0.027993367984890938
-0.004182953853160143
-0.01894046738743782
0.028429962694644928
-0.031177936121821404
-0.030202019959688187
0.029251785948872566
0.01887626200914383
0.01814432628452778
-0.002603511791676283
-0.0009831386851146817
0.0037752524949610233
-0.006154046859592199
0.007839427329599857
-0.005778447724878788
-0.018311258405447006
0.014214981347322464
0.007556925527751446
0.024616187438368797
0.056346286088228226
0.019723767414689064
-0.026324039325118065
0.013688500970602036
0.023216519504785538
0.0015657987678423524
-0.006959819234907627
-0.015884310007095337
0.016757497563958168
-0.009791258722543716
0.0308440700173378
-0.007903632707893848
0.03531273454427719
-0.030561568215489388
0.0030786285642534494
0.028429962694644928
0.007563346065580845
-0.0027784702833741903
0.0216499175876379
-0.0016308063641190529
-0.004442984238266945
-0.0016275960952043533
0.007280844263732433
-0.0062086209654808044
0.007961416617035866
0.02855837345123291
-0.0006885983748361468
-0.0010617898078635335
-0.009046480990946293
-0.004073805641382933
-0.025142667815089226
0.01280889194458723
-0.00929045956581831
-0.002524860668927431
0.024911530315876007
-0.02078957110643387
0.010394785553216934
0.03061293251812458
0.007223059423267841
-0.012372298166155815
0.029791107401251793
-0.009168470278382301
0.023473339155316353
-0.006632373668253422
-0.03053588606417179
0.009328982792794704
-0.014009525068104267
-0.01814432628452778
-0.019633881747722626
0.007293684873729944
0.021842531859874725
-0.04245232790708542
0.004414091818034649
0.0005228692316450179
0.0009783232817426324
0.031100889667868614
-0.008154031820595264
0.010369103401899338
0.008866706863045692
-0.011274393647909164
0.012442924082279205
0.04399324953556061
-0.005120346788316965
-0.0006388394976966083
0.01317486073821783
-0.014458959922194481
0.008166872896254063
-0.020738206803798676
0.007261582650244236
-0.01856807805597782
0.022741401568055153
0.0035376939922571182
0.004574604332447052
-0.014921235851943493
0.041656188666820526
-0.030741341412067413
-0.0045713940635323524
0.0034028636291623116
-0.007601868826895952
-0.012147581204771996
-0.02239469438791275
-0.034542277455329895
0.016988636925816536
0.018889103084802628
0.022677196189761162
-0.03639138117432594
0.024500617757439613
0.001568206469528377
0.01616681180894375
-8.12092621345073e-05
-0.027428364381194115
0.027479728683829308
-0.01930001564323902
0.001783293206244707
-0.0067543634213507175
-0.012905200012028217
0.0030962848104536533
-0.023820046335458755
0.031152253970503807
-0.006173308473080397
0.027864959090948105
-0.010073760524392128
0.02745404653251171
-0.004503978881984949
0.014857031404972076
-0.006548907607793808
-0.01336747594177723
-0.012898779474198818
0.009688531048595905
-0.015216578729450703
-0.03053588606417179
-0.03246203437447548
-0.014869872480630875
-0.00022772702504880726
-0.016988636925816536
0.03456795960664749
-0.021765485405921936
0.0016436473233625293
-0.03164021298289299
-0.029123377054929733
-0.008751138113439083
-0.0038972420152276754
-0.014150775969028473
-0.007942155003547668
-0.03808639198541641
-0.01856807805597782
0.013662818819284439
0.0033514995593577623
-0.02958565205335617
0.0300992913544178
-0.018118644133210182
0.026028696447610855
0.00021227769320830703
-0.0009085003985092044
-0.015165215358138084
-0.042400963604450226
0.002001590095460415
0.013354634866118431
-0.002587460447102785
0.016911590471863747
0.02475743740797043
0.0048314244486391544
-0.014613051898777485
-0.0027142653707414865
-0.01851671375334263
-0.024770278483629227
0.0026436399202793837
0.025951649993658066
-0.020365817472338676
-0.01035626232624054
0.00038864073576405644
0.016462154686450958
0.014548847451806068
0.004828214179724455
-0.0046484400518238544
0.007666073739528656
0.010144385509192944
-0.0066002714447677135
-0.026529494673013687
0.016564883291721344
-0.01665477082133293
0.006638794206082821
-0.004664491396397352
-0.00634987186640501
0.026529494673013687
0.01615397073328495
0.025463692843914032
-0.007633971516042948
0.041656188666820526
-0.012487867847084999
-0.0038426676765084267
-0.0017319291364401579
0.015216578729450703
-0.009367506019771099
0.045354392379522324
0.02511698566377163
0.021059231832623482
-0.027556775137782097
-0.021084913983941078
-0.01769489049911499
-0.0048089525662362576
0.041861642152071
0.0007520007784478366
-0.013572931289672852
-0.022651514038443565
0.014099412597715855
-0.013187701813876629
-0.004253579769283533
0.009239096194505692
-0.006372343748807907
-0.028096096590161324
0.0017704521305859089
-0.0014245478669181466
-0.0007776827551424503
0.012975824996829033
-0.019056037068367004
0.007589027751237154
0.009444551542401314
-0.003794513875618577
0.043787792325019836
0.017232615500688553
0.005714242812246084
0.01769489049911499
-0.007601868826895952
0.024410732090473175
0.002046533627435565
-0.0004526450647972524
0.025797558948397636
-0.009906827472150326
0.003197407815605402
0.01769489049911499
-0.00219259993173182
0.0022471740376204252
-0.0028330443892627954
0.0005922908894717693
-0.007133172824978828
-0.0069855013862252235
0.004536081571131945
-0.022150715813040733
-0.03068997710943222
-0.01012512482702732
-0.015691695734858513
-0.0059357499703764915
-0.0012295253109186888
0.003329027909785509
0.028301551938056946
0.0034991709981113672
0.015229419805109501
0.0030031877104192972
0.015588968060910702
0.0006853881059214473
-0.0041155386716127396
-0.0029373776633292437
-0.0018298417562618852
-0.03392590954899788
0.004378779325634241
-0.03181998431682587
-0.01317486073821783
0.013380317017436028
-0.017296820878982544
0.01630806364119053
0.00038041447987779975
0.000880410720128566
0.004362727981060743
0.009919668547809124
-0.007274423725903034
-0.03294999152421951
-0.0278906412422657
-0.0005409269360825419
0.016051243990659714
-0.007884371094405651
-0.019775131717324257
-0.005553730297833681
-0.019351379945874214
-0.04468666389584541
0.013007927685976028
0.010259955190122128
-0.0034927506931126118
0.008160452358424664
-0.002842675196006894
-0.00020234599651303142
-0.007434936240315437
0.020327294245362282
-0.00929045956581831
0.010805697180330753
-0.0035441145300865173
-0.0028314392548054457
-0.02077673003077507
-0.029714062809944153
-0.009919668547809124
0.033746134489774704
0.03831752762198448
-0.02724859118461609
0.0020674001425504684
0.006163677666336298
-0.013868274167180061
-0.02539948746562004
-0.0018474981188774109
0.01130649633705616
0.012327355332672596
0.015473398379981518
0.010067339986562729
0.01571737788617611
0.0023161943536251783
0.02121332287788391
-0.006327400449663401
0.00526801822707057
-0.011556895449757576
-0.02135457471013069
0.013560090214014053
0.06102040782570839
-0.020943662151694298
-0.0034991709981113672
0.036083195358514786
0.006497543305158615
-0.028224507346749306
-0.020571274682879448
-0.045842353254556656
-0.007486300077289343
0.008314544335007668
-0.012487867847084999
0.0003647645062301308
-0.006844250485301018
-0.0033868122845888138
0.015576126985251904
0.006324190180748701
0.011704566888511181
-0.007858688943088055
0.01806727983057499
0.009701371192932129
0.008083405904471874
-0.02152150683104992
0.014253504574298859
0.026234151795506477
0.004632388707250357
-0.006696579046547413
0.04679258540272713
0.01442043762654066
0.006895614322274923
-0.034542277455329895
0.007242321036756039
0.0068314094096422195
0.018824897706508636
0.003955026622861624
-0.02319083735346794
0.01222462672740221
0.021046390756964684
0.047768499702215195
0.013136337511241436
0.008218236267566681
0.01968524605035782
0.016552042216062546
0.0044943480752408504
-0.017309661954641342
0.008898809552192688
-0.019710926339030266
0.0190945602953434
0.02760813944041729
-0.01358577236533165
-0.029046330600976944
0.019710926339030266
0.009020798839628696
0.01141564454883337
0.010882742702960968
0.02260015159845352
-0.0029084852430969477
0.0023274302948266268
0.03677660971879959
-0.004330625291913748
-0.014741461724042892
0.007184536661952734
-0.025643466040492058
0.025450851768255234
-0.010195749811828136
-0.001831446890719235
-0.00673510180786252
-0.01141564454883337
0.0008206198108382523
-0.021624235436320305
0.018889103084802628
0.004182953853160143
-0.03567228466272354
-0.02776223048567772
0.013418839313089848
-0.003470278810709715
0.017155569046735764
0.02408970706164837
-0.01219252496957779
-0.002959849312901497
0.01424066349864006
0.0017239035805687308
0.009129947051405907
0.010638764128088951
-0.014330550096929073
-0.012526390142738819
0.015152374282479286
0.001444611931219697
-0.011293655261397362
0.013162019662559032
0.005662878509610891
-0.028532691299915314
-0.003508801804855466
0.015036804601550102
-0.000374796538380906
-0.025232555344700813
0.030561568215489388
0.00965000782161951
0.014202140271663666
0.0025906707160174847
-0.00635308213531971
0.0038972420152276754
-0.013213383965194225
0.005768816918134689
-0.0044943480752408504
0.006709419656544924
0.013778387568891048
0.004279261454939842
0.01696295477449894
-0.015036804601550102
-0.0044526150450110435
-6.791682244511321e-05
-0.009136367589235306
0.009450972080230713
0.0026982140261679888
0.024487776681780815
-0.013097815215587616
-0.020160362124443054
0.033155448734760284
0.0037206781562417746
-0.007954996079206467
-0.011479848995804787
-0.0440702959895134
-0.009213414043188095
0.0012873096857219934
-0.014304867945611477
0.017194092273712158
-0.0033482895232737064
-0.009938930161297321
0.014304867945611477
-0.004696594085544348
0.00440446101129055
0.04956623911857605
0.0012166842352598906
-0.008930912241339684
-0.011062516830861568
-0.007518402300775051
0.005287279840558767
0.013791228644549847
0.0003422927693463862
-0.0019502261420711875
-0.006221462041139603
0.00012881122529506683
-0.014677257277071476
-0.03826616331934929
0.031075207516551018
-0.020173203200101852
-0.01843966916203499
-0.005351484753191471
-0.02724859118461609
0.021855372935533524
-0.014484642073512077
0.006253564730286598
-0.01065160520374775
0.012821733020246029
-0.013091394677758217
-0.020352976396679878
-0.010221431963145733
-0.01851671375334263
0.0069212960079312325
-0.008128349669277668
0.028455644845962524
-0.006959819234907627
-0.003272848669439554
-0.0033579200971871614
-0.006250354461371899
-0.0014301658375188708
-0.009438131004571915
-0.011967807076871395
-0.016038402915000916
0.018978990614414215
0.009450972080230713
-0.009418869391083717
-0.005489525385200977
0.002231122925877571
-0.011518372222781181
0.030047928914427757
-0.02010899782180786
-0.03207680583000183
-0.012847415171563625
-0.007332208100706339
-0.022446058690547943
0.006227882578969002
-0.03518432751297951
0.017643526196479797
-0.006491122767329216
0.005974272731691599
0.03731593117117882
0.012924461625516415
-0.007640392053872347
0.0026067220605909824
0.05023397132754326
-0.033746134489774704
0.028815193101763725
0.009502336382865906
-0.0014205350307747722
0.007486300077289343
-0.0020513490308076143
-0.028019050136208534
-0.0008202185272239149
0.02290833555161953
0.0028009419329464436
-0.015730218961834908
-0.024629028514027596
0.007511982228606939
-0.016770338639616966
0.026991771534085274
-0.0005280859186314046
-0.03148612007498741
0.0011075357906520367
-0.00526801822707057
-0.008571363985538483
-0.012545651756227016
-0.01317486073821783
-0.02150866575539112
-0.0040898569859564304
0.005460632964968681
0.008320964872837067
0.0183626227080822
-0.019107399508357048
-0.00625998480245471
0.006638794206082821
-0.02107207290828228
0.029765425249934196
0.009380347095429897
0.03318113088607788
0.0009149208781309426
-0.018170008435845375
-0.03243635222315788
-0.00391008285805583
0.008943753316998482
-0.02407686598598957
0.014471800997853279
-0.016577724367380142
-0.0036115297116339207
-0.0008045685826800764
0.022946856915950775
0.034105680882930756
-0.012834574095904827
-0.01042046770453453
0.018452510237693787
0.0062631950713694096
0.0030192388221621513
-0.027710866183042526
-0.0057463450357317924
-0.0006922098691575229
0.031614530831575394
-0.008263180032372475
0.014895553700625896
-0.015370670706033707
-0.005325802601873875
-0.0053193820640444756
0.059736307710409164
-0.0030689977575093508
0.008712614886462688
0.0023226148914545774
0.0029919517692178488
-0.019800813868641853
-0.019351379945874214
-0.020070474594831467
-0.027145862579345703
-0.005441371351480484
0.020442863926291466
-0.026683587580919266
-0.00585549371317029
0.0015513526741415262
-0.035492509603500366
0.007730279117822647
-0.004658070858567953
0.0122952526435256
0.024937212467193604
-0.014857031404972076
-0.008937332779169083
0.030972478911280632
0.019287174567580223
-0.01053603645414114
0.025669148191809654
0.0009534438722766936
-0.01739954762160778
0.012128319591283798
-0.002613142365589738
-0.025951649993658066
-0.00877039972692728
-0.014253504574298859
-0.01695011369884014
0.0023996608797460794
-0.018041597679257393
-0.025784717872738838
-0.010805697180330753
0.02958565205335617
-0.010298477485775948
0.010593820363283157
0.002040113089606166
0.010221431963145733
0.029097694903612137
-0.0018603390781208873
0.005171710625290871
0.007351469714194536
0.010375523939728737
-0.04319710657000542
-0.009592222981154919
-0.009399608708918095
-0.006430128123611212
0.01270616427063942
0.019043195992708206
0.004070595372468233
-0.015190896578133106
0.026080060750246048
-0.014587369747459888
-0.026375403627753258
-0.009662848897278309
0.0070047625340521336
0.008558522909879684
-0.013251906260848045
-0.012346616946160793
0.007274423725903034
-0.013906797394156456
-0.002844280330464244
0.009682110510766506
-0.025001417845487595
0.024038342759013176
-0.0023434816394001245
-0.01358577236533165
-0.008532840758562088
-0.014574529603123665
0.0275310929864645
-0.019325697794556618
0.023627430200576782
-0.0065168049186468124
-0.021239005029201508
0.006876352708786726
-0.004516819957643747
0.02518119104206562
-0.03220521658658981
-0.009097845293581486
-0.00438841013237834
-0.012211786583065987
-0.032924309372901917
0.014227822422981262
-0.015588968060910702
-0.002165312645956874
-0.009168470278382301
0.006902034860104322
0.011736669577658176
0.02570767141878605
-0.007704596966505051
0.004073805641382933
-0.005589042790234089
-0.010067339986562729
-0.016423633322119713
-0.008667671121656895
-0.013547249138355255
0.04389052093029022
0.01072223111987114
-0.012796051800251007
-0.006105893291532993
0.004597076214849949
-0.04679258540272713
0.0030144236516207457
0.031229300424456596
0.03405431658029556
0.0016789600485935807
-0.0028795930556952953
0.01034984178841114
0.012873097322881222
-0.014125094749033451
0.012789631262421608
-0.03092111647129059
-0.013534408994019032
-0.022587310522794724
-0.015691695734858513
-0.02152150683104992
-0.01894046738743782
-0.015499080531299114
-0.0006023229216225445
0.0381891205906868
0.0008322569774463773
0.0038972420152276754
0.011736669577658176
-0.022266285493969917
-0.01806727983057499
-0.0021637077443301678
0.020507069304585457
0.015267943032085896
-0.0013370686210691929
0.0037303089629858732
-0.009412448853254318
-0.0042503695003688335
-0.003268033266067505
-0.021033549681305885
-0.030433157458901405
-0.0029165109153836966
0.028224507346749306
-0.002426947932690382
0.028815193101763725
-0.009213414043188095
-0.019556835293769836
0.004224687349051237
-0.035261370241642
0.01123587042093277
-0.02334492839872837
-0.007248741574585438
0.022214921191334724
0.006231092847883701
-0.03654547035694122
-0.008154031820595264
-0.008507159538567066
-0.023922773078083992
-0.011113881133496761
-0.0031733307987451553
-0.008378748781979084
0.028532691299915314
-0.0012961379252374172
-0.016141129657626152
-0.022202080115675926
-0.02364027127623558
-0.019364221021533012
0.007871530018746853
-0.019633881747722626
-0.013701341114938259
0.02863541804254055
-0.014869872480630875
0.00278007541783154
-0.006452600006014109
-0.009926089085638523
-0.02943156100809574
-0.025091303512454033
0.006902034860104322
-0.02583608217537403
-0.0033001357223838568
-0.007877950556576252
0.0019710927736014128
0.018028756603598595
-0.008930912241339684
0.005406058859080076
-0.04586803540587425
0.011704566888511181
0.19939497113227844
-0.036827974021434784
-0.019775131717324257
0.0030722080264240503
-0.011556895449757576
0.015666013583540916
0.029534287750720978
0.0028908289968967438
-0.005229495000094175
0.023820046335458755
0.0008125941967591643
-0.01585862785577774
-0.01900467276573181
0.008179713971912861
0.007922893390059471
-0.01329042948782444
-0.04062890633940697
-0.006420497316867113
0.01347020361572504
-0.007287264801561832
0.023820046335458755
0.0014028786681592464
-0.0060545289888978004
-0.006844250485301018
0.027402682229876518
0.0023836097680032253
0.011255132034420967
0.007980678230524063
0.01777193695306778
-0.008930912241339684
-0.010568139143288136
-0.00420542573556304
-0.007743119727820158
0.0014903579140082002
-0.023370610550045967
0.006857091095298529
0.029637016355991364
-0.025373805314302444
0.02614426612854004
0.008398010395467281
0.02547653391957283
-0.029328832402825356
0.008943753316998482
-0.011479848995804787
0.009418869391083717
0.06708135455846786
-0.004051333758980036
-0.010279216803610325
0.008738297037780285
-0.010369103401899338
-0.013868274167180061
0.024320844560861588
0.027813594788312912
0.02503993920981884
0.005919698625802994
0.016487836837768555
0.010548877529799938
0.010799276642501354
0.008545681834220886
-0.00021127449872437865
-0.007287264801561832
0.015319307334721088
0.0061861490830779076
-0.00906574260443449
-0.018311258405447006
0.015242260880768299
-0.006780045107007027
-0.024783119559288025
0.010548877529799938
-0.018015915527939796
0.02804473228752613
-0.02225344441831112
-0.014266345649957657
0.008378748781979084
-0.006902034860104322
-0.02040434069931507
0.024616187438368797
0.012988666072487831
0.010253534652292728
0.04011526703834534
0.0004494348249863833
-0.016179652884602547
-0.02812177874147892
0.008468636311590672
0.012719005346298218
-0.025720512494444847
0.00957938190549612
-0.01122944988310337
-0.005749555304646492
-0.02863541804254055
-0.010709390044212341
-0.0005136397667229176
0.012532810680568218
-0.0183497816324234
0.01585862785577774
0.007422095164656639
0.032051123678684235
0.008719035424292088
-0.022125033661723137
0.00223754346370697
-0.0018458929844200611
-0.009046480990946293
0.014317709021270275
0.013547249138355255
-0.00947665423154831
0.010446148924529552
-0.018966149538755417
-0.021174799650907516
-0.0009020799188874662
-0.03662251681089401
0.019043195992708206
-0.019184445962309837
0.00012449745554476976
-0.024436412379145622
-0.024359367787837982
0.014959759078919888
0.00870619434863329
-0.014279186725616455
0.02943156100809574
0.005483104847371578
-0.021110596135258675
-0.014805667102336884
-0.00741567462682724
0.014137934893369675
-0.011325757019221783
-0.019338538870215416
-0.0396273098886013
0.015229419805109501
-0.025219714269042015
-0.012616277672350407
0.016487836837768555
-0.0183626227080822
0.03657115250825882
0.010780015029013157
-0.013380317017436028
0.007743119727820158
0.0066773174330592155
-0.01112030167132616
0.016462154686450958
0.006227882578969002
0.02855837345123291
-0.02468039281666279
-0.0031396232079714537
0.0008643594919703901
-0.013791228644549847
-0.015614650212228298
0.007428515702486038
-0.005800919607281685
-0.02077673003077507
-0.0044461945071816444
0.011332177557051182
-0.0359804667532444
-0.005839442368596792
-0.0014727015513926744
0.017797619104385376
0.02211219258606434
-0.02620846964418888
0.01105609629303217
-0.01072223111987114
0.014921235851943493
-0.026157107204198837
0.0015120271127671003
0.02284413017332554
-0.0012150791008025408
0.011332177557051182
0.024218115955591202
-0.16035833954811096
0.002016036305576563
0.006314559374004602
-0.0058522834442555904
0.0024076865520328283
-0.009136367589235306
0.02365311235189438
0.02438504993915558
-0.02063547819852829
-0.0008370723808184266
-0.01013154536485672
0.02099502645432949
-0.052160121500492096
-0.03472204878926277
-0.008597046136856079
0.0016564882826060057
-0.03567228466272354
0.0025232555344700813
0.03492750599980354
0.02365311235189438
0.004593865945935249
-0.01045899000018835
-0.00585549371317029
-0.009303300641477108
0.003794513875618577
-0.0041733235120773315
-0.011107460595667362
0.003245561383664608
-0.0021251847501844168
0.003528063418343663
0.0033771817106753588
0.013906797394156456
0.0249500535428524
-0.010889163240790367
-0.017232615500688553
0.020969344303011894
-0.014317709021270275
-0.00336755090393126
-0.013804069720208645
0.018735012039542198
0.007646812591701746
0.016718976199626923
0.005059352144598961
0.01673181541264057
0.012853835709393024
0.0220351479947567
0.022510264068841934
-0.007755960803478956
0.023897090926766396
-0.012397980317473412
0.005730294156819582
-0.006818568333983421
-0.0026709269732236862
-0.004686963278800249
0.00635308213531971
0.005759186111390591
0.01711704581975937
-0.01189076155424118
0.029637016355991364
-0.00278168055228889
-0.008378748781979084
-0.029328832402825356
0.0005501564010046422
0.025566421449184418
0.03266749158501625
-0.01616681180894375
-0.03002224676311016
0.02914905920624733
-0.02760813944041729
0.0009229464922100306
0.002820203546434641
-0.016847385093569756
0.003894031746312976
-0.01223104726523161
0.014471800997853279
0.01277036964893341
-0.02835291624069214
0.03960162773728371
-0.006272825878113508
-0.014882712624967098
-0.025900287553668022
0.035646602511405945
-0.01340599823743105
-0.0020031952299177647
0.008211816661059856
0.0030336850322782993
-0.002868357114493847
0.017515117302536964
0.006324190180748701
0.022946856915950775
0.013893956318497658
-0.0477428175508976
-0.02069968357682228
-0.009052901528775692
0.0017897136276587844
5.5527270887978375e-05
-0.0012560097966343164
0.002494363347068429
-0.013303270563483238
-0.0063980259001255035
0.012853835709393024
0.0035762169864028692
-0.008905230090022087
0.0028378597926348448
0.0030192388221621513
-0.014908394776284695
-0.0022263075225055218
0.017887506633996964
0.0238714087754488
-0.0016693293582648039
-0.011505531147122383
0.019364221021533012
0.021675599738955498
-8.341630746144801e-05
0.014189299196004868
0.014137934893369675
0.020905138924717903
-0.008667671121656895
0.023023903369903564
-0.008603466674685478
0.05300762504339218
-0.007903632707893848
-0.010285637341439724
0.0037431500386446714
-0.0057046120055019855
-0.02678631618618965
-0.10190613567829132
-0.017438070848584175
0.02312663197517395
0.008500739000737667
0.0035890580620616674
0.030895434319972992
-0.0051941825076937675
0.016680452972650528
-0.004439773969352245
0.01182013563811779
-0.031152253970503807
-0.008597046136856079
-0.0028940392658114433
0.019222969189286232
0.018889103084802628
0.008674091659486294
0.007736699189990759
-0.006121944170445204
-0.03839457407593727
0.019954906776547432
0.010080181062221527
0.02194526046514511
-0.014895553700625896
-0.00045625658822245896
0.015165215358138084
-0.005499156191945076
-0.01599987968802452
0.011813715100288391
0.023884249851107597
-3.177644612151198e-05
-0.03952458128333092
-0.008102667517960072
-0.007293684873729944
-0.014985441230237484
0.01790034770965576
-0.025091303512454033
-0.029714062809944153
-0.003637211862951517
0.0315888486802578
-0.02078957110643387
0.005608304403722286
0.024346526712179184
0.013688500970602036
-0.010150806047022343
0.021842531859874725
-0.02518119104206562
-0.012198945507407188
0.023229360580444336
0.006035267375409603
-0.029354514554142952
-0.015036804601550102
-0.02335776947438717
-0.05208307504653931
-0.0027319216169416904
0.017438070848584175
0.017206933349370956
0.0026484550908207893
0.020160362124443054
-0.023511862382292747
-0.030073609203100204
0.01071581058204174
-0.008012780919671059
-0.01094052754342556
0.020430022850632668
0.011210188269615173
0.0020449284929782152
-0.01277036964893341
-0.007101070135831833
-0.00988114532083273
0.007922893390059471
-0.006715840194374323
0.01945410668849945
0.010093022137880325
-0.006093052215874195
-0.018234211951494217
0.02599017322063446
-0.006468651350587606
-0.010176488198339939
-0.001498383586294949
-0.0031332026701420546
0.00895017385482788
-0.008918071165680885
-0.038445938378572464
-0.006760783959180117
0.013129916973412037
0.004436563700437546
0.014484642073512077
-0.01130649633705616
-0.006035267375409603
-0.013739864341914654
-0.00829528272151947
0.030664294958114624
-0.008064145222306252
-0.01241082139313221
0.01406088937073946
0.012487867847084999
0.012552072294056416
-0.010516774840652943
-0.018092961981892586
0.025720512494444847
-0.01917160488665104
0.005707822274416685
-0.061944957822561264
0.006067370064556599
0.013971002772450447
-0.0020962923299521208
0.0124750267714262
0.011993489228188992
0.03867707774043083
-0.015152374282479286
0.009964612312614918
-0.004359517712146044
-0.012539231218397617
0.008192555047571659
-0.014446118846535683
0.0026227731723338366
-0.014510324224829674
-0.028815193101763725
0.02452629990875721
-0.007865109480917454
0.00976557657122612
0.005489525385200977
0.020969344303011894
0.0010032027494162321
-0.006247144192457199
0.018401145935058594
-0.017977392300963402
-0.0026452450547367334
-0.010227852500975132
-0.0023803994990885258
-0.013739864341914654
0.004911680705845356
0.016282381489872932
-0.029919518157839775
-0.0008555313106626272
0.031974077224731445
-0.007473459001630545
-0.021675599738955498
0.03369477018713951
0.03639138117432594
0.020815253257751465
0.06702999025583267
-0.024873007088899612
-0.013727023266255856
0.03053588606417179
-0.01159541867673397
-0.026478132233023643
0.00033787867869250476
-0.008314544335007668
0.005370745901018381
0.0020352976862341166
-0.0050818235613405704
0.03251339867711067
0.024911530315876007
0.002417317358776927
-0.016192493960261345
-0.006792886182665825
0.020738206803798676
-0.0027367370203137398
-0.00041733233956620097
0.004073805641382933
-0.005210233852267265
0.02812177874147892
-0.006314559374004602
-0.0015521552413702011
0.017566481605172157
-0.0009743105038069189
-0.012449344620108604
-0.004889208823442459
-0.014625892974436283
-0.02518119104206562
-0.006198990158736706
0.01189718209207058
0.008423692546784878
-0.0036917859688401222
0.016423633322119713
0.03128066286444664
-0.032282259315252304
0.01336747594177723
-0.0025280709378421307
-0.0006352279451675713
0.015614650212228298
0.0021669177804142237
0.020378658547997475
-0.02899496629834175
0.02819882519543171
0.019633881747722626
0.00044060664367862046
0.014073730446398258
0.009271197952330112
-0.022702878341078758
0.009117105975747108
-0.010921265929937363
0.01865796558558941
0.0050818235613405704
0.010497513227164745
-0.018118644133210182
-0.001359540387056768
-0.005617935210466385
-0.027659503743052483
0.019107399508357048
0.011698146350681782
0.03202544152736664
0.0001466682442696765
0.002959849312901497
-0.014497483149170876
-0.010394785553216934
0.02188105508685112
-0.035364098846912384
-0.034105680882930756
-0.008076985366642475
0.006548907607793808
-0.0069212960079312325
-0.016616247594356537
0.008641989901661873
-0.0003220280632376671
-0.027787912636995316
-0.01989070139825344
0.022125033661723137
-0.008398010395467281
-0.02981678955256939
0.0019373850664123893
-0.022369012236595154
0.02357606589794159
0.03482477739453316
0.006154046859592199
0.005916488356888294
-0.006625953130424023
0.017784778028726578
0.009001537226140499
0.01160183921456337
0.006324190180748701
0.0011773586738854647
-0.0014197324635460973
-0.029637016355991364
-0.02570767141878605
-0.007839427329599857
0.0018876262474805117
0.038445938378572464
0.011929283849895
-0.033078402280807495
0.06887909770011902
-0.0013956556795164943
-0.025386646389961243
0.022523105144500732
-0.010375523939728737
0.017746254801750183
-0.014086571522057056
0.0053675356321036816
-0.02078957110643387
0.008558522909879684
0.027145862579345703
-0.025142667815089226
-0.0039903391152620316
-0.04052618145942688
-0.008853865787386894
0.007171695586293936
-0.009418869391083717
0.0506705641746521
-0.005162079818546772
0.024064024910330772
0.05118420720100403
-0.0001339275622740388
0.01376554649323225
-0.002121974481269717
-0.0179902333766222
0.009739894419908524
0.019852178171277046
0.005617935210466385
-0.007556925527751446
-0.016718976199626923
0.002038507955148816
0.00887954793870449
-0.03898525983095169
-0.02678631618618965
-0.005511997267603874
-0.031100889667868614
0.0007487905095331371
-0.04815373197197914
-0.0154220350086689
0.011248711496591568
-0.0064879124984145164
-0.009778417646884918
-0.0268119964748621
-0.016783179715275764
0.00025100132916122675
-0.0034863301552832127
-0.025309601798653603
0.007595448289066553
-0.02827586978673935
