0.0022767153568565845
0.016163088381290436
0.019512884318828583
-0.04154766723513603
-0.012144605629146099
0.017666038125753403
-0.02440384216606617
0.016430562362074852
-0.008119754493236542
-0.023130156099796295
-0.02534637041389942
-0.002392939291894436
-0.011316708289086819
0.011686078272759914
-0.005858960095793009
0.007928701117634773
0.03036469779908657
-0.0009281993843615055
0.009457125328481197
0.019118040800094604
-0.01906709372997284
0.004680799786001444
0.02175457403063774
-0.01620129868388176
-0.02284994348883629
0.0254482664167881
0.015653612092137337
-0.025066159665584564
0.0031237173825502396
-0.008419071324169636
0.012991607189178467
-0.011291234754025936
-0.011972657404839993
0.01252034306526184
-0.005750696640461683
0.0029708747752010822
0.00013721987488679588
0.012794185429811478
0.04883315786719322
-0.004040772095322609
0.025690266862511635
0.004400588572025299
-0.004298693500459194
-0.02172910049557686
-0.008482755161821842
0.028785325586795807
-0.019652990624308586
-0.020977623760700226
-0.02728237397968769
0.012335658073425293
-0.004954642150551081
-0.008393596857786179
-0.009425283409655094
-0.001046015415340662
-0.006457592826336622
-0.008342649787664413
-0.007094436325132847
0.0027034005615860224
0.006371619179844856
-0.029167432337999344
0.007049857173115015
0.0020856624469161034
-0.01009396929293871
0.004785878583788872
0.011775235645473003
0.02605963498353958
0.011323077604174614
0.006244250573217869
-0.01322087086737156
0.013666661456227303
0.01174976211041212
0.01794624887406826
0.009444388560950756
-0.01783161796629429
0.01692730002105236
-0.011545971967279911
-0.00789685919880867
-0.030492065474390984
-0.0031412304379045963
0.03724260628223419
0.002910374663770199
-0.014405399560928345
-0.03813418745994568
0.02985522337257862
0.019525621086359024
0.0001477675832575187
0.015551717951893806
0.010234074667096138
0.011724288575351238
-0.002835545688867569
-0.021780047565698624
0.0006762481643818319
0.0038624557200819254
0.008329913020133972
-0.00933612510561943
0.012736869975924492
0.006218776572495699
0.01430350448936224
-0.020366255193948746
-0.024531211704015732
-0.029294800013303757
0.007750385440886021
-0.04019756242632866
0.005699749104678631
-0.027842797338962555
0.0026858875062316656
-0.006776014808565378
-0.0013270225608721375
0.016328666359186172
-0.03658029064536095
-0.01865951344370842
0.057061176747083664
-0.008692913688719273
-0.0015443454030901194
0.02809753455221653
-0.023639630526304245
0.004285956732928753
0.01316992286592722
-0.010839075781404972
-0.012806922197341919
0.036045342683792114
-0.005400432739406824
0.018901513889431953
0.0038942978717386723
0.027002163231372833
0.0039802719838917255
-0.023308470845222473
-0.013692134991288185
-0.030186381191015244
-0.026900269091129303
0.0007291857618838549
-0.006922488566488028
0.007858648896217346
-0.005776170641183853
0.0005691788392141461
0.012590395286679268
0.014634663239121437
0.017398564144968987
-0.0274861641228199
-0.009406178258359432
0.03385460004210472
0.02975332736968994
-0.017271194607019424
-0.012329289689660072
-0.005457748658955097
0.0260341614484787
0.041878826916217804
0.008591018617153168
0.024989739060401917
0.006518092937767506
0.011673341505229473
-0.01816277578473091
0.00405350886285305
-0.0029772433917969465
0.025715740397572517
0.018723199144005775
0.00479224743321538
0.022926365956664085
0.011265761218965054
-0.007018015254288912
-0.006814225111156702
-0.018532145768404007
0.00084938999498263
0.0106161804869771
0.008374491706490517
0.015449822880327702
-0.0015045427717268467
0.016774456948041916
0.02470952644944191
0.018315618857741356
-0.001276075141504407
0.03701334446668625
-0.013768556527793407
0.017309406772255898
-0.016392352059483528
-0.002496426459401846
0.017589617520570755
0.02768995426595211
-0.0003586224920582026
-0.01783161796629429
-0.03095059283077717
0.0035408497788012028
-0.013921398669481277
0.011756130494177341
-0.022646155208349228
-0.0003146404924336821
0.01682540401816368
-0.0011662195902317762
0.002924703760072589
-0.0010332785313948989
0.022582469508051872
0.013934135437011719
-0.013106239028275013
0.003760560881346464
-0.6456064581871033
0.009559020400047302
0.018124565482139587
-0.010565233416855335
0.01611213944852352
0.004117193166166544
0.017806144431233406
0.007801332511007786
-0.022531522437930107
-0.03319228067994118
0.00897312443703413
0.019525621086359024
-0.0030504802707582712
0.018595829606056213
-0.03146006911993027
-0.026925742626190186
0.003687323769554496
-0.029498590156435966
0.03670765832066536
-0.030211854726076126
-0.03151101619005203
0.010883655399084091
-0.009680020622909069
0.013819503597915173
-0.005712485872209072
-0.0024454789236187935
0.022620679810643196
0.010896392166614532
0.004063061438500881
0.009559020400047302
-0.008591018617153168
-0.0010078047635033727
-0.004375114571303129
0.022798996418714523
0.052272114902734756
0.04284682869911194
-0.018532145768404007
0.017704248428344727
-0.008272596634924412
0.021245097741484642
-0.020086044445633888
-0.012927922420203686
0.007979649119079113
-0.010272284969687462
0.0128706069663167
0.0031746646855026484
0.016761720180511475
-0.010444233193993568
0.005827117711305618
0.018417512997984886
-0.015093190595507622
0.014889400452375412
0.012259237468242645
0.007374647539108992
-0.008393596857786179
-0.0035472181625664234
0.008068807423114777
-0.008183438330888748
-0.0056965649127960205
0.011240287683904171
-0.006151908077299595
-0.004222272429615259
-0.023716051131486893
-0.016264982521533966
-0.021894678473472595
0.032045964151620865
-0.006027723662555218
-0.02656910941004753
0.011163866147398949
-0.02504068613052368
0.01886330358684063
0.02636532112956047
0.008686545304954052
-0.006027723662555218
0.014749295078217983
0.0030441118869930506
0.024773212149739265
-0.0061773816123604774
-0.0039070346392691135
0.02674742601811886
-0.009055914357304573
-0.009272441267967224
-0.017997197806835175
0.017869828268885612
0.034593336284160614
-0.028734378516674042
-0.004324167035520077
-0.003419849555939436
0.0027830060571432114
0.01471108477562666
0.011424971744418144
0.030109960585832596
0.012736869975924492
-0.021678151562809944
-0.004655325785279274
0.03729355335235596
-0.027358796447515488
-0.006094592157751322
0.014265294186770916
0.002173228422179818
0.012940659187734127
-0.03609628975391388
-0.012412079609930515
-0.0019980964716523886
0.010380548425018787
0.017092879861593246
-0.0020777019672095776
-0.0001406031078658998
0.050208739936351776
-0.0011670156382024288
-0.00022747252660337836
-0.02492605336010456
-0.009851968847215176
-0.01087728701531887
-0.02102857269346714
-0.03158743679523468
0.00357587612234056
0.00402485067024827
0.006776014808565378
-0.01691456325352192
0.01343739777803421
-0.0187614094465971
-0.0037191659212112427
0.007610279601067305
0.0018388855969533324
0.02204752154648304
-0.03907671570777893
0.0018388855969533324
-0.013246344402432442
-0.01907983049750328
-0.026187004521489143
-0.04898599907755852
-0.001889833016321063
-0.0026174266822636127
0.028224904090166092
0.005597854033112526
0.01394687220454216
-0.001040443079546094
-0.006069118622690439
-0.00441332533955574
-0.023843420669436455
-0.01102376077324152
0.013106239028275013
-0.008081544190645218
-0.031332697719335556
-0.027842797338962555
-0.0063079348765313625
-0.008782071992754936
-0.018735935911536217
0.02235320582985878
-0.014023293741047382
-0.008527333848178387
-0.03354891389608383
0.0098901791498065
-0.0001298563729505986
-0.010711707174777985
-0.011571446433663368
0.008119754493236542
-0.029600484296679497
-0.012768711894750595
0.010074864141643047
0.008584650233387947
-0.003139638341963291
0.0006030111690051854
-0.02809753455221653
-0.002505979035049677
0.0027129531372338533
0.009762810543179512
-0.006897015031427145
-0.05446285381913185
0.013501081615686417
0.016252245754003525
-0.013297292403876781
0.0017449511215090752
0.042311880737543106
-0.019003409892320633
-0.002050636103376746
-0.000956857344135642
0.004289140924811363
-0.016532456502318382
0.0066295405849814415
0.016124876216053963
-0.00882665067911148
0.006292013451457024
0.010909128934144974
0.0034325863234698772
0.015666348859667778
0.03125627711415291
0.0036714025773108006
0.014010556973516941
-0.0053017218597233295
0.011660603806376457
-0.011393129825592041
0.02069741301238537
-0.01337371300905943
-0.0032240201253443956
0.007272752467542887
0.006511724554002285
0.009125967510044575
0.028173955157399178
0.019831305369734764
-0.00969275739043951
0.025384580716490746
-0.024836895987391472
-0.00932338833808899
0.01066076010465622
0.007502016145735979
-0.017487721517682076
0.028352271765470505
0.009495336562395096
0.01537340134382248
-0.0030409276951104403
-0.021894678473472595
0.001719477353617549
0.003138046246021986
0.032861124724149704
-0.010125811211764812
0.01732214353978634
0.006314303260296583
5.905728176003322e-05
-0.006903383415192366
-0.00658496143296361
0.024760475382208824
-0.00754022691398859
-0.016150351613759995
0.012533079832792282
0.00735554238781333
0.003259046468883753
0.010628918185830116
-0.02225131168961525
0.010940970852971077
0.004171324893832207
-0.024047210812568665
0.03456786274909973
0.02472226321697235
0.01744951121509075
0.02473500184714794
-0.017895301803946495
0.028123008087277412
-0.0007447088719345629
0.013036185875535011
0.031205330044031143
0.005808012560009956
-0.01755140721797943
0.0009918836876749992
0.013068028725683689
0.0070052784867584705
-0.00953991524875164
-0.02972785383462906
0.010979182086884975
-0.0017831617733463645
-0.008202544413506985
-0.018786882981657982
-0.02328299731016159
-0.002472544787451625
-0.018175512552261353
0.0139978202059865
0.018544882535934448
-0.008380860090255737
0.0274861641228199
0.020468149334192276
-0.008189807645976543
0.0034676126670092344
0.018710462376475334
-0.010399654507637024
-0.02357594668865204
-0.0027049926575273275
-0.023652367293834686
-0.026798373088240623
-0.028963642194867134
-0.025868581607937813
-0.008113386109471321
0.0013811542885378003
0.010533391498029232
0.008654703386127949
0.021104993298649788
-0.012361131608486176
0.011100182309746742
0.007425595074892044
0.015768244862556458
-0.02595774084329605
-0.010584338568150997
0.010285022668540478
0.02296457625925541
-0.008266228251159191
-0.0017831617733463645
-0.009431651793420315
0.006088223773986101
-0.030695855617523193
-0.009559020400047302
-0.01631592959165573
-0.0005767413531430066
0.008756597526371479
0.0043846676126122475
0.005409985315054655
-0.019602041691541672
0.02060825563967228
0.009514441713690758
0.0053112744353711605
-0.01682540401816368
0.0047731418162584305
-0.01502950582653284
-0.03925503417849541
-0.01266044843941927
0.04715189337730408
0.02636532112956047
-0.034211233258247375
0.005502327810972929
-0.0003011075605172664
-0.024454789236187935
0.009094124659895897
-0.010278654284775257
-0.0061487238854169846
-0.0017624642932787538
-0.0038656399119645357
0.0006372415227815509
0.015933824703097343
0.006667751353234053
0.033370599150657654
0.0024805052671581507
-0.00643211929127574
-0.018723199144005775
0.008909440599381924
0.028861746191978455
0.03189312294125557
-0.022582469508051872
0.009807389229536057
0.03023732826113701
-0.009979337453842163
-0.007559332065284252
-0.0009488968062214553
-0.020073305815458298
0.010622548870742321
0.007826806046068668
0.0013150818413123488
0.0008079951512627304
0.00357587612234056
-0.0014830492436885834
0.015386139042675495
0.02850511483848095
-0.014176135882735252
0.002034714911133051
0.028887219727039337
-0.0019471489358693361
-0.008622860535979271
-0.006858804263174534
0.018786882981657982
0.0012362723937258124
0.006718698889017105
0.0092342309653759
0.048451051115989685
0.03996829688549042
-0.007279120851308107
-0.01631592959165573
-0.0022560181096196175
0.0034676126670092344
0.03770113363862038
-0.0020060569513589144
-0.017576880753040314
0.0008398373611271381
0.002451847307384014
0.014914873987436295
0.01701645739376545
0.013118975795805454
0.03787945210933685
0.023868894204497337
-0.000520221539773047
-1.4391170225280803e-05
0.01867225021123886
-0.011316708289086819
0.01937277801334858
0.026467215269804
0.01030412781983614
-0.020595518872141838
0.020862992852926254
0.010858181864023209
0.004419693723320961
0.009909284301102161
0.032657332718372345
-0.009578126482665539
0.004820905160158873
0.027944691479206085
-0.0031444146297872066
-0.02297731302678585
0.014023293741047382
-0.0410127192735672
0.016073929145932198
-0.015628138557076454
-0.005655169952660799
-0.029600484296679497
-0.009864705614745617
-0.018812356516718864
-0.011832552030682564
0.00626017153263092
0.009482599794864655
-0.033981967717409134
-0.025193529203534126
-0.02256973274052143
-0.017666038125753403
0.0254482664167881
0.023550471290946007
-0.020047832280397415
-0.004168140701949596
0.01502950582653284
-0.003964350558817387
-0.00753385853022337
-0.012730501592159271
-0.013118975795805454
-0.01579371839761734
0.01918172650039196
-0.013246344402432442
0.007164489012211561
0.008801177144050598
0.001209206529892981
-0.01825193502008915
0.006718698889017105
0.0013564765686169267
-0.004117193166166544
-0.010839075781404972
0.019551094621419907
0.017704248428344727
0.01764056459069252
-0.000470070110168308
-0.022187627851963043
-0.018239198252558708
-0.006444856058806181
-0.006725067272782326
-0.0010730812791734934
0.006097776349633932
0.0167999304831028
-0.009571757167577744
0.014074240811169147
-0.011928078718483448
-0.010749918408691883
0.017156563699245453
-0.0024024921003729105
-0.0008533702930435538
-0.016545193269848824
0.018175512552261353
-0.014736558310687542
-0.021690888330340385
0.034415021538734436
0.009807389229536057
-0.022786259651184082
-0.011628761887550354
-0.027715427801012993
0.0003858873387798667
0.002539413282647729
-0.01579371839761734
0.010412391275167465
-0.01601024530827999
-0.015105927363038063
-0.005578748881816864
0.006992541253566742
-0.0056201438419520855
0.031332697719335556
-0.0005926624871790409
-0.01567908748984337
-0.01322087086737156
-0.004123561549931765
-0.0029151509515941143
0.001463147928006947
-0.006572224665433168
-0.014545504935085773
0.0036586658097803593
-0.006358882412314415
0.0010858181631192565
-0.00830443948507309
0.019512884318828583
-0.025359107181429863
-0.010081232525408268
-0.005180721636861563
-0.033294178545475006
0.009317019954323769
-0.01580645516514778
0.0027830060571432114
-0.006237881723791361
-0.0031412304379045963
-0.00789049081504345
-0.012545816600322723
-0.0026874796021729708
0.008126122877001762
0.008871229365468025
-0.013564766384661198
0.016379615291953087
-0.014163399115204811
0.01316992286592722
-0.014316241256892681
-0.005581933073699474
-0.0026381241623312235
-0.003846534760668874
-0.025206265971064568
-0.019436463713645935
0.012271974235773087
0.0030297827906906605
-0.003770113456994295
0.018723199144005775
-0.0011264169588685036
-0.014647400006651878
0.021665414795279503
-0.012768711894750595
-0.011138392612338066
0.00569338072091341
-0.016940036788582802
-0.013284554705023766
0.008323544636368752
-0.017474984750151634
0.015386139042675495
-0.009985705837607384
0.004738115705549717
0.016545193269848824
0.0014424504479393363
-0.013233607634902
-0.007839543744921684
0.027511637657880783
-0.022098468616604805
0.019232673570513725
0.028785325586795807
0.004091719165444374
-0.004830457735806704
-0.0011216405546292663
-0.030593961477279663
-0.0059990654699504375
0.014176135882735252
0.0021748205181211233
0.0018882409203797579
-0.021703625097870827
0.003973903134465218
-0.004492930602282286
0.01543708611279726
-0.0012808514293283224
-0.009361599572002888
0.003273375565186143
-0.019652990624308586
-0.02338489331305027
-0.023232050240039825
0.0038401661440730095
-0.012278342619538307
0.007400121074169874
-0.0026158345863223076
0.014176135882735252
0.014125188812613487
-0.0013755819527432323
-0.008731123991310596
0.014405399560928345
-0.03517923504114151
0.03428765386343002
-0.007234542164951563
0.03298849239945412
0.02677289955317974
-0.0063270400278270245
-0.04124198481440544
0.02083751931786537
0.031052488833665848
-0.014978558756411076
0.018812356516718864
0.0018962015165016055
0.005811196751892567
-0.010081232525408268
0.012577658519148827
0.035026390105485916
0.006342960987240076
-0.0056201438419520855
0.004184061661362648
0.012144605629146099
-0.003477165475487709
-0.01558992825448513
0.004279588349163532
-0.002069741254672408
0.04040135070681572
-0.003846534760668874
0.00607548700645566
-0.03191859647631645
-0.033472493290901184
-0.01806088164448738
0.05138053372502327
-0.0034930864349007607
0.01660887897014618
-0.006858804263174534
-0.009469863027334213
-0.013972345739603043
-0.00239612371660769
0.001799082849174738
0.004865484312176704
0.0006392316427081823
0.019321830943226814
0.006180565804243088
-0.0009695942280814052
0.007189963012933731
-0.0350518636405468
0.014698348008096218
-0.015538981184363365
-0.0019996885675936937
0.02543552964925766
-0.015933824703097343
0.014736558310687542
0.016226772218942642
0.005002405494451523
-0.02214941568672657
0.020480886101722717
0.0008509820909239352
-0.01855761930346489
0.01957656815648079
0.0017529117176309228
-0.007451068609952927
0.005390880163758993
-0.03632555156946182
-0.004419693723320961
0.0006933633703738451
-0.02552468702197075
-0.015258769504725933
-0.013806766830384731
0.0162140354514122
-0.007011646870523691
-0.005636064801365137
-0.0063270400278270245
0.006565856281667948
0.026008687913417816
0.02254425920546055
-0.013717608526349068
0.01691456325352192
0.013513818383216858
-0.046005573123693466
-0.003150783246383071
-0.0003399152192287147
0.006852435879409313
-0.00039086269680410624
0.01958930492401123
0.003208099165931344
-0.03617271035909653
0.037675660103559494
-0.009457125328481197
-0.025817634537816048
-0.004015298094600439
0.005489591043442488
0.00040996799361892045
-0.009285178035497665
-0.005890802014619112
0.022607943043112755
-0.010418759658932686
0.004362377803772688
-0.010762655176222324
-0.017704248428344727
0.00039544000173918903
-0.012488501146435738
-0.03456786274909973
0.005505512002855539
-0.019831305369734764
0.016736246645450592
0.0020156095270067453
0.017385827377438545
-0.015972035005688667
-0.06495803594589233
-0.004884589463472366
-0.013310029171407223
0.012424816377460957
-0.04888410493731499
-0.012029973790049553
-0.011730656959116459
-0.005795275792479515
-0.00019373973191250116
0.0008087911992333829
-0.003849718952551484
0.005097932182252407
6.766462320229039e-05
-0.010068495757877827
0.006266539916396141
0.026187004521489143
-0.01774245873093605
-0.016748983412981033
-0.01618856191635132
-0.018608566373586655
-0.021983837708830833
0.00404714047908783
-0.022111205384135246
0.044145990163087845
0.027002163231372833
-0.008794808760285378
-0.016659826040267944
-0.00572203891351819
-0.03729355335235596
-0.006473514251410961
0.024633105844259262
0.031205330044031143
-0.007412858307361603
0.004343272652477026
0.02667100541293621
0.008329913020133972
-0.006826962344348431
0.017041930928826332
-0.020047832280397415
-0.01589561253786087
-0.02307920716702938
-0.021996574476361275
-0.009431651793420315
0.0006057973369024694
-0.0009934757836163044
-0.00810064934194088
0.05064179375767708
-0.013679398223757744
0.007043488789349794
0.01601024530827999
-0.024034474045038223
-0.032351650297641754
0.0013676213566213846
0.0008637189748696983
0.01302344910800457
-0.005935381166636944
-0.0050820112228393555
-0.022620679810643196
0.003461244283244014
0.015424349345266819
0.002733650617301464
-0.03382912650704384
-0.019410990178585052
0.038414400070905685
-0.004091719165444374
0.034415021538734436
-0.027409743517637253
0.007775858975946903
0.014392662793397903
-0.02296457625925541
0.004438798874616623
-0.017194774001836777
-0.016952773556113243
-0.0026062820106744766
-0.003362533636391163
0.0009735744679346681
-0.009635441936552525
0.010698970407247543
-0.019449200481176376
0.011851657181978226
0.024658579379320145
-0.02082478255033493
0.015296980738639832
-0.0012410487979650497
-0.01224649976938963
-0.04577631130814552
-0.03765018656849861
-0.022518785670399666
0.016940036788582802
-0.030823225155472755
0.005843039136379957
0.02214941568672657
-0.01558992825448513
-0.009087756276130676
-0.015195085667073727
-0.016137614846229553
-0.024454789236187935
-0.011284866370260715
0.006311119068413973
-0.008584650233387947
-0.0064130136743187904
-0.004744484089314938
-0.017474984750151634
0.014176135882735252
-0.003499455051496625
0.014621926471590996
-0.040656089782714844
0.006820593494921923
0.1991027444601059
-0.037675660103559494
0.02091393992304802
-0.015182348899543285
-0.00789049081504345
0.0053749592043459415
0.046107467263936996
0.007979649119079113
0.017615091055631638
0.005250774323940277
0.02430194802582264
-0.03813418745994568
-0.030644908547401428
0.018786882981657982
0.00825985986739397
-0.04040135070681572
-0.0300335381180048
-0.01877414621412754
-0.0014289175160229206
-0.020060569047927856
0.012189184315502644
0.008928545750677586
0.013450134545564651
-0.013768556527793407
0.019665727391839027
0.014227083884179592
0.007782227359712124
0.03303943946957588
0.01857035607099533
0.010533391498029232
-0.0074956477619707584
-0.0013596608769148588
-0.003700060537084937
0.01118297129869461
0.006037276238203049
0.012029973790049553
0.01765330135822296
-0.005823933519423008
0.010189495980739594
0.025295423343777657
0.027104059234261513
-0.026798373088240623
-0.009629073552787304
-0.011577814817428589
0.0020219781436026096
0.05313821882009506
0.003954797983169556
-0.008597387000918388
0.012182815931737423
-0.004680799786001444
-0.038618188351392746
0.03240259736776352
0.009998442605137825
0.02504068613052368
-0.0018372935010120273
0.01887604035437107
-0.007744016591459513
-8.050099859246984e-05
0.023295734077692032
-0.011686078272759914
-0.008769335225224495
0.021563520655035973
0.003926140256226063
0.018111828714609146
-0.0046139308251440525
0.006292013451457024
0.0010300943395122886
-0.00050350435776636
-0.013246344402432442
-0.008839387446641922
0.019831305369734764
-0.006463961210101843
-0.02163994126021862
0.01082633901387453
-0.027919217944145203
-0.03117985650897026
0.009444388560950756
0.009832863695919514
0.00021155145077500492
0.04266851395368576
-0.01762782782316208
-0.007419226691126823
-0.033701758831739426
0.0030520723666995764
-0.0027686769608408213
-0.02473500184714794
0.01153323519974947
-0.011552341282367706
-0.003058440750464797
-0.00497374776750803
-0.005359037779271603
0.0006937613943591714
-0.001005416619591415
0.01046333834528923
0.0028849008958786726
0.026110582053661346
-0.01928362064063549
0.007457436993718147
-0.002982019679620862
-0.009756442159414291
-0.02184373140335083
0.03731902688741684
0.03551039099693298
0.013284554705023766
0.009094124659895897
0.02677289955317974
-0.022302258759737015
-0.00897949282079935
0.004664878360927105
-0.02850511483848095
0.0007104785181581974
-0.015653612092137337
0.007992385886609554
-0.019054356962442398
-0.02409815788269043
0.02687479555606842
0.006941594183444977
-0.008508228696882725
0.02082478255033493
0.005884433630853891
0.004180877469480038
-0.004422877915203571
-0.018684986978769302
0.02492605336010456
-0.010017547756433487
-0.003703244961798191
-0.052144743502140045
0.016774456948041916
0.002058596583083272
-0.0004354417324066162
0.010991918854415417
-0.021181413903832436
0.04666788876056671
0.016277719289064407
-0.002069741254672408
-0.018302882090210915
-0.005782539024949074
0.0002581206208560616
3.773795106098987e-05
0.008323544636368752
0.018022671341896057
-0.012182815931737423
-0.01252034306526184
-0.0030090855434536934
0.018926989287137985
-0.023461313918232918
0.0015260361833497882
0.0050756423734128475
-0.004152219742536545
0.00938070472329855
-0.008291701786220074
-0.039560716599226
-0.002521900227293372
-0.02451847493648529
0.0007287877378985286
0.021792784333229065
-0.006174197420477867
-0.0072600157000124454
0.016048455610871315
-0.0013087133411318064
-0.02357594668865204
0.0074956477619707584
0.01589561253786087
0.004400588572025299
0.005639248993247747
-0.016901826485991478
-0.15773339569568634
-0.018315618857741356
-0.00699891010299325
-0.006597698666155338
-0.001978991087526083
-0.007661227136850357
0.014698348008096218
0.012412079609930515
-0.003330691484734416
-0.005088379606604576
-0.0007132646860554814
-0.0027527560014277697
-0.03742092475295067
-0.01867225021123886
0.004938721191138029
-0.008750229142606258
-0.010807233862578869
0.012526711449027061
0.030109960585832596
0.0012307000579312444
0.0024709526915103197
-0.009215124882757664
-0.019360041245818138
-0.009450756944715977
-0.011616025120019913
-0.0016446482622995973
-0.021181413903832436
-0.009068651124835014
-0.003881561104208231
-0.013679398223757744
-0.00590035505592823
0.014405399560928345
0.013424661010503769
0.0018850567284971476
-0.0167999304831028
0.008285333402454853
0.006960699334740639
0.006416198331862688
-0.014914873987436295
0.03097606636583805
0.013411924242973328
0.030695855617523193
0.007763122208416462
-0.006935225334018469
0.016698036342859268
0.007769490592181683
0.04052871838212013
-0.0008207320352084935
0.02121962420642376
-0.0032765597570687532
0.02636532112956047
-0.007349174004048109
0.006718698889017105
-0.005728407297283411
0.017271194607019424
-0.02235320582985878
0.004757220856845379
0.01236750092357397
0.0007984425174072385
0.0015937008429318666
-0.0098901791498065
-0.01659614033997059
-0.00533038005232811
0.00805606972426176
0.0325809121131897
-0.016965510323643684
-0.01907983049750328
0.01815003901720047
-0.045292310416698456
0.008278965018689632
0.009641810320317745
-0.007253647316247225
0.024989739060401917
-0.009221493266522884
-0.0028419140726327896
0.016940036788582802
-0.006174197420477867
0.04205714538693428
0.008234386332333088
-0.0017035562777891755
-0.008839387446641922
0.020557308569550514
0.005530985537916422
-0.0042350091971457005
0.006104144733399153
-0.004693536553531885
-0.0036841395776718855
0.017283931374549866
-0.0029533617198467255
0.006132802926003933
-0.008641965687274933
-0.049087896943092346
-0.0038974820636212826
-0.023741524666547775
0.005626512225717306
0.02982974797487259
-0.0007638141396455467
-0.004986484535038471
0.022327732294797897
-0.010482443496584892
0.008317176252603531
0.01844298653304577
-0.019844042137265205
0.00438148295506835
0.03978998214006424
-0.017984459176659584
-0.00027165355277247727
0.034720707684755325
0.014685610309243202
-0.0023770183324813843
-0.036351025104522705
0.015513507649302483
0.013182660564780235
0.013462871313095093
0.004043956287205219
0.007654858753085136
-0.013271817937493324
-0.0147238215431571
0.013985082507133484
0.02111773006618023
0.06776014715433121
-0.021257836371660233
-0.02223857492208481
-0.0006830146303400397
-0.02039172872900963
-0.011125655844807625
-0.12247774004936218
-0.04699904844164848
0.035433970391750336
-0.005425906274467707
0.018188249319791794
0.028021113947033882
-0.0034357705153524876
-0.0001458769547753036
-0.014787505380809307
0.016239508986473083
-0.04401862248778343
-0.0018691356526687741
-0.004941905383020639
-0.0055532753467559814
-0.01589561253786087
0.01844298653304577
-0.0027686769608408213
-0.010832707397639751
-0.04427335783839226
0.02449299953877926
0.006142355501651764
0.016061192378401756
-0.013360976241528988
0.003996192943304777
-0.022276785224676132
0.0017704248894006014
-0.02758806012570858
0.00882028229534626
0.024543948471546173
-0.01267318520694971
-0.018837830051779747
-0.02287541888654232
0.0036682183854281902
0.0024200051557272673
0.022990049794316292
-0.005804828368127346
-0.027562586590647697
-0.011482288129627705
0.02840321883559227
-0.02030256949365139
0.005680643953382969
0.006814225111156702
0.007667595520615578
-0.04200619459152222
0.0023324391804635525
-0.028759852051734924
-0.006756909191608429
0.005750696640461683
0.010240443050861359
-0.012692290358245373
-0.03474618121981621
-0.01957656815648079
-0.045572519302368164
0.0011431340826675296
0.01660887897014618
0.006120065692812204
-0.022480575367808342
-0.004789063241332769
-0.0043782987631857395
-0.021181413903832436
-0.0002702604397200048
0.0022576102055609226
-0.03479712828993797
0.019512884318828583
0.012806922197341919
-0.007546595297753811
-0.01659614033997059
0.00013075192691758275
0.017589617520570755
0.01793351210653782
-0.0008191399392671883
-0.006199671421200037
0.015347927808761597
-0.007814069278538227
-0.0065340143628418446
0.008234386332333088
-0.017182037234306335
-0.011049234308302402
-0.006801488343626261
-0.001068304991349578
-0.007871385663747787
-0.009355231188237667
-0.009310651570558548
-0.023614156991243362
-0.005104300566017628
0.02132152020931244
0.01714382693171501
-0.00101258116774261
-0.0023993079084903
-0.014558241702616215
-0.004521588794887066
0.03660576418042183
0.0021764126140624285
-0.012469395063817501
0.003935692831873894
-0.005645617377012968
0.0070816995576024055
-0.0009504889021627605
0.004610746633261442
0.019207200035452843
-0.009138704277575016
0.0013954832684248686
-0.05066726729273796
-0.010386916808784008
0.020468149334192276
-0.003712797537446022
0.007304594852030277
-0.02891269512474537
0.02850511483848095
-0.006387540139257908
0.020060569047927856
-0.0008748637628741562
-0.01506771706044674
0.005043800454586744
-0.01906709372997284
-0.000739136477932334
-0.009673652239143848
-0.013806766830384731
0.04277040809392929
0.008196176029741764
-0.0007562516257166862
0.004719010088592768
0.02954953722655773
0.009355231188237667
0.015717297792434692
0.024773212149739265
-0.0027511639054864645
-0.006763278041034937
0.0005811196751892567
-0.0026858875062316656
-0.01045696996152401
0.011112919077277184
0.0039802719838917255
-0.02707858569920063
-0.005292169284075499
0.02153804711997509
-0.0009305875282734632
-0.0014066280564293265
0.004690352361649275
0.018748672679066658
0.00658496143296361
0.0718359425663948
0.0055437227711081505
-0.03642744570970535
0.013450134545564651
-0.03497544303536415
-0.027104059234261513
0.01179434172809124
-0.014787505380809307
-0.007457436993718147
0.026620058342814445
-0.01359023991972208
0.04531778395175934
0.02512984350323677
-0.014074240811169147
-0.004814536776393652
-0.005909907631576061
0.020073305815458298
0.020340781658887863
0.00201401743106544
0.014265294186770916
-0.008985861204564571
0.03288659825921059
-0.020455412566661835
-0.00209999131038785
-0.012647711671888828
0.0019439647439867258
-0.006922488566488028
0.019614778459072113
-0.00841270200908184
-0.004633036442101002
0.009266072884202003
0.003687323769554496
0.01681266725063324
0.005677459761500359
-0.0007435147417709231
0.027409743517637253
-0.0010993510950356722
-0.013310029171407223
-0.007527490146458149
-0.012915185652673244
0.017984459176659584
-0.013131712563335896
-0.0014265293721109629
-0.01733488030731678
0.009501704946160316
0.013539292849600315
0.0072600157000124454
-0.014672873541712761
0.009106861427426338
-0.008807545527815819
0.0038656399119645357
-0.027027636766433716
0.013857713900506496
-0.0038178768008947372
0.031128909438848495
-0.006992541253566742
-0.0008286925731226802
0.018621303141117096
-0.010221337899565697
0.024378368631005287
0.010049390606582165
0.020888466387987137
-0.023817947134375572
0.002498018555343151
-0.016940036788582802
-0.022187627851963043
0.019729411229491234
-0.02555016055703163
-0.04704999551177025
0.0011916933581233025
0.03589249774813652
0.0029645063914358616
-0.004524772986769676
0.0014273254200816154
0.0012792593333870173
-0.02809753455221653
-0.026187004521489143
0.01784435473382473
-0.007349174004048109
-0.027129532769322395
0.021143203601241112
-0.011195708066225052
0.021359730511903763
0.03915313631296158
-0.0028626115527004004
0.0035822445061057806
0.004747668281197548
0.024034474045038223
-0.02000962197780609
0.019321830943226814
0.002057004487141967
-0.018939726054668427
-0.018723199144005775
-0.032147858291864395
-0.01569182425737381
-0.011705183424055576
0.012596764601767063
0.03023732826113701
0.01834109239280224
-0.01629045605659485
0.06969615072011948
0.002415228867903352
-0.03568870946764946
0.01308076549321413
0.003330691484734416
0.008431808091700077
-0.01117660291492939
0.0017720169853419065
-0.007871385663747787
0.008591018617153168
0.020328044891357422
-0.022697102278470993
0.0001639871916268021
-0.02162720449268818
-0.008291701786220074
-0.03334512561559677
-0.024658579379320145
0.034516915678977966
-0.020977623760700226
0.015551717951893806
0.039433348923921585
0.006113697309046984
0.004171324893832207
-0.0046043782494962215
-0.013297292403876781
0.01794624887406826
0.02399626187980175
-0.03232617676258087
-0.012316552922129631
-0.02995711751282215
0.003645929042249918
0.02420005202293396
-0.036351025104522705
-0.026951216161251068
0.010214969515800476
-0.026021424680948257
0.0031682963017374277
-0.014405399560928345
-0.0006161460769362748
0.017041930928826332
-0.0022241759579628706
0.022378679364919662
-0.022072995081543922
-0.040656089782714844
-0.02318110316991806
-0.0009122783085331321
-0.00990291591733694
0.007489279378205538
-0.014036030508577824
