0.005369287449866533
0.01007226575165987
0.014438855461776257
-0.022939149290323257
-0.02305559255182743
0.007491126656532288
-0.043808210641145706
-0.002273860853165388
0.0006093009142205119
-0.016496004536747932
-0.007814577780663967
0.005793008487671614
-0.007756356615573168
0.025720829144120216
-0.00249865953810513
-0.012536963447928429
0.046525198966264725
0.019316498190164566
-0.0027638892643153667
-0.0057800705544650555
-0.0118577154353261
0.005608641542494297
-0.00822212640196085
-0.009160134010016918
-0.0400044284760952
0.019316498190164566
0.013067422434687614
-0.02477635070681572
-0.016314871609210968
-0.016754765063524246
0.004282492212951183
-0.021231327205896378
-0.014296537265181541
-0.0049649737775325775
-0.00710298540070653
0.013727262616157532
-0.011068494990468025
0.013791953213512897
0.024530528113245964
0.008351506665349007
0.013274431228637695
-0.0011086284648627043
0.013623759150505066
0.0006982499617151916
0.003284645499661565
0.013403812423348427
-0.01957525871694088
0.0020425934344530106
-0.04178987815976143
0.014710553921759129
0.014037775807082653
0.009412425570189953
-0.02504805102944374
-0.008642612025141716
-0.025876084342598915
-0.029369356110692024
-0.024116510525345802
0.019678762182593346
0.01252402551472187
-0.01555152703076601
0.011728335171937943
-0.018889542669057846
-0.024452900514006615
0.018048569560050964
0.0003911736130248755
0.003845833009108901
-0.015719721093773842
0.016431313008069992
-0.01694883592426777
0.014684678055346012
0.026031341403722763
0.007749887648969889
-0.01751810871064663
0.0026442124508321285
0.02675587125122547
-0.006171446293592453
-0.011191406287252903
-0.03865887224674225
-0.01650894246995449
0.01124962791800499
0.001244477927684784
-0.005062009207904339
-0.013701386749744415
0.00414664251729846
0.005990313831716776
-0.002487338613718748
0.01601729728281498
0.004292195662856102
0.00494556687772274
-0.01522807590663433
-0.0075816926546394825
0.02028685063123703
0.009425363503396511
0.0027121370658278465
-0.005084650591015816
0.024828104302287102
-0.013649635016918182
0.024439962580800056
-0.006637215614318848
-0.023663679137825966
-0.014115404337644577
0.0013593031326308846
-0.03607126325368881
-0.004010793287307024
-0.03216397389769554
0.017867436632514
-0.0074070291593670845
0.0022204916458576918
0.01864372007548809
-0.03633002191781998
-0.007361745927482843
0.033638909459114075
-0.006397861987352371
-0.014645864255726337
0.009295983240008354
-0.018889542669057846
0.006055003963410854
-0.028644826263189316
-0.021464211866259575
-0.009321860037744045
0.02291327342391014
0.015590340830385685
0.023404918611049652
0.005822119303047657
0.023818936198949814
0.012769848108291626
-0.02064911648631096
-0.013494377955794334
-0.024957483634352684
-0.022551007568836212
-0.0017838325584307313
0.01146310567855835
0.017324039712548256
0.01843671128153801
-0.0014628074131906033
-0.0015428615733981133
-0.019846957176923752
0.01828145422041416
-0.0388917550444603
-0.04455861821770668
0.026522986590862274
0.026781747117638588
-0.009593558497726917
-0.03723568469285965
-0.008267409168183804
0.00883021391928196
0.045309025794267654
0.01102968119084835
0.00989113375544548
0.02376718446612358
0.023793060332536697
-0.020053965970873833
-0.004408637993037701
0.013009201735258102
0.0018938059220090508
0.003823191625997424
0.0023757480084896088
0.0285413209348917
0.019627010449767113
0.002702433615922928
0.005941796116530895
-0.003464160952717066
0.01671595126390457
0.005401632748544216
0.00807980727404356
0.02041623182594776
0.008319160901010036
0.0063105300068855286
0.02071380615234375
-0.002110518282279372
0.008150966838002205
0.01502106711268425
-0.02846369333565235
0.017401667311787605
-0.01483993511646986
0.03459632396697998
0.028360189869999886
0.016780640929937363
-0.0027978515718132257
-0.014619988389313221
-0.0032474487088620663
-0.0013892223360016942
0.013390873558819294
0.01628899574279785
-0.014218908734619617
0.005476026330143213
0.025785518810153008
0.008985470049083233
0.02006690390408039
-0.0031196854542940855
0.03366478532552719
0.00651106983423233
-0.02177472598850727
-0.02343079447746277
-0.6330325603485107
-0.008357975631952286
0.009813505224883556
-0.010246929712593555
0.01998927630484104
0.021826477721333504
0.026678243651986122
0.006452848669141531
-0.01092617679387331
-0.024957483634352684
-0.010486283339560032
0.014956377446651459
0.009134258143603802
-0.014348288998007774
-0.005062009207904339
-0.023184971883893013
0.011437229812145233
-0.025798456743359566
0.03325076773762703
-0.015176324173808098
-0.012679281644523144
0.015680907294154167
-0.00656929099932313
-0.0006157699390314519
-0.01011108048260212
-0.022473379969596863
0.018837789073586464
-0.008487355895340443
0.011611892841756344
0.012375237420201302
-0.012291139923036098
0.039409276098012924
0.008759054355323315
0.0264841727912426
0.048802297562360764
0.03425993770360947
-0.023482546210289
0.008791400119662285
0.024401148781180382
0.027247518301010132
-0.008532638661563396
-0.01491756271570921
0.003223189851269126
0.0011708928504958749
0.02014453150331974
-0.0030873403884470463
0.0214253980666399
-0.01579735055565834
0.004686805885285139
0.024530528113245964
-0.015978481620550156
-0.0038814127910882235
0.010777389630675316
0.01459411159157753
0.008649080991744995
0.010939114727079868
-0.005210796371102333
-0.009179540909826756
-0.011256096884608269
0.024013007059693336
0.021800601854920387
-0.01522807590663433
-0.028800083324313164
-0.04248853027820587
-0.029912754893302917
0.02284858375787735
-0.024439962580800056
-0.01451648399233818
0.020726744085550308
-0.029861001297831535
-0.005385460332036018
0.03524322807788849
0.0009541806066408753
-0.006902445573359728
-0.0016487918328493834
-0.00419839471578598
0.021024318411946297
0.010809734463691711
-0.012776317074894905
0.011521326377987862
-0.011236689984798431
-0.022809768095612526
-0.021735912188887596
0.005511606112122536
0.020338602364063263
-0.03718393296003342
0.00640756543725729
-0.006850693374872208
0.01522807590663433
0.03547611087560654
-0.011398415081202984
0.004107828252017498
0.003910523373633623
-0.00986525695770979
-0.00592562323436141
0.017104092985391617
0.005805946420878172
-0.011831839568912983
0.016353685408830643
-0.0029337010346353054
-0.008687895722687244
-0.025086864829063416
-0.010402185842394829
-0.002252836711704731
0.023482546210289
0.0016657729865983129
0.02768741175532341
-0.003994620405137539
0.053770504891872406
-0.002780061913654208
-0.0005721040652133524
-0.01680651679635048
0.0062749506905674934
-0.020765557885169983
-0.021050194278359413
-0.025966651737689972
0.0042113326489925385
0.00043585029197856784
-0.00457036355510354
-0.01534451823681593
0.014451793394982815
0.0051396372728049755
0.005725083872675896
-0.00020923239935655147
-0.020830247551202774
0.03428581357002258
-0.01736285351216793
-0.004942332394421101
-0.022874459624290466
-0.03547611087560654
0.008377382531762123
-0.003671169513836503
0.014865810982882977
0.001725611393339932
0.014387102797627449
-0.005692738573998213
0.01593966782093048
-0.020105717703700066
0.012640467844903469
-0.0021234562154859304
-0.020377416163682938
-0.008254471234977245
0.004994084592908621
-0.01394720934331417
-0.048155393451452255
-0.03946102783083916
-0.015370394103229046
0.00736821535974741
-0.024090634658932686
0.02370249293744564
-0.013520254753530025
0.007555816788226366
-0.024931607767939568
-3.2660975648468593e-06
0.006336406338959932
-0.018449649214744568
-0.011204345151782036
0.007335870061069727
-0.027506278827786446
0.01807444542646408
0.0060614729300141335
0.0005033707129769027
-0.004279257729649544
0.0237154308706522
-0.013339121825993061
-0.000444745208369568
0.01872134767472744
0.006498131901025772
-0.02092081494629383
-0.048517659306526184
0.016625383868813515
0.02191704325377941
-0.015616217628121376
0.012084132060408592
0.020558549091219902
-0.0019698168616741896
-0.013597882352769375
0.009807036258280277
-0.00822212640196085
-0.014180094934999943
0.006773065309971571
0.02214992791414261
-0.00473532360047102
-0.014878748916089535
-0.002359575591981411
0.029136471450328827
0.014891686849296093
0.02548794448375702
0.008144497871398926
-0.001103776739910245
0.017117030918598175
0.010900300927460194
-0.0013398959999904037
0.02114076167345047
-0.009127789177000523
-0.008888435550034046
-0.0003357826208230108
-0.0016471744747832417
0.011269034817814827
0.016534818336367607
0.018333205953240395
-0.0019471753621473908
0.02484104223549366
-0.024181202054023743
0.0009784394642338157
-0.010654478333890438
0.0018097086576744914
-0.02313322015106678
0.03480333462357521
0.004489500541239977
0.008325629867613316
-0.035553742200136185
-0.026937004178762436
-0.016638321802020073
-0.0031908447854220867
0.023883625864982605
-0.015603278763592243
0.01693589799106121
-0.019316498190164566
0.002629657043144107
-0.0039299302734434605
-0.004525080323219299
0.011754211969673634
-0.009703531861305237
-0.005957968533039093
0.021451273933053017
0.026393607258796692
0.005974140949547291
0.006436676252633333
-0.010007576085627079
0.009425363503396511
-0.005579530727118254
-0.015849102288484573
0.024181202054023743
0.03361303359270096
0.02748040296137333
0.014542359858751297
-0.01231054775416851
0.04041844606399536
-0.00032527046278119087
0.006433441769331694
0.026885252445936203
-0.007594631053507328
0.010421592742204666
0.03340602666139603
-0.002107283566147089
0.024181202054023743
0.009703531861305237
-0.011016743257641792
-0.011120247654616833
-0.01729816198348999
0.008739647455513477
-0.010615663602948189
-0.014296537265181541
0.005747725255787373
-0.002849603770300746
0.02262863703072071
0.01808738335967064
0.01766042783856392
0.018203826621174812
0.002967663574963808
0.00022722437279298902
-0.00986525695770979
0.02248631790280342
-0.002666854066774249
-0.018669595941901207
-0.005653924774378538
-0.005560123827308416
-0.04072895646095276
-0.012252326123416424
-0.02107607200741768
-0.012931573204696178
0.005738021805882454
0.004136939067393541
0.012834537774324417
0.011320787481963634
-0.014037775807082653
0.004017262253910303
0.01124962791800499
-0.0061746807768940926
-0.019769329577684402
-0.03570899739861488
0.014568235725164413
0.030223267152905464
0.004690040368586779
0.005068478174507618
-0.0021913808304816484
-0.022098176181316376
-0.03780496120452881
-0.013190334662795067
-0.005679800640791655
-0.007833984680473804
0.0010948817944154143
-0.004971442744135857
-0.013830767013132572
0.0027234579902142286
0.04212626442313194
-0.008241533301770687
0.005294893868267536
-0.002674940275028348
0.010466876439750195
-0.02412944845855236
-0.03803784400224686
0.007989240810275078
0.02583727054297924
0.009988169185817242
-0.0241941399872303
0.006006486248224974
0.009561213664710522
-0.014154218137264252
0.007051233202219009
-0.0143094751983881
0.0061002871952950954
0.03788258880376816
0.017246410250663757
-0.006097052711993456
0.010906769894063473
0.0135590685531497
0.01566796936094761
0.01252402551472187
0.01744048111140728
0.004156345967203379
0.011799494735896587
0.014826996251940727
0.02542325295507908
0.011068494990468025
-0.020662054419517517
0.03265561908483505
-0.004715916700661182
-0.006042066030204296
-0.005553654860705137
-0.014335351064801216
-0.0050328983925282955
-0.006271716207265854
-0.00033335675834678113
-0.0030776369385421276
0.008092745207250118
0.00031334321829490364
0.026212474331259727
0.01701352559030056
-0.010583318769931793
-0.02392243966460228
0.021192513406276703
-0.005598938092589378
0.021244265139102936
-0.028929462656378746
0.022227557376027107
-0.0015808671014383435
0.011805963702499866
-0.007504064589738846
0.03174995630979538
0.017336977645754814
-0.0036355899646878242
-0.02256394550204277
-0.001183022279292345
-0.0008219699957408011
0.03943515196442604
0.006498131901025772
-0.01114612352102995
0.011767149902880192
0.02817905694246292
0.024245891720056534
-0.0020717040169984102
0.025746705010533333
0.0158102884888649
0.02591489814221859
0.011624830774962902
-0.015564464963972569
0.013390873558819294
-0.024439962580800056
0.02270626462996006
0.011087902821600437
0.0016965008107945323
0.0008498676470480859
0.0056345174089074135
0.023508423939347267
0.008493824861943722
0.011592485941946507
0.010874425061047077
-0.01398602407425642
-0.006268481723964214
0.027014631778001785
-0.02092081494629383
-0.02634185366332531
-0.004690040368586779
-0.03532085567712784
0.01956232078373432
-0.01894129440188408
-0.0063202339224517345
-0.006798941176384687
-0.0028382830787450075
0.005307831801474094
-0.031361814588308334
0.010473345406353474
0.021321894600987434
-0.05589234456419945
-0.025824332609772682
0.00925716944038868
-0.009638841263949871
0.01714290678501129
0.011721866205334663
-0.020260974764823914
0.0013479823246598244
0.026781747117638588
-0.019976338371634483
-0.015460960566997528
0.004618881270289421
-0.022512193769216537
0.016405437141656876
0.018384957686066628
-0.01766042783856392
-0.003009712090715766
0.005835057236254215
0.016599508002400398
-0.03167232871055603
-0.00441510695964098
-0.002005396643653512
-0.007769294548779726
-0.03436344116926193
0.026238350197672844
0.007704604417085648
0.02675587125122547
0.005042601842433214
-0.026652367785573006
-0.009735876694321632
-0.013804891146719456
-0.002280330052599311
-0.0086167361587286
0.016767702996730804
0.025358563289046288
-0.015383332036435604
0.021904105320572853
-0.009722938761115074
-0.02093375287950039
0.00736821535974741
0.005320769734680653
0.008144497871398926
0.003071167739108205
0.009186009876430035
-0.0118577154353261
-0.0047838413156569
0.046939216554164886
0.015150447376072407
-0.005996782798320055
-0.011482512578368187
-0.05175216868519783
0.0008320778724737465
0.021089009940624237
-0.021451273933053017
0.03068903647363186
-0.0193682499229908
-0.010091672651469707
-0.012996263802051544
0.002902973210439086
-0.009528867900371552
0.02996450662612915
-0.021515965461730957
-0.02305559255182743
-0.011663645505905151
-0.0054598539136350155
-0.017246410250663757
0.011864185333251953
0.010091672651469707
0.007471719291061163
0.01666419953107834
0.007937489077448845
-0.00598060991615057
-0.013093299232423306
0.017414605244994164
-0.027739163488149643
-0.0132420863956213
-0.007374684326350689
-0.009179540909826756
0.025539696216583252
-0.015357456170022488
0.00741996755823493
-0.002435586415231228
0.0006921852473169565
-0.018177948892116547
-0.024866918101906776
-0.005666862707585096
-0.004638288170099258
0.021826477721333504
-0.005534247495234013
0.02698875591158867
-0.019821081310510635
-0.0037552667781710625
-0.00033335675834678113
-0.018113259226083755
0.009205416776239872
0.002649064175784588
-0.011152592487633228
-0.034777458757162094
0.030999550595879555
0.010984398424625397
-0.0010665798326954246
0.002815641462802887
-0.020907877013087273
0.00651430431753397
0.033638909459114075
-0.02441408671438694
-0.02390950173139572
-0.002251219470053911
-0.03296613320708275
-0.003338014939799905
0.020739682018756866
-0.02841194160282612
0.015693845227360725
-0.02776503935456276
0.010615663602948189
0.026781747117638588
0.008138028904795647
0.001096499152481556
0.00731646316125989
0.04080658406019211
-0.015486836433410645
0.0060000172816216946
0.007542878855019808
0.0192906204611063
-0.008228595368564129
0.012478741817176342
-0.029369356110692024
0.02605721727013588
0.027351021766662598
0.012750441208481789
0.0032668556086719036
0.0007200828986242414
0.02035154029726982
-0.013261493295431137
0.01857902854681015
0.0286189503967762
-0.0032862627413123846
0.0100011071190238
-0.018604904413223267
-0.010990867391228676
-0.01586204022169113
0.016690075397491455
-0.00996876135468483
0.012213512323796749
0.008196249604225159
0.00473208911716938
0.02156771719455719
-0.015965543687343597
0.004531549289822578
0.023094406351447105
-0.044015221297740936
0.03301788493990898
-0.0031455615535378456
0.01973051391541958
0.019834019243717194
-0.010984398424625397
-0.009295983240008354
0.014852873049676418
0.010162832215428352
-0.005440447013825178
0.005793008487671614
-0.001845288323238492
0.01773805543780327
-0.021050194278359413
0.0038296605926007032
0.05226968973875046
-0.02504805102944374
-0.010221053846180439
0.017556924372911453
0.001276014489121735
0.006006486248224974
-0.018760161474347115
0.02093375287950039
-0.030663160607218742
0.017181720584630966
-0.000615365628618747
0.003431815654039383
-0.016133738681674004
0.0011045853607356548
0.007187082432210445
0.04683571308851242
0.013973086141049862
0.009988169185817242
0.009794098325073719
0.00041341088945046067
-0.01744048111140728
-0.00510729243978858
-0.0035288510844111443
-0.016845330595970154
0.015215137973427773
0.0346221998333931
-0.005967671982944012
0.011223752051591873
-0.008474417962133884
-0.019756391644477844
0.004208098165690899
-0.01857902854681015
-0.021050194278359413
0.020869063213467598
-0.007031825836747885
0.009671187028288841
0.032500363886356354
0.019394125789403915
-0.017634551972150803
0.003210251685231924
0.005074947141110897
-0.0237154308706522
0.008966063149273396
0.004476562608033419
-0.030663160607218742
0.01189006119966507
-0.010919707827270031
-0.015926729887723923
0.005278721451759338
-0.016043173149228096
0.0005446107243187726
-0.011197876185178757
0.01366257295012474
-0.016780640929937363
-0.015357456170022488
0.0069218529388308525
-0.01601729728281498
0.01785449869930744
0.008862558752298355
0.007394091226160526
0.000969544576946646
0.004939097911119461
-0.040961842983961105
-0.02789441868662834
-0.010867956094443798
-0.010434531606733799
-0.003920226823538542
0.022175805643200874
-0.0015097077703103423
-0.013727262616157532
0.040547825396060944
0.001558225485496223
-0.01714290678501129
-0.003304052632302046
0.0012525642523542047
0.008532638661563396
-0.023120282217860222
0.00516227912157774
0.01737579144537449
-0.008603798225522041
-0.008920780383050442
0.007225896697491407
-0.015965543687343597
-0.012394644320011139
-0.0076205069199204445
-0.021024318411946297
0.007879267446696758
-0.026458296924829483
0.025876084342598915
-0.008920780383050442
0.008545576594769955
-0.008856089785695076
-0.026315977796912193
-0.0008401641389355063
0.011695990338921547
0.021671220660209656
-0.03174995630979538
-0.010331027209758759
-0.007879267446696758
0.005327239166945219
-0.034001175314188004
0.007070640102028847
-0.01252402551472187
-0.013015670701861382
-0.001879250630736351
-0.008881966583430767
0.008577922359108925
0.012912166304886341
-0.023223785683512688
0.004052841570228338
-0.014438855461776257
-0.021024318411946297
-0.011767149902880192
0.009819974191486835
-0.029861001297831535
0.03151706978678703
-0.0010536417830735445
-0.027221640571951866
-0.01829439215362072
-0.0030048603657633066
-0.047663748264312744
-0.006430207286030054
-0.007549347821623087
0.027376897633075714
0.004136939067393541
-0.008797869086265564
0.009606496430933475
0.027739163488149643
-0.009418894536793232
0.0029320837929844856
-0.02412944845855236
-0.023689555004239082
-0.0426955409348011
0.003203782718628645
-0.009671187028288841
-0.016612445935606956
-0.021024318411946297
-0.018061507493257523
0.05599584802985191
-0.018773099407553673
0.0025099802296608686
0.012122945860028267
0.012258795090019703
-0.020338602364063263
0.0048420624807477
0.02476341277360916
-0.0018145604990422726
0.0037940810434520245
0.009632372297346592
-0.022680388763546944
0.015642093494534492
0.005149340722709894
-0.01764748990535736
-0.023805998265743256
0.010855017229914665
0.021451273933053017
-0.0013811360113322735
0.014619988389313221
-0.0070188879035413265
-0.006543415132910013
-0.012045317329466343
-0.0057024420239031315
-0.003109982004389167
-0.02675587125122547
-0.006119694095104933
0.023728370666503906
0.004806482698768377
-0.0033930016215890646
-0.005395163781940937
0.011152592487633228
-0.016405437141656876
0.016043173149228096
0.02533268742263317
-0.02583727054297924
0.01666419953107834
-0.00207332125864923
-0.02022216096520424
-0.015486836433410645
-0.03167232871055603
-0.01773805543780327
-0.00850676279515028
-0.010421592742204666
0.0086167361587286
0.036200642585754395
-0.009742345660924911
-0.005569827277213335
-0.006818348541855812
-0.006488428451120853
-0.02691112831234932
-0.01512457150965929
0.007413498125970364
-0.022111114114522934
0.004560660105198622
-0.009496523067355156
-0.026962880045175552
0.005433978047221899
0.0020717040169984102
0.022111114114522934
-0.04347182437777519
0.009658249095082283
0.20411056280136108
-0.03397529944777489
0.005281955935060978
0.015046942979097366
-0.02319790981709957
0.001926151104271412
0.028644826263189316
0.008286816067993641
-0.004525080323219299
0.017466356977820396
0.01822970248758793
-0.019316498190164566
-0.017699241638183594
0.0008991939248517156
0.02398713119328022
-0.008409727364778519
-0.048724666237831116
-0.008351506665349007
-0.0008264174684882164
0.006543415132910013
0.04119472578167915
0.012000034563243389
-0.01206472422927618
0.0020005449187010527
0.02214992791414261
0.005398398265242577
-0.007284117862582207
0.0017110561020672321
0.023689555004239082
-0.0043633547611534595
-0.0143094751983881
-0.0016867972444742918
-0.0025779048446565866
-0.005479260813444853
-0.011398415081202984
0.005511606112122536
0.0249833595007658
-0.003878178307786584
0.016754765063524246
0.016987649723887444
0.02077849581837654
-0.020467983558773994
-0.004263084847480059
-0.03966803848743439
-0.025940775871276855
0.05361524969339371
-0.00015909748617559671
-0.006857162341475487
0.0014611901715397835
0.00603236211463809
-0.014865810982882977
0.03912464156746864
0.03190521150827408
0.003684107679873705
-0.009923478588461876
0.014878748916089535
-0.0009549892856739461
0.0035417890176177025
0.021658282727003098
0.009289514273405075
-2.089797089865897e-05
0.020545611158013344
-0.013222679495811462
0.025293873623013496
0.0044927350245416164
-0.0022107879631221294
-0.016198428347706795
-0.030637284740805626
-0.0010390864918008447
-0.009334797970950603
0.0022625401616096497
0.001544478815048933
-0.02918822318315506
0.023042652755975723
-0.00720648979768157
-0.03407880291342735
0.012569308280944824
0.024452900514006615
-0.0005397589411586523
0.035838376730680466
-0.021321894600987434
0.001082752482034266
-0.011223752051591873
0.005657159257680178
0.014995191246271133
-0.02042916975915432
0.015331580303609371
-0.0025439425371587276
0.00822212640196085
-0.05806593596935272
-0.012756910175085068
-0.0019568789284676313
-0.005472791846841574
-0.0004039095074404031
0.010686823166906834
0.0032927317079156637
-0.0026053981855511665
0.013830767013132572
-0.02471166104078293
0.005786539521068335
-0.012511086650192738
0.052140310406684875
0.024245891720056534
0.011631299741566181
-0.01714290678501129
0.010906769894063473
-0.016483066603541374
-0.011023212224245071
0.012983325868844986
-0.03068903647363186
0.004654460586607456
-0.023598989471793175
0.008901373483240604
-0.0014854490291327238
-0.023754246532917023
0.022758016362786293
0.0021283079404383898
-0.027946172282099724
0.025940775871276855
0.005078181624412537
-0.02748040296137333
-0.01666419953107834
0.0064107999205589294
0.011527796275913715
-0.00818978063762188
-0.0035417890176177025
-0.04191925749182701
0.017479294911026955
-0.022253433242440224
-0.008920780383050442
0.022460442036390305
-0.020183345302939415
0.028489569202065468
0.025086864829063416
-0.0008595712133683264
-0.0027784446720033884
-0.018462587147951126
-0.010757982730865479
0.014102466404438019
0.010512159205973148
0.010117549449205399
-0.029576364904642105
0.015771472826600075
-0.002374130766838789
-0.0005478452076204121
-0.011372539214789867
0.00904369167983532
0.01018223911523819
0.0017353149596601725
-0.0045768325217068195
-0.011204345151782036
-0.04414460062980652
-0.00207332125864923
-0.0019293855875730515
0.0009606496314518154
0.010913238860666752
-0.03301788493990898
-0.018980108201503754
-0.001960113411769271
-0.010479814372956753
-0.010240460745990276
0.002319144085049629
0.015642093494534492
-0.0014935352373868227
-0.0018080914160236716
0.010415123775601387
-0.16105274856090546
0.011928874999284744
0.011547203175723553
0.0002854455669876188
0.0006137483869679272
0.01586204022169113
0.03032677061855793
0.020558549091219902
-0.005534247495234013
-0.006485193967819214
-0.007885736413300037
-0.012135883793234825
-0.03154294565320015
-0.02911059558391571
-0.017828622832894325
-0.003249065950512886
-0.03796021640300751
0.0013463650830090046
0.022111114114522934
-0.000688546453602612
-0.0004993275506421924
-0.009399487636983395
-0.005152575206011534
0.00613910099491477
0.00914719607681036
0.01957525871694088
-0.02114076167345047
0.0005927240708842874
-0.013106237165629864
-0.018333205953240395
0.024258829653263092
-0.0008514849469065666
0.02392243966460228
-0.007963364943861961
0.0015234544407576323
-0.001732080476358533
-0.029498737305402756
-0.02121838927268982
-0.01715584471821785
0.026678243651986122
-0.002107283566147089
0.017000587657094002
0.00044434089795686305
-0.0250609889626503
0.012465803883969784
0.01449060719460249
0.030921921133995056
0.001524263177998364
0.02390950173139572
-0.02654886245727539
0.012045317329466343
-0.0193682499229908
-0.0008252045372501016
-0.01313858199864626
0.010305150412023067
0.0015865274472162127
-0.0076593211852014065
0.007542878855019808
0.013364997692406178
-0.005592468660324812
-0.0038005500100553036
-0.009224824607372284
0.01566796936094761
0.017259348183870316
0.024349395185709
-0.028851835057139397
-0.02926585264503956
0.022318122908473015
-0.03687342256307602
0.013429688289761543
-0.008623205125331879
-0.020299788564443588
0.0021962327882647514
-0.01799681782722473
-0.003150413278490305
0.0035256166011095047
-0.008370913565158844
0.03182758390903473
-0.006999481003731489
-0.011126716621220112
-0.014231846667826176
0.04178987815976143
-0.005974140949547291
-0.029084719717502594
0.0028301968704909086
-0.00196658237837255
-0.005750959739089012
0.012200574390590191
0.014542359858751297
0.012077662162482738
0.011443698778748512
-0.03865887224674225
-0.02334022894501686
-0.011372539214789867
0.01011108048260212
0.0158102884888649
-0.019420001655817032
-0.001751487492583692
0.016250181943178177
-0.008034524507820606
0.03410467877984047
0.0285413209348917
-0.002493807580322027
-0.003431815654039383
0.01672888919711113
9.587291424395517e-05
-0.004586535971611738
-0.004382761660963297
0.02784266695380211
0.01892835646867752
-0.022525131702423096
-5.0994080083910376e-05
0.003551492700353265
0.010136956349015236
0.024220015853643417
0.011223752051591873
-0.024866918101906776
-0.008972532115876675
0.002412945032119751
-0.023482546210289
0.0540810190141201
-0.012795723974704742
-0.0024711661972105503
0.009393018670380116
-0.014257722534239292
-0.0439634695649147
-0.10940408706665039
-0.02748040296137333
0.02569495141506195
0.024957483634352684
0.012866883538663387
0.0011539116967469454
-0.004483031574636698
0.02199467271566391
-0.02575964294373989
0.020105717703700066
-0.004796779248863459
-0.02691112831234932
-0.001404586248099804
-0.020687930285930634
-0.01146310567855835
0.032629743218421936
-0.010305150412023067
-0.022473379969596863
-0.028153181076049805
0.030068010091781616
0.003745563328266144
0.009056629613041878
-0.015823226422071457
-0.013274431228637695
-0.006071176379919052
0.003557961666956544
-0.019536444917321205
0.010738574899733067
0.03283675014972687
0.0033218422904610634
-0.02583727054297924
-0.006663091946393251
-0.016974711790680885
-0.0018485228065401316
0.01544802263379097
-0.023611927404999733
-0.00797630287706852
-0.029058843851089478
0.027454525232315063
-0.0020102483686059713
-0.006870100740343332
0.02199467271566391
0.01574559696018696
-0.031361814588308334
0.005738021805882454
-0.028670702129602432
-0.0024760179221630096
0.015887916088104248
-0.0060226586647331715
-0.022382812574505806
-0.017414605244994164
-0.009405956603586674
-0.0388917550444603
0.002692730166018009
0.008733178488910198
0.008390320464968681
0.0028528382536023855
0.011081432923674583
0.0035450237337499857
-0.03516560047864914
0.001838819240219891
-0.011443698778748512
-0.015991419553756714
0.01335205975919962
0.019898708909749985
-0.02613484486937523
-0.027661534026265144
-0.01963994838297367
0.0012137501034885645
-0.005327239166945219
0.0061973221600055695
0.0066016362980008125
-0.0008474417845718563
-0.011178468354046345
-0.0005284381913952529
0.016547756269574165
-0.0384259857237339
0.007523471489548683
-0.0005769558483734727
-0.006252308841794729
-0.002134776907041669
-0.022551007568836212
-0.019484691321849823
-0.017958002164959908
0.015422146767377853
0.018048569560050964
0.015900854021310806
-0.011411353014409542
-0.0021137527655810118
-0.020260974764823914
-0.0010803265031427145
0.038400109857320786
0.012614591047167778
0.00651106983423233
0.007161206565797329
-0.004952035844326019
0.012452865950763226
-0.020700868219137192
-0.005945030599832535
0.005443681497126818
-0.029731621965765953
-0.014128342270851135
-0.05511606112122536
0.0026717057917267084
0.018475525081157684
-0.02314615808427334
-0.010867956094443798
0.017336977645754814
0.01821676455438137
-0.0035191476345062256
0.010764451697468758
-0.00989760272204876
-0.02555263414978981
0.0035967756994068623
-0.010298681445419788
-0.008577922359108925
-0.01864372007548809
-0.014568235725164413
0.02405182085931301
-0.012899228371679783
0.00012917826825287193
-0.0013269579503685236
-0.008946656249463558
0.00789867527782917
0.02447877638041973
0.019846957176923752
-0.009063098579645157
0.0029806015081703663
-0.010952052660286427
-0.023547237738966942
-0.009334797970950603
0.027583906427025795
0.003464160952717066
-0.01870840974152088
-0.011987096630036831
0.014400041662156582
-0.005378991365432739
-0.0033477183897048235
-0.0004233165818732232
0.03718393296003342
0.01408952847123146
0.0713144913315773
-0.025371501222252846
-0.012970387935638428
0.03493271395564079
-0.017763933166861534
-0.013170926831662655
0.0023304650094360113
-0.02093375287950039
-0.004515376873314381
0.02035154029726982
-0.01665125973522663
0.03702867776155472
0.03252623975276947
-0.0024097103159874678
-0.02433645725250244
-0.009237762540578842
0.013973086141049862
0.005304597318172455
0.02392243966460228
-0.004793544765561819
-0.01242052111774683
0.03547611087560654
-0.01178655680269003
-0.009289514273405075
0.0010681970743462443
-0.002280330052599311
0.0024921903386712074
0.0009509461233392358
0.0001515166077297181
-0.009386549703776836
-0.01658657006919384
0.0074458434246480465
0.004777372349053621
0.012006503529846668
0.02825668454170227
0.022680388763546944
-0.0002567392657510936
0.002574670361354947
0.006611339747905731
0.0076205069199204445
0.007510533556342125
-0.00811215303838253
0.012362299486994743
-0.008791400119662285
0.029343480244278908
0.038322482258081436
-0.01302860863506794
-0.005330473650246859
0.008267409168183804
-0.04732735827565193
0.008636143058538437
-0.0046253502368927
0.01843671128153801
-0.019109489396214485
0.010887362994253635
0.005854464136064053
-0.008053931407630444
0.02192998118698597
-0.018139135092496872
0.021477149799466133
0.017880374565720558
0.030585533007979393
-0.005223734769970179
0.018980108201503754
-0.04233327507972717
-0.0341564305126667
0.021321894600987434
-0.04818126931786537
-0.036769915372133255
-0.012511086650192738
0.0035450237337499857
-0.013960148207843304
-0.010596256703138351
0.031361814588308334
-0.001858226372860372
-0.018850727006793022
0.014244784601032734
0.006824817508459091
-0.0035482582170516253
-0.021244265139102936
0.021024318411946297
-0.01857902854681015
0.00989113375544548
0.0398491695523262
0.008487355895340443
0.00018719730724114925
0.012478741817176342
0.041971009224653244
-0.01302213966846466
0.022952087223529816
-0.018734285607933998
0.008066869340837002
0.015616217628121376
-0.007504064589738846
-0.01672888919711113
-0.012912166304886341
-0.002506745746359229
0.010441000573337078
0.030093885958194733
-0.004657695069909096
0.08197543770074844
0.012569308280944824
-0.014762306585907936
0.015629155561327934
0.0031665859278291464
0.0037682049442082644
-0.007510533556342125
-0.023379042744636536
-0.010945583693683147
0.016043173149228096
0.008901373483240604
-0.008843151852488518
0.005860933102667332
-0.010738574899733067
0.005433978047221899
-0.009321860037744045
0.0008458245429210365
0.040107931941747665
-0.010680354200303555
0.011482512578368187
0.04114297404885292
0.01630193367600441
0.0017967706080526114
0.021166637539863586
-0.022745078429579735
0.005945030599832535
0.039823293685913086
-0.01729816198348999
-0.0025293873623013496
-0.02463403344154358
-0.003237745026126504
-0.0158102884888649
-0.042954299598932266
-0.025462066754698753
-0.010770920664072037
-0.007853391580283642
-0.00957415159791708
-0.04748261719942093
-0.0009533719858154655
0.01859196648001671
0.010149894282221794
0.014581173658370972
-0.020196285098791122
-0.04846590757369995
-0.01459411159157753
0.018126197159290314
-0.01637956127524376
0.002333699492737651
-0.023547237738966942
