0.005139322951436043
0.0009428425692021847
0.013540200889110565
-0.008942359127104282
-0.039062656462192535
0.01337553933262825
-0.047473032027482986
-0.00948067381978035
-0.01245723757892847
-0.01803671196103096
-0.003910698927938938
0.010690298862755299
-0.00395186385139823
0.020620623603463173
0.007137421052902937
-0.004281186033040285
0.030044298619031906
-0.011133616790175438
0.0082393828779459
-0.005671304650604725
-0.0001571404282003641
0.006966426968574524
-0.00019365479238331318
-0.013768192380666733
-0.03080427274107933
0.005497144069522619
0.007821397855877876
-0.01863202452659607
-0.02865101397037506
0.012330575846135616
0.0009752997430041432
-0.005886630620807409
-0.019126009196043015
-0.009423675946891308
-0.0006796224624849856
0.010183649137616158
-0.0016561096999794245
0.02172258496284485
0.012229246087372303
0.007492075674235821
0.023723850026726723
-0.000394038506783545
0.007644070312380791
-0.01088662538677454
-0.00630461610853672
0.025421125814318657
-0.017466731369495392
0.0007864937651902437
-0.0270297359675169
0.023217201232910156
2.8523758373921737e-05
0.025104468688368797
-0.02524379827082157
-0.0003411966026760638
-0.032172225415706635
-0.005788467358797789
-0.011253945529460907
0.007276749704033136
0.022254567593336105
-0.019721321761608124
0.016010114923119545
-0.017352735623717308
-0.02398984134197235
0.021279267966747284
-0.00010058768384624273
0.0076820687390863895
-0.016339438036084175
0.01293222140520811
-0.024129169061779976
0.01322354469448328
0.011266612447798252
0.026624416932463646
-0.008803030475974083
0.01024698093533516
0.03635208308696747
0.007542740553617477
0.001717857550829649
-0.06226719170808792
0.009531338699162006
0.020772619172930717
0.0024524990003556013
-0.006865097209811211
-0.015756791457533836
0.03174157440662384
0.011044953018426895
0.005322983488440514
0.021076608449220657
0.008872694335877895
-0.0014779907651245594
-0.007979725487530231
-0.008359712548553944
0.013134880922734737
0.0011431273305788636
0.013312208466231823
-0.01351486798375845
0.01835336908698082
-0.016060780733823776
0.008315380662679672
-0.01802404597401619
-0.027891039848327637
-0.01584545522928238
-0.009259014390408993
-0.02520579844713211
0.00965800043195486
-0.03794802725315094
0.01744139939546585
-0.010588969103991985
0.003806202206760645
0.026599084958434105
-0.02146926149725914
-0.005731469485908747
0.04630773887038231
-0.0054559786804020405
-0.011545268818736076
0.016554763540625572
-0.013540200889110565
0.021393263712525368
-0.018150707706809044
-0.012362240813672543
-0.02329319901764393
0.02400250732898712
-0.0020867614075541496
0.003126975614577532
-0.004686505533754826
0.03141225129365921
0.005104491021484137
-0.031184259802103043
-0.006789099425077438
-0.016580095514655113
-0.015376804396510124
-0.012197580188512802
-0.010075986385345459
0.012362240813672543
-0.01259656623005867
0.0052564856596291065
0.010854959487915039
-0.02051929384469986
0.021988576278090477
-0.019354000687599182
-0.015123479068279266
0.028397688642144203
0.01288788951933384
0.004949329420924187
-0.04486379027366638
0.008264715783298016
0.013451537117362022
0.03670673817396164
0.026979072019457817
0.006358447950333357
0.008796697482466698
0.024331828579306602
-0.0341988243162632
0.01074729673564434
-0.008518040180206299
0.02145659551024437
0.012691562995314598
0.011779594235122204
0.021304599940776825
-0.0009175100713036954
0.002360668731853366
-0.01778338849544525
-0.018872683867812157
0.009322346188127995
0.01490815356373787
0.012178581207990646
0.016896752640604973
0.014870154671370983
-0.007821397855877876
0.016326772049069405
0.01117794867604971
0.015642795711755753
0.022330565378069878
-0.017580728977918625
0.024407826364040375
-0.000708517269231379
0.025345128029584885
0.01989864930510521
0.0042305211536586285
-0.007004425395280123
-0.019746653735637665
-0.0063141160644590855
0.013907521031796932
0.011551602743566036
0.010785295628011227
-0.03457881137728691
0.017226073890924454
0.0025902441702783108
0.01417351234704256
0.008169719018042088
0.017466731369495392
0.01986064948141575
0.00483216717839241
-0.005617473274469376
0.005484478082507849
-0.637567400932312
0.005294484551995993
0.00028320899582467973
-0.0025775779504328966
0.008955025114119053
-0.005544642452150583
0.020012645050883293
0.02705506794154644
-0.006200119853019714
-0.02639642544090748
0.012241912074387074
0.0005596890696324408
-0.015186810865998268
-0.00330588617362082
-0.013020885176956654
-0.027865707874298096
0.012526902370154858
-0.019797317683696747
0.010322977788746357
-0.041494570672512054
-0.03414815664291382
0.02392650954425335
0.0007124754483811557
0.023255199193954468
-0.016858752816915512
-0.013590865768492222
0.023470524698495865
-0.003654207568615675
0.0208232831209898
0.0036763735115528107
-0.01337553933262825
0.015237475745379925
0.006006959825754166
0.021823914721608162
0.05259019136428833
0.020126640796661377
-0.031868238002061844
0.008429376408457756
0.015680793672800064
0.01492081955075264
0.0012436655815690756
-0.004911330994218588
0.004100691992789507
-0.0029781474731862545
0.028144365176558495
0.0011835009790956974
0.02206457406282425
-0.022001242265105247
0.0030715609900653362
0.01009498629719019
-0.0057251364924013615
-0.006241285242140293
0.008461042307317257
-0.003489546477794647
-0.005041159689426422
-0.009246348403394222
-0.005174155347049236
0.005835965741425753
-0.0164787657558918
0.03012029640376568
0.013654196634888649
-0.00318714021705091
-0.02018997259438038
-0.024179834872484207
-0.032476216554641724
0.01932866871356964
-0.025889774784445763
-0.023774515837430954
0.03255221247673035
-0.01556679792702198
0.005240652710199356
0.02024063654243946
0.010816960595548153
-0.0027279893402010202
0.004740336909890175
-0.00659910636022687
0.01490815356373787
0.004122857935726643
-0.003685873234644532
0.0033375518396496773
-0.017960714176297188
-0.025041138753294945
-0.03855600580573082
0.011089284904301167
0.007954392582178116
-0.052742183208465576
-0.0042051887139678
-0.0013054134324193
-0.01706141233444214
0.022520558908581734
-0.014110180549323559
0.00661177234724164
0.014882820658385754
-0.025117134675383568
0.005953128449618816
0.04126657918095589
0.0074160778895020485
-0.007967059500515461
0.010829627513885498
-0.01556679792702198
0.01493348553776741
-0.03754270821809769
-0.0008834695909172297
-0.012773893773555756
0.03050028346478939
0.014882820658385754
0.0019395165145397186
0.010462306439876556
0.03361617773771286
-0.011994920670986176
-0.011019621044397354
-0.02642175741493702
-0.016377435997128487
-0.00918935053050518
-0.029917636886239052
-0.03044961765408516
0.00022324231395032257
0.013704861514270306
0.025370460003614426
-0.03199489787220955
0.008676367811858654
-0.016618095338344574
0.005528809502720833
-0.00180652120616287
-0.02024063654243946
0.02055729180574417
-0.022292565554380417
0.005661805160343647
-0.006941094528883696
-0.026675080880522728
0.013882189057767391
-0.011146282777190208
0.020139306783676147
-0.0022561722435057163
0.007878395728766918
-0.015465467236936092
0.022001242265105247
-0.007200751919299364
0.0005747302202507854
-0.01622544229030609
-0.016048114746809006
-0.0053799813613295555
0.021215936169028282
-0.016871418803930283
-0.03832801431417465
-0.02368585206568241
-0.029106998816132545
-0.010056987404823303
-0.018518028780817986
0.018277371302247047
-0.005364148877561092
-7.104963879100978e-05
-0.05152622610330582
-0.010525637306272984
-0.019100675359368324
-0.012716895900666714
-0.011456605978310108
0.016022780910134315
-0.035592108964920044
-0.008150719106197357
0.010740963742136955
0.012856224551796913
-0.016339438036084175
0.03754270821809769
-0.033717505633831024
0.025281796231865883
0.013590865768492222
0.01119061466306448
-0.01806204579770565
-0.05704870447516441
0.003416715655475855
0.030018966645002365
-0.0031491415575146675
0.019113341346383095
0.03245088458061218
-0.0016719424165785313
-0.008366045542061329
0.012539568357169628
-0.011880923993885517
-0.012894222512841225
0.0037048724479973316
0.021405929699540138
-0.013122214935719967
-0.0005038785166107118
-0.020962610840797424
0.007694735191762447
0.017352735623717308
0.009790996089577675
0.004756169393658638
-0.00030102088931016624
0.010417974554002285
0.0007116838241927326
-0.00888536125421524
0.005481311120092869
0.006424945313483477
0.021342597901821136
0.0028673179913312197
-0.014426836743950844
0.007891061715781689
0.00805572234094143
0.024103837087750435
-0.007789731957018375
0.031538914889097214
-0.015478134155273438
-0.001819187426008284
-0.0011835009790956974
0.002537996042519808
-0.010696631856262684
0.05633939430117607
0.013261543586850166
0.007561739534139633
-0.03136158734560013
-0.02083594910800457
-0.016288772225379944
0.0007065381505526602
0.020709287375211716
-0.006323615554720163
-0.00013161005335859954
-0.014654829166829586
0.025585785508155823
-0.01836603507399559
-0.006127289030700922
0.010006322525441647
-0.007650403305888176
-0.010487639345228672
0.013324874453246593
0.007365413010120392
-0.015174143947660923
0.006279283668845892
-0.01521214284002781
0.010069653391838074
-0.004316017962992191
-0.002123176818713546
0.026573751121759415
0.026877742260694504
0.019493328407406807
0.017593394964933395
0.0063077830709517
0.039594635367393494
-0.008416710421442986
0.005044326186180115
0.028752343729138374
-0.011963254772126675
-0.010297645814716816
0.03632675111293793
-0.0035813767462968826
0.022596554830670357
-0.01195692177861929
-0.011754262261092663
-0.005560475401580334
-0.009822661988437176
-0.005744135472923517
-0.024091171100735664
-0.028777675703167915
-0.016073446720838547
-0.020113974809646606
0.0058011338114738464
0.018480030819773674
0.0029005669057369232
0.03148825094103813
0.005519310012459755
0.010455973446369171
0.0019695989321917295
0.027561718598008156
0.0052913180552423
0.0065801069140434265
-0.00842304341495037
-0.01987331546843052
-0.031868238002061844
-0.02804303541779518
-0.012172247283160686
-0.010601635091006756
-0.00901835598051548
0.011437606066465378
-0.005652305204421282
0.014059515669941902
0.010063320398330688
-0.0016189026646316051
0.011868258006870747
0.0049904948100447655
-0.028980335220694542
-0.03576943650841713
0.01274856086820364
0.014984151348471642
-0.0021643422078341246
-0.009322346188127995
-0.01899934560060501
-0.024129169061779976
-0.03566810488700867
0.019037345424294472
-0.01148193795233965
-0.0015666544204577804
0.0039043657016009092
-0.0005189196090213954
-0.02056995779275894
-0.0037460378371179104
0.016580095514655113
-0.007580738980323076
0.015655461698770523
0.005278651602566242
-0.00018860808631870896
-0.014287508092820644
-0.031868238002061844
0.007276749704033136
0.0386066697537899
0.03728938475251198
-0.0384800098836422
0.012159581296145916
0.018568694591522217
-0.01132994331419468
-0.008486374281346798
-0.008005057461559772
-0.0030430618207901716
0.025104468688368797
0.017542729154229164
0.008581371046602726
0.013628864660859108
-0.010728297755122185
0.019809985533356667
0.001317288028076291
0.00856237206608057
0.01291955541819334
0.0002786570694297552
0.0017542729619890451
0.03774536773562431
0.00147561589255929
-0.0035687105264514685
0.04068393260240555
0.0014027850702404976
-0.012463570572435856
-0.0034990462008863688
-0.03181757032871246
0.0063616144470870495
0.005728302989155054
0.0009262181119993329
0.004138690885156393
-0.002816653111949563
-0.004597841762006283
0.017606060951948166
0.02547178976237774
-0.007371746469289064
-0.004601008258759975
0.017555395141243935
0.0082710487768054
0.011975920759141445
-0.022558556869626045
0.01584545522928238
0.0032615542877465487
0.0183407012373209
0.00659910636022687
0.04169723019003868
0.004635840654373169
-0.0017526897136121988
-0.038378678262233734
0.0017321070190519094
0.011766928248107433
0.03483213484287262
-0.0019316001562401652
-0.017238739877939224
0.012159581296145916
0.01622544229030609
0.0341988243162632
0.003606709185987711
0.0014613663079217076
0.020139306783676147
0.009873326867818832
0.002745405538007617
-0.000545835355296731
0.013413538224995136
-0.022558556869626045
0.011076618917286396
0.02366051822900772
0.0012381240958347917
-0.01992398127913475
0.01305888406932354
0.0227485504001379
0.004835333675146103
0.00737807946279645
-0.007574405986815691
0.017302071675658226
-0.01478149089962244
0.031893569976091385
-0.01649143174290657
-0.021887246519327164
0.00026698037981987
-0.045294441282749176
0.025066470727324486
-0.022001242265105247
-0.013730194419622421
-0.0025696614757180214
-0.00979732908308506
0.023166535422205925
-0.025598451495170593
-0.0063806138932704926
0.003407216165214777
-0.04073459655046463
-0.03961997106671333
-0.011659265495836735
-0.006694103125482798
0.03229888901114464
0.009860660880804062
0.0008438876247964799
-0.0016545263351872563
0.017530063167214394
-0.008125387132167816
-0.0025126636028289795
0.01445216964930296
-0.01293222140520811
-0.010709297843277454
0.02181124873459339
-0.012754893861711025
-0.009024688974022865
0.029360322281718254
0.012761227786540985
-0.020354632288217545
0.0026884074322879314
-0.0002523350703995675
-0.014958818443119526
-0.01830270327627659
0.023457858711481094
0.020937278866767883
0.016415435820817947
0.0013560783118009567
-0.017948048189282417
0.003470547264441848
-0.01337553933262825
-0.014287508092820644
-0.010905624367296696
0.020379964262247086
-0.004243187140673399
0.004756169393658638
0.024623151868581772
-0.022925877943634987
-0.004078526049852371
-0.00361304241232574
-0.005446479190140963
-0.002131093293428421
0.012191247195005417
0.019100675359368324
-0.008340712636709213
-0.009221015498042107
0.03105759806931019
0.017948048189282417
-0.0006586440140381455
-0.0014241592725738883
-0.047143708914518356
0.0036922062281519175
0.011323610320687294
-0.028068367391824722
0.020937278866767883
0.01212791632860899
-0.008385044522583485
-0.015503466129302979
0.00853070616722107
-0.02241922914981842
0.04440780356526375
-0.009126019664108753
-0.029917636886239052
-0.004930330440402031
0.013286875560879707
-0.011519936844706535
0.007137421052902937
0.01445216964930296
-0.006035458762198687
-0.0005216903518885374
-0.0029844806995242834
-0.009822661988437176
-0.03961997106671333
0.023799847811460495
-0.020721953362226486
-0.018860017880797386
-0.003853700589388609
-0.003638374852016568
0.017226073890924454
-0.023217201232910156
0.010316644795238972
-0.009284347295761108
-0.011697264388203621
-0.010962622240185738
-0.019543994218111038
-0.01617477647960186
-0.008993024006485939
0.007055090274661779
0.001257123425602913
0.018150707706809044
-0.004268519580364227
-0.007941726595163345
0.006177953910082579
-0.008910693228244781
0.008638368919491768
-0.00888536125421524
-0.011861925013363361
-0.033464182168245316
0.01807471178472042
0.02515513449907303
-0.004005695227533579
0.002184924902394414
-0.0004864624352194369
-0.009923991747200489
0.024661151692271233
-0.019480662420392036
-0.011475604958832264
-0.01773272268474102
-0.017922716215252876
-0.0022751716896891594
0.01215324830263853
-0.0224065613001585
0.009809996001422405
-0.012868890538811684
-0.0030683944933116436
0.01589611917734146
-0.002650408772751689
0.004471179563552141
-0.0013948685955256224
0.047726355493068695
-0.015617462806403637
0.004528177436441183
-0.0026804909575730562
0.021849248558282852
0.011082951910793781
0.01745406538248062
-0.02834702469408512
0.008119054138660431
0.015756791457533836
-0.002615576609969139
-0.002001264365389943
-0.00808738823980093
0.010892958380281925
0.00038038272759877145
0.019683321937918663
-0.02832169085741043
-0.01684608682990074
0.01212791632860899
-0.016643427312374115
-3.277881842222996e-05
-0.02271055243909359
-0.0007041632779873908
0.008404044434428215
-0.007523741107434034
0.001476407516747713
-0.00568080460652709
0.00872703269124031
-0.016567429527640343
8.485384751111269e-05
0.0042780195362865925
-0.03207089751958847
0.031209591776132584
0.0072640832513570786
0.0208232831209898
0.021291933953762054
0.007593405432999134
-0.031285591423511505
0.014439502730965614
0.02146926149725914
-0.021089274436235428
0.017517397180199623
-0.004987328313291073
0.014730826020240784
-0.010892958380281925
0.017796054482460022
0.0366814024746418
-0.005835965741425753
-0.008891694247722626
0.007295748684555292
0.01894868165254593
-0.003777703270316124
-0.023761847987771034
0.008600370958447456
-0.00965800043195486
0.026067102327942848
-0.009740331210196018
0.02920832857489586
-0.026345759630203247
0.00946800783276558
-0.020911946892738342
0.06272317469120026
-0.0005830424488522112
-5.6899083574535325e-05
0.014414170756936073
0.00993665773421526
-0.005886630620807409
-0.024205166846513748
0.0009887575870379806
-0.008600370958447456
0.006953760515898466
0.02576311305165291
-0.016073446720838547
-0.010861292481422424
-0.010994288139045238
-0.03566810488700867
-0.0020281802862882614
-0.001291955471970141
-0.012343241833150387
0.01934133470058441
-0.01839136704802513
0.005025327205657959
0.021355265751481056
0.02150725945830345
-0.019202005118131638
0.010069653391838074
0.007707401178777218
-0.01319821272045374
0.013679529540240765
0.012222912162542343
-0.015376804396510124
0.008695367723703384
-0.009512338787317276
-0.016554763540625572
-0.0039043657016009092
-0.018442030996084213
-0.011507270857691765
-0.015718791633844376
0.01931600086390972
-0.026624416932463646
-0.01165293250232935
-0.005968961399048567
0.0021025943569839
0.010905624367296696
0.0015484467148780823
-0.00825204886496067
0.01934133470058441
0.017226073890924454
-0.03414815664291382
-0.016035448759794235
0.005471811629831791
0.003888532752171159
0.016630761325359344
0.03452814370393753
0.0038948659785091877
-0.006535775028169155
0.038986656814813614
-0.0062381187453866005
-0.010949956253170967
-0.02112727239727974
0.004233687650412321
-0.013970852829515934
-0.005402147304266691
-0.010151984170079231
0.023723850026726723
-0.011475604958832264
0.0017368568805977702
0.023242533206939697
-0.012552234344184399
0.018454698845744133
-0.005601640325039625
-0.02708040177822113
-0.007954392582178116
-0.0074160778895020485
0.032805535942316055
-0.022520558908581734
0.013134880922734737
-0.019771985709667206
-0.026320427656173706
0.005250152666121721
0.004971495363861322
0.019404664635658264
-0.017644058912992477
0.0007920352509245276
0.0011874591000378132
-0.014654829166829586
-0.024129169061779976
0.009974656626582146
-0.02024063654243946
-0.008404044434428215
-0.002099427627399564
-0.01039897557348013
0.021532591432332993
0.01927800290286541
0.0032188058830797672
-0.00794805958867073
-0.00032021815422922373
-0.003324885619804263
-0.030601613223552704
-0.0028942336793988943
-0.013983518816530704
0.04200122132897377
0.0025728282053023577
-0.017466731369495392
-0.0029828972183167934
-0.01103862002491951
-0.03911332041025162
0.0010061736684292555
0.02212790586054325
0.039695966988801956
0.018492696806788445
0.0009008856723085046
0.006953760515898466
0.03333751857280731
-0.021519925445318222
0.011792261153459549
-0.04020261764526367
-0.02359718829393387
-0.018429365009069443
0.006057624705135822
-0.007409744895994663
-0.008404044434428215
-0.017276737838983536
-0.0023480025120079517
0.03614942356944084
0.0015041149454191327
0.01462949626147747
0.012374907732009888
-0.016884084790945053
-0.02202657423913479
0.008720699697732925
0.015389470383524895
0.005243819672614336
0.004284352529793978
-0.013679529540240765
-0.007188085932284594
-0.00046310905599966645
-0.005468645133078098
-0.014236843213438988
-0.0317162424325943
0.013033551163971424
0.021925244480371475
-0.0019458497408777475
0.024091171100735664
-0.008359712548553944
-0.009601002559065819
0.007397078908979893
-0.02206457406282425
-0.007669402752071619
-0.01736540161073208
-0.0010125067783519626
0.006941094528883696
0.0063806138932704926
-0.016896752640604973
-0.011184281669557095
0.013970852829515934
-0.03896132484078407
0.008803030475974083
0.015237475745379925
-0.009265347383916378
0.0002735114248935133
-0.008910693228244781
-0.022849880158901215
-0.026928406208753586
-0.03830268234014511
-0.007998724468052387
0.01865735836327076
-0.007213418371975422
-0.003796702716499567
0.028144365176558495
-0.023191869258880615
0.010924624279141426
-0.0167574230581522
-0.007454076781868935
-0.017682058736681938
-0.01557946391403675
0.013856856152415276
-0.025598451495170593
0.00042867273441515863
-0.02025330252945423
-0.002905316650867462
0.017872052267193794
-0.0023353362921625376
0.018556028604507446
-0.04283719137310982
0.008790364488959312
0.20640888810157776
-0.029917636886239052
-0.002514246851205826
0.0062381187453866005
-0.0020883448887616396
0.00761240441352129
0.02925899252295494
0.0018841017736122012
0.0019854316487908363
0.014135513454675674
0.007257750257849693
-0.020379964262247086
-0.03455347567796707
0.009208349511027336
0.01677008904516697
-0.025623785331845284
-0.04455979913473129
-0.014882820658385754
0.01588345319032669
-0.008758698590099812
0.03356551006436348
0.0012389157200232148
-0.005953128449618816
-0.01025964692234993
0.02018997259438038
-0.0012824558652937412
-0.013616197742521763
0.0025300795678049326
0.005655472166836262
0.004699171520769596
-0.01678275503218174
0.00771373463794589
0.009284347295761108
-0.008442042395472527
-0.014338172972202301
-0.001847686362452805
0.03262820839881897
-0.019797317683696747
0.016390101984143257
0.028803007677197456
0.030398953706026077
-0.02490180917084217
0.001428909134119749
-0.03761870414018631
-0.016314104199409485
0.05537676066160202
-0.010823294520378113
-0.007441410329192877
0.000896927434951067
-0.005262818653136492
-0.01677008904516697
0.03460414335131645
0.022482559084892273
0.010949956253170967
0.012995552271604538
0.021013276651501656
-0.007441410329192877
-0.007371746469289064
0.03014562837779522
-0.004208355210721493
-0.011621266603469849
0.016618095338344574
-0.002059845719486475
0.027739044278860092
-0.012970220297574997
0.012792892754077911
-0.01737806759774685
-0.02426849864423275
-0.015604795888066292
-0.02143126167356968
0.00792272761464119
-0.008777697570621967
-0.02272321842610836
0.00654210802167654
-0.017466731369495392
-0.009759331122040749
0.018264705315232277
0.012184914201498032
0.009746664203703403
0.05127290263772011
-0.022900545969605446
-0.022913211956620216
-0.0005854173214174807
-0.003464214038103819
0.01621277444064617
-0.01775805465877056
0.021279267966747284
-0.018771354109048843
0.005193154793232679
-0.033413518220186234
-0.008049389347434044
0.0058486321941018105
0.008372378535568714
0.001268998021259904
0.012818225659430027
0.016580095514655113
-0.0030858104582875967
0.017352735623717308
-0.0001407139061484486
-0.0026709914673119783
-0.01522480882704258
0.029917636886239052
0.01989864930510521
0.00856237206608057
-0.011317277327179909
0.01777072250843048
-0.017618726938962936
-0.025269130244851112
-0.004841666668653488
-0.02642175741493702
0.01580745540559292
-0.022799214348196983
0.000197711939108558
-0.004851166158914566
-0.028777675703167915
0.0054274797439575195
0.01589611917734146
-0.008891694247722626
0.016010114923119545
-0.0016062363283708692
-0.010620634071528912
-0.0017780221533030272
-0.014414170756936073
0.029993634670972824
-0.005867631174623966
-0.018581360578536987
-0.054920777678489685
0.026295095682144165
-0.028372356668114662
-0.014654829166829586
0.01149460393935442
-0.031234925612807274
0.056440722197294235
0.016010114923119545
-0.0007065381505526602
-0.009892325848340988
0.0007009967230260372
-0.017682058736681938
0.009999989531934261
-0.004895498044788837
0.028828341513872147
-0.011811260133981705
-0.014882820658385754
-0.010044320486485958
0.0035338783636689186
-0.029005669057369232
0.007821397855877876
0.0065801069140434265
-0.02143126167356968
-0.013831524178385735
-0.007536407094448805
-0.03394549712538719
-0.00240816711448133
-0.012330575846135616
0.016415435820817947
0.01321087870746851
-0.0354401133954525
-0.014794157817959785
-0.010791628621518612
0.014439502730965614
-0.02892967127263546
-0.01198225375264883
0.028828341513872147
-0.002083594910800457
-0.012146915309131145
-0.0004136315837968141
-0.15614929795265198
0.012982886284589767
0.00771373463794589
-0.008644702844321728
-0.009923991747200489
0.002001264365389943
0.028499018400907516
0.02430649660527706
0.0047435034066438675
-0.004100691992789507
-0.0022799214348196983
0.011291944421827793
-0.03012029640376568
-0.015997448936104774
-0.019037345424294472
0.008106387220323086
-0.03521212190389633
-0.0165420975536108
0.04379982501268387
0.0068460977636277676
0.011861925013363361
-0.016250774264335632
-0.023204535245895386
0.004433180671185255
0.01366686262190342
-0.0022245068103075027
-0.021329931914806366
-0.0009634251473471522
-0.0050664921291172504
-0.008480041287839413
0.00395186385139823
0.010474972426891327
0.031006932258605957
-0.008777697570621967
-0.005129823461174965
0.005218487232923508
0.00012042814341839403
0.0001976129860850051
-0.02083594910800457
0.024775147438049316
0.0032678875140845776
0.01801137998700142
0.005177321843802929
-0.015706125646829605
0.01103862002491951
0.005449645686894655
0.03222288936376572
-0.011133616790175438
0.03237488493323326
-0.009246348403394222
0.01994931325316429
0.00918935053050518
-0.0021405930165201426
0.00012468321074265987
0.008283714763820171
0.00920201651751995
-0.007504741661250591
0.0013085799291729927
0.02458515390753746
0.009183017536997795
0.0040120286867022514
-0.020924612879753113
0.0016165276756510139
0.030069632455706596
0.034376151859760284
-0.022913211956620216
-0.019037345424294472
0.026345759630203247
-0.03397082909941673
0.0035750435199588537
-0.0014257426373660564
-0.01149460393935442
0.009094353765249252
-0.003005063161253929
-0.004480679053813219
0.003860033815726638
-0.0035022126976400614
0.04238120838999748
-0.01024698093533516
-0.020063308998942375
-0.015034816227853298
0.041190583258867264
-0.0003041874442715198
-0.009138685651123524
-0.004844833165407181
-0.015706125646829605
-0.010525637306272984
0.013324874453246593
0.017010748386383057
0.013502201996743679
-0.004021528176963329
-0.045902419835329056
0.00856237206608057
-0.0014487000880762935
-0.00442684767767787
0.014832155779004097
0.00872703269124031
-0.014946152456104755
0.002826152602210641
0.003856867318972945
0.012286243960261345
0.01122228056192398
-0.016922084614634514
0.008594037964940071
0.017593394964933395
-0.019695987924933434
0.012102583423256874
0.022571222856640816
0.022596554830670357
0.008739699609577656
-0.023242533206939697
0.009208349511027336
0.018505362793803215
0.010329310782253742
0.033413518220186234
-0.00020938862871844321
-0.01651676557958126
-0.003123809117823839
0.01074729673564434
0.00198384840041399
0.06358447670936584
-0.014680161140859127
-0.01993664726614952
-0.000327738729538396
-0.011393274180591106
-0.03176690638065338
-0.11794794350862503
-0.0366814024746418
0.017910050228238106
0.03402149677276611
-0.0021057608537375927
0.02984163910150528
-0.005978460889309645
0.018885349854826927
-0.023077871650457382
0.015984782949090004
-0.02857501618564129
-0.011918922886252403
-0.006013292819261551
0.013109548948705196
-0.015351471491158009
0.04192522168159485
0.0044205146841704845
-0.018214039504528046
-0.030576281249523163
0.02172258496284485
0.005585807841271162
0.015034816227853298
-0.009246348403394222
-0.008448376320302486
-0.020265968516469002
0.004069026559591293
-0.02860034815967083
0.013489536009728909
0.028423022478818893
0.008188717998564243
-0.02150725945830345
-0.011811260133981705
-0.004122857935726643
-0.005389481317251921
0.01245723757892847
-0.019999979063868523
-0.014642162248492241
-0.010778962634503841
0.034325484186410904
-0.016884084790945053
0.008809363469481468
0.01582012139260769
0.013020885176956654
-0.023457858711481094
0.005101324524730444
-0.012951221317052841
-0.008872694335877895
0.007441410329192877
0.0034673805348575115
-0.02518046647310257
-0.02611776813864708
-0.03194423392415047
-0.04098792374134064
0.0003974029968958348
0.01614944450557232
0.023242533206939697
-0.0001454637385904789
0.00825838278979063
-0.013894855044782162
-0.02738439105451107
-0.008201383985579014
-0.014705494046211243
-0.015997448936104774
0.022330565378069878
0.014578831382095814
-0.015250141732394695
-0.015617462806403637
-0.014224177226424217
0.0018223539227619767
0.006725768558681011
-0.0072640832513570786
0.0074160778895020485
0.0066561042331159115
0.008689033798873425
-0.007352747023105621
0.014819489791989326
-0.014642162248492241
-0.012571234256029129
-0.0018318536458536983
0.005538309458643198
-0.011184281669557095
-0.015718791633844376
-0.024661151692271233
-0.023242533206939697
0.01166559848934412
0.008974024094641209
0.024648485705256462
-0.011583267711102962
-0.005148822907358408
-0.007492075674235821
-0.0007144545670598745
0.02865101397037506
-0.000255501625360921
0.0044775125570595264
0.018898015841841698
0.004445847123861313
-0.0017843552632257342
-0.010158317163586617
-0.00746040977537632
0.005623806267976761
-0.021849248558282852
0.0011233363766223192
-0.05063958838582039
0.0007275165989995003
0.014895487576723099
-0.017327403649687767
-0.00964533444494009
-0.006744768004864454
0.03242554888129234
-0.029410988092422485
0.0084103774279356
0.017010748386383057
0.0018999346066266298
0.012184914201498032
-0.014654829166829586
-0.014338172972202301
-0.029993634670972824
-0.020329300314188004
0.01961999200284481
-0.017530063167214394
0.021342597901821136
0.018176041543483734
0.005253319162875414
-0.005433812737464905
0.017200741916894913
0.030880270525813103
0.0020044310949742794
0.007663069758564234
-0.015452801249921322
-0.019417332485318184
-0.0036288751289248466
0.03207089751958847
0.002908483147621155
-0.016934750601649284
-0.017466731369495392
0.030626945197582245
-0.011627599596977234
-0.01649143174290657
0.01901201158761978
0.03769470378756523
0.020392632111907005
0.05578207969665527
-0.023445192724466324
-0.020924612879753113
0.03858133777976036
-0.0010956289479508996
-0.027004403993487358
-0.009100686758756638
-0.0004935871693305671
-0.006339448504149914
0.013565532863140106
-0.008081055246293545
0.020354632288217545
0.013274209573864937
0.014832155779004097
-0.0144775016233325
-0.011583267711102962
0.01381885726004839
0.0047720023430883884
0.021684587001800537
0.0016671925550326705
0.008245715871453285
0.03731471672654152
-0.0208232831209898
0.01649143174290657
0.00654210802167654
0.008125387132167816
-0.01618744246661663
0.006212786305695772
-0.008359712548553944
-0.02058262564241886
-0.012032919563353062
0.014553499408066273
0.01542746927589178
0.0013141214149072766
0.01321087870746851
0.013248877599835396
-0.007872062735259533
0.01772005669772625
-0.007327414583414793
-0.004262186586856842
0.021570591256022453
-0.0058454652316868305
0.012754893861711025
-0.016263440251350403
0.02735905908048153
0.016605427488684654
0.013008219189941883
0.010215315036475658
-0.00013101632066536695
-0.030652279034256935
0.012685230001807213
0.0014035766944289207
0.031209591776132584
-0.0027944871690124273
0.009259014390408993
-0.0008708033710718155
0.013704861514270306
0.005858131684362888
-0.02326786518096924
0.014046849682927132
0.006279283668845892
0.029081664979457855
-0.008435709401965141
-0.0050664921291172504
-0.021304599940776825
-0.0024699149653315544
0.014578831382095814
-0.03569343686103821
-0.044635795056819916
-0.016896752640604973
0.02055729180574417
-0.0031602245289832354
-0.008644702844321728
0.03987329453229904
0.007302082143723965
-0.02428116463124752
-0.009398343041539192
0.009398343041539192
-0.012184914201498032
-0.024091171100735664
0.012818225659430027
-0.011760595254600048
0.024661151692271233
0.040557269006967545
0.014654829166829586
0.0170994121581316
-0.007257750257849693
0.026928406208753586
0.011095617897808552
0.007466742768883705
0.013894855044782162
-0.002544329036027193
-0.005810633301734924
-0.017314737662672997
-0.023128537461161613
-0.005785300862044096
-0.0056269727647304535
0.02644708938896656
0.029005669057369232
-0.016339438036084175
0.0788852870464325
0.00683343131095171
-0.03495879843831062
0.0054084802977740765
-0.0046200077049434185
0.010804294608533382
-0.010417974554002285
-0.008220383897423744
-0.0023986673913896084
0.026624416932463646
0.008815696462988853
-0.017200741916894913
-0.003199806436896324
-0.026371091604232788
-0.005215320270508528
-0.0050379931926727295
-0.00888536125421524
0.03926531597971916
-0.011253945529460907
0.008163386024534702
0.04172256216406822
-0.0042970189824700356
0.003122225869446993
0.006016459781676531
-0.016314104199409485
0.010037987492978573
0.029157662764191628
-0.013831524178385735
-0.014236843213438988
-0.031006932258605957
-0.002089928137138486
-0.0102723129093647
-0.04012661799788475
-0.026523087173700333
-0.0036320416256785393
-0.014097514562308788
-0.0036985394544899464
-0.038733333349227905
-0.003182390471920371
0.0037872029934078455
0.0008787197293713689
0.013641530647873878
-0.028980335220694542
-0.044635795056819916
-0.03077894076704979
0.01150093786418438
-0.024496490135788918
0.016326772049069405
-0.022507891058921814
