-0.0020015956833958626
-0.014819910749793053
0.002656368538737297
-0.010923687368631363
-0.028602557256817818
0.024699851870536804
-0.03931231051683426
0.002845993498340249
-0.007371058221906424
-0.02036927454173565
-0.004447269719094038
0.009082543663680553
-0.00783134438097477
0.01111169159412384
0.0022495666053146124
-0.007280297577381134
0.04136090725660324
-0.002093976829200983
0.00913440715521574
-0.006431037560105324
-0.008226800709962845
0.014379073865711689
0.006071236450225115
-0.019526496529579163
-0.024609090760350227
0.006923737935721874
0.007766515016555786
-0.03298499807715416
-0.011986883357167244
0.004246300086379051
0.001594793633557856
-0.009205719456076622
-0.017140788957476616
0.004262507427483797
-0.005973992869257927
-0.007377541158348322
-0.003802221268415451
0.01957836002111435
0.03127351403236389
0.016790712252259254
0.03207739442586899
-0.0040712617337703705
0.0036304243840277195
-0.01684257574379444
-0.012524964287877083
0.04283900931477547
-0.025646355003118515
-0.008654672652482986
-0.04579520970582962
0.021601025015115738
0.004236575681716204
0.014923637732863426
-0.015610825270414352
-0.005549362860620022
-0.026048295199871063
0.005513707175850868
-0.006709802430123091
0.017503831535577774
0.010333743877708912
-0.00680056307464838
-0.006858909036964178
-0.004761690739542246
-0.023818178102374077
0.008875091560184956
-0.002883270150050521
0.018178053200244904
-0.012019298039376736
0.011163555085659027
0.002473226748406887
0.011909089051187038
0.0134455356746912
0.01362705696374178
-0.010489333420991898
0.0026304370258003473
0.03970128297805786
0.00970490276813507
-0.01222026813775301
-0.056842073798179626
0.00018435748643241823
0.027694951742887497
0.007915621623396873
-0.0153255769982934
-0.0316365547478199
0.020356308668851852
0.007014498580247164
0.006615800317376852
0.011066311970353127
0.00807121116667986
0.0113710081204772
-0.02756529487669468
-0.0219511017203331
0.01985064148902893
0.013432570733129978
0.025853808969259262
-0.018878206610679626
0.013497399166226387
-0.018761515617370605
0.019785813987255096
-0.02922491729259491
-0.03682287782430649
-0.016103524714708328
-0.009387239813804626
-0.0065055908635258675
0.005717918276786804
-0.03863808885216713
0.009802145883440971
-0.0067681483924388885
0.026424303650856018
0.02008402720093727
-0.021821442991495132
-0.001192043418996036
0.035448502749204636
0.00631758663803339
-0.018216950818896294
0.016466567292809486
-0.021484332159161568
0.009717868641018867
-0.023481067270040512
-0.011358042247593403
-0.037393372505903244
0.02546483464539051
-0.015157021582126617
0.021613990887999535
0.009458552114665508
0.018761515617370605
0.01401603128761053
-0.03199959918856621
-0.003636907320469618
-0.010359675623476505
0.005491016898304224
-0.010534713976085186
-0.011033897288143635
0.007597959600389004
-0.00877784751355648
-0.008518531918525696
-0.0028800286818295717
-0.012330477125942707
0.025737116113305092
-0.022612357512116432
-0.011734050698578358
0.022871673107147217
0.02285870723426342
0.0030113074462860823
-0.02436274103820324
-0.009387239813804626
0.021886272355914116
0.03199959918856621
0.01870965212583542
0.009101992473006248
0.01295283529907465
-0.005844335071742535
-0.044939469546079636
0.022391939535737038
-0.015377440489828587
0.014547629281878471
0.007157122250646353
0.017529763281345367
0.009854009374976158
-0.0016280184499919415
0.006962635554373264
-0.011221901513636112
-0.004700102843344212
0.01087182480841875
0.0016012764535844326
0.008849159814417362
0.01707596145570278
0.0033014172222465277
-0.006421313155442476
0.00877784751355648
0.0011960951378569007
0.0010056599276140332
0.017789078876376152
-0.02997693233191967
0.030080659314990044
0.002993479371070862
0.022443803027272224
0.01469025295227766
0.011747016571462154
0.00792858749628067
-0.015545995905995369
-0.025283312425017357
0.015286680310964584
0.026553960517048836
0.009866975247859955
-0.03503359481692314
0.00836294237524271
3.035694135178346e-06
0.019630223512649536
0.018917104229331017
0.012784279882907867
0.04045329988002777
0.005925371311604977
-0.012531447224318981
0.008401839062571526
-0.6451782584190369
-0.0113710081204772
0.019915470853447914
-0.014625424519181252
0.021069427952170372
0.0019448702223598957
0.014677287079393864
0.012012815102934837
-0.0015315853524953127
-0.016635123640298843
0.013419604860246181
0.011701636016368866
-0.014677287079393864
-0.0019432494882494211
-0.0032349673565477133
-0.03215518593788147
0.0134455356746912
-0.03161062300205231
-0.007312712259590626
-0.031014196574687958
-0.02507586032152176
0.012570344842970371
-0.0038378771860152483
0.019085660576820374
-0.017620524391531944
-0.014495765790343285
0.013990099541842937
-0.009192753583192825
-0.0003223217208869755
0.010845893062651157
-0.005033972207456827
0.022754982113838196
0.006878357846289873
0.025205517187714577
0.06016131862998009
0.016427669674158096
-0.035889338701963425
0.008427770808339119
0.01182481087744236
0.008648189716041088
-0.0035785611253231764
-0.012939869426190853
0.008635223843157291
0.0031847250647842884
0.02803206257522106
0.001810349989682436
0.023714451119303703
-0.01052174810320139
0.01625911518931389
0.009160338900983334
-0.005834610667079687
-0.001437583239749074
0.004644998349249363
-0.009523381479084492
0.0034975248854607344
-0.002397052478045225
0.00046717404620721936
0.007157122250646353
-0.005977234337478876
0.0078118955716490746
0.0012422858271747828
-0.010962584987282753
-0.0054618436843156815
-0.012298062443733215
-0.01803543046116829
0.0005506413872353733
-0.013095459900796413
-0.02100459858775139
0.016323944553732872
-0.023182852193713188
0.0011093864450231194
0.03316652029752731
0.0002435139613226056
0.001167732523754239
0.012745383195579052
-0.010606025345623493
0.013860441744327545
-0.007234917022287846
-0.014560595154762268
0.010586576536297798
-0.023481067270040512
-0.013050079345703125
-0.025088826194405556
0.012097092345356941
0.03168841823935509
-0.04353916272521019
-0.002162047429010272
-0.017179686576128006
0.0006004786700941622
0.016272081062197685
-0.003617458511143923
-0.00040700461249798536
-0.009426137432456017
-0.021030530333518982
-0.012900972738862038
0.0411275215446949
-0.001316028879955411
-0.014262381941080093
0.010463401675224304
-0.013432570733129978
0.01030132919549942
-0.015273714438080788
0.011286729946732521
-0.007876724004745483
0.027280045673251152
0.010178154334425926
-0.0018281780648976564
0.00913440715521574
0.01985064148902893
-0.007293263450264931
0.005157147534191608
-0.02733190916478634
-0.006113375537097454
-0.012615724466741085
-0.017464933916926384
-0.026683619245886803
0.001607759390026331
0.011319144628942013
0.011986883357167244
-0.03666728734970093
0.004450511187314987
-0.0019043521024286747
0.008291630074381828
-0.004298163112252951
-0.023066161200404167
0.027591224759817123
-0.016466567292809486
0.004463477060198784
-0.0013516847975552082
-0.014314244501292706
0.0015802070265635848
-0.00941317155957222
0.011526597663760185
-0.0010097117628902197
0.04120531678199768
0.007273814640939236
0.025607457384467125
-0.002591539639979601
0.009244616143405437
-0.014301278628408909
-0.006531522609293461
-0.0051765963435173035
0.023857073858380318
-0.014249416068196297
-0.027591224759817123
-0.014897705987095833
-0.016207251697778702
-0.005166871938854456
-0.019746916368603706
-0.0012074402766302228
0.019708018749952316
0.016790712252259254
-0.03570781648159027
-0.005636882036924362
-0.00019489219994284213
-0.022197451442480087
-0.00971138570457697
0.013004698790609837
-0.03111792355775833
-0.005173354875296354
0.016466567292809486
-0.006372691597789526
-0.0162202175706625
0.011811845004558563
-0.033633287996053696
0.02922491729259491
0.0038281527813524008
0.006969118490815163
-0.014884740114212036
-0.051552027463912964
0.01483287662267685
0.015870140865445137
0.0017390381544828415
0.031584691256284714
0.042061060667037964
-0.007033947389572859
-0.005679021123796701
0.0014100308762863278
-0.007455335929989815
-0.006871874909847975
0.0038929819129407406
0.034022264182567596
-0.025814911350607872
0.007546096574515104
-0.011396939866244793
0.00021130204549990594
0.018774479627609253
0.005082594230771065
0.0002664067142177373
0.004437545780092478
0.016674021258950233
-0.0005101232673041523
-0.00923165027052164
0.008291630074381828
-0.017659422010183334
0.0012520102318376303
-0.006690353620797396
-0.02712445706129074
0.008875091560184956
0.0025964018423110247
0.03254416212439537
-0.01657029427587986
0.03005472756922245
-0.013302912004292011
0.005649847909808159
-0.009925320744514465
-0.004369474947452545
-0.008725984022021294
0.055545493960380554
0.0065671782940626144
0.004881624132394791
-0.03132537752389908
-0.01362705696374178
-0.007980450987815857
-0.009672488085925579
0.023506999015808105
0.00528032286092639
0.015947936102747917
-0.011072794906795025
0.013834509998559952
-0.011947985738515854
-0.013050079345703125
0.00685242610052228
0.006058270577341318
-0.017451968044042587
0.012518481351435184
-0.011565495282411575
-0.013964167796075344
0.017153754830360413
-0.005854059476405382
0.002424604957923293
-0.00012935412814840674
0.0017179687274619937
0.013678920455276966
0.010463401675224304
-0.005798954516649246
0.021536195650696754
-0.007559062447398901
0.032647889107465744
0.011448802426457405
0.02079714648425579
0.019565394148230553
-0.003332210937514901
-0.0063273110426962376
0.030988264828920364
0.005954544525593519
0.018930070102214813
-0.007137673906981945
-0.04322798177599907
0.006962635554373264
0.012466617859899998
0.005935095716267824
-0.017296379432082176
-0.03760082274675369
0.022677186876535416
-0.025049928575754166
0.020589692518115044
0.01518295332789421
0.004644998349249363
0.024544261395931244
0.003922155126929283
0.025412971153855324
-0.017011132091283798
0.021691786125302315
-0.017101891338825226
0.008473151363432407
-0.017426036298274994
-0.021289845928549767
-0.03892333433032036
-0.030677085742354393
-0.01784094236791134
-0.022132623940706253
0.017270447686314583
0.012304545380175114
0.006278689485043287
0.008751915767788887
0.0105800935998559
0.001261734520085156
0.006210619118064642
0.019202351570129395
-0.029925070703029633
-0.03741930425167084
0.007507198955863714
0.009763248264789581
-0.005053421016782522
-0.017970601096749306
-0.01415865495800972
-0.01878744550049305
-0.03358142450451851
0.007196019869297743
-0.009471517987549305
0.009393722750246525
-0.009828077629208565
-0.008479634299874306
-0.01133211050182581
-0.010320778004825115
0.03487800434231758
0.002199324080720544
0.01597386784851551
-0.013264015316963196
0.022573459893465042
-0.0076563055627048016
-0.019163453951478004
0.0007702496368438005
0.035215117037296295
0.011922054924070835
-0.032881271094083786
0.018618891015648842
0.018139155581593513
-0.014806944876909256
0.007597959600389004
0.0114682512357831
0.0071700881235301495
0.014340176247060299
0.009140890091657639
0.008097142912447453
0.014560595154762268
-0.0077729979529976845
0.03345176950097084
-0.006917254999279976
-0.011286729946732521
0.014314244501292706
0.0029432368464767933
0.004226851277053356
0.041386839002370834
-0.014080860652029514
-0.0024716060142964125
0.024868406355381012
-0.0027357840444892645
-0.007409955374896526
-0.006580144166946411
-0.019046762958168983
0.0024586401414126158
0.011831293813884258
0.004307887516915798
0.000375603063730523
0.0026628514751791954
0.0037957383319735527
0.0038054627366364002
0.01483287662267685
-0.020382240414619446
-0.005740608554333448
0.01483287662267685
0.014638389460742474
0.004200919531285763
-0.017815010622143745
0.01950056478381157
0.0025364349130541086
0.03194773569703102
0.012369374744594097
0.03179214522242546
0.005909163970500231
-0.017309345304965973
-0.03407412767410278
-0.001524292048998177
-1.3143067917553708e-05
0.0274874996393919
-0.00814900640398264
-0.03246636688709259
0.01902083121240139
-0.010418021120131016
0.036122724413871765
0.006239791866391897
-0.012401789426803589
0.029795411974191666
0.0037147020921111107
-0.008706536144018173
-0.01494956947863102
0.018087293952703476
-0.009322411380708218
0.0078118955716490746
0.01830771192908287
-0.01370485220104456
-0.030443701893091202
0.0032657613046467304
0.04255376011133194
-0.013873407617211342
0.01415865495800972
-0.004382440820336342
0.012336960062384605
-0.00909550953656435
0.012453651987016201
-0.0031879665330052376
-0.005166871938854456
0.0009894527029246092
-0.04317611828446388
0.016816643998026848
-0.02862848900258541
-0.017905771732330322
-0.013218634761869907
-0.00529004679992795
0.006395381409674883
-0.02012292481958866
0.014495765790343285
0.010748649016022682
-0.0498405396938324
-0.026164988055825233
-0.002975651528686285
-0.014612458646297455
0.02254752814769745
0.0077924467623233795
-0.010878307744860649
-0.01118948683142662
0.019863607361912727
-0.013510365039110184
-0.0005157957784831524
0.006832977291196585
-0.018009498715400696
-0.01743900217115879
0.01688147336244583
-0.011448802426457405
0.006330552510917187
0.026126090437173843
0.008200869895517826
-0.014132723212242126
0.0014440661761909723
-0.005153906065970659
-0.013873407617211342
-0.019746916368603706
0.01902083121240139
0.013160288333892822
0.004116641823202372
0.004184712655842304
-0.027228184044361115
-0.012414755299687386
-0.00743588712066412
-0.004226851277053356
-0.004596376791596413
0.02278091385960579
0.01657029427587986
-0.0007941553485579789
0.008304595947265625
-0.025335175916552544
-0.004570445045828819
0.021523229777812958
-0.00770168611779809
0.004165263846516609
0.005886473692953587
0.002145840087905526
0.00291244313120842
0.0005968320765532553
0.028835942968726158
0.008155489340424538
-0.010333743877708912
0.013730783946812153
-0.04615825414657593
0.006395381409674883
0.004502374678850174
-0.016777746379375458
0.024531295523047447
-0.003526698099449277
-0.015831243246793747
-0.014988466165959835
-0.00036790460580959916
-0.003640148788690567
0.01657029427587986
-0.002405156148597598
-0.016816643998026848
-0.012265647761523724
-0.012298062443733215
-0.010742166079580784
0.009977184236049652
0.010152222588658333
-0.008557428605854511
0.0018654547166079283
-0.004324094858020544
0.004265748895704746
-0.02808392606675625
0.03959755599498749
-0.03228484466671944
-0.006619041785597801
-0.02467392012476921
-0.010035530664026737
0.01759459264576435
-0.003562354017049074
0.01374374981969595
-0.015234816819429398
0.005199286621063948
-0.01483287662267685
-0.02068045362830162
-0.002251187339425087
0.002899477258324623
0.003239829558879137
0.013225117698311806
0.021938135847449303
-0.013218634761869907
0.008077694103121758
-0.009309445507824421
-0.010625474154949188
-0.00783134438097477
-0.015481166541576385
-0.01759459264576435
-0.03391853719949722
0.015014397911727428
0.0076627884991467
-0.008648189716041088
0.01842440478503704
-0.0027195769362151623
-0.005708193872123957
0.03456682711839676
-0.020265547558665276
-0.023636655882000923
-0.008933437056839466
-0.006858909036964178
-0.005179837811738253
0.011208935640752316
-0.006398622877895832
0.017983566969633102
-0.012719451449811459
-0.022015931084752083
0.001548602944239974
-0.00025607459247112274
0.0018767997389659286
0.0013095459435135126
0.047714147716760635
-0.017542729154229164
0.001923800795339048
0.005516948644071817
0.01902083121240139
0.008700053207576275
0.011805362068116665
-0.03575967997312546
0.010703269392251968
0.033788878470659256
0.0009643314988352358
-0.006272206548601389
-0.0227420162409544
-0.008635223843157291
-0.00383139424957335
0.003097205888479948
-0.020109958946704865
-0.01716672070324421
0.008687087334692478
-0.005306254141032696
-0.007487750146538019
-0.010644922964274883
0.006820011418312788
0.021769581362605095
-0.0008452081819996238
-0.013380707241594791
-0.01069678645581007
0.010119807906448841
-0.0054391538724303246
-0.0012909076176583767
0.015481166541576385
-0.04299459606409073
0.03485207259654999
0.000709472456946969
0.0320255309343338
0.030002864077687263
0.017101891338825226
-0.025451868772506714
-0.0022852225229144096
0.023973766714334488
-0.00853798072785139
0.01633691042661667
-0.0006567988893948495
0.013037113472819328
-0.018411438912153244
0.009017715230584145
0.030314043164253235
-0.0024408120661973953
-0.006210619118064642
-0.0005546932225115597
0.011487700045108795
-0.0070274644531309605
-0.02012292481958866
0.012116541154682636
-0.00927054788917303
0.029276778921484947
0.013289946131408215
0.012019298039376736
-0.02191220410168171
-0.0012171645648777485
-0.027928335592150688
0.044265247881412506
0.010145739652216434
-7.804804772604257e-05
0.0069107720628380775
0.007922104559838772
-0.02328657917678356
-0.035967133939266205
-0.0052025276236236095
-0.003056687768548727
0.004139332100749016
0.02440163865685463
-0.02870628423988819
-0.008654672652482986
-0.00734512647613883
-0.020784180611371994
0.020304445177316666
0.012803728692233562
0.007870241068303585
0.01953946240246296
-0.015571927651762962
-0.006304620765149593
0.017789078876376152
0.019941402599215508
-0.009114958345890045
0.012369374744594097
0.0004554237821139395
-0.024064527824521065
-0.009523381479084492
0.021575093269348145
-0.03705625981092453
0.024777647107839584
-0.02170475199818611
-0.008700053207576275
-0.0001513352181063965
-0.012239716947078705
-0.008829711005091667
-0.009542830288410187
0.035733748227357864
-0.027435636147856712
-0.014028997160494328
-0.0142364501953125
-0.009789180010557175
-0.004709827248007059
0.010132773779332638
0.006239791866391897
0.005669296719133854
0.011085759848356247
-0.04353916272521019
-0.002891373820602894
0.0031279996037483215
-0.003526698099449277
0.022288212552666664
0.025490766391158104
0.009166821837425232
0.00892047118395567
0.03858622536063194
-0.016116490587592125
-0.011461768299341202
-0.031506896018981934
-0.0030728948768228292
-0.014469834044575691
-0.01207764446735382
-0.006418071687221527
0.011383973993360996
-0.004103675950318575
0.00013624220446217805
0.007876724004745483
-0.012375857681035995
0.008486117236316204
-0.002272256650030613
-0.02733190916478634
-0.008252732455730438
-0.007267331704497337
0.025257380679249763
-0.018178053200244904
0.019124556332826614
-0.00864170677959919
-0.016116490587592125
0.004174988251179457
0.0036531146615743637
0.011779430322349072
-0.004499133210629225
0.0032900720834732056
0.0028881323523819447
-0.004807070828974247
-0.025853808969259262
0.01348443329334259
-0.037315577268600464
0.01707596145570278
0.004226851277053356
-0.020434103906154633
0.01973395049571991
0.0245183315128088
-0.00923165027052164
0.00465796422213316
-0.015390406362712383
-0.0016580019146203995
-0.024310877546668053
0.009743799455463886
-0.013354775495827198
0.040790412575006485
7.723768794676289e-05
-0.015351508744060993
-0.018281780183315277
-0.01826881431043148
-0.03620051592588425
-0.0020664245821535587
0.02068045362830162
0.037471167743206024
0.018320677801966667
0.007565545383840799
0.012687036767601967
0.021250948309898376
-0.021263914182782173
0.026787346228957176
-0.03417785093188286
-0.022573459893465042
-0.027824610471725464
0.006191170308738947
-0.021367641165852547
-0.017620524391531944
-0.01653139665722847
0.0027357840444892645
0.041075658053159714
-0.009776214137673378
0.0037762897554785013
0.0020972182974219322
-0.012875040993094444
-0.015545995905995369
0.014132723212242126
0.00783134438097477
0.009834560565650463
0.021341709420084953
-0.011559012345969677
-0.007500716019421816
0.011883157305419445
0.007247882895171642
-0.010910721495747566
-0.0229365024715662
0.005588260479271412
0.025853808969259262
-0.01612945646047592
0.01894303597509861
-0.01961725763976574
-0.015909038484096527
0.0011774568120017648
-0.002494296059012413
0.0007435076986439526
-0.02733190916478634
-0.0009278651559725404
-0.0031069302931427956
0.006794080138206482
-0.005688745528459549
-0.006904289126396179
0.01688147336244583
-0.056219715625047684
-0.012868558056652546
0.017581626772880554
-0.01842440478503704
0.0123564088717103
-0.003316003829240799
-0.01494956947863102
-0.02316988632082939
-0.04141277074813843
-0.010858858935534954
0.008758398704230785
-0.014379073865711689
0.00244243280030787
0.028758147731423378
-0.01716672070324421
-0.0004138927033636719
-0.0011118174297735095
-0.005286805331707001
-0.02704666182398796
-0.02515365555882454
0.0038702916353940964
-0.018878206610679626
-0.0060842023231089115
-0.016622157767415047
0.00306965340860188
0.0022771188523620367
0.00747478473931551
0.014884740114212036
-0.02349403314292431
0.002672575879842043
0.2028888612985611
-0.04423931613564491
-0.011131140403449535
0.0006843511946499348
0.0018152121920138597
0.007760032080113888
0.03809352591633797
-0.0003691201563924551
-0.007935070432722569
0.012745383195579052
0.008038796484470367
-0.026229815557599068
-0.04014212265610695
-0.0021847374737262726
0.005740608554333448
-0.01664808951318264
-0.03627831116318703
-0.020058095455169678
0.01894303597509861
-0.00653476407751441
0.026787346228957176
0.003348418278619647
-0.007157122250646353
-0.0037276679649949074
0.02922491729259491
0.004777897614985704
-0.015623791143298149
0.008952885866165161
0.01249903254210949
0.0064440034329891205
-0.010508782230317593
0.009108475409448147
-0.0013533055316656828
0.0018087292555719614
-0.014742116443812847
0.0015226713148877025
0.023973766714334488
-0.02230117842555046
0.011215418577194214
0.017646456137299538
0.01890413835644722
-0.02621684968471527
-0.012440686114132404
-0.01362705696374178
-0.025853808969259262
0.0668516755104065
-0.006213860586285591
-0.018126189708709717
0.0019448702223598957
0.00689132371917367
-0.01684257574379444
0.013938236981630325
0.014508731663227081
0.005585019011050463
0.008557428605854511
0.026437269523739815
-0.0030032037757337093
-0.0038962233811616898
0.009951252490282059
-0.007721134927123785
-0.010080910287797451
0.03832690790295601
-0.004447269719094038
0.029510164633393288
0.00041146160219796
0.014353142119944096
-0.023986732587218285
-0.013173254206776619
-0.021030530333518982
-0.004570445045828819
0.021419504657387733
-0.01075513195246458
-0.006917254999279976
0.03127351403236389
-0.024738749489188194
-0.012563861906528473
0.008771364577114582
0.018398473039269447
-0.00025911343982443213
0.04021991789340973
-0.02270311862230301
-0.0016823126934468746
-0.008667638525366783
-0.0191764198243618
0.013536296784877777
-0.00595130305737257
0.02652803063392639
-0.01034022681415081
-0.026515064761042595
-0.02463502250611782
-0.007915621623396873
-0.0010704889427870512
-0.001167732523754239
0.0030793778132647276
0.013063045218586922
0.016246149316430092
0.0029367541428655386
0.014314244501292706
0.004444028250873089
0.010612508282065392
-0.024414604529738426
0.00824624951928854
0.022210417315363884
0.022275246679782867
-0.003867050400003791
0.010988516733050346
-0.018683720380067825
-0.014508731663227081
-0.01140990573912859
-0.019085660576820374
0.006236550398170948
-0.015610825270414352
0.00973083358258009
-0.008868608623743057
-0.01882634311914444
0.0029837549664080143
0.009964218363165855
-0.0012074402766302228
0.018761515617370605
0.0023549136240035295
0.005442395340651274
-0.0009829698828980327
-0.004100434947758913
0.027824610471725464
-0.008862125687301159
-0.028965599834918976
-0.059175919741392136
0.027824610471725464
-0.03801573067903519
-0.010709752328693867
0.012868558056652546
-0.03962348774075508
0.04110158979892731
0.005802195984870195
0.004142573568969965
0.0037892553955316544
0.000717576069291681
0.001113438163883984
0.0065055908635258675
0.005066386889666319
0.03420378267765045
-0.0028573384042829275
0.0004862175555899739
-0.005704952869564295
0.0053386688232421875
-0.0245183315128088
0.002142598619684577
0.011273764073848724
-0.015247782692313194
-0.017309345304965973
-0.01784094236791134
-0.030625222250819206
-0.00623006746172905
-0.021250948309898376
0.007176571059972048
0.019280146807432175
-0.02645023539662361
-0.010819961316883564
0.0038573259953409433
0.018761515617370605
-0.014080860652029514
-0.00106238538865
0.027305977419018745
-0.0016952785663306713
0.004576927982270718
0.005669296719133854
-0.16243556141853333
0.005766540300101042
-0.00023034556943457574
0.0043954066932201385
0.0010956102050840855
-0.0028816494159400463
0.018579993396997452
0.013588160276412964
0.012725934386253357
-0.009484483860433102
-0.01855406165122986
-0.012823177501559258
-0.029639821499586105
-0.022832775488495827
-0.001915697124786675
0.00342621305026114
-0.027850542217493057
0.008427770808339119
0.04084227606654167
-0.004262507427483797
0.007520164828747511
-0.0006264102994464338
-0.02044706977903843
0.01378264743834734
0.007844310253858566
0.0011061449768021703
-0.02938050590455532
0.014586526900529861
-0.009302962571382523
-0.01905972883105278
0.009361308999359608
0.02285870723426342
0.027020730078220367
-0.001548602944239974
0.012097092345356941
-0.0043565090745687485
-0.0039351205341517925
-0.017257481813430786
-0.01767238788306713
0.020032163709402084
0.009490966796875
0.014897705987095833
0.017335277050733566
-0.012609241530299187
0.008687087334692478
0.009160338900983334
0.02733190916478634
-0.012842626310884953
0.035215117037296295
0.002332223579287529
0.03293313458561897
-0.00048338130000047386
-0.0034521445631980896
-0.011935019865632057
-0.005944820120930672
0.007014498580247164
-0.0024602608755230904
-0.0006608506664633751
0.017179686576128006
0.01419755257666111
0.011682187207043171
0.008427770808339119
-0.0036790461745113134
0.015714552253484726
0.027383772656321526
-0.032440435141325
-0.018203984946012497
0.019630223512649536
-0.024259014055132866
0.006427796091884375
0.007202502805739641
-0.03384074196219444
-0.0004015346639789641
-0.005082594230771065
0.01612945646047592
0.013302912004292011
0.0029772722627967596
0.040038395673036575
-0.0053192200139164925
-0.009179787710309029
-0.02036927454173565
0.03931231051683426
0.0016061386559158564
-0.0025704700965434313
-0.014327210374176502
-0.01312787365168333
-0.002478088717907667
0.025361107662320137
0.02250863052904606
0.019630223512649536
0.023234715685248375
-0.04693620279431343
-0.008926954120397568
-0.01625911518931389
0.009348343126475811
0.03345176950097084
0.010515265166759491
-0.008687087334692478
-0.005811920389533043
0.008531497791409492
0.026152022182941437
0.017179686576128006
-0.015001432038843632
0.0025607456918805838
0.02079714648425579
-0.018009498715400696
0.023662587627768517
0.01855406165122986
0.018333643674850464
0.015157021582126617
-0.021419504657387733
-0.002324119908735156
0.0051409401930868626
0.009918837808072567
0.025698218494653702
0.015273714438080788
-0.007312712259590626
-0.006434279028326273
0.003481317777186632
-0.00019124557729810476
0.057360704988241196
-0.009646556340157986
-0.013095459900796413
-0.006168480031192303
-0.025088826194405556
-0.02357182651758194
-0.1071493849158287
-0.03586340695619583
0.034307509660720825
0.02326064743101597
-0.0010024185758084059
0.02187330648303032
0.0010607646545395255
-0.002424604957923293
-0.01822991669178009
0.017724251374602318
-0.032414503395557404
-0.013652988709509373
-0.007954519242048264
0.01684257574379444
-0.014534663408994675
0.03568188473582268
0.015947936102747917
-0.014716184698045254
-0.03970128297805786
0.015999799594283104
-0.002599643310531974
0.014067894779145718
-0.02250863052904606
-0.013153805397450924
-0.017426036298274994
-0.002369500230997801
-0.0356040894985199
0.003961052279919386
0.01743900217115879
-0.012304545380175114
-0.014703218825161457
-0.0032949342858046293
-0.008012865670025349
-0.006930220872163773
0.009802145883440971
-0.017620524391531944
-0.01850219815969467
-0.0005052610649727285
0.030677085742354393
-0.018489232286810875
0.00291244313120842
0.014093826524913311
0.012174887582659721
-0.027357840910553932
0.008771364577114582
-0.027513431385159492
0.0019464909564703703
-0.00416202237829566
0.010891273617744446
-0.03251823037862778
-0.02100459858775139
-0.03072894923388958
-0.04867361858487129
0.0028800286818295717
0.018878206610679626
0.006006407551467419
-0.004505616147071123
0.015947936102747917
-0.007429404184222221
-0.02052486315369606
-0.005653089378029108
0.0008371045696549118
-0.019565394148230553
0.020161820575594902
0.0059837172739207745
-0.009341860190033913
-0.017387140542268753
-0.017581626772880554
0.018683720380067825
0.008849159814417362
0.01140990573912859
0.020667487755417824
0.0043014045804739
0.01348443329334259
-0.013899339362978935
0.036252379417419434
-0.012135989964008331
-0.006512073799967766
0.004343543667346239
0.005526673048734665
-0.012524964287877083
-0.017529763281345367
-0.0032057943753898144
-0.022314144298434258
0.010392090305685997
0.015960901975631714
0.003170138457790017
-0.0006211429135873914
-0.005426187999546528
-0.013341809622943401
-0.013925271108746529
0.020991632714867592
0.012511998414993286
0.011811845004558563
0.006949669681489468
0.0086028091609478
-0.007915621623396873
-0.016972234472632408
-0.000139483658131212
0.012849109247326851
-0.026709550991654396
-0.01293338742107153
-0.056842073798179626
0.0038443601224571466
0.013011181727051735
-0.015221850946545601
-0.016479533165693283
-0.004093952011317015
0.026489133015275
-0.01747789978981018
0.003542905207723379
0.005964268464595079
-0.012058195658028126
0.015299646183848381
-0.022288212552666664
0.00573412561789155
-0.010016081854701042
-0.02997693233191967
0.027435636147856712
0.00604206370189786
0.007636857219040394
0.011377491056919098
0.013614092022180557
-0.0035655954852700233
0.038145389407873154
0.01614242233335972
-0.004790863487869501
0.018956001847982407
-0.007403472438454628
0.022638289257884026
-0.006006407551467419
0.01854109577834606
0.00885564275085926
-0.026398371905088425
-0.011267281137406826
0.0020631831139326096
-0.01222026813775301
-0.013231600634753704
0.012667587958276272
0.03096233308315277
0.010450435802340508
0.060368772596120834
0.0009821595158427954
-0.014781014062464237
0.048543959856033325
-0.00501128239557147
-0.029406437650322914
-0.022054828703403473
-0.009063094854354858
0.003251174697652459
0.008661155588924885
-0.012596276588737965
0.020071061328053474
0.014586526900529861
0.0012949594529345632
-0.010638440027832985
-0.00021231500431895256
0.01285559218376875
0.017011132091283798
0.01044395286589861
0.011144106276333332
0.005964268464595079
0.027461567893624306
-0.03910485655069351
0.009225167334079742
0.015507098287343979
0.007546096574515104
-0.014781014062464237
0.016401739791035652
-0.010897756554186344
-0.016661055386066437
-0.00905661191791296
0.002935133408755064
0.0041717467829585075
0.005980475805699825
0.00342621305026114
0.005905922502279282
0.01787983998656273
0.013192703016102314
-0.006949669681489468
-0.0008371045696549118
0.0257111843675375
0.010469884611666203
0.012375857681035995
-0.02617795392870903
0.031169787049293518
0.02803206257522106
0.007539613638073206
-0.003481317777186632
-0.0027633365243673325
-0.022275246679782867
0.01597386784851551
0.014586526900529861
0.01487177424132824
-0.001453790464438498
0.012239716947078705
0.00442782137542963
0.012006332166492939
-0.00030327821150422096
-0.01751679740846157
0.0042333342134952545
0.020615624263882637
0.03516325354576111
-0.005234942305833101
0.003494283417239785
-0.033322110772132874
-0.008946402929723263
7.029895641608164e-05
-0.03021031804382801
-0.04125718027353287
-0.02740970440208912
0.027902405709028244
0.0035202151630073786
-0.023558860644698143
0.025607457384467125
0.013640022836625576
-0.0395456962287426
0.002291705459356308
-0.0023792246356606483
-0.005390531849116087
-0.013082494027912617
0.014521697536110878
-0.001886524143628776
0.03088453970849514
0.03643390163779259
-0.014054928906261921
0.014392039738595486
-0.008090659976005554
0.0328294076025486
0.015131090767681599
0.0021685303654521704
0.023364374414086342
-0.018774479627609253
0.0030469633638858795
-0.02226228080689907
-0.014132723212242126
-0.0003450118820182979
-0.00640834728255868
0.013873407617211342
0.02621684968471527
-0.008233283646404743
0.07582400739192963
-0.0038605674635618925
-0.03744523599743843
0.010249465703964233
0.004962660372257233
-0.004790863487869501
-0.012090610340237617
0.004055054392665625
-0.025724150240421295
-0.0014521697303280234
-0.005721159745007753
-0.023118024691939354
0.001286045415326953
-0.02645023539662361
-0.003948086407035589
6.1030434153508395e-05
-0.01728341355919838
0.04558775946497917
-0.010372641496360302
0.020226649940013885
0.039960600435733795
0.0038638089317828417
-0.007643340155482292
-0.004547754768282175
-0.018450334668159485
0.014742116443812847
0.02594456821680069
-0.00577302323654294
-0.007098776288330555
-0.026346508413553238
0.0028362690936774015
-0.013756715692579746
-0.05051476135849953
-0.016323944553732872
-0.003230105387046933
-0.021445436403155327
-0.003311141626909375
-0.035578157752752304
0.0063078622333705425
0.012622207403182983
0.0008735708543099463
0.029484232887625694
-0.04831057786941528
-0.047195516526699066
-0.048466164618730545
0.012615724466741085
-0.038300976157188416
0.0024878131225705147
-0.018800411373376846
