-0.008655702695250511
0.010304712690412998
0.012941846624016762
-0.037728339433670044
-0.03295455127954483
0.01269160769879818
-0.02640983834862709
-0.00017534775543026626
-0.023009153082966805
-0.02624301239848137
0.001750068855471909
0.007160685025155544
-0.01277502067387104
0.011703484691679478
0.013423075899481773
0.008861026726663113
0.03287755325436592
-0.014706352725625038
-0.0010570993181318045
-0.005633585155010223
-0.005457134917378426
-0.004892493132501841
0.01448819600045681
-0.026076186448335648
-0.040628544986248016
0.018556183204054832
0.01891550049185753
-0.02384328469634056
-0.013281915336847305
-0.001859147334471345
0.011799730360507965
-0.007359592709690332
0.004183482378721237
-0.007224848493933678
-0.005046486388891935
-0.009483415633440018
0.009938979521393776
0.014116045087575912
0.03490513190627098
0.025768199935555458
0.014860345982015133
-0.006827032659202814
-0.013243417255580425
-0.0018158367602154613
-0.007186350412666798
0.023727789521217346
-0.039986904710531235
-0.005309558007866144
-0.03459714353084564
0.002624301239848137
0.00521652027964592
0.0044786361977458
-0.0225985050201416
-0.004234813619405031
0.007795906625688076
-0.019531473517417908
-0.0171445794403553
-0.003063823562115431
0.027154138311743736
-0.02212369255721569
0.0007426964584738016
0.0009744883282110095
-0.03308287635445595
0.017850380390882492
-0.004959865007549524
0.017426898702979088
-0.026358505710959435
0.024805741384625435
-0.011709901504218578
0.029951682314276695
0.020391268655657768
0.020442599430680275
0.016348946839571
-0.020917411893606186
0.03013134002685547
0.015193997882306576
-0.012152631767094135
-0.032595232129096985
0.003070239908993244
0.019608469679951668
-0.010631948709487915
-0.0031071340199559927
-0.047712232917547226
0.030413661152124405
0.015514817088842392
0.012171881273388863
0.011478911153972149
0.02080191858112812
0.005636793561279774
-0.004744916222989559
-0.010888604447245598
0.02928437851369381
0.01820969767868519
0.009945395402610302
-0.018119869753718376
0.009323006495833397
-0.015630312263965607
0.01986512541770935
-0.0041353595443069935
-0.04091086611151695
-0.022855160757899284
-0.0015696079935878515
-0.02679482102394104
-0.003978158347308636
-0.02064792439341545
0.006435633171349764
-0.010015975683927536
0.022162191569805145
0.019428811967372894
-0.021328061819076538
-0.016862258315086365
0.043734073638916016
-0.0036220490001142025
-0.015797138214111328
0.013448741286993027
-0.014719185419380665
0.011119593866169453
-0.029027722775936127
-0.011318502016365528
-0.009528330527245998
0.018658844754099846
-0.0021430724300444126
0.01891550049185753
-0.008033312857151031
0.028771067038178444
-0.0245234202593565
-0.04270745441317558
-0.0033974754624068737
-0.040782537311315536
-0.027077142149209976
-0.006249558180570602
-0.015694476664066315
-0.006438841577619314
-0.006313722115010023
-0.016015294939279556
-0.011741982772946358
0.008450377732515335
0.0008541811257600784
-0.04114185646176338
-0.02522922307252884
0.011979389004409313
0.009598910808563232
-0.0075905825942754745
-0.030336664989590645
-0.006159728858619928
0.011324917897582054
0.02516505867242813
0.022778164595365524
-0.0031905469950288534
0.002973994007334113
0.02164888009428978
-0.029387040063738823
0.00023259392764884979
-0.010150719434022903
0.009380754083395004
0.006897612940520048
0.009085600264370441
0.01776055246591568
-0.0064805480651557446
-0.02227768674492836
-0.01978812925517559
-0.024164102971553802
-7.16329159331508e-05
0.02578103169798851
-0.002698089461773634
0.008982937783002853
0.014039048925042152
0.008938022889196873
0.028103763237595558
-0.0030622193589806557
-0.006775701884180307
0.028180759400129318
-0.021315228193998337
0.008597955107688904
-0.01854334957897663
0.017645057290792465
0.027282465249300003
0.006262390874326229
0.0027109223883599043
-0.01924915239214897
-0.019903624430298805
0.021443556994199753
0.011940890923142433
0.016605602577328682
-0.007802323438227177
-0.0019120825454592705
0.013204919174313545
0.0030108883511275053
-0.013204919174313545
0.01305092591792345
0.015373656526207924
0.02499823272228241
-0.006923278793692589
-0.006576793733984232
-0.6332201361656189
-0.0042572710663080215
0.01992928981781006
-0.0245362538844347
0.009246009401977062
-0.008982937783002853
0.01429570373147726
-0.004578090272843838
-0.015142667107284069
-0.009476999752223492
-0.009977477602660656
0.006535087246447802
-0.010850105434656143
-0.006323346868157387
-0.012159048579633236
-0.03621407225728035
0.011844645254313946
-0.016964919865131378
0.04001257196068764
-0.017555227503180504
-0.01940314657986164
0.01992928981781006
0.004510717932134867
0.029849018901586533
-0.015591813251376152
0.0037407521158456802
0.01117734145373106
0.001589659252204001
0.01620778627693653
0.008482459932565689
-0.00597686180844903
0.012948263436555862
0.02913038432598114
0.022008197382092476
0.05379496514797211
0.00864928588271141
-0.02264983579516411
0.02913038432598114
0.011652153916656971
0.02640983834862709
-0.018569016829133034
-0.006673039402812719
0.01226171012967825
-0.009983893483877182
0.0443757139146328
0.005171605851501226
0.018581848591566086
-0.03280055522918701
0.002760649425908923
0.017234407365322113
-0.009791402146220207
-0.011074678972363472
0.01339741051197052
0.0052261450327932835
0.010638365522027016
-0.007038773503154516
-0.013628399930894375
0.00019148897263221443
0.007860071025788784
0.019287651404738426
0.009566828608512878
-0.00745583837851882
-0.013500072062015533
-0.02624301239848137
-0.005075359717011452
0.02444642409682274
-0.03151727840304375
-0.017953043803572655
0.01705474965274334
-0.028232090175151825
0.00065206503495574
0.024176936596632004
-0.009412835352122784
-0.005992902908474207
-0.0012311437167227268
0.008828944526612759
0.008899524807929993
-0.005813244264572859
-0.024715911597013474
-0.0069553605280816555
-0.004366349428892136
0.0052101039327681065
-0.02281666174530983
0.005575838033109903
0.016541438177227974
-0.03908861428499222
0.014141710475087166
0.0064805480651557446
-0.001641792361624539
0.03185093030333519
0.00743658933788538
0.024946901947259903
0.0018928333884105086
-0.02281666174530983
0.01009297277778387
0.04807155206799507
-0.013294748030602932
-0.016605602577328682
0.02298348769545555
-0.021610382944345474
-0.001239966251887381
-0.01722157560288906
0.005213312339037657
-0.014321370050311089
0.000819693086668849
0.002738191979005933
-0.010901437141001225
-0.002643550280481577
0.046300627291202545
-0.011722734197974205
0.009983893483877182
-0.014796182513237
-0.009027852676808834
0.010381709784269333
-0.016785260289907455
-0.026461169123649597
0.008585122413933277
0.02078908495604992
0.022790996357798576
-0.007930651307106018
-0.0022024239879101515
-0.01008655596524477
0.004613380413502455
0.002537679858505726
-0.024330928921699524
0.03169693797826767
-0.005550172179937363
0.01491167675703764
-0.009476999752223492
-0.03955059126019478
-0.018658844754099846
-0.025524375960230827
0.00747508741915226
-0.015296660363674164
0.023163147270679474
-0.011010515503585339
0.022483009845018387
-0.0068655312061309814
-0.010619116015732288
-0.006076315883547068
-0.01745256595313549
-0.01736273616552353
0.0069361114874482155
-0.006381093990057707
-0.025267720222473145
-0.013718229718506336
-0.01932614855468273
-0.01767072267830372
-0.04627496376633644
0.02336847223341465
0.006576793733984232
0.00809747725725174
-0.01697775349020958
-0.024318097159266472
-0.007892152294516563
-0.009380754083395004
-0.0245234202593565
-0.002244130475446582
-0.021469222381711006
-0.017234407365322113
0.007757408544421196
0.004462595097720623
-0.008001231588423252
0.03449448198080063
-0.04157816991209984
0.013692564330995083
0.0020115363877266645
0.020545262843370438
-0.015360823832452297
-0.03924260661005974
-0.0011389082064852118
0.008848194032907486
-0.005075359717011452
0.020429767668247223
0.04465803503990173
-0.0001810623361961916
-0.001337014022283256
0.015399321913719177
-0.004382390528917313
-0.010413791984319687
0.0018912293016910553
0.0089636892080307
-0.019338982179760933
0.008668535389006138
0.006512629799544811
-0.004837953485548496
0.015412154607474804
-0.008110309951007366
-0.0057394555769860744
0.013192085549235344
0.0026676116976886988
0.02087891474366188
-0.008694200776517391
0.028617072850465775
-0.0002811178273987025
0.006451674271374941
0.00931017380207777
0.005126690957695246
0.00675645237788558
0.03693270683288574
0.026435503736138344
-0.017632223665714264
0.019364647567272186
0.017657889053225517
0.006416384130716324
-0.0032306495122611523
-0.006923278793692589
-0.01800437457859516
0.04468369856476784
0.019184987992048264
0.01745256595313549
-0.026769155636429787
-0.024587584659457207
-0.0206350926309824
0.008982937783002853
0.029720691964030266
-0.0012511949753388762
0.01339741051197052
-0.012556863948702812
-0.006060274783521891
-0.0031680897809565067
-0.012646693736314774
0.004606964066624641
-0.014539526775479317
-0.012832768261432648
0.012582529336214066
0.015078502707183361
0.0006360241095535457
0.002953140763565898
-0.008431129157543182
0.001719590974971652
0.007083688396960497
0.018107036128640175
0.023894615471363068
0.01613079011440277
0.010670446790754795
0.02617884799838066
0.00020001073426101357
0.008084644563496113
0.007366009056568146
0.017118914052844048
0.028771067038178444
0.024253932759165764
0.0063746776431798935
0.03164560720324516
-0.0046294210478663445
0.020609425380825996
-0.007584166247397661
-0.01277502067387104
0.03564943000674248
-0.020378436893224716
0.011716317385435104
-0.032056257128715515
-0.021135570481419563
0.002759045222774148
0.003824165090918541
0.015283827669918537
0.010137886740267277
0.0034006836358457804
0.023714955896139145
-0.007757408544421196
0.025049563497304916
0.0016522189835086465
0.009316589683294296
-0.0194673091173172
-0.0037920831236988306
-0.014744850806891918
-0.01195372361689806
-0.015835637226700783
-0.026666492223739624
-0.011870310641825199
0.004401639569550753
0.009457750245928764
-0.0018062121234834194
0.011741982772946358
0.0009263654937967658
-0.00634901225566864
0.0028472705744206905
0.018517684191465378
0.0059319473803043365
-0.03908861428499222
-0.022842327132821083
0.002388498978689313
0.02508806250989437
-0.011536658741533756
-0.00887385942041874
-0.008822528645396233
-0.013795225881040096
-0.032210249453783035
0.015797138214111328
0.005213312339037657
0.01800437457859516
-0.00852737482637167
-0.006211060099303722
0.0030076801776885986
-0.011600823141634464
0.010118638165295124
0.0052261450327932835
-0.005800411570817232
0.014809015206992626
0.01808137074112892
-0.01144682988524437
-0.024330928921699524
-0.010182801634073257
0.02913038432598114
0.012191129848361015
-0.01613079011440277
-0.02312464825809002
-0.01412887778133154
-0.029720691964030266
0.021469222381711006
0.011671402491629124
0.0023933113552629948
0.024099938571453094
-0.0011862290557473898
0.013718229718506336
0.017773384228348732
-0.004058362916111946
0.003609216073527932
-0.006987442262470722
-0.006178977899253368
-0.013525738380849361
-0.004940615966916084
-0.002539284061640501
0.042245473712682724
0.0014926113653928041
-0.011068263091146946
0.030824309214949608
0.011478911153972149
-0.009066350758075714
-0.020147446542978287
-0.014770516194403172
0.002563345478847623
-0.006891196593642235
-0.007847238332033157
-0.0016425943467766047
0.011292836628854275
-0.009547580033540726
0.007744575850665569
0.02805243246257305
0.01924915239214897
0.009586078114807606
0.01877433992922306
0.011594406329095364
0.0021863828878849745
-0.0179145447909832
0.012749355286359787
0.019505808129906654
0.016400277614593506
0.015322325751185417
0.026307174935936928
0.04165516793727875
-0.011620071716606617
-0.02694881334900856
-0.009374337270855904
0.027051476761698723
0.023111816495656967
-0.013641232624650002
-0.024959735572338104
0.022008197382092476
0.012826352380216122
0.052768342196941376
0.016259117051959038
0.006570377387106419
0.026384171098470688
0.016810927540063858
-0.00011910413013538346
-0.006265599280595779
0.012492700479924679
-0.005309558007866144
0.01782471500337124
0.005120274610817432
0.010612699203193188
-0.030362330377101898
0.011658569797873497
0.023958778008818626
0.0016081063076853752
0.014783348888158798
0.015245328657329082
-0.008206555619835854
-0.003612424246966839
0.016015294939279556
-0.008476043120026588
-0.025434548035264015
-0.01538648921996355
-0.05071510002017021
0.016464442014694214
-0.029181715101003647
-0.006159728858619928
-0.030003013089299202
0.015694476664066315
0.009271674789488316
-0.034622810781002045
-0.006130855064839125
0.025049563497304916
-0.042399466037750244
-0.025652704760432243
-0.00033104533213190734
0.012017888016998768
0.023740621283650398
0.015476319007575512
-0.011247921735048294
-0.017080415040254593
0.03310854360461235
0.002900205785408616
-0.013936386443674564
0.002218464855104685
-0.018581848591566086
0.008443961851298809
0.023560963571071625
-0.01782471500337124
-0.00930375698953867
0.021315228193998337
0.027821442112326622
-0.016952086240053177
0.0037150864955037832
-0.0089508555829525
-0.020891746506094933
-0.02086608111858368
0.0014966216403990984
0.0068847802467644215
0.014026216231286526
0.009323006495833397
-0.01782471500337124
-0.016066625714302063
-0.030003013089299202
-0.01846635341644287
-0.00016602393588982522
0.0011180549627169967
0.007795906625688076
-0.022867992520332336
0.0042572710663080215
-0.02149488776922226
-0.0202501080930233
0.02787277288734913
-0.008476043120026588
0.004279728513211012
-0.006910445634275675
-0.008726282976567745
0.005518090445548296
-6.767280137864873e-05
0.042784448713064194
0.02656383067369461
-0.009412835352122784
0.003634881693869829
-0.03328820317983627
-0.01604096032679081
-0.005017612595111132
-0.02204669639468193
-0.0010001539485529065
0.013679731637239456
-0.027077142149209976
2.161770134989638e-05
0.008450377732515335
-0.015142667107284069
0.03931960090994835
-0.011889560148119926
-0.0253062192350626
-0.018941165879368782
0.0018527309875935316
-0.00710935378447175
0.009400002658367157
0.02266266942024231
-0.007513585966080427
0.0004194711218588054
-0.015912633389234543
0.014616522938013077
-0.04758390411734581
0.06714104115962982
-0.023881781846284866
-0.0268718171864748
0.0008782426011748612
-0.027282465249300003
0.02905338816344738
-0.02593502588570118
0.023381303995847702
-0.03013134002685547
0.015553315170109272
-0.000692167435772717
-0.027847107499837875
-0.003589967032894492
-0.01729857176542282
0.012043553404510021
0.010580617934465408
0.026230178773403168
-0.014821847900748253
0.0010009559337049723
-0.002739796182140708
0.015578980557620525
-0.016092291101813316
-0.021828539669513702
-0.0089572723954916
-0.022560007870197296
0.02429242990911007
0.018812838941812515
-0.0019217070657759905
0.02064792439341545
-0.014359868131577969
-0.0038145403377711773
0.040628544986248016
-0.0023018778301775455
-0.04134717956185341
0.0020420143846422434
-0.016964919865131378
-0.007301845122128725
-0.0012856830144301057
-0.005007987841963768
0.029797688126564026
-0.030105674639344215
0.02501106634736061
0.017080415040254593
0.003500137710943818
-0.007224848493933678
0.007584166247397661
0.024010110646486282
-0.014321370050311089
0.005325599107891321
0.006223892793059349
0.005094609223306179
0.01133775059133768
-0.012492700479924679
-0.03241557255387306
0.022303352132439613
0.024318097159266472
0.0026050519663840532
0.011555908247828484
-0.0038722879253327847
0.0021719459909945726
-0.013923553749918938
0.020840415731072426
0.010362460277974606
-0.01483468059450388
0.015155499801039696
-0.0292073804885149
0.006801367271691561
-0.023111816495656967
0.020288607105612755
-0.009432084858417511
0.02555004134774208
-0.010137886740267277
-0.0027414001524448395
0.02204669639468193
0.0008517749956808984
0.012929013930261135
0.01299959421157837
-0.017414066940546036
0.017234407365322113
-0.003070239908993244
0.04314376786351204
-0.000265678419964388
-0.01491167675703764
-0.0276417825371027
0.024626081809401512
0.030285334214568138
-0.006169353611767292
0.026974478736519814
-0.008861026726663113
-0.01751672849059105
0.0026146764867007732
-0.0015391301130875945
0.028386084362864494
-0.006673039402812719
-0.006105189677327871
0.013525738380849361
0.02507522888481617
-0.006105189677327871
-0.02134089358150959
0.0004908533883281052
-0.018812838941812515
0.007301845122128725
0.01932614855468273
-0.0029707858338952065
-0.0004720052529592067
-0.0005193260731175542
-0.011985805816948414
0.05094609037041664
0.0010739422868937254
0.016400277614593506
0.012582529336214066
-0.003990991041064262
-0.019993452355265617
-0.008694200776517391
0.005052902735769749
-0.017093246802687645
0.006615292280912399
0.02928437851369381
-0.00015910627553239465
0.008277135901153088
0.0014164168387651443
-0.016798093914985657
0.007263347040861845
-0.0026852567680180073
-0.0021911952644586563
0.027975434437394142
0.004966281354427338
-0.0033750180155038834
0.005944780074059963
0.013833723962306976
0.0010554952314123511
0.004404847975820303
0.003105530049651861
-0.014475362375378609
0.007577749900519848
-0.00372791918925941
-0.00030036698444746435
0.014385533519089222
-0.0218157060444355
-0.0016602394171059132
-0.0006115616415627301
-0.023073317483067513
-0.007051606196910143
-0.028155094012618065
0.019287651404738426
-0.018710175529122353
-0.013987717218697071
-0.0016153247561305761
0.005322390701621771
0.009085600264370441
0.0018880210118368268
0.015052837319672108
-0.0017388401320204139
0.018581848591566086
-0.024407925084233284
-0.002738191979005933
-0.010856522247195244
0.008270719088613987
-0.0010498808696866035
0.05161339417099953
-0.007212015800178051
-0.001965017756447196
0.038523972034454346
-0.0030959052965044975
-0.025254888460040092
-0.01152382604777813
0.019672634080052376
0.004122526850551367
-0.01776055246591568
-0.0023868950083851814
0.005312765948474407
0.0019810586236417294
-0.009791402146220207
-0.01304450910538435
-0.00821938831359148
0.0011116386158391833
-0.0005048892344348133
-0.027462124824523926
0.021405057981610298
-0.030490657314658165
0.028411749750375748
-0.013692564330995083
0.020224442705512047
0.0015006319154053926
-0.040782537311315536
0.015861302614212036
0.008597955107688904
0.0307729784399271
-0.028411749750375748
0.001774130272679031
-0.01683659292757511
-0.005813244264572859
-0.011626488529145718
-0.0005209302180446684
-0.03046499192714691
-0.017080415040254593
0.007661162875592709
-0.00904068537056446
-0.011042597703635693
0.010150719434022903
-0.0003254309995099902
-0.006053858436644077
-0.006730786990374327
-0.02805243246257305
-0.030028678476810455
0.013654065318405628
-0.012518365867435932
0.03860096633434296
0.017619391903281212
-0.029335709288716316
0.002548908581957221
-0.005822868552058935
-0.0420658141374588
-0.0022665876895189285
0.01152382604777813
0.030593320727348328
0.003965325653553009
0.012864850461483002
0.0031215709168463945
0.01565597765147686
-0.01823536492884159
0.005877407733350992
-0.04665994644165039
-0.020237276330590248
-0.018581848591566086
-0.005909489933401346
-0.009894064627587795
-0.022611338645219803
-0.02966936118900776
0.006111606024205685
0.04324642941355705
-0.01666976697742939
0.0034327656030654907
0.022021031007170677
-0.017953043803572655
-0.012710857205092907
0.006724370643496513
0.013070174492895603
0.03487946465611458
-0.0038626634050160646
0.013179252855479717
-0.00981706753373146
0.00907918345183134
0.009323006495833397
0.00243341363966465
-0.013461573980748653
-0.02086608111858368
0.006259182933717966
-0.02211086079478264
0.024638915434479713
-0.0025906150694936514
-0.013949219137430191
0.015322325751185417
-0.0198522936552763
0.018273862078785896
-0.03308287635445595
0.0014605295145884156
0.010144303552806377
0.009220344014465809
0.0023852908052504063
0.0025825947523117065
0.006596042774617672
-0.01971113309264183
0.002289045136421919
0.004353516735136509
-0.01940314657986164
0.004231605213135481
-0.015052837319672108
-0.025639871135354042
-0.029695026576519012
-0.035469770431518555
0.01012505404651165
0.02118690125644207
-0.01495017483830452
-0.0022264854051172733
0.03521311655640602
-0.009496248327195644
-0.0024670998100191355
0.010195634327828884
-0.004648670554161072
-0.02275249920785427
-0.01829952746629715
0.02320164628326893
-0.025126561522483826
-0.012159048579633236
-0.0064612990245223045
-0.011652153916656971
0.008617203682661057
-0.009842733852565289
0.009207511320710182
-0.022457344457507133
0.007378841750323772
0.2149745374917984
-0.010368877090513706
0.009675906971096992
0.0006793346838094294
-0.010272631421685219
0.012486283667385578
0.03357052057981491
-0.011498160660266876
-0.0003617236507125199
0.02289365977048874
0.01487317867577076
-0.025639871135354042
-0.006230309139937162
0.00709010474383831
-0.00673720333725214
-0.025203557685017586
-0.025524375960230827
-0.00741734029725194
0.013589901849627495
-0.022418847307562828
0.022688334807753563
-0.005104233510792255
-0.012723689898848534
-0.00408723670989275
0.011940890923142433
0.01573297381401062
-0.013949219137430191
0.012191129848361015
0.023933112621307373
-0.009521914646029472
-0.015681643038988113
0.006185394246131182
-0.0029162466526031494
0.0025922192726284266
-0.009316589683294296
-0.007693244609981775
0.031440284103155136
-0.03403250128030777
0.019954955205321312
0.015604646876454353
0.040602877736091614
-0.002237713895738125
0.012499116361141205
-0.005325599107891321
-0.01456519216299057
0.052922338247299194
-0.014462529681622982
-0.0010514849564060569
-0.00482832919806242
0.002224881201982498
-0.014282871037721634
0.01986512541770935
0.022637004032731056
-0.0007823978667147458
-0.009374337270855904
0.011934475041925907
0.009592493996024132
-0.010336794890463352
0.001823857193812728
-0.016079459339380264
-0.004892493132501841
0.02866840548813343
0.008238637819886208
0.017349902540445328
-0.010234132409095764
-0.0013731062645092607
-0.017786217853426933
-0.009849149733781815
-0.016477275639772415
0.0021719459909945726
-0.0023259392473846674
-0.026461169123649597
-0.02243167906999588
0.0006861520814709365
-0.006538295652717352
-0.02180287428200245
0.024356594309210777
0.015797138214111328
0.011600823141634464
0.05171605572104454
-0.02267550118267536
-0.01595113053917885
-0.04003823921084404
0.015322325751185417
0.0005084984586574137
-0.03436615318059921
0.01829952746629715
-0.019890790805220604
-0.014372700825333595
-0.013076591305434704
-0.004616588354110718
-0.0014460926176980138
0.00034568269620649517
-0.014282871037721634
0.007545667700469494
-0.0011180549627169967
0.023329973220825195
0.03398117050528526
-0.002473516156896949
0.006685872562229633
-0.02578103169798851
0.052768342196941376
0.010651198215782642
0.015270994044840336
-0.0018976456485688686
-0.001502236002124846
-0.011844645254313946
-0.013795225881040096
-0.016708264127373695
-0.02725679986178875
0.00016251498891506344
-0.0237534549087286
-0.0069040292873978615
-0.016772428527474403
-0.02805243246257305
0.014539526775479317
0.01113242655992508
-0.015771472826600075
0.02624301239848137
0.0024975775741040707
0.013859390281140804
0.0027109223883599043
0.0022906491067260504
0.028925059363245964
-0.0034327656030654907
-0.003910786006599665
-0.04247646406292915
0.01930048316717148
-0.04737858101725578
-0.023791952058672905
0.02974635735154152
-0.030080009251832962
0.012357955798506737
0.020301438868045807
-0.00013484431838151067
-0.012114133685827255
0.0027077142149209976
0.005752288270741701
0.01767072267830372
-0.008578705601394176
0.018825670704245567
-0.01650294102728367
-0.010818024165928364
0.007199183106422424
-0.0058292848989367485
-0.04873885586857796
0.025370383635163307
0.0004828329256270081
-0.01261461153626442
-0.007648330181837082
-0.007179934065788984
-0.016939254477620125
0.005928738974034786
-0.013897888362407684
-0.004834745544940233
0.007122186478227377
-0.027513455599546432
0.006403551436960697
0.002983618760481477
0.012255294248461723
-0.015001506544649601
-1.3872924682800658e-05
-0.001823857193812728
0.00485078664496541
-0.01012505404651165
0.0037503766361624002
-0.15953697264194489
0.0003274361079093069
0.014051881618797779
-0.010080140084028244
-0.006660206709057093
-0.009053518064320087
0.029156049713492393
0.03179959952831268
0.0004695991228800267
-3.711978570208885e-05
0.013795225881040096
-0.007385258097201586
-0.016451608389616013
-0.017401233315467834
-0.01923632062971592
-0.004536383785307407
-0.02936137467622757
0.009586078114807606
0.03541843965649605
0.016182120889425278
0.01665693335235119
-0.007924234494566917
-0.011440413072705269
0.007577749900519848
0.009509081020951271
-0.0038402059581130743
-0.016156455501914024
-0.0007968347053974867
-0.010413791984319687
-0.01986512541770935
-0.0046101720072329044
0.0015174748841673136
0.022085195407271385
0.012107716873288155
-0.023329973220825195
0.0012263314565643668
-0.0016161267412826419
0.006711537949740887
-0.012203962542116642
0.020147446542978287
-0.0004667919420171529
0.012858433648943901
0.02234184928238392
-0.001044266507960856
0.0013458365574479103
0.013833723962306976
0.024946901947259903
-0.02350963093340397
0.02587086148560047
-0.014655021950602531
0.006101981271058321
0.0006151708657853305
-0.006422800477594137
0.0005153158563189209
0.017978709191083908
-0.0006572783458977938
0.0038273732643574476
-0.002584198722615838
0.0031552568543702364
0.020827583968639374
-0.003817748511210084
-0.006191810593008995
0.006576793733984232
0.01456519216299057
0.024587584659457207
-0.02392028085887432
0.010240549221634865
0.014064714312553406
-0.057285480201244354
0.008071810938417912
-0.009938979521393776
-0.0064099677838385105
-0.006053858436644077
0.004112902097404003
0.0037311273626983166
0.007725326810032129
-0.013654065318405628
0.03939659893512726
0.00026587891625240445
-0.012165464460849762
-0.0028761441353708506
0.04529967159032822
-0.012896932661533356
-0.005970445461571217
-0.015040004625916481
-0.0159767959266901
-0.003647714387625456
0.008681368082761765
0.008559457026422024
0.0006340189720503986
-0.00864928588271141
-0.044837694615125656
0.008546623401343822
-0.011453245766460896
0.0202629417181015
0.012479867786169052
0.0055469642393291
-0.0017003418179228902
0.014821847900748253
0.008976521901786327
0.0016730722272768617
0.0194801427423954
-0.012986761517822742
0.015193997882306576
0.009156180545687675
-0.015322325751185417
0.006567169446498156
0.01460369024425745
0.014898844063282013
-0.0016682598507031798
-0.014796182513237
-0.010850105434656143
0.02109707146883011
0.0097336545586586
0.026037687435746193
0.024741576984524727
-0.005797203164547682
-0.013589901849627495
0.008771196939051151
0.011613655835390091
0.058928072452545166
-0.017247240990400314
-0.009175429120659828
0.00556942168623209
-0.002489557024091482
-0.03780533745884895
-0.1144682914018631
-0.03908861428499222
0.025254888460040092
0.03616274148225784
0.008495292626321316
0.023740621283650398
-0.0046454621478915215
0.010490788146853447
-0.032697893679142
0.006750036031007767
-0.020609425380825996
-0.019659800454974174
-0.003059011185541749
-0.0051940628327429295
-0.009355087764561176
0.03231291100382805
0.005694541148841381
0.0081808902323246
-0.025986356660723686
0.023483965545892715
0.02273966558277607
-0.000114291840873193
0.00020341943309176713
0.015476319007575512
-0.015322325751185417
0.0037343355361372232
-0.03187659755349159
0.009759320877492428
0.020352771505713463
0.017003418877720833
-0.008642870001494884
-0.025845196098089218
0.008495292626321316
-0.00369904562830925
0.023856116458773613
-0.0057907868176698685
-0.0179145447909832
-0.02656383067369461
0.03215891867876053
-0.009900480508804321
0.007930651307106018
0.007263347040861845
0.014411198906600475
-0.03226158022880554
-0.008168057538568974
-0.04003823921084404
0.005922322627156973
0.005768329370766878
0.008251470513641834
-0.029233045876026154
-0.020031951367855072
-0.020275773480534554
-0.02889939397573471
-0.008418296463787556
0.0012327478034421802
0.013076591305434704
-0.004119318909943104
-0.00525822676718235
-0.013525738380849361
-0.02359946072101593
0.0063297632150352
0.004892493132501841
-0.01347440667450428
0.01192164234817028
0.027770111337304115
-0.0013995737535879016
-0.03498212620615959
-0.009784986265003681
0.03069598227739334
-0.012954679317772388
0.004196315072476864
0.01035604439675808
0.0021815707441419363
0.0016650516772642732
-0.024035776033997536
-0.0005165189504623413
-0.018196865916252136
-0.0142187075689435
0.006666623055934906
-0.006198227405548096
-0.02095591090619564
-0.00791140180081129
0.002550512785091996
-0.028719736263155937
0.016849424690008163
0.025511544197797775
0.017503896728157997
-0.0126595264300704
-0.020930245518684387
-0.015720142051577568
0.009027852676808834
0.02117406763136387
0.004565257579088211
0.0058453259989619255
0.0032033799216151237
0.0027863148134201765
-0.001142918481491506
-0.016772428527474403
-0.003140820190310478
0.015168332494795322
-0.017709219828248024
-0.0015174748841673136
-0.052383359521627426
-0.007224848493933678
0.01682375930249691
-0.009476999752223492
-0.02117406763136387
0.00922676082700491
0.02859140746295452
-0.023714955896139145
0.009515497833490372
0.01931331679224968
-0.010015975683927536
0.00904068537056446
-0.00821297150105238
0.006968193221837282
-0.032518234103918076
-0.022008197382092476
0.03136328607797623
0.006493380758911371
0.00856587290763855
0.015283827669918537
0.003997407387942076
-0.004286144860088825
0.012852017767727375
0.03860096633434296
-0.009752904064953327
0.002359625417739153
-0.007141435518860817
0.005633585155010223
-0.011748399585485458
0.019967786967754364
0.005800411570817232
-0.04868752509355545
-0.0003182125510647893
0.02033993788063526
-0.015476319007575512
-0.004728875122964382
0.037343356758356094
0.027898438274860382
0.017619391903281212
0.06832166016101837
-0.012518365867435932
-0.0016859049210324883
0.003105530049651861
-0.01931331679224968
-0.027539120987057686
-0.00406798766925931
-0.010875770822167397
-0.01190880872309208
0.017118914052844048
-0.003200171748176217
0.02515222690999508
0.02320164628326893
-0.014103212393820286
-0.020814750343561172
-0.021674545481801033
-0.005081776529550552
0.006114813964813948
0.01931331679224968
-0.01164573710411787
-0.021713044494390488
0.020737754181027412
-0.017247240990400314
0.008886692114174366
0.02187987044453621
-0.014552359469234943
-0.015771472826600075
0.015720142051577568
-0.006916861981153488
-0.006750036031007767
-0.0036509225610643625
-0.015206830576062202
0.011106761172413826
-0.0010931914439424872
0.012877683155238628
0.010792357847094536
-0.010253381915390491
-0.003448806470260024
-0.006294473074376583
-0.008771196939051151
0.020198777318000793
0.014475362375378609
0.02444642409682274
-0.014667854644358158
0.025716867297887802
0.02836041897535324
-0.00011218646977795288
-0.009367921389639378
0.014064714312553406
-0.030182670801877975
0.00903426855802536
-0.017709219828248024
0.014719185419380665
-0.005136315710842609
0.005428261123597622
-0.0057554966770112514
0.009156180545687675
0.006252766586840153
-0.006073107477277517
0.02383045107126236
-0.004571673925966024
0.02406144142150879
-0.004250854719430208
0.0026852567680180073
-0.0012006659526377916
-0.012794270180165768
0.002888977061957121
-0.01808137074112892
-0.022072361782193184
-0.0068334490060806274
0.012152631767094135
-0.004443346057087183
0.006150104105472565
0.005113858263939619
0.0036862127017229795
-0.03387850895524025
0.004690377041697502
0.026307174935936928
-0.016028128564357758
-0.031209293752908707
-0.0053865546360611916
-0.01722157560288906
0.020288607105612755
0.02787277288734913
-0.013095839880406857
0.005360889248549938
-0.00488928472623229
0.019595637917518616
-0.0013185669668018818
0.014975841157138348
0.006547919940203428
-1.622893978492357e-05
-0.0075200023129582405
-0.030901307240128517
-0.026974478736519814
-0.013333246111869812
-0.01978812925517559
0.022329017519950867
0.009194678626954556
-0.023304307833313942
0.0756106749176979
0.01627195067703724
-0.015476319007575512
-0.003917202353477478
0.0035354276187717915
0.00907918345183134
0.0019329357892274857
7.238483522087336e-05
0.005081776529550552
0.014809015206992626
0.01690075546503067
-0.024407925084233284
-0.0001061711082002148
-0.013551403768360615
0.004927783273160458
-0.012858433648943901
-0.02398444339632988
0.02072492055594921
-0.005492425058037043
0.027231134474277496
0.03572642803192139
0.006490172818303108
0.02602485381066799
0.016220619902014732
-0.008033312857151031
-0.004302185494452715
0.02290649153292179
-0.01978812925517559
0.0002636732824612409
-0.03641939535737038
-0.01627195067703724
0.002938703866675496
-0.05651551112532616
-0.029002057388424873
0.0019265193259343505
-0.01924915239214897
0.0013907513348385692
-0.032133251428604126
-0.02825775556266308
0.009894064627587795
0.007783073931932449
0.015925465151667595
-0.030644651502370834
-0.06426650285720825
-0.03172260522842407
0.01917215622961521
-0.014616522938013077
-0.003990991041064262
-0.011555908247828484
