-0.0021877663675695658
-0.01613883301615715
0.017878659069538116
-0.01946268044412136
-0.0237213596701622
-0.0004848628886975348
-0.028512373566627502
0.0035900140646845102
-0.02874608151614666
-0.02520151063799858
-0.014827472157776356
0.006673661060631275
0.002369539113715291
0.007478655315935612
0.00779026560485363
0.01065968070179224
0.036458443850278854
-0.0021877663675695658
0.008835460059344769
-0.004255432635545731
-0.009478156454861164
0.0015710368752479553
0.0005339577910490334
-0.02468215860426426
-0.028823982924222946
0.01102971751242876
0.0062614260241389275
-0.037730854004621506
-0.007627968676388264
0.004959802608937025
-0.0028353321831673384
-0.0019329596543684602
-0.009354811161756516
-0.019605502486228943
-0.00394057622179389
-0.009841701947152615
-0.0077253468334674835
0.02080000936985016
0.009361302480101585
0.00011573819210752845
-0.007154060527682304
-0.0018339584348723292
0.006563298869878054
-0.0075046224519610405
-0.00010417451994726434
0.012620230205357075
0.005596007686108351
-0.028408503159880638
-0.009413237683475018
0.015827223658561707
0.020825976505875587
0.015359807759523392
-0.008621226996183395
-0.01890437863767147
-0.02465619146823883
-0.00899126473814249
-0.010536334477365017
-0.0021098635625094175
0.0036646707449108362
-0.010692140087485313
0.008932838216423988
0.0030544332694262266
-0.02376031130552292
0.02448740229010582
0.004132086876779795
0.012126847170293331
-0.030018489807844162
0.005625220946967602
-0.023266926407814026
0.008601752109825611
0.015281904488801956
0.030096393078565598
-0.008790016174316406
-0.014541829004883766
0.02598053589463234
-0.013645948842167854
-0.0237213596701622
-0.0308234840631485
0.0027054944075644016
0.026564806699752808
0.01241249032318592
0.0012943202164024115
-0.01912510208785534
0.005157805047929287
0.010036459192633629
0.015528596006333828
0.013048695400357246
0.022137338295578957
-0.005040951073169708
-0.0031290901824831963
-0.007017731200903654
0.024799013510346413
0.0048494404181838036
0.021267425268888474
-0.027551572769880295
0.018060432747006416
-0.020696138963103294
0.0102831507101655
-0.026447951793670654
-0.034043461084365845
-0.029161561280488968
-0.01447691023349762
-0.003609489882364869
-0.0009551190305501223
-0.044404514133930206
0.01456779707223177
-0.007374784909188747
-0.0036646707449108362
0.022942332550883293
-0.026421984657645226
0.024811996147036552
0.035341840237379074
0.0061575560830533504
-0.01456779707223177
0.025331348180770874
-0.028823982924222946
0.018618734553456306
-0.031992025673389435
-0.005566793959587812
-0.015074164606630802
0.03526393696665764
0.006105620879679918
0.0093742860481143
-0.004966294392943382
0.020890895277261734
0.010575286112725735
-0.04772835969924927
-0.0037815249525010586
-0.018462929874658585
-0.01224370114505291
-0.006745071616023779
0.0034991276916116476
0.00620624516159296
-0.002126093255355954
-0.007738330867141485
0.005027967505156994
-0.023227976635098457
0.025668926537036896
-0.028849950060248375
-0.015398758463561535
0.010815485380589962
0.023838212713599205
-0.015320856124162674
-0.0311870314180851
-0.0075500658713281155
0.020345577970147133
0.03212186321616173
0.03095332346856594
-0.0002211299433838576
0.006222474854439497
0.03804246336221695
-0.017541082575917244
0.013334338553249836
-0.0064107393845915794
0.028668178245425224
0.0018436962272971869
0.0077707902528345585
0.02913559414446354
0.007303374353796244
0.007446195464581251
-0.018605751916766167
-0.006803498603403568
0.0032978791277855635
0.004784521646797657
0.010633712634444237
0.017839709296822548
0.021449198946356773
-0.015697386115789413
0.012789019383490086
-0.00382696813903749
0.010562301613390446
0.032017990946769714
-0.025552071630954742
0.016190769150853157
-0.011510117910802364
0.03689989075064659
0.011704874224960804
0.009244448505342007
0.01038052886724472
-0.016190769150853157
-0.039990030229091644
0.011568544432520866
0.0023614242672920227
0.01926792412996292
-0.027707379311323166
0.005949815269559622
0.003820476122200489
-0.003482897998765111
0.010432464070618153
0.002682772697880864
0.003839951939880848
0.009880653582513332
-0.001510175527073443
0.002544820075854659
-0.6485655903816223
0.010263674892485142
-0.013671915978193283
0.004284646362066269
0.003521849401295185
-0.029758814722299576
0.021553069353103638
0.0400419645011425
-0.001955681247636676
-0.024058938026428223
-0.002343571512028575
0.029966555535793304
-0.0022981283254921436
-0.008199254982173443
-0.012042452581226826
-0.02890188619494438
-0.003908116836100817
-0.008413487114012241
0.01909913495182991
-0.02483796328306198
-0.014983277767896652
0.015372791327536106
0.028849950060248375
0.02483796328306198
0.004021724686026573
-0.012490392662584782
0.004145070444792509
-0.011302377097308636
0.00975081603974104
0.004651437979191542
0.0007664485601708293
0.01493134256452322
0.024149823933839798
0.03401749208569527
0.05396057292819023
0.0011084899306297302
-0.01968340389430523
0.024941833689808846
0.03136880323290825
0.021760808303952217
-0.015684401616454124
-0.018618734553456306
0.005995258688926697
-0.007731838617473841
0.03715956583619118
0.007868168875575066
0.014879407361149788
-0.027136093005537987
0.004109365399926901
0.029810750856995583
-0.0039892653003335
0.0064821504056453705
0.011873663403093815
0.0002072332426905632
-0.010971290990710258
0.0012131716357544065
-0.0021975040435791016
-0.01612585037946701
-0.006790515035390854
0.032563310116529465
0.007004747167229652
0.007407244294881821
-0.0229942686855793
-0.009841701947152615
-0.02539626695215702
0.019358810037374496
-0.028668178245425224
-0.003924346528947353
0.00899126473814249
-0.01030262652784586
0.03196605667471886
0.01761898398399353
0.0020546826999634504
-0.0007055870955809951
0.012594263069331646
0.020735090598464012
0.03573135286569595
0.01652834750711918
-0.019164053723216057
0.011256934143602848
-0.000968914304394275
-0.011951565742492676
-0.008205746300518513
-0.0013219107640907168
0.001185581088066101
-0.04523547738790512
-0.00157834030687809
0.019228972494602203
-0.01964445412158966
0.008556308224797249
0.0017787773394957185
0.005372037645429373
-9.154576400760561e-05
-0.013451192528009415
0.023487651720643044
0.03897729516029358
-0.004287892021238804
-0.010438956320285797
0.005501875188201666
-0.020825976505875587
0.014658682979643345
-0.003064171178266406
0.0010768419597297907
0.0023273418191820383
0.014697634615004063
5.2848026825813577e-05
-0.0014452566392719746
-0.00481698103249073
0.035705383867025375
-0.02374732680618763
0.01597004570066929
-0.010198756121098995
-0.012672165408730507
0.001825843588449061
-0.022773543372750282
-0.02321499213576317
0.016554314643144608
0.019228972494602203
0.017567049711942673
-0.005806994158774614
0.009393761865794659
-0.009588519111275673
0.008764049038290977
0.0007128904690034688
-0.024007001891732216
0.03401749208569527
-0.02988865226507187
0.018112367019057274
-0.021176539361476898
-0.0382242389023304
0.009088643826544285
-0.02469514310359955
0.01986517757177353
-0.018268173560500145
0.010081902146339417
-0.012477409094572067
0.02168290689587593
-0.010731090791523457
0.008212238550186157
0.010140329599380493
-0.005761550739407539
0.0052227238193154335
0.00041588657768443227
-0.015398758463561535
-0.022760558873414993
-0.017385276034474373
-0.02655182220041752
0.004034708254039288
-0.026473918929696083
0.00965992920100689
-0.01112060435116291
0.008296633139252663
-0.05040302127599716
-0.014502878300845623
-0.021656937897205353
0.004563797265291214
-0.011633463203907013
-0.007381276693195105
-0.03269314765930176
-0.0011295885778963566
0.011724350042641163
-0.002082273131236434
-0.02303321845829487
0.03077154979109764
-0.003797754645347595
0.019995015114545822
0.0008216295973397791
0.016826974228024483
-0.012737084180116653
-0.044404514133930206
0.009607993997633457
-0.0016862679040059447
-0.005758304614573717
0.015255937352776527
0.028226729482412338
0.005696631968021393
-0.003943821880966425
-0.001900500268675387
-0.027941087260842323
-0.01538577489554882
0.003732835641130805
0.00975081603974104
-0.031238965690135956
-0.011912615038454533
-0.002419851254671812
0.004469664767384529
0.036614250391721725
-0.002978153759613633
-0.004138578660786152
0.01889139413833618
0.006404247600585222
-0.00476829195395112
-0.0014168545603752136
0.004891637712717056
-0.005245445761829615
0.006329590920358896
-0.0026908875443041325
-0.014347072690725327
0.0265128705650568
0.005777780432254076
0.028668178245425224
-0.0072514391504228115
0.03305669501423836
-0.006267917808145285
-0.0042002517729997635
-0.004323597531765699
0.002676280913874507
-0.024071920663118362
0.05603797733783722
0.013464176096022129
0.018839459866285324
-0.014217235147953033
-0.029914621263742447
-0.020111870020627975
0.0010111115407198668
0.009698880836367607
0.0018534340197220445
-0.0048202271573245525
-0.02261773869395256
0.01011436153203249
-0.021059684455394745
-0.010542826727032661
0.012548820115625858
-0.012061928398907185
-0.025357315316796303
0.01065968070179224
-0.004511862061917782
-0.01038052886724472
0.013710867613554
-0.013581030070781708
-0.003346568439155817
0.0016335214022547007
0.0004067573754582554
0.030200263485312462
0.022747576236724854
0.00542721850797534
0.018969297409057617
-0.005303872749209404
0.027395768091082573
-0.013581030070781708
-0.005034459289163351
0.029369302093982697
0.0043787783943116665
-0.017515113577246666
0.021968549117445946
-0.00891336239874363
0.01609988324344158
-0.028252696618437767
-0.001266729668714106
-0.006822974421083927
-0.010387021116912365
0.008699130266904831
-0.012315112166106701
-0.03526393696665764
0.0037620491348206997
-0.01728140562772751
0.006673661060631275
-0.0031875171698629856
0.000552216253709048
0.021436214447021484
-0.0048494404181838036
0.02672061137855053
-0.008867919445037842
-0.0030089900828897953
0.0024409499019384384
0.0019362056627869606
0.00033149204682558775
-0.008283649571239948
-0.02708415687084198
-0.007082649972289801
-0.012652689591050148
-0.0005737206083722413
-0.0005100189591757953
-0.009841701947152615
0.00032601450220681727
0.003794508520513773
0.029057690873742104
-0.010776534676551819
0.0027980038430541754
-0.006790515035390854
-0.02747367136180401
-0.031810250133275986
-0.0038172302301973104
0.01708664931356907
-0.011334836483001709
-0.00394057622179389
0.0003032929089386016
-0.02317604050040245
-0.036276672035455704
0.011458182707428932
0.005927093792706728
-0.004583273082971573
-0.0132564352825284
-0.005154559388756752
-0.013840705156326294
-0.014126348309218884
0.006777531001716852
-0.011990517377853394
0.009153562597930431
0.007660428062081337
0.009302875958383083
-0.018086399883031845
-0.015697386115789413
0.0013705998426303267
0.041262440383434296
0.030719615519046783
-0.01909913495182991
0.0009218481136485934
-0.004732586443424225
-0.027551572769880295
-0.008036957122385502
-0.021617988124489784
-0.015152066946029663
0.010218231938779354
0.0020774041768163443
0.009043199941515923
0.02559102326631546
-0.02154008485376835
0.019177038222551346
-0.0035543087869882584
0.011399755254387856
-0.0018274665344506502
-0.022747576236724854
-0.010270167142152786
0.05894634500145912
-0.0016140457009896636
-0.008764049038290977
0.031238965690135956
0.019008249044418335
-0.008906870149075985
-0.02150113321840763
-0.019410746172070503
0.014541829004883766
-0.01685294136404991
-0.0028564308304339647
-0.006758055649697781
0.011549068614840508
-0.008926345966756344
0.006245196331292391
0.01354207843542099
0.0007088330457918346
0.00045605513150803745
0.0259675532579422
0.005462924018502235
-0.005209740251302719
-0.02134532853960991
0.003622473683208227
0.033653948456048965
0.021059684455394745
-0.0036257195752114058
0.038276173174381256
0.03352411091327667
-0.011575036682188511
-0.014308121055364609
-0.00991960521787405
0.02450038492679596
0.01632060669362545
0.011159555986523628
-0.011386771686375141
0.017878659069538116
0.011464674025774002
0.037341341376304626
-0.001185581088066101
-0.004911113530397415
0.016229720786213875
0.005372037645429373
0.0064367069862782955
0.004771537613123655
0.009841701947152615
-0.01616480201482773
0.027136093005537987
0.029758814722299576
-0.001225343905389309
-0.020890895277261734
0.0011425722623243928
0.004320351406931877
-0.005910864099860191
0.0012423851294443011
0.006745071616023779
-0.004531337879598141
0.016554314643144608
0.02817479521036148
-0.013684900477528572
-0.0029310875106602907
-0.029732847586274147
-0.03767891973257065
0.029057690873742104
-0.018800508230924606
-0.002463671611621976
-0.03788666054606438
-0.009893637150526047
0.004067168105393648
-0.03692585974931717
0.013295386917889118
0.020683156326413155
-0.043106138706207275
-0.0266946442425251
-0.0005976594402454793
0.006764547433704138
0.02451336942613125
0.024811996147036552
-0.025526104494929314
-0.013594013638794422
0.012808495201170444
-0.002296505495905876
-0.02152710035443306
-0.00029132349300198257
0.00029538091621361673
-0.009134086780250072
0.026642708107829094
-0.011458182707428932
-0.023331845179200172
0.01011436153203249
0.018099384382367134
-0.026110373437404633
-0.007627968676388264
-0.017709871754050255
-0.007569541689008474
-0.02259177155792713
0.03266718238592148
0.022929348051548004
0.023994019255042076
0.006894384976476431
-0.017203504219651222
0.011166047304868698
-0.009530091658234596
-0.005855683237314224
-0.0012683526147156954
-0.011412739753723145
0.012042452581226826
-0.010464923456311226
0.011568544432520866
-0.021371295675635338
-0.005608991254121065
0.018644703552126884
-0.013477159664034843
0.0019524353556334972
-0.008296633139252663
0.011834711767733097
-0.020903879776597023
-0.006803498603403568
0.04487193003296852
-0.005745321046561003
-0.014269170351326466
-0.0014127971371635795
-0.03708166629076004
0.003966543823480606
0.02556505613029003
-0.011075161397457123
0.003114483319222927
-0.0007360178278759122
-0.015087148174643517
-0.009030216373503208
0.006034209858626127
-0.0024539337027817965
0.03523796796798706
-0.0014793389709666371
-0.016424477100372314
-0.006173785775899887
-0.002913234755396843
-0.01076355017721653
0.012107371352612972
0.011828220449388027
0.005839453544467688
0.004258678760379553
-0.012295636348426342
0.012113863602280617
-0.04027567431330681
0.029784781858325005
-0.025850698351860046
-0.027941087260842323
-0.008504373021423817
-0.002739576855674386
0.02300725132226944
-0.02617529220879078
0.00845243874937296
0.00031972548458725214
2.941636739706155e-05
-0.019904129207134247
-0.01894333027303219
-0.008406994864344597
-0.012172290123999119
0.010529842227697372
0.0019848947413265705
0.016749070957303047
-0.0008248755475506186
0.0004079745849594474
-0.006024472415447235
-0.02111162059009075
0.008114860393106937
-0.012464425526559353
-0.016476411372423172
-0.03500426188111305
0.01558053120970726
0.018112367019057274
0.007809741422533989
-0.004278154112398624
0.0010111115407198668
0.002363047329708934
0.02687641605734825
-0.025876665487885475
-0.034199267625808716
-0.015035212971270084
-0.036276672035455704
-0.006465920712798834
-0.010322102345526218
-0.02186467871069908
0.011127096600830555
0.002970038913190365
0.00597902899608016
0.034588780254125595
0.00025176352937705815
-0.0056641725823283195
-0.003401749301701784
0.04362548887729645
-0.002557803876698017
0.03277105093002319
-0.0018826475134119391
0.0073553090915083885
0.004472910892218351
0.0047780298627913
-0.022358063608407974
0.00482671894133091
0.014074413105845451
-0.017541082575917244
0.006803498603403568
-0.011834711767733097
0.020293641835451126
0.0020546826999634504
0.015996012836694717
-0.003911362495273352
-0.01833309233188629
0.03926293924450874
-0.023890148848295212
0.010724599473178387
-0.006624971982091665
-0.008848443627357483
-0.009036708623170853
-0.007926595397293568
-0.0018031218787655234
0.013373289257287979
0.013944575563073158
-0.024240709841251373
0.003801000537350774
0.021280409768223763
-0.021410247310996056
0.0422232411801815
0.009913112968206406
0.05956956371665001
0.0017268422525376081
-0.015268920920789242
-0.03767891973257065
0.014502878300845623
0.023812245577573776
-0.015567547641694546
0.02726593054831028
-0.020085901021957397
0.003719851840287447
-0.019540583714842796
0.011893139220774174
0.021566051989793777
0.004330089315772057
-0.0077253468334674835
0.014437959529459476
0.013107121922075748
-0.005810239817947149
-0.021215490996837616
-0.00954307522624731
-0.005858928896486759
0.017385276034474373
-0.008575784042477608
0.008757556788623333
-0.017930595204234123
-0.006592512596398592
0.006388017907738686
0.053856704384088516
-0.015671417117118835
0.007602001074701548
0.001222909428179264
-0.0052973804995417595
0.005884896498173475
-0.024149823933839798
0.00020672606478910893
-0.024019986391067505
-0.0014347073156386614
0.020319608971476555
-0.024214742705225945
-0.020631220191717148
-0.008160303346812725
-0.024993769824504852
-0.004602748900651932
-0.00019009060633834451
-0.012315112166106701
0.03097929060459137
-0.004508616402745247
0.001376280328258872
0.018774541094899178
0.014230218715965748
-0.011360804550349712
0.023864179849624634
-0.005673910025507212
-0.014710618183016777
0.024383531883358955
0.00901074055582285
-0.013094138354063034
0.014295137487351894
-0.009335335344076157
-0.0009583649807609618
-0.001968665048480034
-0.025097640231251717
-0.029628977179527283
0.006887893192470074
0.013165549375116825
-0.01632060669362545
-0.01685294136404991
-0.009432713501155376
0.0038756572175771
0.014957310631871223
-0.00017233933613169938
-0.006193261127918959
0.00403795437887311
0.02595456875860691
-0.05170139670372009
-0.011425723321735859
-0.007277406752109528
0.011516609229147434
0.008316108956933022
0.02205943502485752
-0.0012180404737591743
-0.022358063608407974
0.02762947604060173
-0.00012456309923436493
-0.029914621263742447
-0.013762802816927433
0.016580281779170036
0.006644447334110737
-0.01928090862929821
0.0025058689061552286
0.010464923456311226
0.012490392662584782
-0.005352561827749014
-0.005884896498173475
-0.013503127731382847
0.02556505613029003
-0.0024036215618252754
-0.018514864146709442
-0.003771787043660879
-0.012587770819664001
0.04346968233585358
-0.006959304213523865
0.012866922654211521
-0.0019264677539467812
-0.03583522140979767
0.0014274038840085268
0.005359053611755371
0.02243596501648426
-0.0084329629316926
0.012977284379303455
-0.017164552584290504
-0.015061180107295513
-0.028486404567956924
0.01594407670199871
-0.0024425729643553495
-3.646615368779749e-05
-0.0038496896158903837
0.004982524085789919
0.016086898744106293
0.014619732275605202
0.006972287781536579
-0.02260475419461727
0.0031712872441858053
-0.011945074424147606
-0.03843197599053383
-0.0030998766887933016
-0.009121103212237358
0.04152211546897888
0.0018323353724554181
-0.01001698337495327
-0.026383033022284508
0.0075046224519610405
-0.04567692428827286
-0.0012578032910823822
0.027967054396867752
0.02726593054831028
0.021436214447021484
-0.003564046695828438
0.002802872797474265
0.02653883956372738
-0.016398509964346886
0.012380030937492847
-0.027188027277588844
-0.024357564747333527
-0.03835407644510269
0.004534584004431963
0.017709871754050255
-0.006784023251384497
-0.0016310869250446558
0.00965343788266182
0.02913559414446354
-0.01598302833735943
0.01011436153203249
0.009322351776063442
-0.010361053049564362
-0.015879157930612564
0.011373788118362427
0.03783472254872322
0.004063921980559826
0.006495133973658085
-0.004018478561192751
-0.018112367019057274
-0.00963396206498146
0.001008677063509822
-0.013983527198433876
-0.031031224876642227
-0.022228224202990532
0.008945821784436703
-0.012574787251651287
0.018813492730259895
0.001407116767950356
-0.008978281170129776
0.018047448247671127
-0.014840456657111645
0.009997507557272911
-0.017216486856341362
-0.01241898164153099
0.03417329862713814
-0.004333335440605879
-0.01890437863767147
0.0002191012172261253
0.0037230977322906256
-0.012308619916439056
0.0157752875238657
0.003973035607486963
0.006004996597766876
0.029239464551210403
-0.012009993195533752
-0.017722854390740395
-0.023981034755706787
-0.017164552584290504
-0.018592767417430878
-0.000806617084890604
-0.028122859075665474
0.0027087402995675802
0.023500634357333183
-0.01315256580710411
0.019709372892975807
-0.0007380465394817293
-0.01130886934697628
-0.022409997880458832
-0.013581030070781708
0.010081902146339417
-0.009478156454861164
-0.01574932038784027
0.003784770844504237
-0.006420477293431759
0.026980286464095116
-0.009815734811127186
0.0055895159021019936
-0.05214284732937813
0.01763196848332882
0.21012943983078003
-0.015606499277055264
-0.01746317930519581
0.013866673223674297
0.0008098630351014435
0.012646198272705078
0.03004445880651474
-0.006290639750659466
0.0005092074861750007
0.014723602682352066
0.01040000468492508
-0.002406867453828454
0.0019978785421699286
0.004346319008618593
0.014528845436871052
-0.001604307908564806
-0.02817479521036148
-0.003153434721753001
0.01241898164153099
-0.012490392662584782
0.03957454860210419
0.014554813504219055
-0.0017657935386523604
-0.011036209762096405
0.01706068217754364
-0.005212986376136541
0.010581777431070805
-0.010594760999083519
0.0155026288703084
-0.0059920125640928745
-0.011289393529295921
-0.0015272166347131133
-0.02282547950744629
-0.013788769952952862
-0.009900129400193691
6.699831283185631e-05
0.04193759709596634
-0.0168659258633852
0.013931591995060444
0.02451336942613125
-0.00016726755711715668
-0.03391362354159355
0.016632217913866043
-0.022513868287205696
0.003953559789806604
0.041833728551864624
0.0065113636665046215
0.010088394396007061
-0.016281655058264732
-0.0038983789272606373
-0.02024170756340027
0.027213994413614273
0.019696388393640518
0.019605502486228943
-0.005128591787070036
0.012178782373666763
0.011276409961283207
-0.0019978785421699286
0.012003500945866108
-0.011114112101495266
-0.019917113706469536
0.01761898398399353
-0.01260075531899929
0.013814738020300865
-0.015255937352776527
0.015178034082055092
-0.01931985840201378
-0.024409499019384384
-0.008653687313199043
-0.014580780640244484
0.006183523219078779
-0.01707366667687893
-0.02469514310359955
0.0034471924882382154
-0.012087895534932613
-0.006001750472933054
0.021579036489129066
0.02856430783867836
0.015710368752479553
0.020267674699425697
-0.029395269230008125
-0.013490143232047558
-0.033498141914606094
0.01742422766983509
0.007244947366416454
-0.0419895313680172
0.003557554678991437
-0.02168290689587593
-0.01870962232351303
-0.008997756987810135
-0.005420726723968983
0.0019362056627869606
0.007712363265454769
-0.012730592861771584
-0.007342325523495674
0.0005035270587541163
0.0030235969461500645
0.02557803876698017
-0.012029469013214111
-0.014489894732832909
-0.006245196331292391
0.005995258688926697
0.012522852048277855
-0.0001144195266533643
-0.012568295001983643
0.02321499213576317
-0.020332593470811844
-0.014321105554699898
-0.006050439551472664
-0.03391362354159355
0.004346319008618593
-0.017735838890075684
0.0033222236670553684
-0.017722854390740395
-0.03635457530617714
0.005099378060549498
0.020501382648944855
-0.01253583561629057
0.026980286464095116
0.008121351711452007
-0.01224370114505291
-0.010029966942965984
0.007218979764729738
0.026590773835778236
-0.015035212971270084
-0.02747367136180401
-0.02762947604060173
0.021033717319369316
-0.03453684598207474
-0.00598876690492034
0.01576230488717556
-0.03116106241941452
0.023098137229681015
0.018398011103272438
-0.005138329230248928
0.0033433223143219948
-0.004222973249852657
-0.01593109406530857
0.0014533714856952429
-0.003807492321357131
0.019904129207134247
-0.032952822744846344
-0.007647444028407335
-0.004339827224612236
0.010601253248751163
-0.02594158425927162
0.01669713668525219
0.0014833963941782713
-0.022968299686908722
-0.0035380790941417217
-0.0069268448278307915
-0.029005756601691246
-0.009108118712902069
0.0022267175372689962
0.010653188452124596
0.025110622867941856
-0.02929139882326126
-0.008030465804040432
0.00017893266340252012
0.02482498064637184
-0.022397013381123543
0.018475914373993874
0.011445199139416218
-0.012191765941679478
-0.004063921980559826
0.007407244294881821
-0.1638033241033554
0.008205746300518513
0.0118606798350811
-0.011743825860321522
-0.009484648704528809
-0.005560302175581455
0.03243347257375717
0.029057690873742104
-0.004979278426617384
-0.014269170351326466
-0.014892390929162502
0.013223975896835327
-0.0322776660323143
-0.020566301420331
-0.007063174154609442
0.0022786527406424284
-0.024734092876315117
0.0068814014084637165
0.022319111973047256
0.017476161941885948
0.0175930168479681
-2.9720675229327753e-05
-0.02633109875023365
-0.010828468948602676
0.007069666404277086
0.018307125195860863
-0.015710368752479553
0.011847696267068386
-0.00551485875621438
-0.009601502679288387
0.00759550929069519
0.022345079109072685
0.03134283423423767
0.0019719109404832125
-0.0025367052294313908
0.022371046245098114
-0.02003396674990654
-0.006602250039577484
-0.018800508230924606
0.008387519046664238
0.011750317178666592
-0.006063423585146666
0.01121798250824213
0.003632211359217763
0.0014014363987371325
0.003917854279279709
0.01654133014380932
-0.004047692287713289
0.04253485053777695
-0.01243845745921135
0.0174112431704998
-0.005625220946967602
0.014996261335909367
0.009160053916275501
0.0036257195752114058
0.011743825860321522
0.008945821784436703
0.007348817307502031
-0.0008950690971687436
0.0009697257773950696
-0.013788769952952862
-0.017008746042847633
-0.004940326791256666
0.029784781858325005
0.014295137487351894
-0.010341578163206577
-0.008069416508078575
0.037575047463178635
-0.04172985628247261
-0.002231586491689086
-0.005456431768834591
-0.011646447703242302
0.007115109357982874
-0.013723851181566715
-0.0015247822739183903
-0.003127467120066285
-0.03152460977435112
0.028278665617108345
-0.005570040084421635
-0.020683156326413155
-0.016203753650188446
0.046248212456703186
-0.0034179789945483208
0.00039154200931079686
-0.009153562597930431
-0.0024101135786622763
-0.015281904488801956
0.008303124457597733
0.0036906383465975523
0.01855381578207016
0.01040000468492508
-0.0348224863409996
-0.01502222940325737
-0.006446444895118475
0.007634460460394621
0.017190519720315933
0.0075760334730148315
-0.0029619240667670965
-0.0009153562132269144
-0.003693884238600731
0.017761806026101112
0.017112616449594498
-0.014308121055364609
0.0004803997289855033
0.018514864146709442
-0.01950163207948208
0.013425224460661411
0.011263425461947918
0.02965494431555271
0.0017706624930724502
-0.02151411771774292
0.010731090791523457
0.010003999806940556
0.004813734907656908
0.005936831701546907
0.016385525465011597
0.0038107384461909533
-0.005086394492536783
0.022215241566300392
-0.00034812750527635217
0.06585371494293213
-0.004245694726705551
-0.006599004380404949
0.011646447703242302
-0.001084956806153059
-0.03396555781364441
-0.09514511376619339
-0.036406509578228
0.02133234404027462
0.019800258800387383
0.0014192890375852585
0.009530091658234596
-0.003164795460179448
0.010731090791523457
-0.014256186783313751
0.012672165408730507
-0.04170389100909233
-0.026746578514575958
0.004829964600503445
0.014126348309218884
0.015178034082055092
0.03396555781364441
-0.009062675759196281
-0.010445447638630867
-0.02278652787208557
0.004771537613123655
0.02113758772611618
0.009965048171579838
-0.026370050385594368
-0.006099129095673561
-0.0022250947076827288
0.006712612230330706
-0.03900326415896416
0.007257930934429169
0.02520151063799858
0.0028564308304339647
-0.0315505750477314
-0.011114112101495266
0.010523350909352303
-0.01445094309747219
0.014437959529459476
-0.019930096343159676
-0.020111870020627975
-0.01363296527415514
0.023799261078238487
-0.009380778297781944
0.015061180107295513
0.024954818189144135
0.012847446836531162
-0.013568046502768993
0.001420100568793714
-0.0066282176412642
-0.0019670422188937664
0.026421984657645226
0.010536334477365017
-0.026460936293005943
-0.015074164606630802
-0.017528098076581955
-0.0371336005628109
-0.006861925590783358
0.0028986281249672174
0.010860929265618324
0.0011636709095910192
-0.004920850973576307
-0.022578787058591843
-0.02246193215250969
0.0060828994028270245
0.0013689768966287374
-0.024915866553783417
0.03726343810558319
0.010808994062244892
-0.0074007525108754635
-0.006848942022770643
0.00029558376991190016
0.011938582174479961
0.0025902632623910904
-0.014437959529459476
0.005709615536034107
-0.002927841618657112
-0.013619981706142426
-0.010120853781700134
0.022578787058591843
-0.02859027497470379
-0.009062675759196281
-0.00043455074774101377
-0.008523848839104176
0.00579076400026679
-0.008926345966756344
-0.018436962738633156
-0.02130637690424919
0.021033717319369316
0.01390562392771244
0.004560551606118679
-0.010192264802753925
-0.008504373021423817
-0.0059920125640928745
-0.0026340836193412542
0.020916864275932312
0.010841453447937965
-0.005407742690294981
0.010770042426884174
0.012977284379303455
-0.0038431978318840265
-0.008874410763382912
-0.004930588882416487
0.004722848534584045
-0.03544570878148079
0.008413487114012241
-0.06590564548969269
0.012866922654211521
0.025097640231251717
-0.004953310824930668
0.007920103147625923
-0.007433211896568537
0.03279701992869377
-0.020553316920995712
0.01326941978186369
0.030459938570857048
-0.009965048171579838
0.021579036489129066
-0.019358810037374496
-0.017125600948929787
-0.02804495580494404
-0.02690238505601883
0.03396555781364441
-0.0025042458437383175
0.018826475366950035
-0.002350063528865576
0.03131686896085739
-0.006978779565542936
0.01578827202320099
0.04134034365415573
-0.02451336942613125
0.010335085913538933
-0.012678657658398151
-0.017489146441221237
-0.010808994062244892
0.031446706503629684
0.01947566494345665
-0.018216237425804138
0.006965795997530222
0.03025219962000847
-0.010406496934592724
-0.02244894951581955
0.014321105554699898
0.02723996341228485
0.02524046041071415
0.07561751455068588
-0.012120354920625687
-0.013555062003433704
0.018618734553456306
0.006284147500991821
-0.016762055456638336
0.009354811161756516
0.0048494404181838036
0.01297079212963581
0.022384030744433403
-0.026032472029328346
0.03261524438858032
0.02856430783867836
-0.016969796270132065
-0.016190769150853157
-0.024591272696852684
0.010640204884111881
0.00029558376991190016
0.019605502486228943
-0.005618729162961245
-0.018774541094899178
0.04510563984513283
-0.006274410057812929
0.023124106228351593
0.012613738887012005
0.005375283304601908
-0.020722106099128723
-1.6698861145414412e-05
0.007608492858707905
0.003557554678991437
-0.0011928844032809138
0.0095560597255826
0.006712612230330706
0.005686894059181213
0.02170887403190136
0.0114062475040555
-0.015879157930612564
0.00011198507127119228
-0.022916365414857864
-0.0027476917020976543
0.022358063608407974
-0.0035867681726813316
0.009646945632994175
-0.009491140022873878
0.02804495580494404
0.01558053120970726
0.01176979299634695
-0.0030836467631161213
0.005420726723968983
-0.022890398278832436
0.017333341762423515
-0.018618734553456306
0.01654133014380932
0.009614486247301102
-0.008251190185546875
-0.019254939630627632
-0.0028564308304339647
0.006310115102678537
-0.01123745832592249
0.0351860336959362
0.0056674182415008545
0.008413487114012241
0.0026551822666078806
0.0066866446286439896
-0.03173235058784485
-0.03040800429880619
0.00691386079415679
-0.0308234840631485
-0.03038203716278076
-0.014697634615004063
0.003443946596235037
-0.008757556788623333
-0.006829466205090284
0.008692638017237186
0.004521599970757961
-0.012542327865958214
-0.018605751916766167
0.018657686188817024
-0.01690487749874592
-0.029992522671818733
0.0014468795852735639
-0.02599352039396763
0.0036679168697446585
0.01559351570904255
0.001869663828983903
-0.005686894059181213
0.0033368305303156376
0.03232960402965546
0.007511114701628685
-0.0023646701592952013
0.011458182707428932
0.005819977726787329
-0.007037206552922726
-0.01838502660393715
-0.02507167123258114
-0.025461185723543167
-0.009030216373503208
0.030304133892059326
0.01594407670199871
-0.04019777104258537
0.07795459032058716
0.019060183316469193
-0.01354207843542099
0.01040000468492508
-0.01612585037946701
0.025539087131619453
-0.0050734104588627815
0.0021877663675695658
-0.011633463203907013
0.009134086780250072
0.018462929874658585
-0.026772547513246536
0.009140578098595142
-0.021202506497502327
0.005326594226062298
-0.005180526524782181
-0.005225969944149256
0.014126348309218884
0.007095633540302515
0.02131936140358448
0.047598522156476974
-0.025136590003967285
0.018099384382367134
0.00908215157687664
-0.011263425461947918
0.002257554093375802
0.010159804485738277
-0.01963146962225437
-0.005855683237314224
-0.027941087260842323
0.004242449067533016
0.013710867613554
-0.024409499019384384
-0.017372293397784233
-0.010653188452124596
-0.014113364741206169
0.01745019480586052
-0.025149574503302574
0.001196941826492548
0.02334482967853546
-0.010062426328659058
0.007433211896568537
-0.01798252947628498
-0.023617489263415337
0.0015223477967083454
0.013107121922075748
-0.009250940755009651
-0.007874660193920135
-0.0209947656840086
