-0.007294903043657541
-0.025525659322738647
0.0008728527463972569
-0.018568845465779305
-0.0339648611843586
0.01579912193119526
-0.04652613773941994
-0.008731777779757977
-0.029491694644093513
-0.027463164180517197
0.0027843513526022434
0.023133035749197006
-0.0019667630549520254
0.003796990728005767
-0.016852397471666336
-0.007678503170609474
0.03326267749071121
0.002984278602525592
0.006833282765001059
-0.0025226580910384655
-0.01657932624220848
-0.00019626996072474867
-0.0107733104377985
-0.011085391975939274
-0.014472776092588902
0.012203684076666832
0.01299689058214426
-0.036773595958948135
-0.0038847634568810463
-0.001807471620850265
-0.00046974755241535604
-0.020311299711465836
-0.013874620199203491
-0.010409215465188026
-0.022118771448731422
-0.009446964599192142
0.006092089228332043
0.006969818379729986
0.005594709422439337
0.013549534603953362
0.016501305624842644
0.0014523164136335254
0.0019830174278467894
-0.005126587580889463
0.009915086440742016
0.015174958854913712
0.004079814534634352
-0.008588740602135658
-0.020181264728307724
0.010935853235423565
0.014173697680234909
0.004278115928173065
-0.011995629407465458
0.005747499410063028
-0.02501852810382843
-0.01391363050788641
0.01289286371320486
0.0021098004654049873
0.006722753867506981
-0.015942160040140152
-0.007685005199164152
0.001635176595300436
-0.02219679020345211
0.01936205103993416
0.015747107565402985
0.00012404017616063356
-0.0339648611843586
-0.0005737746832892299
-0.012613290920853615
-0.0038652585353702307
0.020077237859368324
0.019687136635184288
-0.006865791045129299
-0.013978647068142891
0.026331869885325432
0.009804558008909225
-0.004430905915796757
-0.031234148889780045
-0.0064919437281787395
0.0249014962464571
2.8902071790071204e-05
0.0012840849813073874
-0.030037837103009224
0.02014225535094738
-0.0012848976766690612
-0.012795338407158852
0.020753415301442146
0.024212317541241646
-0.013926633633673191
-0.02283395826816559
-0.008029595017433167
0.006417174357920885
0.015526050701737404
0.02296399138867855
-0.010968361981213093
0.00503881461918354
-0.014849874190986156
0.01938805915415287
-0.01712546870112419
-0.028763504698872566
0.0014636943815276027
0.0026104310527443886
-0.016943421214818954
-0.0018692376324906945
-0.041298773139715195
0.015174958854913712
-0.008406693115830421
-0.0178796648979187
0.02751517854630947
-0.03152022510766983
0.0038490041624754667
0.037293728440999985
0.004726733081042767
-0.013003392145037651
0.03279455751180649
-0.00904385931789875
0.00530213350430131
-0.03357475996017456
-0.005737747065722942
-0.014706837013363838
0.00964201521128416
-0.00242025637999177
0.02077942155301571
0.002558417385444045
0.01885491982102394
0.018984952941536903
-0.02048034407198429
-0.013133426196873188
-0.03487509861588478
-0.014849874190986156
-0.008172632195055485
-0.014654823578894138
-0.0024170055985450745
-0.0028347396291792393
-0.006748760584741831
0.007437940686941147
-0.022690920159220695
0.004534933250397444
-0.021273549646139145
-0.017944682389497757
0.02262590266764164
0.01644929125905037
0.005890537053346634
-0.03165025636553764
-0.008822801522910595
0.016605332493782043
0.02230081893503666
0.03180629760026932
0.007873553782701492
-0.010454727336764336
0.03479707986116409
-0.03521318733692169
-0.005487431772053242
0.00020033351029269397
0.02730712480843067
0.005149343516677618
0.012704314664006233
0.015331000089645386
6.202008808031678e-05
-0.017372531816363335
-0.016319258138537407
-0.023094024509191513
8.589350181864575e-05
0.005601211450994015
0.004495922941714525
0.02153361774981022
0.01960911601781845
-0.003988790791481733
0.019648125395178795
0.007457445841282606
0.015200966037809849
0.027983300387859344
-0.03747577592730522
0.015409019775688648
-0.01712546870112419
0.03237844631075859
0.008751283399760723
0.02187170647084713
0.00457069231197238
-0.017593590542674065
-0.020727407187223434
0.013224449940025806
0.01980416662991047
0.008029595017433167
-0.0180877186357975
0.018919935449957848
0.009329934604465961
0.003252473659813404
-0.007411933969706297
0.0019326292676851153
0.013614552095532417
0.0038847634568810463
-0.007782530505210161
0.013679568655788898
-0.6445521712303162
-0.0038034922908991575
-0.02382221445441246
0.003988790791481733
0.008595242165029049
-0.0027160835452377796
0.02642289362847805
0.025408629328012466
-0.0014230587985366583
-0.0249014962464571
0.008146625012159348
0.012158172205090523
0.002439761534333229
-0.0007359107257798314
-0.022690920159220695
-0.02089645154774189
0.00595230283215642
-0.01906297355890274
0.03011585772037506
-0.01860785484313965
-0.01665734499692917
0.01401765737682581
0.005854777526110411
0.025317605584859848
-0.01904997043311596
-0.002061037812381983
0.007002327125519514
-0.0009411205537617207
0.023861225694417953
0.018009698018431664
-0.022560885176062584
0.02717708982527256
0.02618883177638054
0.03074002079665661
0.05357397720217705
0.015252979472279549
-0.02741115167737007
0.011631534434854984
0.021923718973994255
0.01110489759594202
-0.009999608621001244
-0.0036702074576169252
0.010636774823069572
-0.0015311494935303926
0.015461034141480923
0.0031793294474482536
0.03399086743593216
-0.036877620965242386
0.0010898468317463994
0.03872410207986832
-0.007080347277224064
0.011982626281678677
0.014433765783905983
-0.0013710452476516366
0.00334512279368937
-0.018217753618955612
-5.046433943789452e-05
0.0007277836557477713
0.003468655049800873
0.03760581091046333
0.0032394700683653355
0.009609507396817207
-0.03336670622229576
-0.01299689058214426
-0.024979516863822937
0.021377576515078545
-0.01689140684902668
-0.0031549481209367514
0.008419696241617203
-0.03170227259397507
0.004307373892515898
0.03711168095469475
0.000269820389803499
-0.029725754633545876
0.0033776313066482544
0.0030281650833785534
0.041532836854457855
0.006826781202107668
-0.005422414746135473
0.009303927421569824
-0.023965252563357353
-0.023120032623410225
-0.0357593297958374
0.009108876809477806
0.020077237859368324
-0.04730634391307831
-0.006589469034224749
0.005744248628616333
0.0021390579640865326
0.032950595021247864
-0.024927504360675812
0.007067343685775995
0.0004648712929338217
-0.016644341871142387
0.0013255333760753274
0.04101270064711571
-0.008647255599498749
-0.0016034808941185474
0.01754157617688179
-0.015291989780962467
0.011026876978576183
-0.01872488483786583
0.0038750108797103167
-0.012658802792429924
0.0022349581122398376
0.009622510522603989
-0.005721492692828178
-0.012106158770620823
0.03705966845154762
-0.02317204512655735
0.013718578964471817
-0.004603201057761908
-0.0166703499853611
-0.008465208113193512
-0.023874228820204735
-0.029959816485643387
0.014823867939412594
0.016852397471666336
0.016852397471666336
-0.022872967645525932
0.028659477829933167
-0.008146625012159348
0.017801644280552864
0.002772973384708166
-0.008036096580326557
0.019101982936263084
-0.017788641154766083
0.0032557244412600994
-0.010435222648084164
-0.024563409388065338
-0.0031419447623193264
-0.02618883177638054
0.0355512760579586
-0.01190460566431284
0.023458119481801987
-0.0337568074464798
0.01240523625165224
-0.021312560886144638
0.014602810144424438
0.005731245502829552
-0.027749240398406982
-0.0015376511728391051
0.006238377653062344
-0.01644929125905037
-0.01678737998008728
-0.04356136545538902
-0.01195661909878254
0.0008622874738648534
-0.02045433595776558
0.03370479494333267
-0.025057537481188774
0.0067097507417202
-0.03084404766559601
-0.026943029835820198
-0.016423285007476807
-0.005731245502829552
-0.005142841953784227
-0.008016591891646385
-0.03656553849577904
-0.006982821971178055
0.012353222817182541
-0.004443909507244825
-0.011371467262506485
0.030583979561924934
-0.02079242467880249
0.008543228730559349
0.00789956096559763
0.025096546858549118
-0.022144777700304985
-0.03508315235376358
-0.0024641428608447313
0.016501305624842644
0.011475494131445885
0.024823475629091263
0.03906219080090523
-0.003468655049800873
-0.014407758601009846
0.024550404399633408
-0.009869574569165707
-0.03084404766559601
0.004313875455409288
0.014680829830467701
-0.00883580558001995
0.0012670180294662714
-0.005324889440089464
0.011963121592998505
0.015682091936469078
0.013991650193929672
0.004001793917268515
0.00888131745159626
0.016969427466392517
0.0020935460925102234
-0.020116249099373817
0.013198443688452244
0.004209848120808601
0.015187962912023067
0.0005156658007763326
-0.015174958854913712
0.03911420330405235
0.016735365614295006
0.022872967645525932
-0.015018918551504612
0.026917021721601486
-0.03185831010341644
0.0009744417038746178
-0.001883866498246789
0.008900822140276432
-0.020727407187223434
0.05154544860124588
0.02631886675953865
0.027749240398406982
-0.007724015042185783
-0.01850382797420025
-0.02618883177638054
0.0062903910875320435
0.03625345975160599
-0.0037774855736643076
0.0017895918572321534
-0.0054516722448170185
0.012021636590361595
-0.005575204733759165
-0.013614552095532417
0.023796208202838898
-0.006937310099601746
-0.021793685853481293
0.019843177869915962
0.0010069501586258411
-0.009355940856039524
0.010058124549686909
-0.01646229438483715
-0.004772244952619076
0.007808537222445011
-0.011390971951186657
0.029647735878825188
0.01904997043311596
0.023120032623410225
0.02609780803322792
-0.007867052219808102
0.030479952692985535
-0.017177481204271317
-0.0039465297013521194
0.02933565340936184
0.004798251669853926
-0.0038782618939876556
0.0210264865309
0.0005091640632599592
0.0062806387431919575
-0.00947947334498167
-0.01839980110526085
-0.001584788435138762
-0.007886557839810848
0.01451178640127182
-0.012645799666643143
-0.03867208957672119
-0.003465404035523534
-0.02263890579342842
-0.003122439607977867
0.0026575683150440454
0.003725471906363964
0.02730712480843067
-0.004495922941714525
0.0024673936422914267
0.0014385003596544266
0.008419696241617203
0.004434156697243452
-0.018256762996315956
0.0024641428608447313
-0.015552057884633541
-0.04712429642677307
-0.009414455853402615
-0.017931679263710976
-0.010974863544106483
0.0024966513738036156
0.00140761723741889
0.01121542602777481
0.008380686864256859
0.008413194678723812
-0.005357397720217705
0.026917021721601486
-0.00903735775500536
-0.03391284868121147
-0.01720348745584488
0.010058124549686909
0.022820953279733658
0.002937141340225935
-0.009876077063381672
-0.01195661909878254
-0.015278986655175686
-0.02847743034362793
-0.0032427210826426744
0.002616932848468423
0.010636774823069572
-0.004664967302232981
0.0026445649564266205
-0.009173893369734287
0.004037553444504738
0.030271897092461586
-0.014212707988917828
-0.0020171513315290213
4.777222784468904e-05
0.009167391806840897
-0.010253175161778927
-0.02391323819756508
0.018347786739468575
0.023796208202838898
0.027645211666822433
-0.022053753957152367
-0.0014344367664307356
0.00730790663510561
-0.024095285683870316
-0.012047642841935158
-0.0005404534749686718
-0.0019878936000168324
0.028503436595201492
0.011891602538526058
0.003510915907099843
0.004050556570291519
-0.010500239208340645
0.026786988601088524
-0.003728722920641303
0.017944682389497757
-0.00029176363022997975
-0.0033223668579012156
-0.012047642841935158
0.047930505126714706
0.004664967302232981
-0.004349634982645512
0.03419892117381096
-0.009004849009215832
-0.016410281881690025
-0.005568702705204487
-0.04085665941238403
-0.00018682217341847718
-0.006898299790918827
-0.0011516129598021507
0.003949780482798815
0.013308972120285034
-0.00850421842187643
0.0023097277153283358
0.016488302499055862
0.00942745991051197
-0.0134195014834404
0.0038782618939876556
0.002482022624462843
0.013243955560028553
-0.014290728606283665
0.013497521169483662
0.019752154126763344
0.008666761219501495
-0.007067343685775995
0.04722832143306732
0.018763896077871323
-0.01937505416572094
-0.031130122020840645
-0.00840019155293703
0.00022146402625367045
0.0323004275560379
0.010740802623331547
-0.0009459967841394246
0.008146625012159348
0.013055406510829926
0.04525180533528328
0.003223215928301215
0.021715665236115456
0.017463555559515953
-0.0028526191599667072
0.0035174177028238773
-0.004954292438924313
0.010207663290202618
-0.025746718049049377
0.006634980905801058
0.0370076559484005
-0.003949780482798815
-0.01950508914887905
0.010753805749118328
0.007275398354977369
-0.005890537053346634
0.009355940856039524
0.00027916659018956125
0.012470253743231297
0.00795157440006733
0.03518718108534813
-0.02391323819756508
-0.013744586147367954
-0.008419696241617203
-0.038828130811452866
0.027697226032614708
-0.010168652981519699
-0.00030009393231011927
-0.02899756468832493
0.007925568148493767
-0.00849771685898304
-0.023549143224954605
-0.004876272287219763
-0.005445170681923628
-0.032638516277074814
-0.030193878337740898
-0.003598688868805766
0.012723819352686405
0.022443855181336403
0.03185831010341644
0.00018296179769095033
-0.003384132869541645
0.007288401480764151
-0.010103636421263218
-0.004990051966160536
0.0019602614920586348
-0.030271897092461586
-0.017294511198997498
0.025473646819591522
-0.012860354967415333
-0.01412168424576521
0.01925802417099476
-0.000514040351845324
-0.013341480866074562
-0.004479668568819761
-0.004408149980008602
-0.013354483991861343
-0.015409019775688648
0.01635826751589775
0.00592629611492157
0.001997646177187562
0.008965839631855488
-0.010903344489634037
-0.004200095776468515
-0.01882891170680523
-0.010168652981519699
-0.0013669816544279456
-0.008237648755311966
0.012171175330877304
-0.0200252253562212
0.010656280443072319
-0.031208142638206482
0.007821540348231792
0.008861811831593513
-0.0018513579852879047
-0.011072388850152493
0.002057786798104644
0.016371270641684532
0.0041838414035737514
-0.021468600258231163
0.03547325357794762
0.007626489736139774
-0.022586893290281296
-0.02391323819756508
-0.021793685853481293
-0.004902279004454613
0.017307516187429428
-0.006943811662495136
0.016865400597453117
-0.018867922946810722
-0.009115378372371197
0.0028331142384558916
0.014212707988917828
-0.014095677994191647
0.037839870899915695
-0.02079242467880249
-0.02513555809855461
-0.01657932624220848
0.010194660164415836
-0.0019245020812377334
-0.002849368378520012
0.003962784074246883
0.003304487094283104
-0.00942095834761858
-0.015291989780962467
0.007971080020070076
-0.026357876136898994
0.026071801781654358
-0.014186701737344265
-0.015096939168870449
-0.0004388644883874804
-0.01947908289730549
0.023211056366562843
-0.013198443688452244
-4.022924622404389e-05
0.008140123449265957
-0.005497184116393328
-0.011553514748811722
-0.024303341284394264
-0.015526050701737404
-0.020532356575131416
0.011176415719091892
-0.004310624673962593
0.032664522528648376
-0.002714458154514432
0.002945268526673317
0.019778160378336906
-0.007379425223916769
0.006924306508153677
0.010682286694645882
-0.010584761388599873
-0.017255501821637154
0.005727994255721569
0.02577272430062294
-0.008205140940845013
0.0038197466637939215
-0.006956815253943205
-0.010753805749118328
0.02414730004966259
-0.02155962400138378
-0.013100918382406235
-0.014836871065199375
-0.01451178640127182
0.003452400676906109
0.016371270641684532
-0.030948074534535408
0.019140994176268578
0.00334512279368937
-0.011221927590668201
0.031208142638206482
-0.00127270701341331
0.0036051906645298004
0.015500043518841267
0.04631808400154114
-0.00796457752585411
0.01884191669523716
0.005754001438617706
-0.00419684499502182
-0.0025356614496558905
0.012808341532945633
-0.030375925824046135
-0.0030753023456782103
0.021520614624023438
-0.0005087577155791223
-0.0008411569288000464
-0.021845700219273567
0.018776899203658104
-0.00674225902184844
0.0007639492978341877
0.011455988511443138
-0.011898104101419449
0.00795157440006733
-0.0060270726680755615
-0.01863386109471321
-0.021169522777199745
0.01195661909878254
0.0013710452476516366
0.011540510691702366
0.013549534603953362
0.016059190034866333
0.014407758601009846
-0.010344198904931545
0.015291989780962467
0.015851136296987534
-0.02761920541524887
0.04114273563027382
0.004938038531690836
0.025187570601701736
0.004365888889878988
-0.02383521944284439
-0.0359673835337162
0.004463414661586285
0.014472776092588902
-0.01250276155769825
0.03269052878022194
-0.009459967724978924
-0.002140683587640524
-0.007632991299033165
0.022248804569244385
0.03432895615696907
-0.0009500603773631155
-0.0024495141115039587
0.017164478078484535
0.023029008880257607
-0.0016107952687889338
-0.021195529028773308
0.0016806884668767452
-0.01466782670468092
0.014472776092588902
-0.0023064767010509968
0.014199704863131046
-0.013614552095532417
0.004586946684867144
-0.013198443688452244
0.040986694395542145
-0.0031955838203430176
0.015864139422774315
-0.014589806087315083
-0.00311106164008379
-0.02423832379281521
-0.014966905117034912
-0.005633719731122255
-0.014433765783905983
0.0006509823142550886
0.02423832379281521
-0.01722949557006359
0.007184374611824751
-0.007398930378258228
-0.03843802958726883
0.011586022563278675
-0.016098199412226677
-0.02098747529089451
0.024082282558083534
-0.016072193160653114
0.0078020356595516205
0.009765547700226307
0.02423832379281521
-0.017892668023705482
0.019856180995702744
-0.010370205156505108
-0.02977776899933815
0.016839392483234406
0.011468992568552494
-0.03401687368750572
-0.00560446223244071
-0.020298296585679054
-0.005204607732594013
-0.004226102493703365
-0.02163764461874962
-0.022027747705578804
-0.02340610697865486
0.010188157670199871
-0.009707032702863216
-0.018152736127376556
-0.010844829492270947
-0.002929014153778553
0.02523958496749401
-0.013224449940025806
-0.005662977229803801
0.029491694644093513
0.024862486869096756
-0.04826859384775162
0.0016424909699708223
-0.007769526913762093
-0.009544489905238152
0.015135948546230793
0.022677917033433914
0.009661520831286907
-0.02630586363375187
0.03425093740224838
-0.0033906346652656794
-0.03063599206507206
-0.0073209102265536785
-0.0038164956495165825
-0.004424404352903366
-0.012652301229536533
-0.005029062274843454
0.0018757394282147288
-0.007171371020376682
0.004918533377349377
0.004362638108432293
-0.014485779218375683
0.017619596794247627
0.0053281402215361595
-0.007932069711387157
-0.004876272287219763
-0.006826781202107668
0.016852397471666336
-0.014368749223649502
0.020415326580405235
-0.0034036380238831043
-0.0234841275960207
0.0039042686112225056
-0.0034036380238831043
0.0370076559484005
-0.034276943653821945
0.007873553782701492
-0.029205620288848877
-0.0006266009877435863
-0.01765860803425312
0.017346525564789772
-0.0062643843702971935
0.003296359907835722
-0.006335902959108353
0.008809798397123814
0.012249195948243141
0.023432113230228424
0.01017515454441309
-0.008270157501101494
-0.006381414830684662
-0.01591615192592144
-0.004534933250397444
0.00897884275764227
-0.018048709258437157
0.05643472447991371
-0.005643472541123629
-0.012333718128502369
-0.02349713072180748
0.006813777610659599
-0.03508315235376358
0.0028249870520085096
0.018152736127376556
0.02640989050269127
0.006092089228332043
-0.004453661851584911
-0.007015330251306295
0.025837741792201996
-0.020727407187223434
-0.013393494300544262
-0.028217362239956856
-0.019856180995702744
-0.03284657001495361
0.0061506046913564205
-0.008523724041879177
0.004232604056596756
-0.0039205229841172695
-0.0044991737231612206
0.03953031450510025
-0.013822605833411217
0.006485442165285349
0.027437157928943634
-0.00942095834761858
-0.009284422732889652
-0.00042545475298538804
0.005760503001511097
0.006459435448050499
0.0016172969480976462
-0.0032606006134301424
-0.017060451209545135
-0.0017782138893380761
-0.0053378925658762455
-0.007463947404175997
-0.024511395022273064
-0.00028140153153799474
0.018152736127376556
0.0050063063390553
0.027593199163675308
0.0023227310739457607
-0.005464675836265087
0.006309896241873503
-0.012814843095839024
-0.0017050697933882475
-0.014043663628399372
0.001344225718639791
0.03734574466943741
-0.005955553613603115
-0.019023964181542397
-0.019674133509397507
0.008296164683997631
-0.023081021383404732
0.0031614499166607857
0.026708967983722687
-0.007782530505210161
0.01634526439011097
-0.009765547700226307
-0.009804558008909225
-0.015344003215432167
-0.024940507486462593
-0.01938805915415287
0.007502957712858915
-0.016306255012750626
-0.010734300129115582
0.034823086112737656
-0.023666175082325935
0.018997956067323685
-0.0022739681880921125
0.01699543371796608
-0.0337568074464798
-0.015422023832798004
0.00947947334498167
-0.013022897765040398
-0.011664043180644512
0.013601548969745636
-0.012476755306124687
0.017138471826910973
-0.007789032068103552
0.005454923026263714
-0.035135164856910706
0.011878599412739277
0.20482943952083588
-0.02317204512655735
-0.004011546727269888
0.0168784037232399
-0.0067617641761898994
0.015890145674347878
0.024225320667028427
-0.005601211450994015
0.0014636943815276027
0.028451422229409218
0.008406693115830421
-0.013100918382406235
-0.010903344489634037
0.005542695987969637
-0.004024549853056669
-0.012281704694032669
-0.031572237610816956
-0.007288401480764151
0.03474506363272667
-0.01657932624220848
0.017827650532126427
0.011397473514080048
-0.005311885848641396
0.0046552144922316074
0.022716926410794258
-0.003822997445240617
-0.001862735953181982
0.010318191722035408
0.01510994229465723
0.0023194800596684217
-0.011508002877235413
0.005981560796499252
0.01364055834710598
-0.011846090666949749
-0.016267243772745132
0.0063944184221327305
0.02847743034362793
0.006904801353812218
0.013458510860800743
0.00733391335234046
0.031572237610816956
-0.036539532244205475
0.018451813608407974
-0.0015010791830718517
0.01668335311114788
0.06142802536487579
-0.01656632125377655
-0.011143906973302364
-0.0008476586663164198
-0.01820475049316883
-0.020181264728307724
0.024004261940717697
0.02423832379281521
0.01807471551001072
0.01115691103041172
0.009128381498157978
-0.009108876809477806
-0.005217611324042082
0.013757589273154736
-0.02068839780986309
-0.010591262951493263
0.007711011916399002
-0.009830565191805363
0.011371467262506485
-0.022235801443457603
0.027203097939491272
-0.022248804569244385
-0.011189418844878674
-0.01011663954705
-0.016085196286439896
0.014953901059925556
-0.013393494300544262
-0.017476558685302734
-0.004925034940242767
0.008660259656608105
-0.021949727088212967
0.031130122020840645
0.020337305963039398
0.021832695230841637
0.03510915860533714
-0.015981169417500496
-0.012307710945606232
-0.012197182513773441
0.010259676724672318
0.004200095776468515
-0.03430294990539551
0.003793739713728428
-0.008153127506375313
-0.013549534603953362
-0.00642042513936758
-0.004765743389725685
0.019193006679415703
0.00643993029370904
-0.012606789357960224
0.00479500088840723
0.0044114007614552975
0.008653758093714714
0.018581848591566086
-0.016423285007476807
-0.008016591891646385
-0.0071128555573523045
0.02426433004438877
0.022131774574518204
0.009720035828649998
-0.0036734584718942642
0.02661794424057007
-0.03435496240854263
-0.009759046137332916
6.100419705035165e-05
-0.037735845893621445
0.01971314288675785
-0.01245074812322855
-0.0019066224340349436
-0.01406967081129551
-0.021689658984541893
0.014173697680234909
-0.013939636759459972
-0.01412168424576521
0.006826781202107668
0.0003206148976460099
-0.0024300089571624994
-0.0057052383199334145
-0.010214164853096008
0.010539249517023563
-0.01678737998008728
-0.018152736127376556
-0.04122075438499451
0.026344873011112213
-0.023211056366562843
-0.008894320577383041
0.018919935449957848
-0.034068889915943146
0.04085665941238403
0.012528768740594387
-0.0032589752227067947
0.010058124549686909
0.001259703654795885
-0.0250055231153965
0.011963121592998505
-0.0027453412767499685
0.024095285683870316
-0.02122153714299202
-0.000387866806704551
-0.018347786739468575
0.010194660164415836
-0.01466782670468092
0.0019505089148879051
-0.006878794636577368
-0.021481605246663094
0.001087408745661378
0.009199900552630424
-0.04137679561972618
-0.009895581752061844
0.00451867887750268
0.004765743389725685
0.0244853887706995
-0.03451100364327431
-0.0077955336309969425
-0.013874620199203491
0.005376902874559164
-0.03510915860533714
0.015461034141480923
0.041194748133420944
-0.010474232956767082
-0.007002327125519514
0.006839784327894449
-0.16301052272319794
0.00239424966275692
0.007054340559989214
-0.002246336080133915
0.0003569837717805058
-0.009024354629218578
0.0467602014541626
0.020818430930376053
-0.0006379789556376636
-0.016696356236934662
-0.008107615634799004
0.014095677994191647
-0.031234148889780045
-0.02967374213039875
-0.013393494300544262
0.008640754036605358
-0.033834826201200485
0.00020907017460558563
0.01348451804369688
0.02295098826289177
0.011976124718785286
-0.001083345152437687
-0.007041336968541145
-0.011878599412739277
0.01077981200069189
-0.004495922941714525
-0.01278233528137207
0.005165597889572382
-0.005025811027735472
-0.005204607732594013
0.00888781901448965
0.014823867939412594
0.010409215465188026
-0.0032004599925130606
-0.01505792886018753
0.01071479544043541
-0.01733352243900299
0.003569431370124221
-0.016527311876416206
0.015565061010420322
0.01219068095088005
0.027047056704759598
0.018152736127376556
-0.00454468559473753
0.01110489759594202
0.008283160626888275
0.032118380069732666
0.0028639971278607845
0.026474907994270325
-0.002740464871749282
0.030583979561924934
0.0043853940442204475
-0.0069893235340714455
0.0052403672598302364
0.024446377530694008
0.022794947028160095
0.013796599581837654
-0.0069893235340714455
0.00968102551996708
-0.014628816395998001
-0.008725276216864586
-0.021598635241389275
0.004860017914324999
0.014602810144424438
0.02447238564491272
-0.015604071319103241
-0.02587675116956234
0.024875489994883537
-0.04597999528050423
-0.0004941289080306888
-0.00682027917355299
-0.01590314880013466
0.028347395360469818
0.00641392357647419
0.0010126391425728798
0.009199900552630424
-0.010532747954130173
0.029855789616703987
-0.018230756744742393
-0.003566180355846882
-0.013016396202147007
0.046708185225725174
-0.0017960936529561877
-0.002286971779540181
-0.009245412424206734
-0.0019033715361729264
-0.013666565530002117
0.011137405410408974
-0.015643080696463585
0.027047056704759598
0.0010939104249700904
-0.03562929481267929
-0.0009785052388906479
0.0022495868615806103
0.00850421842187643
0.008413194678723812
0.0043853940442204475
-0.006075835321098566
0.006485442165285349
-0.014550796709954739
0.008244151249527931
0.0021471851505339146
-0.0008826052653603256
-0.012210185639560223
0.03310663625597954
-0.004671468865126371
0.0036604551132768393
2.501629296602914e-06
0.020441332831978798
-0.00669024558737874
-0.03778785839676857
-0.0030070345383137465
0.01170305348932743
-0.0006753636989742517
0.02382221445441246
0.027359137311577797
-0.008406693115830421
8.066166628850624e-05
0.01862085796892643
0.0003860382130369544
0.0668894499540329
-0.002278844593092799
-0.02166365273296833
-0.0053216381929814816
0.009889080189168453
-0.03289858251810074
-0.11547012627124786
-0.02101348154246807
0.013113921508193016
0.024550404399633408
0.006277387961745262
0.017905671149492264
-0.01590314880013466
-0.0009646891849115491
-0.012203684076666832
0.010168652981519699
-0.034589022397994995
0.002877000719308853
0.0006286327843554318
0.008725276216864586
0.005133089143782854
0.032222405076026917
0.0038490041624754667
-0.020636383444070816
-0.012522267177700996
0.02167665585875511
-0.002325981855392456
0.025083543732762337
-0.028087327256798744
-0.0009492476820014417
0.012028138153254986
0.00334512279368937
-0.026071801781654358
0.026500914245843887
0.026136819273233414
-0.01581212505698204
-0.03042793832719326
-0.017697617411613464
-0.0033776313066482544
-0.017606593668460846
0.018009698018431664
-0.01582512818276882
-0.030245890840888023
-0.003102934453636408
0.010090632364153862
-0.0181917455047369
0.01239873468875885
0.029699748381972313
0.007067343685775995
-0.012216687202453613
-0.006748760584741831
-0.01786666177213192
0.0006692683673463762
0.0214425940066576
0.010389710776507854
-0.017073454335331917
-0.017515569925308228
-0.02426433004438877
-0.06798173487186432
-0.007496455684304237
-0.011566517874598503
0.025590676814317703
0.003725471906363964
-0.0034784076269716024
-0.015044924803078175
-0.00738592678681016
0.0006973069394007325
-0.004690974019467831
-0.002473895438015461
0.01022716797888279
0.017281508073210716
0.006514699663966894
-0.008029595017433167
-0.01795768551528454
-0.005419163964688778
0.006602472625672817
-0.009980103932321072
0.009271418675780296
0.014654823578894138
-0.012554775923490524
-0.02176767960190773
0.01916700042784214
-0.02098747529089451
-0.016280246898531914
0.002286971779540181
-0.00904385931789875
0.009160890243947506
-0.015630077570676804
-0.03370479494333267
-0.005178601015359163
0.016722362488508224
0.01131945289671421
-0.0008972340729087591
0.009492476470768452
-0.007711011916399002
-0.013692572712898254
-0.0001720917789498344
0.04278116300702095
-0.011046381667256355
-0.007106353994458914
0.01579912193119526
0.00796457752585411
0.025304602459073067
-0.0038880144711583853
-0.004391895607113838
-0.007080347277224064
-0.030401932075619698
0.011813581921160221
-0.05383404344320297
0.011234930716454983
0.01752857305109501
-0.007099852431565523
0.0008899196982383728
-0.0005989687633700669
0.022378837689757347
-0.016722362488508224
0.0002643345796968788
0.023250065743923187
-0.023445116356015205
0.00883580558001995
-0.02741115167737007
-0.009030856192111969
-0.020727407187223434
-0.03573332354426384
0.018997956067323685
-0.00297615141607821
0.0032264667097479105
0.012437744997441769
0.01722949557006359
-0.010948856361210346
0.016384273767471313
0.025512656196951866
-0.013848613016307354
0.00036429817555472255
-0.01505792886018753
-0.0011686799116432667
-0.018152736127376556
0.013991650193929672
0.018269766122102737
-0.027463164180517197
-0.003598688868805766
0.0166703499853611
-0.0028461175970733166
-0.009557493962347507
5.490885814651847e-05
0.03872410207986832
0.019999217242002487
0.08186935633420944
-0.012067148461937904
-0.020298296585679054
0.029751762747764587
-0.026500914245843887
-0.025187570601701736
0.018581848591566086
-0.01581212505698204
0.010207663290202618
0.013146430253982544
-0.0032264667097479105
0.05086927115917206
0.007099852431565523
-0.001631113002076745
-0.02088344842195511
-0.015252979472279549
0.013991650193929672
0.011709555052220821
0.011670544743537903
-0.001259703654795885
-0.019245021045207977
0.03726772218942642
-0.014940897934138775
0.0032459718640893698
0.0018643614603206515
0.010636774823069572
-0.014797860756516457
-0.01002561580389738
0.00012119568418711424
0.0008834179607219994
-0.006696747150272131
0.0022430852986872196
-0.01027918141335249
-0.002178068272769451
0.0024901495780795813
0.0323004275560379
-0.01742454618215561
0.017359528690576553
-0.015643080696463585
-0.005165597889572382
0.019127991050481796
-0.01332847774028778
0.006059580948203802
-0.01797068864107132
0.024186309427022934
0.021286552771925926
0.008913825266063213
0.004281367175281048
0.012808341532945633
-0.022378837689757347
0.002823361661285162
-0.020532356575131416
0.014927894808351994
0.0014807613333687186
-0.00022288627224043012
-0.022014742717146873
-0.024966513738036156
-0.0014823867240920663
-0.0018286020494997501
0.015291989780962467
0.01011663954705
0.030141863971948624
-0.016215231269598007
0.00937544647604227
-0.026006784290075302
-0.014628816395998001
0.0212345402687788
-0.02826937474310398
-0.0402585044503212
-0.01190460566431284
0.02782726101577282
-0.0056694792583584785
-0.00043561364873312414
0.012671805918216705
0.008640754036605358
-0.021351570263504982
0.005279377568513155
0.015096939168870449
-0.008068605326116085
-0.031338177621364594
0.022014742717146873
-0.023458119481801987
0.03066200017929077
0.027437157928943634
-0.010350700467824936
0.0068592894822359085
-0.009154388681054115
0.031156128272414207
-0.003683211049064994
0.0007046213140711188
0.00937544647604227
0.002212202176451683
0.0006875543622300029
-0.01690440997481346
-0.01828276924788952
0.0008086484740488231
-0.0015904774190858006
0.0018854918889701366
0.0181917455047369
-0.039374273270368576
0.06803374737501144
0.023198053240776062
-0.024849483743309975
0.013256958685815334
-0.021039489656686783
0.009544489905238152
-0.004473167005926371
-0.019960207864642143
0.003510915907099843
0.006381414830684662
0.030245890840888023
-0.014147691428661346
0.025850744917988777
-0.03583734855055809
-0.009199900552630424
-0.0015376511728391051
-0.02382221445441246
0.04254709929227829
0.00587428268045187
0.013601548969745636
0.05281978100538254
0.007437940686941147
0.00784754753112793
0.0015856011305004358
-0.013770592398941517
-0.0006343217683024704
0.03159824386239052
-0.018165739253163338
-0.009550991468131542
-0.015734104439616203
-0.0062741367146372795
0.0023146038874983788
-0.027671219781041145
-0.02611081302165985
0.007880056276917458
-0.023445116356015205
0.0033093634992837906
-0.028425415977835655
-0.0029273887630552053
0.007665500044822693
-0.007060842122882605
0.018373792991042137
-0.016332261264324188
-0.029257632791996002
-0.016696356236934662
-0.009537988342344761
-0.011397473514080048
0.025395626202225685
-0.03074002079665661
