0.005815510172396898
7.983203249750659e-05
0.028403103351593018
-0.018515463918447495
-0.020729685202240944
0.01799372211098671
-0.0553300604224205
-0.015206858515739441
-0.008246062323451042
-0.028224948793649673
0.0022730755154043436
0.011809175834059715
-0.011783724650740623
0.024547306820750237
-0.011643745936453342
-0.013717986643314362
0.03596199303865433
0.0006517793517559767
-0.007520714309066534
-0.0007360851159319282
0.0036362844984978437
0.01729382574558258
0.0026739255990833044
0.006286350078880787
-0.016199439764022827
0.01745925471186638
0.020004335790872574
-0.019915258511900902
-0.008691451512277126
-0.004800659138709307
0.007018060889095068
-0.016237616539001465
-0.012776306830346584
-0.0049788146279752254
0.006610848009586334
0.0038208027835935354
0.003983051981776953
0.02042427472770214
-0.001894494635052979
0.004912006203085184
0.03784535452723503
-0.0030238742474466562
0.0072153047658503056
-0.02289300411939621
0.012706317007541656
0.029013922438025475
-0.020576979964971542
0.005312856752425432
-0.026188883930444717
0.015474092215299606
0.005118794273585081
0.020666057243943214
-0.01571587473154068
-0.00492473179474473
-0.02564169093966484
0.0024051014333963394
-0.02046245150268078
0.00951860286295414
0.016364870592951775
-0.012375456281006336
0.00867872592061758
-0.0031908953096717596
-0.03211892023682594
0.014926900155842304
-0.006680837366729975
0.015563170425593853
-0.025501711294054985
0.005812328774482012
-0.006903531961143017
-0.002532355487346649
0.010708427987992764
0.019266262650489807
-0.011357423849403858
-0.003703092923387885
0.04380084201693535
0.007253480609506369
-0.0005630991654470563
-0.023923762142658234
-0.012776306830346584
0.011548304930329323
0.009270457550883293
-0.029013922438025475
-0.017573785036802292
0.03216982260346413
0.013094441965222359
0.017192022874951363
0.02589619904756546
0.0268760547041893
0.01862999238073826
-0.03219527378678322
0.005646898411214352
-0.0005448064184747636
0.021225975826382637
0.013412577100098133
-0.013679809868335724
0.008004279807209969
-0.007374372333288193
0.005713706836104393
-0.0005865616258233786
-0.028504906222224236
-0.022409437224268913
-0.0027105112094432116
-0.013158068992197514
0.0072153047658503056
-0.03746359050273895
-0.005529188551008701
-0.004682948812842369
0.005023353733122349
0.017917370423674583
-0.02121325023472309
-0.01000853069126606
0.04499703273177147
-0.010969298891723156
-0.020449725911021233
0.014061572030186653
0.003629921702668071
0.01878269761800766
-0.01818460412323475
-0.006063655484467745
-0.0046479543671011925
0.03298424929380417
-0.001114268321543932
-0.00658539729192853
-0.005331944674253464
0.01935534179210663
0.010326665826141834
-0.017217472195625305
-0.00690989475697279
-0.03675096854567528
-0.007208941970020533
0.0002956668322440237
-0.0044188969768583775
-0.000570257194340229
0.0030715945176780224
-0.01752288267016411
0.014456059783697128
-0.01997888647019863
0.017115669324994087
-0.03863433003425598
-0.03148265182971954
0.018693620339035988
0.011605569161474705
-0.017713762819767
-0.04250285401940346
-0.013011726550757885
0.016937514767050743
0.048840105533599854
0.017217472195625305
0.008990498259663582
-0.011554667726159096
0.002005842048674822
-0.027105111628770828
0.007743408903479576
0.0033849577885121107
0.030744578689336777
0.0005817895871587098
0.020157041028141975
0.0260870810598135
-0.007457087282091379
0.01165010780096054
-0.0032640662975609303
-0.006133645307272673
0.0016177170909941196
-0.01084840763360262
-0.004997903015464544
0.003445403417572379
-0.016721181571483612
-0.013514379970729351
0.017790116369724274
0.0015135278226807714
0.007686144672334194
0.02751232497394085
-0.01899902895092964
0.03537662699818611
0.0064485990442335606
0.03362052142620087
0.025247203186154366
-0.00017278714221902192
-0.008545109070837498
-0.007011698093265295
-0.025654416531324387
0.011770999990403652
0.015028703026473522
0.022409437224268913
-0.025349006056785583
0.01409974880516529
0.008131533861160278
0.007768859621137381
0.017713762819767
0.0057677896693348885
0.032017119228839874
0.019558947533369064
-0.004326637834310532
-0.004447529092431068
-0.6425820589065552
-0.0046129594556987286
0.00690989475697279
-0.013756162486970425
0.030846381559967995
-0.006209997460246086
0.006610848009586334
0.021238701418042183
-0.0015540900640189648
-0.018171878531575203
-0.0075016263872385025
-0.0007722729933448136
-0.005630991887301207
-0.004727487917989492
-0.005621447693556547
-0.02010614052414894
0.015601346269249916
-0.02010614052414894
0.008742352947592735
-0.007247118279337883
-0.014901448972523212
0.022014951333403587
-0.010422106832265854
0.0009202058427035809
0.007947015576064587
-0.008354227989912033
0.020449725911021233
-0.007399823050945997
-0.0018340490059927106
0.014990527182817459
-0.030566422268748283
0.017751939594745636
0.0065281325951218605
0.010110334493219852
0.06688472628593445
0.020004335790872574
-0.04418260604143143
0.004813384264707565
0.015397739596664906
0.0068144542165100574
-0.00273119006305933
-0.011408325284719467
-0.009747659787535667
-0.017904644832015038
0.03262793645262718
0.002852081321179867
0.025158125907182693
-0.021187799051404
0.006381790619343519
0.01212731096893549
-0.0021092358510941267
0.0104348324239254
0.015957657247781754
-0.0014912583865225315
-0.0021537747234106064
-0.009658582508563995
-0.001754515222273767
0.01005307026207447
-0.0035822014324367046
0.0038017146289348602
0.007476175203919411
-0.0010776827111840248
-0.004616140853613615
-0.008131533861160278
-0.016301244497299194
0.0041325753554701805
-0.02804679237306118
-0.0023287490475922823
0.028606710955500603
-0.024890892207622528
0.013298047706484795
0.021773166954517365
0.008589648641645908
-0.004896099679172039
0.009894002228975296
-0.015346838161349297
0.005853686481714249
-0.009143203496932983
-0.014341531321406364
0.017917370423674583
-0.012407270260155201
-0.013323498889803886
-0.040237732231616974
0.020920565351843834
0.02333839237689972
-0.05062166228890419
-0.012515435926616192
-0.017128394916653633
-0.007183491252362728
0.008048818446695805
-0.012833571061491966
0.016072185710072517
-0.0037730825133621693
-0.017153846099972725
-0.0011285843793302774
0.04049224033951759
-0.008621461689472198
-0.014748744666576385
0.04576055705547333
-0.01824823021888733
0.00450479332357645
-0.0328824445605278
0.009760385379195213
0.001125402981415391
0.009283183142542839
0.015168682672083378
0.010097608901560307
0.00566916773095727
0.04095035418868065
-0.01519413385540247
-0.013883416540920734
-0.026799703016877174
-0.0005857662763446569
-0.00404667854309082
-0.029904700815677643
-0.029573841020464897
0.007450724486261606
0.003852616297081113
0.015372289344668388
-0.04133211448788643
0.011357423849403858
-0.011064739897847176
0.016937514767050743
0.0009774701902642846
0.0011071101762354374
0.0035185744054615498
-0.032653387635946274
-0.007794310338795185
6.665925320703536e-05
-0.013959769159555435
0.012400907464325428
-0.004810202866792679
0.01846456341445446
-0.0057391575537621975
0.04601506516337395
-0.004787933547049761
0.007469812873750925
-0.01688661240041256
0.018133701756596565
0.019457144662737846
-0.0033245119266211987
0.0017736032605171204
0.0232365895062685
-0.020004335790872574
-0.03420588746666908
-0.002562578534707427
-0.012432720512151718
-0.01735745184123516
-0.01013578474521637
0.022536691278219223
0.0036585538182407618
-0.007647968363016844
-0.03909244388341904
0.006839904934167862
-0.017980996519327164
-0.02342746965587139
-0.0023064797278493643
-0.015690423548221588
-0.019877081736922264
-0.012610876001417637
0.017599234357476234
0.010638438165187836
-0.009779473766684532
0.03766719996929169
-0.031202692538499832
0.0034994862508028746
0.015079604461789131
-0.003314967965707183
-0.03461310267448425
-0.027563227340579033
0.0075525278225541115
0.01269359141588211
0.007463450077921152
0.021022368222475052
0.034129537642002106
-0.0033372375182807446
-0.016428498551249504
0.01018032431602478
-0.00202333927154541
-0.006559946108609438
-0.012922648340463638
0.0230838842689991
-0.019533496350049973
-0.01821005530655384
-0.002327158348634839
0.011351061053574085
-0.005166514310985804
0.0173956286162138
-0.0010283717419952154
-0.011064739897847176
0.015219584107398987
0.0123309176415205
-0.019533496350049973
0.011236532591283321
0.013527105562388897
-0.008557834662497044
-0.004752938635647297
-0.012343643233180046
0.004014865029603243
0.012719042599201202
0.02314751222729683
-0.01682298444211483
0.040772195905447006
-0.0051569705829024315
0.007972465828061104
0.006435873452574015
-0.0009400892886333168
-0.004072129726409912
0.03807441145181656
0.006674475036561489
0.008627824485301971
-0.03252613544464111
-0.012859021313488483
-0.014519686810672283
0.0009957629954442382
0.02621433511376381
0.0026484748814255
6.591362034669146e-05
-0.005058348644524813
0.025501711294054985
-0.0008923690184019506
0.007749771699309349
-0.0009225918329320848
-0.008169709704816341
-0.030617324635386467
0.004437984898686409
-0.008074269630014896
-0.002325567649677396
0.02210402861237526
-0.02023339457809925
-0.002988879568874836
0.01057481113821268
-0.0030906826723366976
0.025399908423423767
0.022816650569438934
0.01637759618461132
0.019342616200447083
-0.0033117865677922964
0.025692593306303024
-0.006795366294682026
0.002368516055867076
0.026646997779607773
0.002214220352470875
-0.016835710033774376
0.034129537642002106
-0.011860077269375324
0.03570748493075371
0.011478315107524395
-0.013272597454488277
0.00972220953553915
-0.014837821945548058
-0.00809335708618164
-0.02738507091999054
-0.009143203496932983
0.001870634499937296
-0.03715818375349045
0.02242216281592846
0.012553611770272255
-0.01269359141588211
0.019800730049610138
-0.004450710490345955
-0.003941694274544716
-0.021493209525942802
0.019482595846056938
-0.005211053416132927
0.009423162788152695
0.02223128266632557
-0.009563141502439976
-0.03558023273944855
-0.00546238012611866
-0.023669254034757614
-0.02361835166811943
-0.008958685211837292
0.01533411256968975
-0.0013051494024693966
0.010498459450900555
-0.01023122575134039
0.003935331478714943
0.0009313405607827008
0.007145314943045378
-0.016810260713100433
-0.021544110029935837
0.01166919618844986
0.00422165310010314
-0.0012645871611312032
-0.03458765149116516
0.005802784580737352
-0.022969355806708336
-0.02791953831911087
0.010982024483382702
-0.018706345930695534
0.0024003295693546534
-0.008048818446695805
-0.0035122118424624205
-0.00926409475505352
-0.016148539260029793
0.025539888069033623
-0.00566916773095727
0.01716657169163227
3.472146636340767e-05
0.017942821606993675
-0.024051016196608543
-0.036852773278951645
-0.00042749405838549137
0.020946016535162926
0.034129537642002106
-0.045327890664339066
0.009079576469957829
0.013781613670289516
5.487831003847532e-05
-0.019877081736922264
0.01678480952978134
-0.00694807106629014
0.03311150521039963
0.008182435296475887
0.010931123048067093
-0.02191314660012722
-0.0015437506372109056
0.027588678523898125
-0.010752967558801174
-0.002344655804336071
0.013883416540920734
-0.01092476025223732
0.012604513205587864
0.04456436634063721
0.009289545938372612
0.0005157765699550509
0.018490012735128403
-0.01121108140796423
-0.00023124447034206241
-0.015524993650615215
-0.031126340851187706
-0.0005209462833590806
0.0065058632753789425
0.010950210504233837
0.01590675674378872
0.007807035930454731
-0.022218557074666023
0.01210822258144617
0.01294809952378273
-0.005456017330288887
-0.013056265190243721
0.022180380299687386
-0.0022842101752758026
0.007348921149969101
-0.015499543398618698
0.009715846739709377
0.0016988415736705065
0.00913684070110321
0.015143231488764286
0.029828349128365517
-0.003537662560120225
-0.0007710800273343921
-0.03298424929380417
-0.025399908423423767
0.008182435296475887
0.02985380031168461
0.0050010839477181435
-0.028403103351593018
0.00024476522230543196
0.01938079111278057
0.0306682251393795
-0.0031081801280379295
-0.005351032596081495
0.017497431486845016
0.019915258511900902
0.005064710974693298
-0.01742107979953289
-0.020895114168524742
0.0013536649057641625
0.01567769981920719
0.028097694739699364
-0.009919453412294388
-0.0319407656788826
0.014850547537207603
0.0088568814098835
-0.0012796985683962703
0.003205211367458105
0.006133645307272673
0.009601318277418613
-0.00018362361879553646
0.027334170415997505
-0.007126226555556059
-0.02804679237306118
0.004737032111734152
-0.048356540501117706
0.021900421008467674
-0.015537719242274761
-0.012591788545250893
-0.00223330850712955
-0.021047819405794144
-0.01092476025223732
-0.021289601922035217
0.00023601649445481598
-0.0011261983308941126
-0.04537879303097725
-0.030973635613918304
0.01356528140604496
0.004374357871711254
0.021136898547410965
0.0071135014295578
0.005907769314944744
-0.008354227989912033
0.029522938653826714
0.003614014945924282
-0.0090095866471529
0.015117781236767769
-0.024776363745331764
0.001181871979497373
0.016339419409632683
-0.001999479252845049
-0.00678264070302248
-0.0025975732132792473
0.012509073130786419
-0.030744578689336777
-0.003753994358703494
0.004367995075881481
-0.005398753099143505
-0.03089728392660618
0.02191314660012722
0.0017576965037733316
-0.005672349128872156
-0.01893540285527706
-0.013107167556881905
-0.017980996519327164
-0.0065344953909516335
-0.006073199678212404
-0.01865544356405735
0.029955603182315826
0.008207886479794979
0.016517575830221176
0.004940638318657875
-0.02438187599182129
-0.014214277267456055
0.001593061606399715
-0.00790247693657875
0.03392592817544937
0.011643745936453342
0.029395684599876404
-0.01590675674378872
0.008748715743422508
0.04255375266075134
0.024292798712849617
-0.024330973625183105
-0.00019803910981863737
-0.051843300461769104
0.01057481113821268
0.02289300411939621
-0.014188826084136963
0.016021285206079483
-0.007641605567187071
0.0030906826723366976
-4.5657361624762416e-05
-0.007228029891848564
-0.009149566292762756
0.041662976145744324
-0.002053562318906188
-0.023567449301481247
-0.0065281325951218605
0.008462394587695599
-0.01402339618653059
0.012260927818715572
0.005545095074921846
-0.01165010780096054
-0.0064772311598062515
0.00513151939958334
-0.01618671417236328
-0.023096609860658646
0.0027168740052729845
-0.027690481394529343
-0.009308633394539356
-0.024687286466360092
-0.015054154209792614
0.023262040689587593
-0.007138952147215605
0.0124899847432971
0.001251861685886979
0.001079273410141468
-0.006334070116281509
-0.01808280125260353
-0.0007448338437825441
0.009276820346713066
0.0016527120023965836
0.006114556919783354
0.029064824804663658
-0.011783724650740623
-0.002351018600165844
0.02008068934082985
-0.014443334192037582
0.004918368998914957
-0.015003252774477005
-0.005783696658909321
-0.03519846871495247
0.030184660106897354
0.010403018444776535
-0.013272597454488277
-9.976518776966259e-05
-0.007018060889095068
0.0029777446761727333
0.02791953831911087
-0.013883416540920734
-0.0016813441179692745
-0.0015723828691989183
-0.02555261366069317
-0.008328777737915516
0.02662154659628868
-0.03054097108542919
0.03092273324728012
-0.010950210504233837
-0.02523447759449482
0.007476175203919411
-0.014201551675796509
0.008755078539252281
0.011198356747627258
0.03395137935876846
-0.024038290604948997
-0.006435873452574015
-0.009677670896053314
0.028123144060373306
0.00880597997456789
0.017662862315773964
-0.024992695078253746
0.011198356747627258
0.042986419051885605
0.007520714309066534
-0.007768859621137381
-0.01364163402467966
0.008417855016887188
-0.007119864225387573
-0.007418910972774029
-0.016543027013540268
-0.020538803189992905
-0.008538746275007725
-0.012579062953591347
-0.006903531961143017
-0.01220366358757019
0.005720069631934166
-0.012973550707101822
0.012668140232563019
-0.009092302061617374
-0.0192917138338089
0.006308619398623705
-0.0018229142297059298
-0.015359563753008842
0.010256676003336906
-0.029777446761727333
0.03654736280441284
-0.004498430527746677
0.006540858186781406
0.011599206365644932
0.008067906834185123
-0.0235547237098217
0.008735990151762962
0.017153846099972725
-0.02570531889796257
0.005815510172396898
-0.030490070581436157
0.00045374021283350885
-0.01710294373333454
0.015359563753008842
0.041153959929943085
-0.011701010167598724
0.01141468808054924
-0.00017805624520406127
0.020704234018921852
0.00607956200838089
0.0011452864855527878
0.018451837822794914
-0.015092330053448677
0.009989443235099316
0.019520770758390427
0.019584398716688156
-0.024292798712849617
0.0037221808452159166
-0.029981054365634918
0.06713923811912537
0.015041428618133068
0.007832487113773823
-0.0028266306035220623
0.010033981874585152
0.00277095683850348
-0.027079662308096886
0.008526021614670753
-0.007590704131871462
-0.005875955801457167
0.022142205387353897
-0.013857966288924217
0.007870662957429886
-0.01628851890563965
-0.019686201587319374
0.007355283945798874
0.01056208647787571
-0.007132589351385832
0.021264150738716125
-0.015575896017253399
0.0006394516094587743
0.03746359050273895
0.018108250573277473
-0.009308633394539356
0.02146775834262371
-5.1249578973511234e-05
0.0033785949926823378
-0.004864286165684462
0.0030429624021053314
-0.027486873790621758
0.022536691278219223
-0.03285699710249901
-0.007431636564433575
-0.006209997460246086
-0.0068144542165100574
-0.01605946011841297
-0.023122061043977737
0.01603401079773903
-0.01364163402467966
0.0006859788554720581
0.018350033089518547
-0.008481482043862343
0.008506933227181435
-0.001496825716458261
-0.0037094554863870144
0.0268760547041893
0.012776306830346584
-0.033187855035066605
-0.007056237198412418
0.015944931656122208
0.00018571138207335025
0.013450752943754196
0.030973635613918304
0.009874913841485977
-0.006496319081634283
0.04448801651597023
-0.012547248974442482
-0.003362688235938549
-0.02242216281592846
0.015855854377150536
-0.002918889746069908
-0.00231602368876338
-0.006649023853242397
0.04069584608078003
0.0016447586240246892
0.013603458181023598
0.012629964388906956
-0.009894002228975296
-0.0019231268670409918
0.014977801591157913
-0.02649429254233837
-0.0061686402186751366
-0.009302270598709583
0.013717986643314362
-0.014456059783697128
0.02776683308184147
-0.018222779035568237
-0.025667142122983932
0.006897169630974531
0.014443334192037582
0.026545194908976555
-0.019660750404000282
0.00044260549475438893
-0.00533512607216835
-0.01174554880708456
-0.020093414932489395
0.021238701418042183
-0.04530244320631027
-0.01767558790743351
0.01647939905524254
0.001970847137272358
0.012095496989786625
0.01018032431602478
-0.023478372022509575
0.01865544356405735
0.00818879809230566
-0.0028091331478208303
-0.0313044972717762
0.006636298727244139
-0.01590675674378872
0.04156117141246796
0.0012820845004171133
-0.020716959610581398
0.0022253552451729774
-0.0030143302865326405
-0.04280826076865196
0.018031898885965347
0.01304354052990675
0.04530244320631027
0.012731767259538174
-0.00033463837462477386
0.007444361690431833
0.019558947533369064
0.0010697293328121305
0.014914174564182758
-0.0350966677069664
-0.002982516773045063
-0.03830346837639809
-0.018897226080298424
-0.008939596824347973
-0.018413661047816277
-0.016683006659150124
-0.004402989987283945
0.038150765001773834
-0.000502653478179127
0.009384986013174057
0.01669573038816452
-0.02314751222729683
0.003718999680131674
-0.016581201925873756
0.009245006367564201
0.023961937054991722
0.005586452782154083
0.00645814323797822
-3.109273893642239e-05
0.011039288714528084
0.00665538664907217
-0.022651221603155136
-0.03588564321398735
-0.02330021560192108
0.020386097952723503
-0.013298047706484795
0.02570531889796257
-0.0021824068389832973
-0.019024480134248734
0.002971382113173604
-0.025603514164686203
-0.0011214263504371047
-0.015919482335448265
-0.015372289344668388
0.001972437836229801
0.009162291884422302
-0.007972465828061104
-0.005370120983570814
0.0008732809219509363
-0.035300273448228836
-0.006661749444901943
0.00558008998632431
-0.022523967549204826
-0.0037858078721910715
-0.020055238157510757
-0.008742352947592735
-0.006941708270460367
-0.028632160276174545
0.0015620434423908591
0.022943904623389244
0.004164388868957758
0.0021378679666668177
0.022842101752758026
0.006289531476795673
0.011707372963428497
-0.011561030521988869
-0.003591745626181364
-0.01506687980145216
-0.03166080638766289
0.011331972666084766
-0.025819847360253334
-0.0014371754368767142
-0.0008605555049143732
0.004145300481468439
-0.020220668986439705
0.0021935417316854
0.010033981874585152
-0.03703092783689499
-0.00027677754405885935
0.19312074780464172
-0.025819847360253334
-0.0034708541352301836
0.0046924930065870285
-0.014048847369849682
0.005583271384239197
0.01878269761800766
0.014137924648821354
-0.009448613040149212
-0.010803868994116783
0.0005082208663225174
-0.014761469326913357
-0.05751882866024971
0.006852630525827408
-0.00124072702601552
-0.034104086458683014
-0.055228255689144135
-0.009505877271294594
0.007412548176944256
-0.01903720572590828
0.018579091876745224
0.0164412222802639
0.004752938635647297
-0.011707372963428497
0.027995890006422997
0.011866440065205097
-0.021544110029935837
-0.00256575969979167
0.011357423849403858
0.007196216378360987
0.0017513338243588805
0.003935331478714943
-0.021429581567645073
0.0004950977745465934
-0.00790247693657875
-0.003957600798457861
0.009276820346713066
-0.006897169630974531
0.010740241967141628
0.027461424469947815
0.030846381559967995
-0.01533411256968975
-0.017179297283291817
-0.018871774896979332
-0.00964585691690445
0.06077653542160988
-0.025209026411175728
-0.0024894073139876127
0.003052506595849991
0.0018674532184377313
0.005895043723285198
0.027843186631798744
0.013857966288924217
-0.00442844070494175
0.004756120033562183
0.01720474660396576
-0.008608736097812653
0.006346795707941055
0.01546136662364006
-0.009397711604833603
-0.0032831544522196054
0.020716959610581398
0.01266177836805582
0.02621433511376381
-0.01481237169355154
0.021773166954517365
-0.00570734404027462
0.0033245119266211987
-0.002211039187386632
0.011847351677715778
0.008761441335082054
-0.008042455650866032
0.002211039187386632
0.025527162477374077
-0.029141176491975784
-0.0013958178460597992
-0.001824504928663373
0.007259843405336142
0.008246062323451042
0.02033519744873047
-0.008086995221674442
-0.006502681877464056
-0.003983051981776953
-0.017179297283291817
-0.0006712651229463518
-0.008252425119280815
0.01678480952978134
-0.004861104767769575
-0.015054154209792614
-0.03077002987265587
-0.004947001114487648
-0.0011977787362411618
-0.002654837677255273
0.007679781876504421
0.01982618123292923
0.005535551346838474
0.004399808589369059
0.05349760130047798
0.01695023849606514
0.011732823215425014
-0.013934317976236343
0.012999000959098339
0.009372260421514511
0.014036121778190136
-0.0268760547041893
0.02270212210714817
-0.009384986013174057
-0.013272597454488277
-0.008615098893642426
-0.015385014936327934
-0.00851965881884098
-0.006314982194453478
0.005099705886095762
-0.0104348324239254
-0.011592843569815159
-0.00505198584869504
-0.006076381076127291
-0.0051856026984751225
0.029522938653826714
-0.01402339618653059
0.004931094590574503
0.005535551346838474
0.0008048818563111126
0.030159208923578262
-0.01163738314062357
-0.020767860114574432
-0.06540858000516891
0.02766503021121025
-0.019520770758390427
-0.0249799694865942
0.021938597783446312
-0.03675096854567528
0.04026317968964577
-0.009378623217344284
-0.009397711604833603
0.02459820732474327
-0.003305424004793167
-0.005198327824473381
-0.0070371488109230995
0.0029268432408571243
0.03402773290872574
-0.02548898570239544
0.013068990781903267
-0.017764665186405182
-0.0011723279021680355
-0.0216586384922266
0.01294809952378273
-0.0002477477246429771
-0.014328805729746819
-0.019673475995659828
-0.022142205387353897
-0.031889863312244415
-0.006149551831185818
-0.0077752224169671535
0.008939596824347973
0.021811343729496002
-0.03626740351319313
-0.016555752605199814
-0.014583313837647438
0.010345754213631153
-0.022982081398367882
-0.005853686481714249
0.017662862315773964
-0.021009644493460655
0.005624629091471434
-0.0071135014295578
-0.15799862146377563
0.0024400963447988033
0.0012884472962468863
-0.013807063922286034
0.01364163402467966
-0.00011075079237343743
0.025285379961133003
0.018757246434688568
-0.009811286814510822
-0.008029730059206486
-0.00566916773095727
-0.011134729720652103
-0.031762611120939255
-0.029293881729245186
-0.01161829475313425
0.007259843405336142
-0.03662371635437012
0.005770971067249775
0.03949965536594391
0.00513151939958334
0.013514379970729351
-0.020258843898773193
-0.012146399356424809
0.01376888807862997
0.004170751664787531
-0.007463450077921152
-0.017726488411426544
0.03341691195964813
-0.027206916362047195
-0.01767558790743351
-0.00857056025415659
0.011503766290843487
0.025005420669913292
0.00046010292135179043
-0.009766748175024986
0.013030814938247204
0.014468785375356674
0.009404074400663376
-0.026112530380487442
0.011751911602914333
0.005331944674253464
0.02248579077422619
0.011694647371768951
-0.004730669315904379
0.026048904284834862
-0.008627824485301971
0.020589705556631088
-0.0013870691182091832
0.04067039489746094
-0.00860237330198288
0.025374457240104675
0.0044920677319169044
0.006750827189534903
-0.011624657548964024
0.011147454380989075
-0.009620405733585358
-0.0016113544115796685
-0.0019803910981863737
0.041179411113262177
-0.025018146261572838
-0.0016002196352928877
-0.002637340221554041
-0.0016733907395973802
0.02121325023472309
0.02728326804935932
-0.020118866115808487
-0.020602431148290634
0.01519413385540247
-0.015486817806959152
0.005316037684679031
-0.017255648970603943
-0.012477259151637554
0.003454947378486395
-0.010822956450283527
0.01236273068934679
0.0197625532746315
-0.0057391575537621975
0.04374994337558746
-0.0027184647042304277
-0.008761441335082054
-0.02634158916771412
0.03219527378678322
-0.010326665826141834
-0.016072185710072517
0.0018229142297059298
-0.0012677684426307678
-0.013959769159555435
-0.000463284261059016
-0.01079750619828701
-0.004053041338920593
0.01072115357965231
-0.0268760547041893
-0.02131505310535431
-0.01092476025223732
-0.004590689670294523
0.006133645307272673
0.002390785375609994
-0.0018849505577236414
-0.007737046107649803
-0.0007929517887532711
0.018350033089518547
0.029981054365634918
-0.007018060889095068
-0.015792228281497955
0.02144230715930462
-0.008373316377401352
0.014850547537207603
0.005440110806375742
0.03461310267448425
0.01843911223113537
-0.032271627336740494
0.009652219712734222
0.01266177836805582
0.027232365682721138
0.016072185710072517
-0.005885499995201826
-0.008246062323451042
-0.01112836692482233
-0.0034294966608285904
-0.017713762819767
0.04474252462387085
0.0012248202692717314
-0.008748715743422508
0.0012622011126950383
-0.03435859456658363
-0.037387240678071976
-0.10154873132705688
-0.032042570412158966
0.025539888069033623
0.018515463918447495
0.01831185817718506
0.006572671700268984
0.008659638464450836
-0.0013640043325722218
-0.028632160276174545
0.01544864196330309
-0.02985380031168461
-0.027970440685749054
-0.009830375202000141
0.0189735796302557
0.007068962324410677
0.042706459760665894
0.018350033089518547
-0.013024452142417431
-0.034256789833307266
0.016390321776270866
0.008653275668621063
0.003528118599206209
-0.023287491872906685
0.017688313499093056
-0.00637224642559886
0.0052015092223882675
-0.025565339252352715
0.006257717963308096
0.019113557413220406
0.001496825716458261
-0.026036178693175316
-0.003944875672459602
-0.002619842765852809
-0.018680894747376442
0.012407270260155201
-0.021035093814134598
-0.01187280286103487
0.0025768945924937725
0.0077752224169671535
-0.0072662062011659145
0.008182435296475887
0.009550416842103004
0.01678480952978134
-0.03741269186139107
0.009213193319737911
-0.028403103351593018
-0.008837793953716755
0.01824823021888733
0.004288461524993181
-0.01609763689339161
-0.017535608261823654
-0.042197443544864655
-0.04316457360982895
-0.01177736185491085
0.01935534179210663
0.023452920839190483
-0.003591745626181364
-0.004857923369854689
0.002104463754221797
-0.01912628300487995
-0.013450752943754196
-0.014990527182817459
-0.0014403567183762789
0.011681921780109406
0.011459226720035076
0.0034867608919739723
-0.023961937054991722
-0.019304439425468445
0.007119864225387573
-0.006839904934167862
0.0232365895062685
0.025310831144452095
-0.003620377741754055
0.003314967965707183
0.0069862473756074905
0.02210402861237526
-0.016008559614419937
-0.01519413385540247
-0.0006839905399829149
-0.009041400626301765
-0.02440732717514038
-0.018553640693426132
-0.00616545882076025
-0.022969355806708336
0.0029729728121310472
0.005615084897726774
0.020220668986439705
-0.001005306956358254
0.01824823021888733
-0.010473008267581463
-0.009563141502439976
0.0298792514950037
-0.0017052042530849576
0.007743408903479576
0.017217472195625305
0.007399823050945997
-0.005984121467918158
-0.01878269761800766
-0.020347923040390015
0.02137868106365204
-0.02753777615725994
0.0010912034194916487
-0.04581145942211151
0.02067878283560276
-1.560850432724692e-05
-0.00818879809230566
-0.02368197776377201
0.002713692607358098
0.039219699800014496
-0.01805735006928444
-0.0023716974537819624
-0.002392376074567437
-0.013679809868335724
-0.006152733229100704
-0.023961937054991722
-0.008360590785741806
-0.021264150738716125
-0.023580174893140793
0.020131589844822884
0.005551457870751619
0.0015262532979249954
0.005271499045193195
0.004444347694516182
-0.0006398492841981351
0.005885499995201826
0.03140629827976227
-0.001081659458577633
0.013743436895310879
-0.011599206365644932
0.0052174162119627
0.0006760371616110206
0.03064277581870556
0.009410437196493149
-0.036445558071136475
-0.004380720667541027
0.0044411662966012955
-0.0023287490475922823
-0.015385014936327934
0.01733200065791607
0.008195160888135433
0.019940709695219994
0.07044783979654312
-0.020895114168524742
-0.008150622248649597
0.045226089656353
-0.021582286804914474
-0.029675643891096115
-0.010485733859241009
0.012636327184736729
0.0014371754368767142
0.004415715578943491
-0.0010721153812482953
0.03173715993762016
0.024330973625183105
0.013221696019172668
-0.03186441585421562
-0.01030757836997509
0.015117781236767769
0.010612987913191319
0.023452920839190483
-0.011344698257744312
-0.003480398328974843
0.028988473117351532
-0.01703931763768196
0.01650485023856163
-0.009709483943879604
0.004988358821719885
0.002292163670063019
0.017751939594745636
0.007565253414213657
-0.007463450077921152
-0.032806094735860825
-0.010918397456407547
0.00782612431794405
0.011478315107524395
0.013603458181023598
0.014456059783697128
-0.004784752149134874
0.004167570266872644
-0.007813398726284504
0.001564429490827024
0.027715932577848434
0.016212165355682373
0.011465589515864849
-0.01220366358757019
0.016212165355682373
0.03326420858502388
0.0017433804459869862
0.008538746275007725
0.0013640043325722218
-0.011389237828552723
0.009327721782028675
-0.002287391573190689
0.02934478409588337
-0.004444347694516182
0.019329890608787537
0.0006613233708776534
0.016453947871923447
0.021684089675545692
-0.020131589844822884
0.017510157078504562
0.025018146261572838
0.03104998730123043
-0.006839904934167862
-0.0006231471779756248
-0.01161829475313425
0.004501611925661564
0.02106054499745369
-0.022600319236516953
-0.03054097108542919
-0.017624685540795326
0.0037730825133621693
0.0039544194005429745
-0.007616154849529266
0.02881031669676304
0.013132617808878422
-0.024801814928650856
-0.0035122118424624205
0.008226973935961723
-0.024012839421629906
-0.01780284196138382
0.009404074400663376
-0.010733879171311855
0.03155900537967682
0.04380084201693535
0.0015723828691989183
0.029395684599876404
-0.005621447693556547
0.017115669324994087
0.006407241337001324
0.01618671417236328
-0.004533425439149141
0.0013671857304871082
-0.00872962735593319
-0.009289545938372612
-0.026265235617756844
-0.01969892717897892
-0.0008764622616581619
0.0028918483294546604
0.03295879811048508
-0.012706317007541656
0.07248390465974808
0.008036092855036259
-0.012610876001417637
0.00021136102441232651
0.005016990937292576
0.0029872888699173927
-0.01212731096893549
-0.003817621385678649
-0.006120919715613127
0.007018060889095068
0.013628908433020115
-0.016555752605199814
-0.009563141502439976
-0.023198412731289864
-0.005977759137749672
-0.006171821616590023
-0.01616126485168934
0.030820930376648903
-0.03064277581870556
0.003948057070374489
0.05807874724268913
0.0039544194005429745
-0.011987331323325634
-0.014036121778190136
-0.026901505887508392
-2.2679554604110308e-05
0.018515463918447495
0.01026303879916668
-0.004934275988489389
-0.02095874212682247
0.010727516375482082
-0.005261954851448536
-0.03965236246585846
-0.0338241271674633
-0.009817649610340595
-0.03743814304471016
0.003935331478714943
-0.05069801211357117
0.011643745936453342
-0.003948057070374489
0.01618671417236328
0.040237732231616974
-0.021238701418042183
-0.03362052142620087
-0.02402556501328945
-0.0007722729933448136
-0.034893061965703964
0.004291642922908068
-0.019800730049610138
