0.002610419876873493
-0.008097105659544468
0.027878643944859505
-0.019807161763310432
-0.028288623318076134
0.022202981635928154
-0.030620384961366653
-0.010774788446724415
-0.032516542822122574
-0.021921120584011078
-0.025495635345578194
0.006546868942677975
-0.006383517291396856
0.02210048772394657
-0.004106206353753805
-0.002136380411684513
0.04184358939528465
-0.010121382772922516
0.0066557698883116245
0.0050190528854727745
-0.020870547741651535
-0.0019810365047305822
-0.004750003106892109
-0.008724887855350971
-0.02485504001379013
0.014464608393609524
-0.002972355345264077
-0.030774127691984177
-0.02946731634438038
0.003933246247470379
-0.01433649007230997
-0.006719829048961401
-0.02383008971810341
0.004669928923249245
-0.012190500274300575
0.0009777062805369496
0.002552766352891922
0.004516186658293009
0.025508446618914604
0.023766031488776207
0.025636564940214157
0.0073347995057702065
-0.002908295951783657
-0.01925625093281269
-0.0007322788005694747
0.030543513596057892
-0.028416741639375687
-0.006521244999021292
-0.03656509518623352
0.028749851509928703
-0.004455330315977335
0.028493613004684448
-0.021831437945365906
0.006803106516599655
-0.02252327837049961
-0.009877956472337246
-0.016668250784277916
0.008929877541959286
0.005380988121032715
-0.015809856355190277
0.01829536072909832
-0.002563976915553212
-0.007834462448954582
0.030620384961366653
0.006117671262472868
0.02529064379632473
0.00023561841226182878
0.008551927283406258
-0.022369535639882088
0.015656113624572754
0.0110374316573143
0.02669995091855526
-0.006226572208106518
0.005919087212532759
0.033003393560647964
0.006988878827542067
-0.009327046573162079
-0.04161297529935837
0.008609580807387829
0.03887123242020607
0.0020947419106960297
-0.01593797467648983
-0.03126097843050957
0.03464331477880478
-0.004378458950668573
0.011063055135309696
0.017590707167983055
0.015169261954724789
-0.002065915148705244
-0.006021582055836916
-0.006172121502459049
0.010006075724959373
0.009410323575139046
0.020396508276462555
-0.02391977421939373
0.006553275045007467
0.003529672045260668
0.003539280965924263
-0.03318275883793831
-0.0365394726395607
-0.034361451864242554
-0.005297711119055748
-0.017014171928167343
-0.002445467049255967
-0.03333650156855583
0.018948765471577644
-0.011915044859051704
0.005035067442804575
-0.002552766352891922
-0.0309278704226017
-0.006236181128770113
0.03374648466706276
0.00014513454516418278
-0.00526247825473547
0.011325699277222157
-0.008327719755470753
0.0032590210903435946
-0.004823671653866768
-0.017436964437365532
-0.012523609213531017
0.0457640215754509
-0.0088850362226367
0.019550923258066177
-0.007802432868629694
0.019538111984729767
0.0036545877810567617
-0.037795037031173706
0.002964348066598177
-0.0337977297604084
-0.012632510624825954
-0.003318276023492217
-0.0012435527751222253
0.003443191759288311
-0.008289284072816372
-0.009077214635908604
0.007770403288304806
-0.008334125392138958
0.006982472725212574
-0.011921451427042484
-0.0233816746622324
0.0375387966632843
0.014631163328886032
-9.403717558598146e-05
-0.04558465629816055
0.0006317856605164707
0.00022941266070120037
0.03297777101397514
0.038640618324279785
0.00478843878954649
0.016770746558904648
0.01736009307205677
-0.02859610877931118
0.02672557532787323
-0.009756243787705898
0.029672306030988693
-0.004932572599500418
0.014861776493489742
0.013503718189895153
-0.004295181483030319
0.0006718227523379028
-0.016181400045752525
-0.007988205179572105
-0.0034015532582998276
0.0076422845013439655
0.014413361437618732
0.018525972962379456
0.0319271981716156
-0.0018192864954471588
0.02010183408856392
-0.006367502734065056
0.0013228262541815639
0.023586664348840714
-0.011883015744388103
0.03177345544099808
-0.006982472725212574
0.014477420598268509
0.010473709553480148
0.020819298923015594
-0.01966623030602932
-0.0173344686627388
-0.01874377578496933
0.008968313224613667
0.020857734605669975
0.016232647001743317
-0.004016523249447346
0.010480115190148354
0.010928531177341938
0.004980617202818394
0.018423479050397873
0.010191847570240498
0.02808363363146782
0.012190500274300575
-0.008968313224613667
0.002946731634438038
-0.6289094090461731
-0.010473709553480148
-0.01032637245953083
0.002198838395997882
0.0033278849441558123
-0.003388741286471486
0.021908309310674667
0.017206350341439247
-0.0012715787161141634
-0.012728599831461906
-0.0017712418921291828
0.011645996011793613
-0.008840194903314114
-0.006764670833945274
-0.027904266491532326
-0.016796370968222618
0.004391270689666271
-0.025892803445458412
0.028954841196537018
-0.020742427557706833
-0.025200961157679558
0.018180053681135178
-0.011562719009816647
0.013478093780577183
-0.018513161689043045
0.005364973098039627
0.004887730814516544
1.0584812116576359e-05
0.0057172998785972595
0.010185441933572292
-0.015002707950770855
0.018141617998480797
0.0033471027854830027
0.008968313224613667
0.050401922315359116
0.024534743279218674
-0.021652070805430412
0.0010697917314246297
0.01220331247895956
0.00024202435452025384
0.013247480615973473
-0.0016247060848399997
0.007847274653613567
-0.006140091922134161
0.030184781178832054
-0.005871042609214783
0.006982472725212574
-0.02388133853673935
-0.006184933241456747
0.003830751171335578
0.011735678650438786
0.013311539776623249
0.010057322680950165
-0.017680389806628227
0.002017870545387268
-0.018423479050397873
0.013170609250664711
-0.007597442716360092
-0.017039796337485313
0.01775726117193699
0.005893463268876076
0.012408302165567875
-0.013247480615973473
-0.012260966002941132
-0.017885379493236542
0.005204824730753899
-0.028493613004684448
-0.01738571748137474
0.011620372533798218
-0.03197844326496124
0.0005873444606550038
0.020524626597762108
-0.0007330795633606613
-0.005618007853627205
-0.0036289640702307224
0.0025783900637179613
0.025444386526942253
0.005947913508862257
-0.013247480615973473
0.001595879322849214
-0.020473379641771317
-0.01265813410282135
-0.030287276953458786
0.01682199351489544
0.02851923741400242
-0.048044536262750626
0.0008752113208174706
0.0026520583778619766
0.009711402468383312
0.024265693500638008
0.012446737848222256
0.008302096277475357
-0.002695298520848155
-0.03515578806400299
-0.0024054297246038914
0.046609606593847275
-0.013926509767770767
-0.006159309763461351
0.02769927680492401
-0.009993263520300388
0.0034495978616178036
-0.02572624757885933
0.019435616210103035
-0.012113628908991814
0.02302294224500656
0.007783215027302504
-0.0009528833325020969
0.010614640079438686
0.053143665194511414
-0.027545534074306488
0.011498658917844296
-0.008129135705530643
-0.0022020412143319845
-0.004983820021152496
-0.018154429271817207
-0.03003103844821453
0.00287786778062582
-0.0056276167742908
0.028416741639375687
-0.026520583778619766
0.017616329714655876
0.00526247825473547
-0.0016895661829039454
-0.007751185446977615
-0.015387063845992088
0.026828069239854813
-0.028467990458011627
0.02006339840590954
-0.011607560329139233
-0.027981137856841087
-0.012152064591646194
-0.016629815101623535
0.010281531140208244
-0.016078904271125793
0.02391977421939373
-0.008058669976890087
0.01220331247895956
-0.004259949084371328
-0.0015005910536274314
-0.02680244669318199
-0.022689834237098694
-0.019499676302075386
0.025649376213550568
-0.0058614336885511875
-0.03938370943069458
-0.018871894106268883
-0.016181400045752525
-0.019345933571457863
-0.03182470053434372
0.016232647001743317
0.0034015532582998276
-0.0013764760224148631
-0.04309915378689766
-0.016681063920259476
-0.0110374316573143
-0.006268210709095001
0.003475221572443843
0.0015782630071043968
-0.032516542822122574
-0.014567104168236256
0.0008295690058730543
0.00455462234094739
-0.03197844326496124
0.03502767160534859
-0.032567791640758514
0.01334997545927763
-0.006034393794834614
0.002025878056883812
-0.020012151449918747
-0.048966992646455765
-0.0019426008220762014
0.012004728429019451
0.004663523286581039
0.006803106516599655
0.02485504001379013
-0.00398769648745656
-0.010332778096199036
-0.001217929064296186
-0.020768051967024803
-0.00043560381163842976
0.013900886289775372
0.025482822209596634
-0.011524283327162266
0.002562375273555517
-0.013074520044028759
0.0027625609654933214
0.008186789229512215
-0.0003042820608243346
-0.009999670088291168
0.02622591145336628
0.012735005468130112
-0.010537768714129925
-0.014195559546351433
0.005762141663581133
-0.006732641253620386
0.005217636935412884
0.009224550798535347
-0.005637225694954395
0.006287428550422192
0.029185455292463303
0.024739732965826988
-0.015732984989881516
0.0385381244122982
-0.005470671225339174
-0.0026968999300152063
-0.004487359896302223
0.004259949084371328
-0.011325699277222157
0.05421986058354378
0.010435273870825768
-0.006194542162120342
-0.00821241270750761
-0.006550071761012077
-0.011383352801203728
-0.00468274112790823
0.03848687559366226
0.0008607979398220778
0.005915883928537369
-0.017911003902554512
0.02195955626666546
-0.005079909227788448
-0.007302769459784031
0.015656113624572754
-0.014400549232959747
-0.01074275840073824
0.016988547518849373
-0.009115650318562984
-0.011716460809111595
0.010973372496664524
-0.014118688181042671
0.0019041651394218206
0.004243934061378241
0.0030075879767537117
0.025124089792370796
0.03851250186562538
0.01783413253724575
0.033464621752500534
-0.003603340359404683
0.028775474056601524
-0.005364973098039627
0.03149159252643585
0.04699396342039108
-0.014977083541452885
-0.020255576819181442
0.03128660097718239
0.009403917007148266
0.025700625032186508
-0.006809512618929148
-0.012542827054858208
-0.0009136469452641904
-0.012389084324240685
-0.004772424232214689
-0.013209044933319092
-0.02818612940609455
-0.01174849085509777
-0.021869873628020287
0.00933985784649849
0.011799738742411137
-0.007693531922996044
0.027314921841025352
0.01595078594982624
0.011268045753240585
-0.007796026766300201
0.025405950844287872
0.006281022448092699
0.015848292037844658
-0.009045184589922428
-0.014784906059503555
-0.016207024455070496
-0.03000541590154171
-0.01647607423365116
-0.017103854566812515
0.006351487711071968
0.016719499602913857
0.007366829086095095
0.008961907587945461
-0.00621055718511343
-0.01172927301377058
0.01784694381058216
0.012901559472084045
-0.026930565014481544
-0.03364398702979088
0.009538441896438599
0.0033214790746569633
-0.007507759612053633
-0.011441005393862724
0.004407285712659359
-0.01736009307205677
-0.03899935260415077
0.019051261246204376
-0.013375598937273026
0.0021491923835128546
-0.006175324320793152
-0.011549906805157661
-0.020985854789614677
-0.004705161787569523
0.020819298923015594
-0.012465955689549446
0.00819319486618042
-0.0009384699515067041
0.00983311515301466
-0.01502833142876625
-0.039281215518713
0.004340023268014193
0.048428893089294434
0.024560367688536644
-0.025623753666877747
0.008103512227535248
0.023573853075504303
-0.020024962723255157
-0.011889421381056309
-0.004615478683263063
-0.008769729174673557
0.011934262700378895
0.015079578384757042
0.01005091704428196
0.014093064703047276
-0.004093394614756107
0.037282560020685196
-0.00845583900809288
0.011588342487812042
-0.006550071761012077
0.0014621553709730506
0.023125438019633293
0.037205688655376434
-0.0026968999300152063
-0.005848621483892202
0.03420770913362503
0.006284225266426802
-0.023253556340932846
0.005903072189539671
-0.045687150210142136
0.021818626672029495
0.001382881891913712
-0.018474726006388664
0.0010489723645150661
0.0028330262284725904
0.004391270689666271
0.017718825489282608
0.01874377578496933
0.0028266203589737415
-0.010351995937526226
-0.005118344910442829
0.0014669598313048482
0.009551254101097584
-0.015143638476729393
0.021447081118822098
0.017001360654830933
0.013503718189895153
0.007796026766300201
0.04363725334405899
0.030236028134822845
-0.001555842231027782
-0.02992854453623295
-0.0025351501535624266
0.006527651101350784
0.0337977297604084
0.011722867377102375
-0.028801098465919495
0.011031026020646095
0.00631945813074708
0.036846958100795746
0.010909313336014748
0.0027993950061500072
0.019384369254112244
-0.0036930234637111425
-0.0021075536496937275
-0.003766691777855158
0.02154957689344883
-0.03794877976179123
0.00887222494930029
0.03925558924674988
-0.014695222489535809
-0.033003393560647964
0.015579242259263992
0.018026310950517654
0.004894136916846037
0.010198254138231277
0.015630489215254784
0.008250848390161991
-0.018385043367743492
0.027443040162324905
-0.007917739450931549
-0.011543501168489456
0.005605196114629507
-0.03992180898785591
0.011620372533798218
-0.021318962797522545
0.0035873253364115953
-0.01425961870700121
-0.0031405112240463495
-0.006668581627309322
-0.01738571748137474
0.001414911588653922
0.02295888215303421
-0.036385729908943176
-0.027314921841025352
-0.008532709442079067
-0.009077214635908604
0.028288623318076134
0.014067440293729305
-0.01222253032028675
-0.016834806650877
0.009877956472337246
-0.005563557613641024
-0.006188136525452137
0.008161165751516819
-0.02389414981007576
-0.018180053681135178
0.011991916224360466
-0.029211077839136124
-0.019858408719301224
0.01524613332003355
0.009839520789682865
-0.01524613332003355
0.008750511333346367
-0.003942855168133974
0.001324427779763937
-0.011075867339968681
0.018923141062259674
0.017513835802674294
0.016142964363098145
0.00526247825473547
-0.009801086038351059
0.005236854776740074
-0.013068114407360554
-0.006175324320793152
-0.018385043367743492
-0.00961531326174736
0.007834462448954582
0.004910151939839125
0.00528169609606266
-0.005989552475512028
0.0003052829997614026
0.010640263557434082
0.011639589443802834
0.008353343233466148
0.003965275827795267
0.01828254759311676
-0.012318619526922703
-0.02571343630552292
0.03195282071828842
0.029646681621670723
-0.0063482848927378654
0.002355783712118864
-0.048966992646455765
0.007834462448954582
0.005986349191516638
-0.003175743855535984
0.01773163676261902
0.0007943363743834198
-0.0033855384681373835
-0.0027753727044910192
0.009788273833692074
-0.004913354758173227
0.031209731474518776
-0.011594748124480247
-0.016732310876250267
-0.013157797046005726
-0.002615224337205291
-0.021754566580057144
0.005653240717947483
0.008795353583991528
0.00099292048253119
-0.006931225303560495
-0.009564066305756569
0.005486686248332262
-0.025021595880389214
0.035437650978565216
-0.028877969831228256
-0.015668924897909164
0.011460223235189915
0.0008131538052111864
0.026392465457320213
-0.02951856330037117
0.018948765471577644
-0.019038448110222816
-0.0001318222057307139
-0.0046122753992676735
-0.02060149796307087
-0.019358744844794273
-0.009115650318562984
0.013247480615973473
0.0028506426606327295
0.026520583778619766
-0.006530853919684887
0.0010313560487702489
0.0010962161468341947
-0.011293669231235981
-0.01833379454910755
-0.017180725932121277
-0.0074052647687494755
-0.02479098178446293
0.012907966040074825
0.02383008971810341
0.010672293603420258
0.011421787552535534
-0.01589953899383545
-0.014579915441572666
0.02672557532787323
-0.013170609250664711
-0.025623753666877747
-0.005348958540707827
-0.008097105659544468
-0.001984239323064685
0.0006514038541354239
-0.021639259532094002
0.02997979149222374
-0.024163199588656425
-0.0019041651394218206
0.011921451427042484
0.007078561931848526
0.005413017701357603
0.014541479758918285
0.04133111238479614
-0.001561447512358427
0.0028330262284725904
0.000791934144217521
0.002820214256644249
0.012177689000964165
0.0013996975030750036
-0.028314247727394104
-0.0010121382074430585
0.025034407153725624
-0.012292996048927307
-0.006072829477488995
-0.01824411191046238
-0.004817265551537275
-0.007411670405417681
0.023176684975624084
-0.012433926574885845
-0.006604522466659546
0.007565413136035204
-0.02680244669318199
-0.012735005468130112
-0.022369535639882088
0.0016575364861637354
-0.00023822083312552422
-0.005003037862479687
0.005429032724350691
-0.0040998007170856
0.01008935272693634
0.0028346276376396418
-0.011428194120526314
0.014285242184996605
-0.020319636911153793
0.045661527663469315
-0.001063385745510459
0.030748503282666206
0.019320309162139893
-0.016296707093715668
-0.03618073835968971
0.007084967568516731
0.0319271981716156
-0.013298727571964264
0.034899551421403885
0.007507759612053633
0.011441005393862724
-0.015630489215254784
0.015809856355190277
0.024585992097854614
-0.02710993029177189
-0.00862879864871502
0.01826973631978035
0.016322331503033638
0.0031613304745405912
-0.015592053532600403
0.010653075762093067
-0.008635205216705799
0.026366842910647392
-0.015745796263217926
0.020832112058997154
-0.008949095383286476
-0.005822998005896807
-0.010787599720060825
0.06277819722890854
0.007110591512173414
-0.001493384363129735
0.0048044538125395775
-0.0062521956861019135
-0.013888074085116386
-0.02252327837049961
0.004833280574530363
-0.00047003570944070816
-0.007386046927422285
0.017231974750757217
-0.009057996794581413
-0.01592516340315342
-0.016642628237605095
-0.03574513643980026
7.531981827924028e-05
-0.0007390851387754083
-0.003798721358180046
0.017936626449227333
0.0024806996807456017
0.018564408645033836
0.02394539676606655
0.018013497814536095
-0.004291978664696217
0.011319292709231377
-0.01356777735054493
-0.02486785314977169
0.013221856206655502
-0.0012395490193739533
-0.01592516340315342
0.011652401648461819
-0.02713555470108986
-0.0010777991265058517
-0.016232647001743317
-0.018615657463669777
-0.016706686466932297
-0.013055302202701569
0.027827395126223564
-0.008340531960129738
-0.005614805035293102
0.0004992628237232566
0.0064892154186964035
0.031645335257053375
0.007802432868629694
0.0038083302788436413
0.019435616210103035
0.01502833142876625
-0.027545534074306488
-0.00043920715688727796
-0.0007150628371164203
-0.0037090382538735867
0.01010857056826353
0.03477143496274948
0.007315581664443016
-0.009019561111927032
0.039127472788095474
-0.01738571748137474
-0.019538111984729767
-0.025047218427062035
0.004644305445253849
-0.014823340810835361
-0.01429805438965559
0.007949769496917725
0.02572624757885933
-0.002594405086711049
0.0008752113208174706
0.00014863778778817505
-0.009769055992364883
0.008404591120779514
-0.012414708733558655
-0.020012151449918747
-0.0035584988072514534
-0.023138249292969704
0.022113298997282982
-0.011703649535775185
0.0010241493582725525
-0.011466629803180695
-0.03746192902326584
0.008590362966060638
0.022753892466425896
0.024124763906002045
-0.02992854453623295
0.0038787955418229103
-0.007315581664443016
-0.031670957803726196
-0.010390431620180607
0.005195215810090303
-0.03477143496274948
-0.005890260450541973
-8.012427861103788e-05
-0.011953480541706085
0.012408302165567875
0.0257518719881773
0.005243260413408279
0.003561701625585556
-0.013285916298627853
-0.007789621129631996
-0.023087002336978912
-0.0038819985929876566
-0.013106550090014935
0.03943495452404022
0.00914768036454916
-0.006354690995067358
-0.0084174033254385
0.006745452992618084
-0.051862478256225586
0.013849638402462006
0.019025636836886406
0.029236702248454094
0.024624425917863846
-0.005867839325219393
0.013631836511194706
0.02675119787454605
-0.03277277946472168
0.016027657315135002
-0.06282944232225418
-0.01080041192471981
-0.014477420598268509
-0.0003479225269984454
-0.010435273870825768
-0.011376946233212948
-0.02157519944012165
-0.005028661340475082
0.029902920126914978
-0.0017920612590387464
0.0084494324401021
0.006719829048961401
-0.013747143559157848
-0.011466629803180695
0.0067518590949475765
0.01732165738940239
0.010153411887586117
-0.012331430800259113
-0.010966965928673744
-0.013811202719807625
0.011396164074540138
-0.0016150971641764045
-0.004954993259161711
-0.03525828570127487
0.010012481361627579
0.02764802984893322
0.0026328405365347862
0.018013497814536095
-0.0006061618914827704
-0.018372230231761932
0.005121547728776932
-0.011056649498641491
0.018205676227808
-0.020819298923015594
-0.004609072580933571
0.009967640042304993
0.006140091922134161
-0.025700625032186508
-0.016642628237605095
0.011934262700378895
-0.042356062680482864
0.00422471622005105
0.0026200287975370884
-0.0024951130617409945
0.016271082684397697
-0.02680244669318199
-0.009051591157913208
-0.034463949501514435
-0.03648822382092476
-0.012465955689549446
0.0015430303756147623
-0.00794336386024952
-0.0078088389709591866
0.035898879170417786
-0.01919219084084034
-0.007200274616479874
0.015399876050651073
0.001356457476504147
-0.010512144304811954
-0.02440662495791912
-2.6424495445098728e-05
-0.028929216787219048
0.0022276651579886675
-0.011466629803180695
-0.0013884871732443571
0.028954841196537018
0.017155103385448456
0.001835301285609603
-0.04860825836658478
-0.001513402909040451
0.20908983051776886
-0.019358744844794273
-0.004615478683263063
-0.0020130660850554705
0.009237363003194332
0.023573853075504303
0.036795709282159805
-0.014144311659038067
-0.014913024380803108
0.007418076507747173
-0.006239383947104216
-0.01192785706371069
-0.031081613153219223
0.009000343270599842
-0.0033535086549818516
-0.016591379418969154
-0.03620636463165283
-0.013593400828540325
0.024111952632665634
-0.01309373788535595
0.01686042919754982
-0.004202295560389757
-0.0032446077093482018
0.00011530688789207488
0.0244450606405735
0.0022420783061534166
0.004285572562366724
0.00042439342360012233
0.011434599757194519
0.00014273231499828398
-0.011415381915867329
-0.014708034694194794
0.008090700022876263
0.007482136134058237
-0.02290763519704342
0.013888074085116386
0.02067836932837963
-0.02429131790995598
0.01966623030602932
0.008680046536028385
0.02008902281522751
-0.023163873702287674
0.0010882087517529726
-0.016706686466932297
-0.006293834187090397
0.06257320195436478
-0.0026440510991960764
-0.015643300488591194
0.021395834162831306
-0.017706014215946198
-0.025162525475025177
0.016975736245512962
0.012280183844268322
0.0050895181484520435
0.013888074085116386
0.020319636911153793
0.0001238147815456614
0.0008543920121155679
0.018180053681135178
0.002741741482168436
-0.017552271485328674
0.019781537353992462
0.019064072519540787
0.015297380276024342
-0.016770746558904648
0.025418763980269432
-0.009423134848475456
-0.02067836932837963
-0.02208767458796501
-0.03195282071828842
0.0058454186655581
-0.015694549307227135
-0.002160402713343501
0.012549232691526413
-0.012946401722729206
-0.024573178961873055
0.024931911379098892
0.005489889066666365
0.010480115190148354
0.04304790496826172
-0.020383695140480995
-0.016604192554950714
-0.03761566802859306
0.0030091896187514067
0.03126097843050957
-0.019973715767264366
0.012312212958931923
-0.028929216787219048
0.009839520789682865
-0.028954841196537018
-0.01425961870700121
0.005275289993733168
0.0029915731865912676
-0.004586651921272278
0.014477420598268509
0.02538032829761505
0.001883345888927579
0.018525972962379456
-0.013157797046005726
0.013875262811779976
-0.020422130823135376
0.030774127691984177
0.03612949326634407
0.012280183844268322
-0.005268884357064962
0.021293338388204575
-0.027007436379790306
-0.0011706852819770575
-0.0037410680670291185
-0.024188822135329247
0.021434269845485687
-0.009327046573162079
0.0008375764591619372
-0.01784694381058216
-0.03966556861996651
0.006578898523002863
0.016757935285568237
-0.008987531065940857
0.019333122298121452
-0.004477750975638628
-0.006040799897164106
-0.017949439585208893
-0.006502027157694101
0.02816050499677658
-0.0012107223737984896
-0.009192521683871746
-0.049043864011764526
0.0041158152744174
-0.0402805395424366
-0.0018449102062731981
0.01867971569299698
-0.03226030617952347
0.03922996670007706
0.02016589418053627
0.009019561111927032
-0.022753892466425896
0.0037570828571915627
-0.00655647786334157
0.0031036771833896637
0.0006037596613168716
0.03500204533338547
-0.017603518441319466
-0.010339184664189816
-0.00037775016971863806
0.0032029692083597183
-0.020550251007080078
-0.004064567852765322
0.014438984915614128
-0.01917937956750393
-0.021882684901356697
-0.01245955005288124
-0.040588025003671646
-0.004759612027555704
-0.021357398480176926
0.008878630585968494
0.028391119092702866
-0.023586664348840714
-0.007174650672823191
-0.009602501057088375
0.019999340176582336
-0.024457871913909912
0.0029339196626096964
0.022741081193089485
-0.002703306032344699
0.0039140284061431885
-0.00599275529384613
-0.15845729410648346
-0.007206680718809366
0.0029195062816143036
-0.0024726921692490578
0.002616825746372342
-0.020358072593808174
0.03989618271589279
0.01779569685459137
0.004128627013415098
-0.009794679470360279
-0.0035841225180774927
0.006899195723235607
-0.03144034370779991
-0.014759281650185585
-0.013593400828540325
0.0005793370655737817
-0.038128145039081573
-0.011191174387931824
0.03364398702979088
0.003920434042811394
0.007751185446977615
-0.02854486182332039
-0.014861776493489742
0.009801086038351059
0.002498315880075097
-0.0019554125610738993
-0.02956981211900711
0.010319966822862625
-0.017513835802674294
-0.004349632188677788
-0.009986857883632183
0.024035081267356873
0.02757115848362446
-0.0036545877810567617
-0.012363460846245289
0.007674314081668854
-0.014003381133079529
0.008718482218682766
-0.006287428550422192
0.011332104913890362
0.006034393794834614
0.013490905985236168
0.023561041802167892
-0.010454491712152958
0.011306481435894966
0.0010353598045185208
0.03600137308239937
-0.01408025249838829
0.03548889979720116
-0.009179709479212761
0.026981811970472336
0.01729603298008442
-0.007828056812286377
-0.011242421343922615
0.007245116401463747
-0.0015486355405300856
0.02293325960636139
0.0005617206916213036
0.013260291889309883
0.021318962797522545
0.01879502274096012
-0.004272760823369026
0.009013155475258827
0.016501696780323982
0.03612949326634407
-0.027340544387698174
-0.019550923258066177
0.032516542822122574
-0.03946058079600334
0.005678864195942879
0.0005180802545510232
-0.003475221572443843
0.012696569785475731
0.0041254241950809956
0.0032926523126661777
0.008308501914143562
-0.006642958149313927
0.01966623030602932
0.010230283252894878
-0.0045193894766271114
-0.01546393521130085
0.034361451864242554
-0.006694205570966005
-0.0019201800459995866
-0.024585992097854614
-0.014169935137033463
0.00037234515184536576
0.007623066660016775
0.012600480578839779
0.016668250784277916
-0.0031709393952041864
-0.06262445449829102
-0.01054417435079813
-0.0033919443376362324
0.004128627013415098
0.02240797132253647
-0.001418915344402194
-0.003497642232105136
0.018923141062259674
0.0030636400915682316
0.0032013675663620234
0.01648888550698757
-0.011408976279199123
-0.010134194046258926
0.03041539527475834
-0.026366842910647392
0.024124763906002045
0.015656113624572754
0.008033046498894691
0.0031036771833896637
-0.02946731634438038
0.01680918224155903
0.014900212176144123
0.010806817561388016
0.020716805011034012
0.015271756798028946
-0.002333363052457571
-0.013337163254618645
0.013285916298627853
0.012952807359397411
0.06805668771266937
-0.011774114333093166
-0.0024774966295808554
-0.0033374938648194075
0.0026936971116811037
-0.0220748633146286
-0.11202704906463623
-0.03692382946610451
0.01880783401429653
0.016130153089761734
0.0009648944833315909
0.02056306228041649
-0.006415547337383032
0.010537768714129925
-0.004128627013415098
0.017629142850637436
-0.03559139370918274
-0.01313217356801033
0.0034656126517802477
0.006867165677249432
0.013900886289775372
0.02675119787454605
0.011754896491765976
-0.007206680718809366
-0.05058128759264946
0.012562044896185398
0.01026871893554926
0.01966623030602932
-0.01600203476846218
0.006325864233076572
-0.019845597445964813
0.009198927320539951
-0.030338523909449577
0.020306823775172234
0.017462586984038353
-0.004026132170110941
-0.01929468661546707
-0.01686042919754982
-0.011991916224360466
-0.0062746163457632065
0.014913024380803108
-0.005630819592624903
-0.004823671653866768
-0.012728599831461906
0.026623079553246498
-0.0037154441233724356
0.008135541342198849
0.007949769496917725
0.0110374316573143
-0.020037775859236717
0.007219492457807064
-0.006636552046984434
-0.007789621129631996
-0.010838847607374191
-0.0010113375028595328
-0.03764129430055618
-0.020037775859236717
-0.04256105422973633
-0.03548889979720116
-0.013964945450425148
0.016796370968222618
0.013721520081162453
-0.009897174313664436
-0.00610165623947978
-0.017193539068102837
-0.01692448928952217
-0.011671619489789009
0.003939651884138584
-0.021857062354683876
0.02439381368458271
0.015617677941918373
-0.006578898523002863
-0.018461914733052254
-0.03133784979581833
-0.012017540633678436
0.016604192554950714
0.005076705943793058
0.018064746633172035
0.006377111654728651
-0.00795617513358593
-0.0253162682056427
0.015515182167291641
-0.017501022666692734
-0.01828254759311676
-0.009205332957208157
-0.0016399201704189181
-0.016617003828287125
-0.013900886289775372
-0.018115993589162827
-0.010390431620180607
0.008186789229512215
0.009057996794581413
0.018154429271817207
-0.006668581627309322
0.005448250565677881
-0.02394539676606655
-0.004634696524590254
0.02430412918329239
0.013644648715853691
-0.007354017347097397
0.0018881503492593765
0.002105952240526676
-0.004669928923249245
-0.01425961870700121
-0.014848965220153332
0.01078119408339262
-0.012158471159636974
-0.003334290813654661
-0.04394473508000374
0.0046603200025856495
0.018128804862499237
-0.01728322170674801
-0.012337837368249893
0.0033983502071350813
0.04168984666466713
-0.02431694231927395
-0.0020691179670393467
0.01925625093281269
-0.0119086392223835
0.03177345544099808
-0.02713555470108986
-0.006175324320793152
-0.023714784532785416
-0.01078119408339262
0.016950111836194992
-0.01832098327577114
0.004061365034431219
0.027468662708997726
0.006306646391749382
0.0010001271730288863
0.02383008971810341
0.02304856665432453
0.01172927301377058
0.010492927394807339
-0.015297380276024342
0.007040126249194145
0.0028426351491361856
0.03979368880391121
0.0015390266198664904
-0.024214446544647217
-0.022856388241052628
0.004673132207244635
-0.010435273870825768
0.0017071826150640845
0.009487194940447807
0.033003393560647964
0.004919760394841433
0.07553882151842117
-0.012260966002941132
-0.03144034370779991
0.03971681743860245
-0.011831767857074738
-0.03149159252643585
-0.0029419271741062403
0.001370870741084218
-0.005986349191516638
0.01691167801618576
-0.01734728179872036
0.027058683335781097
0.01921781525015831
0.009730620309710503
-0.012433926574885845
-0.00048084574518725276
0.009717808105051517
0.014836153015494347
0.018039122223854065
0.008596769534051418
-0.00034031548420898616
0.029851673170924187
-0.031696584075689316
0.00493577541783452
0.009980452246963978
0.003776300698518753
-0.018859082832932472
-0.005368176382035017
0.004381661769002676
-0.015066767111420631
-0.007763997185975313
0.013144985772669315
0.010179036296904087
-0.00222286069765687
0.0006534057320095599
0.00862879864871502
-0.004798047710210085
0.0011322495993226767
-0.010114976204931736
-0.006912007462233305
0.01101821381598711
0.009025966748595238
0.01830817200243473
-0.02066555619239807
0.010262313298881054
0.017911003902554512
0.012645321898162365
0.0023862121161073446
0.008974719792604446
-0.025072842836380005
0.012043164111673832
0.006924819201231003
0.027519911527633667
-0.0021475907415151596
0.0016311120707541704
-0.011428194120526314
0.012331430800259113
-0.007834462448954582
-0.02108834870159626
0.013811202719807625
0.0007863289210945368
0.016027657315135002
-0.00573651771992445
-0.006486012600362301
-0.018871894106268883
-0.005297711119055748
0.019819973036646843
-0.023791654035449028
-0.03144034370779991
-0.01966623030602932
0.024265693500638008
0.002150793792679906
-0.00886581838130951
0.03315713629126549
0.012158471159636974
-0.01780850812792778
-0.00264084804803133
0.008699264377355576
-0.023740407079458237
-0.021190844476222992
0.0035841225180774927
-0.008609580807387829
0.033490244299173355
0.04935134947299957
-0.002514330670237541
0.016309518367052078
-0.0030460236594080925
0.020422130823135376
0.015771420672535896
0.007187462877482176
-0.001860925112850964
0.007674314081668854
-0.004676335025578737
-0.010717134922742844
-0.017898190766572952
-0.017923815175890923
-0.015604865737259388
0.034873928874731064
0.019025636836886406
-0.023548228666186333
0.08009985089302063
0.00821881927549839
-0.022215794771909714
0.0112552335485816
0.003744270885363221
0.004548216238617897
-0.008321314118802547
-0.0035873253364115953
-0.014913024380803108
0.0084494324401021
0.011210392229259014
-0.03602699562907219
0.004240731243044138
-0.02529064379632473
-0.0074757300317287445
-0.0004860505578108132
-0.015130826272070408
0.0516318641602993
-0.009038778953254223
0.014118688181042671
0.050401922315359116
0.004903745837509632
-0.010646669194102287
0.0016751529183238745
1.0409649803477805e-05
0.018871894106268883
0.03228592872619629
-0.026828069239854813
-0.018154429271817207
-0.02210048772394657
-0.00457384018227458
0.015617677941918373
-0.04233044013381004
-0.006143294740468264
-0.01874377578496933
-0.023304803296923637
0.0026824865490198135
-0.0244450606405735
-0.00916049163788557
-0.011024619452655315
-0.004122221376746893
0.015297380276024342
-0.020524626597762108
-0.040049925446510315
-0.02816050499677658
-0.003414365230128169
-0.008250848390161991
0.014374925754964352
-0.012497985735535622
