-0.011572389863431454
-0.010150878690183163
-0.0014126263558864594
-0.016360295936465263
-0.014111724682152271
0.019151626154780388
-0.03812233358621597
-0.008684138767421246
-0.012638523243367672
-0.024760132655501366
-0.0001249879423994571
0.014693251810967922
-0.011204089038074017
0.011326855979859829
-0.0014400873333215714
0.012231454253196716
0.04106873646378517
0.005892808083444834
0.003905923804268241
-0.0022211105097085238
-0.023170625790953636
-0.004432528745383024
-0.0019303469453006983
0.007036478258669376
-0.02355830930173397
0.009995805099606514
0.012728982605040073
-0.03496916592121124
-0.005737734492868185
-0.013284663669764996
-0.007424163166433573
-0.013556043617427349
-0.019784845411777496
0.0027267159894108772
-0.016605829820036888
0.012612677179276943
0.0013391277752816677
0.0009352894849143922
0.025367505848407745
-0.0044874511659145355
0.018479639664292336
0.0011129783233627677
-0.002119343262165785
0.0034116257447749376
-0.01026072259992361
0.003456855658441782
-0.015029245056211948
-0.007475854363292456
-0.024876438081264496
0.02708624117076397
0.01172100193798542
0.019048243761062622
-0.01681259460747242
-0.0015127782244235277
-0.02208510786294937
-0.015649540349841118
-0.020986666902899742
0.006946018431335688
0.008348144590854645
-0.013090821914374828
0.005957422312349081
-0.010473949834704399
-0.023183548822999
0.009730887599289417
0.0070429397746920586
0.013943728059530258
-0.015985533595085144
0.007210936397314072
-0.0017381199868395925
0.010183186270296574
0.027732381597161293
0.010060419328510761
-0.0005476046935655177
-0.004732984583824873
0.021219277754426003
-0.009310895577073097
-0.01574000157415867
-0.03719189018011093
-0.014822480268776417
0.028094220906496048
0.0014618946006521583
0.0007216589874587953
-0.027732381597161293
0.023222316056489944
0.0003927327343262732
-0.0038994625210762024
0.013724040240049362
0.012089302763342857
0.001849579275585711
-0.016050148755311966
-0.021258046850562096
0.02320939302444458
0.003170938231050968
0.01617937721312046
-0.006173879839479923
-0.005466355010867119
-0.006603563670068979
0.02037929557263851
-0.016941823065280914
-0.04274870455265045
-0.009860115125775337
-0.0030804784037172794
-0.017407044768333435
-0.0015572004485875368
-0.027654845267534256
0.0309113971889019
-0.0068878657184541225
-0.013943728059530258
0.021955879405140877
-0.02946404181420803
-0.005266051273792982
0.02902466431260109
-0.01144316140562296
-0.011856691911816597
0.01718735694885254
-0.024785978719592094
0.02022422105073929
-0.022214336320757866
-0.014706174843013287
-0.009104129858314991
0.028378523886203766
-0.00020414024766068906
0.02152942679822445
0.0004046459507662803
0.035925451666116714
0.022524483501911163
-0.015274778939783573
-0.006700484547764063
-0.024269064888358116
-0.020353449508547783
-0.005973575636744499
-0.0011921306140720844
-0.0009417508845217526
0.019022397696971893
0.005547122564166784
-0.0013447814853861928
-0.019513465464115143
0.014060033485293388
-0.025302890688180923
-0.03602883592247963
0.021568194031715393
0.037605419754981995
-0.0039705378003418446
-0.04006075859069824
-0.009963498450815678
0.01704520545899868
0.03440055996179581
0.00894259475171566
0.021464811637997627
0.005140053573995829
0.01935839094221592
-0.039750609546899796
0.023622924461960793
0.003595776157453656
0.012250837869942188
0.01183730736374855
-0.001689659315161407
0.014732020907104015
0.001461086911149323
-0.006991248112171888
-0.008949056267738342
-0.020831594243645668
0.016592906787991524
0.014072956517338753
0.020870361477136612
0.01144316140562296
0.01886732503771782
0.02346784994006157
0.012464065104722977
0.008167224936187267
-0.0003016671980731189
0.01973315328359604
-0.036830052733421326
0.032048605382442474
-0.016308605670928955
0.011184705421328545
0.007714926730841398
0.02514781802892685
0.006151264533400536
-0.009375509805977345
-0.02014668472111225
0.0035053163301199675
-0.001398088177666068
0.024747209623456
-0.028636980801820755
0.017497504130005836
0.01155946683138609
-0.008974902331829071
0.00597680639475584
0.007030016742646694
0.02101251296699047
0.008464450016617775
-0.0055115846917033195
-0.007353087421506643
-0.6451074481010437
0.004645755514502525
0.008380452170968056
-0.01678675040602684
0.013426815159618855
0.021309738978743553
0.019435929134488106
0.006076958496123552
0.005705427378416061
-0.006267569959163666
0.0022065723314881325
0.017523350194096565
0.005317742470651865
-0.010157340206205845
-0.0261299517005682
-0.037605419754981995
-0.0008496757363900542
-0.02008206956088543
0.021090051159262657
-0.035641152411699295
-0.02566472999751568
0.016489524394273758
0.003117631422355771
0.0017122742719948292
-0.014744943007826805
-0.005421124864369631
0.01756211929023266
-0.0014659329317510128
0.01002811174839735
0.02488936111330986
-0.015055091120302677
0.02969665266573429
-0.003737927181646228
0.015261855907738209
0.05561983957886696
0.022821709513664246
-0.026905322447419167
0.017587965354323387
0.020534368231892586
0.004988210275769234
-0.001394857419654727
-0.01748458296060562
0.018621791154146194
-0.01402126532047987
0.033211659640073776
-0.005278973840177059
0.03631313890218735
-0.026672711595892906
0.003032017732039094
0.021632809191942215
-0.022666634991765022
0.004758830182254314
0.010183186270296574
-0.005728042218834162
-0.0038865397218614817
0.009569351561367512
0.009356125257909298
0.008109072223305702
0.014628637582063675
0.019397160038352013
0.007217397913336754
0.00808968860656023
-0.022149721160531044
-0.024062300100922585
-0.017665501683950424
0.0010588639415800571
-0.02402353100478649
-0.02037929557263851
0.014628637582063675
-0.025134894996881485
-0.0029399427585303783
0.01730366237461567
-0.003718542866408825
-0.00863890815526247
0.01620522327721119
0.0055083539336919785
0.025806881487369537
0.011947151273488998
-0.002009499352425337
0.012360681779682636
-0.017213203012943268
-0.0009094438282772899
-0.02824929542839527
0.002426260383799672
0.01475786603987217
-0.0336768813431263
-0.005369433667510748
-0.03380611166357994
-0.006118957418948412
0.019991610199213028
-0.006232032552361488
0.008464450016617775
-0.004671601112931967
-0.016915977001190186
-0.004170841537415981
0.03334088996052742
0.016127685084939003
-0.008121995255351067
0.0262204110622406
-0.009743809700012207
-0.0017510427860543132
-0.008212455548346043
-0.007366010453552008
-0.008063842542469501
0.03825156018137932
-0.011469007469713688
0.01425387617200613
0.00655510276556015
0.02998095378279686
-0.0064032599329948425
-0.0013391277752816677
-0.006190033163875341
-0.017200279980897903
-0.014215107075870037
-0.028688671067357063
-0.023635847494006157
0.003792849136516452
0.0037282349076122046
0.005905731115490198
-0.0034697784576565027
0.01886732503771782
0.0070687853731215
0.004900981206446886
0.01155946683138609
-0.026724401861429214
0.02068944275379181
-0.012373604811728
-0.00778600201010704
-0.02969665266573429
-0.009834269993007183
0.0027331775054335594
-0.02491520717740059
0.03142831102013588
-0.006920172832906246
0.01718735694885254
-0.008037997409701347
0.010396412573754787
-0.005308050196617842
0.00031075355946086347
-0.009440124034881592
-0.023894302546977997
-0.015171396546065807
0.008348144590854645
-0.009233358316123486
-0.024101069197058678
-0.04148226976394653
-0.022046338766813278
0.01283236499875784
-0.011249318718910217
0.006842636037617922
-0.01942300610244274
-0.0033373194746673107
-0.0471683107316494
-0.017730114981532097
0.005537430290132761
-0.01652829349040985
-0.0075792367570102215
-0.001962654059752822
-0.035382695496082306
-0.01460279244929552
0.0072626275941729546
-0.0026653327513486147
-0.008574293926358223
0.0336768813431263
-0.01860886812210083
0.01580461487174034
0.012431757524609566
0.010667791590094566
-0.010532102547585964
-0.04768522456288338
0.018053187057375908
0.014693251810967922
-0.006099573336541653
0.01881563290953636
0.03897523880004883
0.003245244501158595
-0.009278587996959686
0.01597261242568493
-0.014938785694539547
-0.027241315692663193
-0.008109072223305702
0.028430214151740074
-0.0008169648353941739
-0.008716445416212082
-0.008774598129093647
0.011313932947814465
0.022847553715109825
0.017497504130005836
0.0025134894531220198
-0.003203245345503092
0.013232972472906113
-0.0115917744114995
-0.011029630899429321
0.009065361693501472
0.009575813077390194
0.0022453407291322947
-0.007417701650410891
0.005162668414413929
0.008865057490766048
0.007747233379632235
0.01881563290953636
0.005382356699556112
0.033004894852638245
-0.02127096988260746
-0.025044435635209084
-0.005770041141659021
0.007146322168409824
-0.01597261242568493
0.04491974040865898
-0.0016751211369410157
0.006461412645876408
-0.02824929542839527
-0.03264305740594864
-0.008961979299783707
0.002255033003166318
0.028817899525165558
0.0033922416623681784
0.0018738096114248037
-0.006920172832906246
0.006251416634768248
-0.0105644091963768
-0.008994285948574543
0.007114015053957701
-0.017122743651270866
-0.00808968860656023
0.021568194031715393
0.01364650297909975
-0.004174072295427322
0.012166840024292469
-0.010105649009346962
0.009569351561367512
0.005162668414413929
-0.0025054127909243107
0.014008342288434505
0.033211659640073776
0.022770017385482788
0.027370544150471687
-0.0005338742048479617
0.03359934315085411
-0.012121609412133694
0.016218144446611404
0.018880248069763184
-0.006694023497402668
-0.013284663669764996
0.02948988601565361
0.002922173822298646
0.034891627728939056
-0.0014174723764881492
0.007572775240987539
-0.009537044912576675
-0.016101839020848274
0.018621791154146194
-0.008535525761544704
-0.02992926351726055
0.011527160182595253
-0.0369851253926754
0.02068944275379181
0.01774303801357746
0.007282011676579714
0.024036454036831856
0.004132073372602463
0.010202569887042046
-0.0018431178759783506
0.0185830220580101
-0.013077898882329464
-0.010693637654185295
-0.016024302691221237
-0.010125033557415009
-0.028197603300213814
-0.01707105152308941
-0.011417316272854805
-0.013711117208003998
0.00683617452159524
0.002847867552191019
0.024204451590776443
0.018647637218236923
0.013245895504951477
0.003120862180367112
0.004503604490309954
0.002602333901450038
-0.029334813356399536
-0.022175567224621773
0.02057313732802868
0.026026569306850433
-0.00885859690606594
0.012347759678959846
0.00028450405807234347
0.007088169455528259
-0.03315996751189232
-0.007966921664774418
-0.005466355010867119
0.004645755514502525
0.02344200387597084
-0.0017575041856616735
-0.005217590369284153
-0.007139860652387142
0.03145415708422661
-0.017445813864469528
-0.0019400391029193997
-0.02080574817955494
3.785983790294267e-05
-0.011733924970030785
-0.02323523908853531
-0.0013762809103354812
0.03292735666036606
0.028585288673639297
-0.026724401861429214
0.023080164566636086
0.009633965790271759
-0.014835403300821781
0.006034959107637405
-0.014589869417250156
-0.003214552765712142
0.013245895504951477
0.0036765437107533216
0.0042322250083088875
0.021309738978743553
-0.004878366366028786
0.025419196113944054
0.01040287408977747
0.002371338428929448
0.001466740621253848
0.01082286611199379
0.030032645910978317
0.045307423919439316
-2.584564936114475e-05
-0.024721363559365273
0.02656932733952999
0.015895074233412743
0.002453721361234784
-0.010163801722228527
-0.05484446883201599
0.0011436700588092208
0.0010992478346452117
-0.0029851726721972227
0.012438219040632248
-0.0010491719003766775
-0.0023826458491384983
0.014796634204685688
0.013026207685470581
-0.0032840128988027573
-0.017587965354323387
0.02946404181420803
-0.002376184333115816
0.015236010774970055
-0.006971864029765129
0.025186585262417793
-0.014228030107915401
0.02920558489859104
0.0029625575989484787
0.03752788528800011
0.022188490256667137
-0.006477565970271826
-0.01713566668331623
0.008225377649068832
0.0034342408180236816
0.018337488174438477
0.0022372640669345856
-0.013478506356477737
0.0211288183927536
0.019978687167167664
0.015029245056211948
0.02257617563009262
0.00032690708758309484
0.0312215443700552
0.027628999203443527
0.01286467257887125
-0.002571642166003585
-0.0052918968722224236
-0.03499500826001167
0.01947469636797905
0.015029245056211948
-0.006797405891120434
-0.02755146287381649
0.012670829892158508
0.02757730893790722
0.002290570642799139
0.0016605829587206244
0.015236010774970055
-0.0008246377692557871
0.002269571181386709
0.028430214151740074
0.0002647159853950143
-0.02734469808638096
0.002214649226516485
-0.0368042066693306
0.011901921592652798
-0.005149745848029852
-0.008949056267738342
0.006235262844711542
-0.0008016189676709473
0.0014538178220391273
-0.008587216958403587
0.014344335533678532
0.020844517275691032
-0.04838305711746216
-0.029593268409371376
-0.0061641875654459
-0.010971478186547756
0.02022422105073929
0.01683844067156315
-0.020586060360074043
0.005169129930436611
0.015313548035919666
-0.010486872866749763
-0.015416930429637432
0.00730139622464776
-0.022188490256667137
-0.007895845919847488
0.02540627308189869
-0.017665501683950424
-0.011682233773171902
0.01059025526046753
-0.003296935698017478
-0.026698555797338486
-0.013103744946420193
-0.0074693928472697735
-0.01973315328359604
-0.007398317102342844
0.0021274201571941376
-0.00020414024766068906
-0.0007341780001297593
0.001408587908372283
-0.03243628889322281
-0.009033055044710636
-0.003847771091386676
0.003641005838289857
-0.003741157939657569
0.0002849079028237611
0.0010305952746421099
-0.022899245843291283
0.01082286611199379
-0.006706946063786745
-0.02876620925962925
0.014900017529726028
0.01155946683138609
0.00447129737585783
-0.005098054651170969
-0.007398317102342844
0.0032549365423619747
-0.014383104629814625
0.042180102318525314
0.03310827910900116
-0.014525255188345909
-0.01353019755333662
-0.05928992107510567
0.008974902331829071
0.01001518964767456
-0.006316030863672495
0.02092205360531807
0.0011816307669505477
-0.021232200786471367
-0.010745328851044178
-0.004535911604762077
-0.012806519865989685
0.04161149635910988
-0.01814364641904831
-0.030627096071839333
-0.016773827373981476
-0.021955879405140877
0.003038479248061776
0.013607734814286232
8.470507600577548e-05
-0.0064032599329948425
2.1630587070831098e-05
0.004390529822558165
-0.0027557923458516598
-0.011895460076630116
0.02806837670505047
-0.023610001429915428
-0.00034709900501184165
0.003792849136516452
-0.0024795669596642256
0.021839573979377747
-0.005298358388245106
0.0006041420856490731
-0.0016945054521784186
-0.017226126044988632
-0.01318128127604723
-0.02584565058350563
-0.01583046093583107
-0.0016799672739580274
0.013698194175958633
0.000815753301139921
0.027758227661252022
-0.0038413098081946373
0.00878105964511633
-0.003027171827852726
-0.004842828493565321
0.004426067695021629
0.0003263013204559684
-0.014977553859353065
-0.04396345093846321
0.015068014152348042
0.01695474609732628
0.00817368645220995
0.014150493778288364
-0.0170193612575531
-0.006471104454249144
0.039026930928230286
-0.010118572041392326
-0.01900947466492653
0.008832750841975212
-0.006655254866927862
-0.016993515193462372
0.017355354502797127
-0.01779473014175892
0.013607734814286232
-0.017872266471385956
-0.00859367847442627
0.029619114473462105
0.001273705973289907
0.0044874511659145355
0.015843383967876434
0.04321392625570297
-0.01256098598241806
-0.015533235855400562
0.014576946385204792
0.02801668457686901
-0.001381126930937171
0.013362200930714607
-0.041223812848329544
0.03184184059500694
0.0432397723197937
-0.0026152567006647587
-0.027008704841136932
-0.007081707939505577
0.019836535677313805
0.0030966319609433413
0.028921281918883324
0.00018303969409316778
-0.017949804663658142
0.009084746241569519
-0.01522308774292469
-0.007798925042152405
-0.019603924825787544
0.010461026802659035
-0.0034859320148825645
0.007430624216794968
0.008516141213476658
0.0005782964290119708
0.01279359683394432
-0.00912997592240572
-0.009181667119264603
0.014512332156300545
-0.03186768665909767
0.04476466402411461
-0.0024488752242177725
0.011507775634527206
0.030368639156222343
0.013995419256389141
-0.022421101108193398
0.00318709178827703
0.014680328778922558
-0.015068014152348042
0.025393351912498474
0.001100055524148047
0.009213973768055439
-0.020999589934945107
-0.003721773624420166
0.04282624274492264
4.780435483553447e-05
-0.010493333451449871
0.003340550232678652
0.028585288673639297
-0.002621718216687441
-0.01900947466492653
0.014615715481340885
-0.023984763771295547
0.02659517340362072
-0.011701618321239948
0.014383104629814625
-0.017846420407295227
-0.010318875312805176
-0.004687754902988672
0.06482089310884476
0.0038962317630648613
0.0061383419670164585
0.011275164783000946
-0.0020304988138377666
-0.02563888393342495
-0.010454565286636353
0.001977192237973213
-0.014680328778922558
0.0070429397746920586
0.02118051052093506
-0.013465583324432373
0.005799117498099804
-0.010790558531880379
-0.03023941069841385
-0.012108687311410904
-0.010034573264420033
-0.00912997592240572
0.023661691695451736
0.0026394869200885296
0.02118051052093506
0.017058128491044044
0.01221206970512867
-0.016399065032601357
-0.012334836646914482
0.00021039973944425583
-0.018621791154146194
0.00556327635422349
0.01846671663224697
-0.03000679984688759
0.005611736793071032
-0.01617937721312046
-0.0023777997121214867
0.004426067695021629
-0.02734469808638096
0.006215878762304783
-0.006655254866927862
0.012431757524609566
-0.00816076435148716
-0.01580461487174034
0.000854521815199405
0.004193456843495369
0.007307857740670443
0.007424163166433573
0.006913711316883564
0.010234877467155457
0.028611134737730026
-0.0377863384783268
-0.017290739342570305
-0.015791691839694977
-0.012147455476224422
0.01947469636797905
0.024372447282075882
0.005789425689727068
-0.022330641746520996
0.03667497634887695
-0.009465969167649746
-0.025806881487369537
-0.005876654759049416
0.015145550481975079
-0.0024004147853702307
-0.025806881487369537
-0.009873038157820702
0.010112110525369644
-0.0071075535379350185
-0.005152976606041193
-0.0026394869200885296
-0.00924628134816885
0.013388046994805336
0.0018592714332044125
-0.03383195400238037
0.010713022202253342
-0.02231771871447563
0.026272103190422058
-0.009252742864191532
0.023803843185305595
-0.00920105166733265
-0.02897297404706478
-0.00959519762545824
-0.005821732804179192
0.029153892770409584
-0.03631313890218735
-0.010577332228422165
0.0003145900263916701
-0.011727463454008102
-0.031324926763772964
0.0004543180693872273
-0.02199464850127697
-0.012121609412133694
-0.0028737131506204605
-0.003038479248061776
-0.009621042758226395
0.012302529066801071
-0.015727078542113304
0.007178629282861948
-0.011229935102164745
-0.018931938335299492
-0.028869591653347015
0.0012018227716907859
-0.029412349686026573
0.05996190756559372
0.004678062628954649
-0.020017456263303757
-0.026905322447419167
-0.0013641656842082739
-0.04176656901836395
-0.014228030107915401
0.0029205584432929754
0.02946404181420803
-0.0017041974933817983
-0.002368107670918107
0.008516141213476658
0.022214336320757866
-0.011998843401670456
0.0022614942863583565
-0.01912578009068966
-0.03282397612929344
-0.029050510376691818
0.004787906538695097
-0.015210164710879326
-0.006267569959163666
-0.02297678217291832
-0.003453624900430441
0.030549557879567146
0.014111724682152271
-0.007908768951892853
0.013853268697857857
-0.008877980522811413
-0.020909130573272705
0.014434795826673508
0.02463090419769287
0.005747426301240921
0.0039576152339577675
-0.006196494679898024
-0.02231771871447563
0.0016831979155540466
0.014189261943101883
-0.005256358999758959
-0.01510678231716156
0.0023083395790308714
0.03822571784257889
0.0017849651630967855
0.018337488174438477
0.005450201220810413
-0.014706174843013287
0.003951153717935085
0.0037314656656235456
0.01101024728268385
-0.010499794967472553
-0.0042225331999361515
0.017239049077033997
0.003582853125408292
-0.013840345665812492
-0.020818671211600304
0.023777997121214867
-0.05536138266324997
-0.010745328851044178
0.0021403429564088583
-0.019655616953969002
0.011061938479542732
0.003327627433463931
-0.012942208908498287
-0.01617937721312046
-0.030652940273284912
-0.019203318282961845
-0.006584179122000933
-0.01707105152308941
0.0066229477524757385
0.023015551269054413
-0.01510678231716156
0.01017026323825121
-0.002844636794179678
0.00472329230979085
-0.026905322447419167
-0.021438967436552048
-0.01075179036706686
-0.0235841553658247
-0.010137956589460373
0.0008642139146104455
0.0021274201571941376
0.018712250515818596
0.008373990654945374
0.02535458281636238
-0.04491974040865898
0.0163473729044199
0.20883284509181976
-0.03440055996179581
0.011637004092335701
0.007798925042152405
-0.02054729126393795
0.008354606106877327
0.054999541491270065
0.006739253178238869
-0.0006497757858596742
0.012250837869942188
0.01557200402021408
-0.02558719366788864
-0.011301010847091675
-0.0012777443043887615
0.0021177278831601143
-6.022238449077122e-05
-0.04148226976394653
0.004109458532184362
0.009045977145433426
0.010667791590094566
0.034659016877412796
-0.002494105137884617
-0.012186223641037941
-0.0038671554066240788
0.02923143096268177
0.009233358316123486
-0.002796176355332136
0.008141379803419113
0.02946404181420803
0.004813752137124538
-0.010202569887042046
0.017962725833058357
0.001775273121893406
-0.004535911604762077
-0.015326470136642456
0.017174433916807175
0.024669673293828964
-0.0031450926326215267
0.017587965354323387
0.017122743651270866
0.03871678188443184
-0.015791691839694977
0.0013851652620360255
-0.02804253064095974
-0.01692890003323555
0.05701550468802452
-0.009705041535198689
-0.014060033485293388
-0.005766810849308968
-0.0013060129713267088
-0.013284663669764996
0.030601250007748604
0.027241315692663193
-0.0019949611742049456
0.005169129930436611
0.021930033341050148
-0.014279721304774284
-0.01629568263888359
0.021426044404506683
-0.003996383398771286
0.00026087951846420765
0.0051917447708547115
-0.0080186128616333
0.01895778439939022
-0.02372630685567856
0.010674253106117249
-0.03352180868387222
-0.036183908581733704
-0.009453046135604382
-0.015907997265458107
0.004148226696997881
-0.012968054972589016
-0.013200665824115276
0.009524121880531311
-0.014732020907104015
-0.03693343326449394
0.002269571181386709
0.025457965210080147
-0.0039026930462569
0.036416519433259964
-0.0225115604698658
0.000986980739980936
0.004090073984116316
-0.010538564063608646
0.007055862341076136
-0.022033415734767914
0.0037670035380870104
-0.012670829892158508
0.012884056195616722
-0.04081027954816818
-0.015584927052259445
0.021115895360708237
-0.0034697784576565027
-0.020353449508547783
0.009756732732057571
0.0077343108132481575
0.003327627433463931
0.013168358244001865
-0.009582274593412876
-0.009963498450815678
-0.02468259632587433
0.03318581357598305
0.021981725469231606
-0.0005548737826757133
-0.006823251489549875
0.01533939316868782
-0.04817629233002663
-0.016011379659175873
0.0008577525150030851
-0.022537406533956528
0.0027024857699871063
-0.009853653609752655
0.0014352411963045597
-0.011805000714957714
-0.025716422125697136
0.013362200930714607
0.016282759606838226
-0.020586060360074043
0.01683844067156315
0.006131880450993776
-0.018182415515184402
0.0025942570064216852
-0.009297972545027733
0.020844517275691032
-0.009853653609752655
-0.024553367868065834
-0.040267523378133774
0.01788518950343132
-0.021697422489523888
-0.0025894111022353172
-0.008936133235692978
-0.017458736896514893
0.02897297404706478
0.0029011741280555725
-0.005434047896414995
0.005740964785218239
-0.012147455476224422
-0.011184705421328545
0.021167587488889694
0.016915977001190186
0.014576946385204792
-0.02601364627480507
-0.0156107721850276
-0.0014635099796578288
0.010900402441620827
-0.021051282063126564
0.006535718683153391
0.013995419256389141
-0.015546158887445927
-0.010338259860873222
0.004170841537415981
-0.036907587200403214
-0.004829905927181244
0.02439829334616661
0.007165706250816584
0.03000679984688759
-0.022007571533322334
-0.006551872473210096
-0.0021597270388156176
-0.001986884279176593
-0.02951573207974434
0.008199532516300678
0.018014417961239815
-0.018880248069763184
-0.0017251971876248717
0.008580755442380905
-0.16189715266227722
0.005046362988650799
0.007198013365268707
-0.014202184975147247
0.008800444193184376
0.0018625021912157536
0.02234356477856636
0.027008704841136932
0.01592092029750347
0.007592159789055586
-0.006958941463381052
-0.010137956589460373
-0.037088505923748016
-0.029567424207925797
-0.01676090434193611
0.0026653327513486147
-0.03884601220488548
0.005921884439885616
0.032746437937021255
0.010803481563925743
-0.005175591446459293
-0.00894259475171566
-0.007637389469891787
-0.0061415727250278
0.019552234560251236
0.0010814788984134793
-0.008341683074831963
-0.0039156158454716206
0.003098247339949012
-0.014951708726584911
0.01559785008430481
0.024204451590776443
0.009692118503153324
-0.004865443799644709
0.016890132799744606
-0.004594064317643642
-0.01753627322614193
-0.010183186270296574
-0.01629568263888359
0.022421101108193398
8.442743819614407e-06
0.030291100963950157
0.025225354358553886
-0.01276128925383091
0.006471104454249144
0.0026621019933372736
0.03437471389770508
-0.0015660848002880812
0.025109048932790756
-0.017665501683950424
0.020237144082784653
0.0014861248200759292
-0.0025183355901390314
-0.0038606938906013966
0.014744943007826805
0.011695156805217266
0.014654483646154404
-0.004303300753235817
0.0015184319345280528
0.012037611566483974
-0.0034342408180236816
-0.00500759482383728
0.022938014939427376
0.02946404181420803
0.009149360470473766
-0.02384261228144169
-0.0039576152339577675
0.015145550481975079
-0.03843248263001442
0.014331412501633167
-0.007844154722988605
-0.020443908870220184
-0.0020224221516400576
-0.010667791590094566
-0.013400969095528126
-0.00882628932595253
-0.015662463381886482
0.04393760487437248
0.009814885444939137
-0.02028883434832096
-0.020004533231258392
0.03390949219465256
-0.0031240929383784533
-0.012334836646914482
-0.007908768951892853
-0.012360681779682636
0.0012066687922924757
0.00649048900231719
0.0019723461009562016
0.00820599403232336
0.014499410055577755
-0.03119570016860962
-0.011249318718910217
-0.0016783518949523568
0.013930805027484894
0.026646865531802177
0.015520312823355198
7.057074253680184e-05
0.014615715481340885
-0.0042322250083088875
0.011507775634527206
0.003280782140791416
-0.017755961045622826
0.007521084044128656
0.02260202169418335
-0.003569930326193571
0.01251575630158186
0.001499855425208807
0.01597261242568493
0.008587216958403587
-0.03646821156144142
0.003582853125408292
0.012192685157060623
0.006758637260645628
0.00967919547110796
0.01390495989471674
-0.010719483718276024
-0.008839212357997894
0.005831424612551928
-0.013148974627256393
0.054482631385326385
0.002255033003166318
-0.0064581818878650665
0.011184705421328545
-0.00507220858708024
-0.04378253221511841
-0.11030923575162888
-0.034891627728939056
0.009924729354679585
0.028197603300213814
0.009834269993007183
0.023054320365190506
-0.010538564063608646
0.0174199678003788
-0.01851840876042843
0.016631675884127617
-0.02804253064095974
-0.012160378508269787
0.0015919305151328444
0.019255008548498154
-0.004119150340557098
0.026724401861429214
-0.01667044498026371
-0.020159607753157616
-0.015132628381252289
0.029179738834500313
0.0038122334517538548
0.017730114981532097
0.001665429095737636
-0.008580755442380905
-0.016011379659175873
0.007546929642558098
-0.028662825003266335
0.00874229148030281
0.02364877052605152
0.0009635581518523395
-0.018531331792473793
-0.0051788222044706345
0.000775773311033845
-0.002309954958036542
0.019888227805495262
-0.019203318282961845
-0.01814364641904831
-0.022847553715109825
0.018738096579909325
-0.0163473729044199
0.0018366564763709903
0.03166092187166214
0.0033373194746673107
-0.029386503621935844
0.01252867840230465
-0.019410083070397377
0.001982038374990225
0.009601659141480923
-0.006202956195920706
-0.027396388351917267
-0.017898112535476685
-0.011481929570436478
-0.030601250007748604
-0.0006186802638694644
0.009524121880531311
0.010861634276807308
-0.012929286807775497
-0.003140246495604515
-0.0023858766071498394
-0.010357644408941269
0.0012785519938915968
-0.00597680639475584
-0.008651831187307835
0.025690576061606407
0.012974516488611698
-0.015210164710879326
-0.009375509805977345
-0.005866962485015392
0.0040674591436982155
0.010855172760784626
0.010932710021734238
-0.014176338911056519
0.012082841247320175
-0.016890132799744606
-0.014344335533678532
0.011301010847091675
-0.02801668457686901
-0.00943366251885891
-0.014732020907104015
-0.0027024857699871063
-0.012147455476224422
-0.012502833269536495
-0.020237144082784653
-0.02631087228655815
-0.004358222708106041
0.006319261621683836
0.002364876912906766
-0.001888347789645195
-0.0030255564488470554
-0.027603155001997948
-0.0011315548326820135
0.044868048280477524
0.002969019114971161
0.01652829349040985
0.010428720153868198
-0.008716445416212082
0.0105644091963768
-0.015274778939783573
-0.013123128563165665
-0.010842249728739262
-0.029334813356399536
0.00500759482383728
-0.05701550468802452
-0.0015257010236382484
0.020443908870220184
-0.039052776992321014
-0.008451527915894985
0.008186609484255314
0.029438195750117302
-0.00025078357430174947
0.004794368054717779
-0.009847193025052547
-0.01935839094221592
0.01063548494130373
-0.019668539986014366
-0.010422258637845516
-0.011423776857554913
-0.010435180738568306
0.026142874732613564
0.0009692118619568646
0.002014345256611705
0.003140246495604515
0.002902789507061243
-0.001852810033597052
0.01286467257887125
0.021451888605952263
-0.023920148611068726
-0.00172035105060786
0.0026992550119757652
-0.010338259860873222
-0.014150493778288364
0.02381676621735096
0.0030400946270674467
-0.01767842471599579
-0.006597102154046297
0.00074710079934448
-0.0013391277752816677
0.002888251328840852
0.003043325385078788
0.03434886783361435
0.005540661048144102
0.06719868630170822
-0.020237144082784653
-0.013581888750195503
0.03765711188316345
-0.01390495989471674
-0.017239049077033997
0.006674638949334621
-0.016890132799744606
-0.00021585155627690256
0.015261855907738209
-0.01973315328359604
0.03946630656719208
0.011527160182595253
-0.009698580019176006
-0.03145415708422661
-0.006086650770157576
-0.0007034862646833062
0.013594811782240868
0.009285049512982368
-0.005957422312349081
-0.012270222418010235
0.04445451870560646
-0.007882922887802124
-0.008470911532640457
0.007986306212842464
0.004833136685192585
-0.0007693119114264846
0.0002782445808406919
-0.0073724715039134026
-0.010021651163697243
-0.011643465608358383
0.0011380162322893739
0.0123283751308918
-0.0004175687790848315
0.0174199678003788
0.043136388063430786
-0.0005532584618777037
0.00043816454126499593
0.01152069866657257
0.0015119705349206924
0.010932710021734238
-0.011397931724786758
0.005631120875477791
-0.03776049613952637
0.014654483646154404
0.023454926908016205
-0.007288473192602396
-0.016515370458364487
0.015055091120302677
-0.02899882011115551
0.012050534598529339
0.01155946683138609
0.02003037929534912
-0.00894259475171566
0.016308605670928955
0.0011339779011905193
0.0026782555505633354
-0.00021342853142414242
-0.0006316030630841851
0.02413983643054962
0.011843768879771233
0.040965355932712555
0.00419668760150671
0.009969959035515785
-0.021813727915287018
-0.03429717570543289
0.024966897442936897
-0.041895799338817596
-0.05344880372285843
-0.01608891785144806
0.013129590079188347
-0.007501699961721897
-0.014215107075870037
0.026750247925519943
0.012089302763342857
-0.017820576205849648
0.004002844914793968
0.0023454928305000067
-0.005285435356199741
-0.022408178076148033
0.018712250515818596
-0.006277262233197689
0.01953931152820587
0.033211659640073776
-0.014447717927396297
-0.0015499313594773412
0.005088362377136946
0.03579622507095337
-0.01863471418619156
0.012457603588700294
-0.005711888428777456
-0.0038251562509685755
-0.013633579947054386
-0.026297949254512787
-0.013956651091575623
0.0002663313352968544
0.010641946457326412
0.018931938335299492
0.032048605382442474
-0.0070946309715509415
0.06663008779287338
0.005046362988650799
-0.018686404451727867
0.011649927124381065
-0.0041223810985684395
-0.005479277577251196
0.005075439345091581
-0.01510678231716156
-0.01559785008430481
0.006500180810689926
0.011223473586142063
-0.004594064317643642
0.01329758670181036
-0.02306724339723587
-0.019035320729017258
-0.004984979517757893
0.005572968162596226
0.025186585262417793
-0.008561371825635433
0.022421101108193398
0.03897523880004883
-0.002473105676472187
0.014085879549384117
0.007953998632729053
-0.02685363031923771
0.02138727530837059
0.038820166140794754
-0.018944861367344856
-0.012044073082506657
-0.027706537395715714
-0.008419220335781574
0.009827808476984501
-0.03093724325299263
-0.020069146528840065
0.0015337778022512794
-0.01580461487174034
-0.0031822456512600183
-0.03675251454114914
0.000768908066675067
0.027990838512778282
0.009323818609118462
0.01791103556752205
-0.02190418913960457
-0.03584791719913483
-0.03313412144780159
0.011727463454008102
-0.010965016670525074
0.007618005387485027
-0.028636980801820755
