0.0024762845132499933
-0.01766546256840229
0.026751670986413956
-0.014727718196809292
-0.04840778559446335
0.026673678308725357
-0.03366706892848015
-0.0041823857463896275
-0.019082339480519295
-0.028363531455397606
-0.0007198123494163156
0.005956731270998716
-0.004143389407545328
0.01154299546033144
-0.005670756101608276
-0.009508672170341015
0.04050447419285774
-0.002014824654906988
0.0029328695964068174
-0.0043123746290802956
-0.00677890982478857
0.01221893634647131
0.00027805392164736986
-0.009313689544796944
-0.03319910913705826
-0.001088655204512179
0.021123161539435387
-0.0110165411606431
0.01300536748021841
-0.012693394906818867
0.0033439588733017445
-0.007123379968106747
-0.016248585656285286
-0.01702851802110672
-0.007402855437248945
-0.001252765883691609
0.005803994834423065
0.031665243208408356
0.020577209070324898
0.010542082600295544
0.003720926120877266
-0.011224523186683655
-0.001517617842182517
-0.00984664261341095
-0.008358272723853588
0.030053384602069855
-0.025048820301890373
-0.01052908319979906
-0.044248148798942566
0.021617118269205093
0.008397269062697887
-0.0016142969252541661
-0.02062920480966568
0.0037404242902994156
-0.010009128600358963
-0.019368313252925873
-0.01830240711569786
0.02270902320742607
0.01052258349955082
-0.002627396257594228
-0.00767583167180419
0.002032698132097721
-0.022332055494189262
-0.00974265206605196
0.01353182177990675
0.017223499715328217
0.005628509912639856
-0.0007510908762924373
-0.0046925912611186504
-0.0001172944757854566
0.0229560025036335
0.001113840495236218
-0.00037554543814621866
-0.007058385759592056
0.03184722736477852
-0.008260780945420265
-0.021539125591516495
-0.0221500713378191
-0.0025445285718888044
0.013115858659148216
0.009508672170341015
-0.020941177383065224
-0.035226933658123016
0.017054514959454536
0.01338883489370346
-0.005781246814876795
-0.003425201866775751
0.012420418672263622
0.00728586595505476
-0.021123161539435387
-0.021864095702767372
0.017418483272194862
0.011198525317013264
0.005417278502136469
-0.010581078939139843
0.015390660613775253
-0.01588461734354496
0.019134333357214928
-0.030469346791505814
-0.02740161493420601
-0.0021724358666688204
0.005446525756269693
-0.024294884875416756
-0.00462759705260396
-0.038268666714429855
0.01219943817704916
-0.018367400392889977
0.007324862293899059
0.026530690491199493
-0.04391017556190491
-0.025269800797104836
0.032549165189266205
-0.01672954298555851
-0.016339577734470367
0.02567276544868946
-0.011413006111979485
0.01817241869866848
-0.028571512550115585
-0.00846876297146082
-0.020226238295435905
0.0328611396253109
0.00044521124800667167
0.005098806228488684
0.006902399007230997
0.027271626517176628
0.016456566751003265
-0.024385876953601837
-0.00605747289955616
-0.0229949988424778
-0.013817797414958477
0.0001833043497754261
-0.005602512042969465
0.016807537525892258
0.006505933590233326
-0.010834557004272938
-0.02092817798256874
-0.011127031408250332
0.01948530413210392
-0.036916784942150116
-0.026114726439118385
0.023202979937195778
0.008345273323357105
-0.0026728922966867685
-0.022215066477656364
-0.020824186503887177
0.02642669901251793
0.034421004354953766
0.016573557630181313
0.01944630779325962
0.011088035069406033
0.02511381357908249
-0.040010515600442886
0.01622258685529232
0.0031327272299677134
0.00809179525822401
0.008267280645668507
-0.008078796789050102
0.008416767232120037
-0.011309015564620495
0.004413115791976452
0.00917070172727108
-0.001050471095368266
0.0067009166814386845
0.024853836745023727
-0.0037014277186244726
0.013661811128258705
0.0028012560214847326
0.012504911050200462
0.013583817519247532
-0.002573775826022029
0.004101142752915621
0.02584175020456314
-0.054491255432367325
0.026205718517303467
-0.008273779414594173
0.02630970999598503
-0.0043123746290802956
0.01626158505678177
-0.0005455462378449738
-0.01706751435995102
-0.0023804176598787308
0.006869901902973652
0.02807755582034588
0.012036952190101147
-0.02422989159822464
0.013648811727762222
-0.006317450199276209
-0.000957041687797755
-0.003977653570473194
0.007851316593587399
0.0220720786601305
0.016586555168032646
-0.005098806228488684
0.0021643114741891623
-0.6285212635993958
0.014792712405323982
-0.00976215023547411
-0.01986226998269558
0.02025223709642887
0.003532442497089505
0.027037646621465683
0.0007969931466504931
-0.0014339376939460635
-0.038060687482357025
-0.010217110626399517
0.027271626517176628
0.022423047572374344
-0.02164311520755291
-0.01693752594292164
-0.014012780040502548
0.018094424158334732
-0.027271626517176628
0.01648256555199623
-0.031665243208408356
-0.018614379689097404
0.002364169107750058
0.013265345245599747
0.008676744997501373
-0.005881987977772951
-0.00708438316360116
-0.0031717238016426563
-0.0044683609157800674
0.0020700697787106037
0.006141965277493
-0.004975317046046257
0.03184722736477852
0.0007449976401403546
0.03236718103289604
0.05386731028556824
0.014961697161197662
-0.017431482672691345
0.025997737422585487
0.00790331233292818
0.015611641108989716
-0.006037974264472723
-0.006044473964720964
0.01648256555199623
0.0036299340426921844
0.027349619194865227
-0.012212436646223068
0.02117515727877617
-0.030313361436128616
-0.00920969806611538
0.025269800797104836
0.0035649396013468504
-0.013869792222976685
-0.005043561104685068
0.0005719502223655581
-0.00456260284408927
-0.012400920502841473
-0.019251324236392975
0.02134414203464985
-0.0018767116125673056
0.01956329680979252
0.007994304411113262
-0.003103479743003845
-0.006067221984267235
-0.03501895070075989
-0.018861357122659683
0.03083331510424614
0.0024129149969667196
-0.004240880720317364
0.029299449175596237
-0.02287800796329975
0.012017454020678997
0.030261365696787834
0.008345273323357105
-0.021539125591516495
0.014961697161197662
-0.004715339280664921
0.020109249278903008
0.012251433916389942
-0.011900464072823524
0.012381422333419323
-0.02096717432141304
-0.007929309271275997
-0.0147407166659832
0.032601162791252136
0.020681198686361313
-0.034836966544389725
-0.01054858136922121
-0.01745747961103916
0.006817906629294157
0.022345054894685745
0.0030839815735816956
-0.002209807513281703
0.011133531108498573
-0.017041515558958054
-0.0037436741404235363
0.03192522004246712
0.00583324208855629
-0.025451784953475
0.021149158477783203
0.008839230053126812
-0.004497608635574579
-0.01830240711569786
0.011231021955609322
-0.012257932685315609
0.009391682222485542
-0.00976215023547411
0.001845839316956699
0.006193961016833782
0.052671413868665695
-0.014493738301098347
0.0032903386745601892
0.005209296476095915
-0.004816080909222364
0.003106729593127966
-0.01213444396853447
-0.0294814333319664
0.018354402855038643
0.011198525317013264
0.013583817519247532
-0.019836273044347763
0.02033022977411747
-0.008163289166986942
0.00792281050235033
0.009346186183393002
-0.0006893462268635631
0.022137071937322617
-0.004877825267612934
-0.0019173331093043089
-0.011887465603649616
-0.008293277584016323
0.004179136361926794
-0.033615075051784515
-0.004179136361926794
0.00432212371379137
0.006132216192781925
0.0052287946455180645
-0.006993391085416079
0.01287537906318903
-0.003724175738170743
-0.020850185304880142
-0.0017938438104465604
-0.032003212720155716
0.016794538125395775
0.0070128897204995155
-0.04125840961933136
-0.03249717131257057
-0.023358967155218124
-0.0016151093877851963
-0.01909533701837063
0.025360792875289917
-0.011802972294390202
0.001946580596268177
-0.032133202999830246
0.006509183440357447
0.003750173607841134
-0.017639463767409325
-0.03189922124147415
-0.004916822072118521
-0.03176923468708992
-0.010080622509121895
-0.000446429883595556
0.01571563258767128
-0.016196589916944504
-0.0007259055855683982
-0.017808450385928154
0.008540256880223751
0.0007486536051146686
0.023813927546143532
-0.011107533238828182
-0.05285339802503586
0.0031197285279631615
0.022852011024951935
-0.005449775606393814
0.030599337071180344
0.018094424158334732
0.004952569026499987
-0.005700003821402788
-0.0005654507549479604
-0.014558732509613037
-0.003022236982360482
-0.009736152365803719
-0.0012795760994777083
-0.0151826785877347
0.0021756854839622974
0.008936721831560135
0.007337861228734255
0.007818819023668766
0.025568773970007896
0.01952430047094822
0.004874575417488813
0.0018767116125673056
0.007474349346011877
-0.008696243166923523
0.010646073147654533
-0.0064766863361001015
-0.01403877791017294
0.007786322385072708
-6.692385795759037e-05
-0.001970953308045864
0.03015737421810627
0.013622813858091831
-0.0014607477933168411
0.03686479106545448
-0.018107423558831215
0.0025867747608572245
-0.011653485707938671
0.0025689012836664915
-0.0246458537876606
0.0392305850982666
0.01329784281551838
0.013856793753802776
-0.024034908041357994
-0.007136378902941942
-0.02400890924036503
-0.021201154217123985
0.044586118310689926
2.3420812794938684e-05
0.0171195100992918
-0.01592361368238926
0.0010780936572700739
-0.014077774249017239
-0.0060509731993079185
0.015104684978723526
-0.014558732509613037
-0.011335013434290886
0.015559645369648933
0.009456676431000233
0.003085606498643756
0.02672567404806614
-0.006980392150580883
0.021331142634153366
0.013661811128258705
0.008384269662201405
0.03819067403674126
0.021916091442108154
0.022501040250062943
0.01665155030786991
-0.019797276705503464
0.02825953997671604
0.014350750483572483
0.004972067195922136
0.04279227554798126
0.001396565930917859
0.010912549681961536
-0.0019725782331079245
0.005323036573827267
0.009242195636034012
0.00040134007576853037
-0.023111987859010696
0.019797276705503464
0.0008904224960133433
0.0019010845571756363
-0.008670245297253132
-0.03041735291481018
0.00046836546971462667
-0.02880549244582653
0.030859313905239105
0.007480848580598831
0.019069340080022812
0.02265702746808529
-0.002609522780403495
0.016118597239255905
-0.011107533238828182
0.013115858659148216
-0.009430678561329842
-0.002715138718485832
-0.014584730379283428
-0.010386095382273197
-0.03574688732624054
-0.00677890982478857
-0.0098661407828331
-0.008592251688241959
-0.004751086235046387
0.009222697466611862
-0.003231843700632453
0.0015322415856644511
0.005596012808382511
-0.010659071616828442
0.010145616717636585
-0.0006718789809383452
-0.0670221671462059
-0.02104516699910164
0.002341421088203788
0.019472304731607437
0.015520649030804634
-0.004110892303287983
0.0019157081842422485
-0.014558732509613037
-0.035096943378448486
-0.017769452184438705
-0.008416767232120037
-0.005872238893061876
0.008715741336345673
-0.0015013692900538445
-0.011380509473383427
-0.014363749884068966
0.046405959874391556
-0.001764596439898014
0.00930069014430046
-0.019537299871444702
0.008631248958408833
-0.01732749119400978
-0.016976522281765938
-0.013947785831987858
0.03943856805562973
0.02486683614552021
-0.019979260861873627
-0.006054223049432039
-0.005007814150303602
-0.020993173122406006
0.007383357267826796
-0.01813342049717903
0.015559645369648933
0.010035126470029354
0.007909811101853848
-0.008995217271149158
0.021110162138938904
-0.00212856475263834
0.025763757526874542
-0.00045008581946603954
0.004123890772461891
0.00917070172727108
0.0063986931927502155
0.01918632909655571
0.03273114934563637
0.00706488499417901
-0.015143681317567825
0.032211195677518845
-0.02740161493420601
0.0016224213177338243
-0.018185416236519814
-0.04185635596513748
0.0053327856585383415
-0.0026143973227590322
0.013622813858091831
-0.013921787962317467
0.022176070138812065
-0.007201373111456633
0.016404571011662483
0.023059992119669914
-0.003954905550926924
-0.0017873444594442844
0.01355781964957714
0.01090605091303587
0.025100814178586006
-0.03491495922207832
-0.005160550586879253
0.0022049329709261656
0.029663417488336563
-0.0005049247993156314
0.059950780123472214
0.03366706892848015
0.0042863767594099045
-0.013128857128322124
0.00989213865250349
0.019069340080022812
0.029299449175596237
-0.016625553369522095
-0.018614379689097404
0.00993113499134779
-0.01597560942173004
0.03397904336452484
-0.002096067415550351
0.01841939613223076
0.025555774569511414
0.01783444732427597
0.01597560942173004
-0.015689633786678314
0.008462263271212578
-0.027349619194865227
0.017080513760447502
-0.002715138718485832
-0.00807229708880186
-0.00548552256077528
0.018926352262496948
0.04643195867538452
-0.006947895046323538
-0.0029263703618198633
0.014961697161197662
0.01639157347381115
0.002492533065378666
0.019212327897548676
-0.029923394322395325
-0.03546091169118881
-0.0097881481051445
-0.015455654822289944
0.015572644770145416
-0.02711563929915428
-0.013726805336773396
-0.012914375402033329
0.0026046482380479574
0.001128464238718152
-0.011387008242309093
-0.0014193139504641294
-0.013174353167414665
-0.040088508278131485
-0.013804798014461994
-0.01423376053571701
-0.01236842293292284
0.014493738301098347
0.015585643239319324
0.005033811554312706
0.004845328163355589
0.03249717131257057
-0.0013892540009692311
-0.013505823910236359
0.0024372877087444067
-0.028909483924508095
-0.011978457681834698
0.02126614935696125
-0.008923723362386227
-0.014272757805883884
-0.00649293465539813
0.013245847076177597
-0.032757148146629333
-0.002677766839042306
-0.010386095382273197
-0.005667506717145443
-0.02677766978740692
0.011367510072886944
0.012881878763437271
0.003789170179516077
0.029897397384047508
-0.020148245617747307
-0.0013470076955854893
-0.023397963494062424
-0.010652572847902775
0.007955307140946388
-0.009612662717700005
0.015429656952619553
-0.0085597550496459
0.017353489995002747
-0.026400702074170113
-0.010613575577735901
0.028857488185167313
0.008871727623045444
-0.00025144685059785843
0.0029832404106855392
0.015364662744104862
0.019342316314578056
-0.0021041918080300093
0.043520212173461914
0.010327600874006748
-0.011107533238828182
-0.016157593578100204
-0.013109358958899975
-0.003967904485762119
0.007480848580598831
-0.02220206707715988
-0.0006332886405289173
-0.009092708118259907
-0.015000694431364536
-0.015780625864863396
-0.00800730288028717
-0.009112206287682056
0.031249279156327248
-0.010100120678544044
-0.019160332158207893
-0.013544821180403233
-0.013817797414958477
0.0012795760994777083
0.027141638100147247
0.009287691675126553
-0.009469675831496716
0.006141965277493
0.019576296210289
0.0018653376027941704
-0.022969000041484833
0.04845978319644928
-0.025932742282748222
-0.017080513760447502
-0.00042368186404928565
-0.024203892797231674
0.03491495922207832
0.016625553369522095
0.003792419796809554
-0.0006263829418458045
0.010022127069532871
-0.018770365044474602
-0.014545734040439129
-0.005128053482621908
-0.012101946398615837
-0.003652682062238455
0.009222697466611862
0.0016849783714860678
-0.01834140345454216
-0.00796180684119463
-0.014597728848457336
-0.015988608822226524
-0.012335926294326782
-0.002039197366684675
-0.019979260861873627
-0.027505606412887573
0.01745747961103916
0.029117465019226074
-0.0008002428221516311
0.01596261002123356
-0.020694198086857796
-0.018328404054045677
0.030443349853157997
-0.03834666311740875
-0.03486296534538269
0.0021058167330920696
-0.0017694709822535515
-0.0013795049162581563
0.02075919322669506
-0.02164311520755291
0.025958741083741188
-0.016664549708366394
0.009424179792404175
0.024086903780698776
-9.703452087705955e-05
0.001881586154922843
0.0034154527820646763
0.02893548086285591
-0.04066045954823494
0.004959068261086941
0.005072808358818293
0.010470588691532612
0.005017563235014677
-0.023735933005809784
-0.03899660333991051
0.02981940470635891
0.01867937296628952
-0.0011235896963626146
-0.02270902320742607
-0.010802059434354305
0.01043809112161398
-0.039152592420578
0.02156512252986431
0.0180814266204834
-0.013310841284692287
0.01279088668525219
-0.0229949988424778
-0.0016703546280041337
-0.010613575577735901
0.021669114008545876
-0.01349282544106245
0.006535181310027838
0.0010293478844687343
0.015000694431364536
0.022969000041484833
-0.013401833362877369
0.0030872311908751726
0.003987402655184269
-0.03460298851132393
0.032939132302999496
0.006437689531594515
0.02961142174899578
0.0327051542699337
0.00010241686686640605
-0.031119290739297867
-0.0020099501125514507
0.028415527194738388
-0.021786103025078773
0.019160332158207893
-0.006674918811768293
0.009580166079103947
-0.01537766121327877
0.01867937296628952
0.020512213930487633
-0.027245627716183662
8.48607760417508e-06
-0.0022130573634058237
0.0010244733421131968
-0.015871617943048477
-0.038138680160045624
0.009638660587370396
-0.02274801954627037
0.0147797130048275
0.004617847967892885
0.026062730699777603
-0.014324752613902092
-0.02092817798256874
-0.01702851802110672
0.04185635596513748
0.02486683614552021
0.016365574672818184
0.004799832124263048
0.0033342097885906696
-0.02422989159822464
-0.002084693405777216
-0.0038151678163558245
-0.0010610326426103711
0.0057227518409490585
0.013973783701658249
0.01609259843826294
0.005027312319725752
-0.002408040454611182
-0.0205382127314806
0.01728849485516548
-0.011529996059834957
0.0006186648970469832
0.024983825162053108
0.0012023953022435308
-0.0038866617251187563
0.019264323636889458
0.00701938895508647
-0.023488955572247505
0.017145507037639618
0.019836273044347763
-0.021578121930360794
0.00288574886508286
0.009313689544796944
-0.02638770267367363
0.015468653291463852
-0.03070332668721676
-0.026608683168888092
-0.00785781629383564
-0.006895899772644043
-0.008338773623108864
-0.01897834800183773
0.014961697161197662
-0.008481761440634727
-0.00730536412447691
0.008527257479727268
-0.00855325534939766
0.002182184951379895
-0.0077473255805671215
0.017522474750876427
0.018835360184311867
-0.002343046013265848
-0.04362420365214348
-0.013336839154362679
-0.015897616744041443
0.008481761440634727
0.00790331233292818
0.02070719748735428
0.0022975499741733074
-0.010158615186810493
0.03559090197086334
-0.016534561291337013
-0.03249717131257057
-0.005446525756269693
0.018913352862000465
0.005085807293653488
-0.03041735291481018
-0.004757585935294628
0.02346295677125454
0.0013583817053586245
0.0006576614687219262
0.00673341378569603
-0.0024129149969667196
0.004864826332777739
0.00806579738855362
-0.011854968033730984
0.006824405863881111
-0.00701938895508647
0.026114726439118385
-0.010262606665492058
0.02025223709642887
-0.001314510591328144
-0.024333881214261055
0.01211494579911232
-0.020746193826198578
0.030807318165898323
-0.02143513411283493
0.007552342489361763
-0.0020619453862309456
-0.004478110000491142
-0.037592727690935135
0.004952569026499987
-0.011958958581089973
-0.0007397168665193021
-0.021539125591516495
-0.005898236762732267
-0.001953079947270453
0.02685566246509552
-0.006226458121091127
0.008982217870652676
-0.002057070843875408
-0.013882791623473167
-0.006330449134111404
0.0024226640816777945
-0.017041515558958054
0.039152592420578
0.008416767232120037
-0.029793405905365944
-0.007149377837777138
-0.00972315389662981
-0.04154438152909279
0.0018555885180830956
0.015065688639879227
0.03197721764445305
0.0049005732871592045
0.0034219520166516304
0.006967393681406975
0.038944609463214874
0.004211633466184139
0.001949830213561654
-0.013674809597432613
-0.012296929955482483
-0.02087618224322796
0.0024730346631258726
-0.025490781292319298
-0.003246467327699065
-0.015403659082949162
-0.01099054329097271
0.04357220605015755
-0.011367510072886944
0.000717781251296401
-0.001292574917897582
-0.027427611872553825
-0.006902399007230997
0.015195677056908607
0.01909533701837063
0.0011869592126458883
0.008780735544860363
0.015871617943048477
-0.01622258685529232
-0.011633987538516521
0.005020813085138798
-0.012166940607130527
-0.011049037799239159
-0.004179136361926794
0.018692372366786003
-0.00427662767469883
0.03548691049218178
6.080525508878054e-06
-0.005102055612951517
-0.0008961095008999109
-0.021669114008545876
0.01535166334360838
-0.026504693552851677
0.021188154816627502
0.02580275386571884
-0.010977543890476227
-0.02677766978740692
-0.013817797414958477
0.010074122808873653
-0.025191806256771088
-0.012686895206570625
0.009820644743740559
-0.023007996380329132
0.013440829701721668
0.010886551812291145
-0.020343229174613953
-0.0246068574488163
-0.023579947650432587
-0.00861824955791235
0.012849381193518639
-0.005014313384890556
0.013245847076177597
0.03468098118901253
-0.007825318723917007
0.01423376053571701
-0.008416767232120037
-0.003571439068764448
-0.029117465019226074
-0.02562076970934868
0.002671267371624708
-0.012543908320367336
-0.007851316593587399
-0.024086903780698776
-0.011335013434290886
0.004809581208974123
0.0035941870883107185
0.0393865704536438
-0.03694278374314308
0.0075393435545265675
0.20569409430027008
-0.0221110749989748
-0.014532734639942646
-0.003014112589880824
-0.011861467733979225
-0.002773633459582925
0.03444699943065643
-0.014727718196809292
0.00669441744685173
0.018445394933223724
0.009547668509185314
-0.013336839154362679
-0.012498412281274796
0.001956329680979252
-0.0049135722219944
-0.010958045721054077
-0.03590287268161774
6.242376457521459e-06
0.022644028067588806
0.005147551652044058
0.021409135311841965
0.020109249278903008
-0.016976522281765938
0.0029328695964068174
0.035382919013500214
0.020642202347517014
-0.002581900218501687
0.006541680544614792
0.030131377279758453
-0.016508562490344048
-0.00460809888318181
0.003977653570473194
0.0071948738768696785
0.00620695948600769
-0.012803885154426098
0.010828057304024696
0.03041735291481018
-0.010041626170277596
0.010828057304024696
0.023371964693069458
0.033225107938051224
-0.005943732801824808
-0.006388943642377853
-0.023397963494062424
-0.014922700822353363
0.07175375521183014
-0.005209296476095915
-0.007812319789081812
0.015988608822226524
-0.0022049329709261656
-0.01520867645740509
0.012407420203089714
0.03236718103289604
0.008384269662201405
-0.010815058834850788
0.008572753518819809
0.006661919876933098
0.014324752613902092
0.016846533864736557
0.03239317983388901
0.010932047851383686
0.02426888793706894
-0.007409355137497187
0.03117128647863865
-0.017847446724772453
-0.0013470076955854893
-0.0270636435598135
-0.010769562795758247
-0.008631248958408833
-0.0011114032240584493
0.011529996059834957
-0.00974265206605196
-0.005950232036411762
0.01783444732427597
-0.020057253539562225
-0.034628983587026596
0.03145726025104523
0.014181765727698803
0.0021805602591484785
0.028181547299027443
-0.024684851989150047
-0.006817906629294157
-0.03325110673904419
-0.007955307140946388
-0.010574579238891602
-0.01601460576057434
0.02257903479039669
0.0031700991094112396
-0.010613575577735901
-0.012361924163997173
-0.010932047851383686
0.005979479290544987
0.0005731688579544425
-0.025646766647696495
0.007331361994147301
0.010964545421302319
0.009164202027022839
0.014376748353242874
0.004211633466184139
-0.00182146648876369
-0.008429765701293945
0.027921568602323532
0.027713587507605553
0.012439916841685772
-0.0073573593981564045
-0.0022910505067557096
-0.01527367066591978
-0.0038736627902835608
0.003264340804889798
-0.03668280690908432
0.008423266932368279
-0.02968941628932953
-0.003837915835902095
-0.004903823137283325
-0.019420308992266655
0.0031830978114157915
-0.0030709826387465
-0.026361705735325813
0.023917917162179947
0.008969219401478767
-0.014350750483572483
-0.013180852867662907
-0.0035941870883107185
0.00465034507215023
-0.0005118304397910833
-0.020005257800221443
-0.0506695881485939
0.013291343115270138
-0.01652156189084053
-0.002939369063824415
0.017392486333847046
-0.02477584406733513
0.01698952168226242
0.024424873292446136
-0.00798130501061678
0.002021324122324586
-0.011361011303961277
-0.019004344940185547
0.010067623108625412
-0.0031229781452566385
0.012693394906818867
-0.020447220653295517
0.008462263271212578
-0.005352283827960491
0.0028548764530569315
-0.020174244418740273
0.0026631432119756937
-0.00012491100642364472
-0.010197612456977367
-0.0034187023993581533
-0.003512944094836712
-0.03075532242655754
-0.016105597838759422
0.0013721929863095284
0.002799631329253316
0.03299112617969513
-0.023267975077033043
-0.017418483272194862
0.014974696561694145
-0.01757447049021721
-0.020070252940058708
0.00020503683481365442
0.03007938154041767
0.0002224025083705783
-0.0019092088332399726
0.010093620978295803
-0.16149793565273285
0.013122357428073883
0.013908789493143559
-0.0027265127282589674
0.0008384269895032048
0.0031311025377362967
0.024203892797231674
0.023488955572247505
-0.01702851802110672
-0.006395443342626095
-0.016950523480772972
-0.01338883489370346
-0.018874356523156166
-0.03109329380095005
0.013986782170832157
-0.008520757779479027
-0.014883704483509064
-0.002525030169636011
0.047289881855249405
0.012849381193518639
-0.0004196197260171175
-0.003977653570473194
-0.008312776684761047
0.026361705735325813
0.01412976998835802
0.0013608189765363932
-0.031249279156327248
-0.014454741962254047
0.005280790384858847
-0.010815058834850788
0.023150984197854996
-0.006089970003813505
0.02499682456254959
0.0076693324372172356
-0.00427662767469883
-6.931037205504254e-05
-0.013278343714773655
-0.01416876632720232
-0.01693752594292164
0.02363194338977337
0.007441852241754532
0.0246068574488163
-0.004653594922274351
-0.00969715602695942
0.016963522881269455
-0.0025867747608572245
0.02261803112924099
-0.013226348906755447
0.01152349729090929
-0.012992369011044502
0.02033022977411747
-0.025438785552978516
-0.005388030782341957
-0.011107533238828182
0.013336839154362679
0.011991456151008606
0.024840837344527245
-0.002838627900928259
0.011484500020742416
-0.009281191974878311
-0.0034576989710330963
-0.007259868085384369
0.002253678860142827
0.0032399678602814674
0.015624639578163624
-0.02554277703166008
-0.018666375428438187
0.01843239553272724
-0.031041298061609268
0.019719284027814865
-0.001099216751754284
-0.014337752014398575
0.002791506936773658
0.0015168054960668087
0.0001560879754833877
0.012660898268222809
-0.017002519220113754
0.04024449735879898
0.0033829554449766874
0.016833534464240074
-0.02100617066025734
0.040088508278131485
0.007415854372084141
-0.020564209669828415
-0.026530690491199493
0.0026257713325321674
0.0001700008288025856
0.032211195677518845
0.006830905564129353
0.00972315389662981
0.015637638047337532
-0.05043561011552811
-0.017548471689224243
-0.018783364444971085
-0.004747836850583553
0.01841939613223076
0.002918245969340205
0.0004121047386433929
0.00466984324157238
-0.008260780945420265
0.0054985214956104755
0.018159419298171997
-0.019758280366659164
0.013135356828570366
0.027895571663975716
-0.020226238295435905
0.01346682757139206
0.018276408314704895
0.033355094492435455
-0.003321210853755474
-0.030911309644579887
-0.004283126909285784
-0.007883813232183456
0.003906159894540906
0.02003125660121441
0.011783474124968052
0.0068894000723958015
-0.01290137693285942
0.008377770893275738
-0.014025779440999031
0.05319137126207352
-0.007246869150549173
-0.009775148704648018
0.012491912581026554
-0.010873553343117237
-0.03676079958677292
-0.11490999907255173
-0.04177836328744888
0.025724761188030243
0.031197283416986465
0.03743674233555794
0.01524767279624939
-0.0020521963015198708
0.00427662767469883
-0.03205521032214165
0.023098988458514214
-0.03249717131257057
-0.016872530803084373
0.005573264788836241
0.0002620084269437939
-0.0007559654186479747
0.023228978738188744
-0.009755650535225868
-0.005690254736691713
-0.032757148146629333
0.02968941628932953
0.0012690145522356033
0.018159419298171997
-0.004351370967924595
0.012758389115333557
-0.022293059155344963
0.008988717570900917
-0.018016431480646133
0.007123379968106747
0.02072019688785076
-0.022462043911218643
-0.026673678308725357
-0.0073703583329916
0.00022524601081386209
-0.03182122856378555
0.03265315666794777
-0.01232942659407854
-0.017353489995002747
0.0013291343348100781
0.026166722178459167
-0.011737978085875511
0.007448351476341486
0.015481652691960335
0.013070362620055676
-0.011549494229257107
0.002677766839042306
-0.022514039650559425
0.0023950415197759867
0.00974265206605196
-0.0035551905166357756
-0.029741410166025162
-0.015065688639879227
-0.005479022860527039
-0.047627855092287064
0.00518004922196269
0.012309928424656391
-0.003306587226688862
-0.002341421088203788
-0.0073768580332398415
-0.005664256867021322
-0.04255829378962517
-0.0006146027590148151
-0.0018832110799849033
-0.005872238893061876
0.018315404653549194
0.009099207818508148
-0.02927345223724842
-0.026439698413014412
-0.02685566246509552
0.00027764769038185477
-0.0060509731993079185
0.0001826950319809839
-0.001453435979783535
0.0017158506670966744
0.002021324122324586
-0.006330449134111404
0.024801841005682945
-0.020824186503887177
-0.005956731270998716
0.00917070172727108
-0.008592251688241959
0.008832731284201145
-0.016365574672818184
-0.02693365514278412
-0.020941177383065224
0.023774931207299232
0.012004454620182514
0.023566948249936104
-0.0002081849961541593
0.003309836843982339
-0.033225107938051224
-0.03673480078577995
0.04131040349602699
0.010405594483017921
-0.0027021397836506367
0.022839011624455452
0.00456585269421339
0.002321922918781638
-0.02023923769593239
-0.018562383949756622
0.020785190165042877
-0.017210502177476883
-0.02198108658194542
-0.049707673490047455
-0.001110590761527419
0.012043451890349388
-0.0110165411606431
-0.010470588691532612
0.0072728670202195644
0.02126614935696125
-0.001324259676039219
0.013895790092647076
0.0008368021808564663
-0.025464782491326332
0.008611749857664108
-0.028727499768137932
-0.006353197153657675
-0.015052689239382744
-0.022631030529737473
0.03655281662940979
0.008410267531871796
0.007337861228734255
-0.0018295907648280263
0.0014737467281520367
0.00559276295825839
0.03574688732624054
0.004370869603008032
0.005914485082030296
-0.0018978348234668374
-0.0030157375149428844
-0.010782561264932156
-0.01338883489370346
0.009937634691596031
0.0034479498863220215
-0.013200351037085056
-0.01338883489370346
0.009963632561266422
-0.0025152810849249363
-0.0011081534903496504
0.005427027586847544
0.0327831469476223
0.014259758405387402
0.05917084962129593
-0.029871400445699692
-0.01901734434068203
0.053217366337776184
-0.027843575924634933
-0.02651769109070301
0.004250629805028439
-0.030469346791505814
-0.0035551905166357756
-0.0007653083885088563
0.0005236106808297336
0.0408424437046051
0.036318838596343994
-0.013648811727762222
-0.018744368106126785
-0.004539854824542999
-0.011620988138020039
0.001702851732261479
0.01039909478276968
-0.013310841284692287
-0.013336839154362679
0.047081902623176575
-0.017769452184438705
0.0004023555957246572
0.00027378866798244417
-0.013174353167414665
-0.002464910503476858
0.0033732063602656126
-0.0067009166814386845
-0.015598641708493233
-0.014792712405323982
-0.00323509331792593
0.012907876633107662
0.01745747961103916
0.020382225513458252
0.029169460758566856
0.008416767232120037
0.0013266969472169876
0.011049037799239159
-0.0030904810409992933
0.027479607611894608
0.006489685270935297
0.01158199179917574
-0.044118158519268036
0.029663417488336563
0.024580860510468483
0.008488261140882969
-0.0055570160038769245
0.015741629526019096
-0.018393399193882942
0.012231934815645218
-0.008650747127830982
0.006947895046323538
-0.011458502151072025
0.013843795284628868
0.003118103602901101
-0.005433526821434498
0.014753716066479683
-0.017652463167905807
0.013778800144791603
0.021994085982441902
0.03985453024506569
-0.0005670756218023598
0.02511381357908249
-0.038060687482357025
-0.021422134712338448
0.011978457681834698
-0.02825953997671604
-0.03605886176228523
-0.008657245896756649
0.02413889952003956
0.006203710101544857
-0.013453829102218151
0.020278234034776688
-0.008013802580535412
-0.021409135311841965
0.0024372877087444067
0.026062730699777603
-0.013135356828570366
-0.016326578333973885
0.018614379689097404
-0.011835469864308834
0.016755541786551476
0.01597560942173004
-0.002695640316233039
0.006824405863881111
-0.00407839473336935
0.024151897057890892
-0.013947785831987858
-9.530811075819656e-05
0.0032448426354676485
-0.005777996964752674
0.020265236496925354
-0.01592361368238926
-0.02046021819114685
0.004218132700771093
-0.014298755675554276
0.018523387610912323
0.011659985408186913
-0.019134333357214928
0.059066858142614365
-0.008442765101790428
-0.015039690770208836
0.015455654822289944
0.01158199179917574
-0.002209807513281703
0.0027362618129700422
-0.0098271444439888
-0.024840837344527245
-0.002325172536075115
0.021916091442108154
0.001492432551458478
0.010847555473446846
-0.019212327897548676
-0.009437178261578083
-0.010932047851383686
-0.022761018946766853
0.029325447976589203
-0.006125716958194971
0.008670245297253132
0.06405842304229736
0.02426888793706894
0.012491912581026554
0.011341512203216553
-0.003694928251206875
-0.009008215740323067
0.025568773970007896
-0.003204221138730645
-0.012400920502841473
-0.0342390201985836
0.019628291949629784
-0.004595099948346615
-0.06244656443595886
-0.016547558829188347
-0.008319275453686714
-0.031405266374349594
-0.004747836850583553
-0.008033300749957561
-0.015195677056908607
0.001538741053082049
-0.003428451484069228
0.013882791623473167
-0.03408303111791611
-0.0589628666639328
-0.029793405905365944
0.008169788867235184
-0.011926461942493916
0.007974805310368538
-0.030105378478765488
