0.005601164884865284
-0.00415633013471961
0.010029616765677929
-0.008604219183325768
-0.010761752724647522
0.005367917940020561
-0.041310615837574005
-0.01586078852415085
-0.011286557652056217
-0.018439462408423424
0.0010431319242343307
0.019191036000847816
-0.02188633382320404
0.009031837806105614
-0.00298523623496294
0.01358015276491642
0.029674189165234566
-0.003880969248712063
0.017454642802476883
0.0037092736456543207
-0.003819417906925082
0.0028345976024866104
0.0023276095744222403
-0.013541278429329395
-0.03454645723104477
-0.002392400521785021
0.029829686507582664
-0.02200295776128769
-0.006113012321293354
0.004431691020727158
-0.0011378885246813297
-0.016158826649188995
-0.012653644196689129
-0.008124766871333122
-0.014331725426018238
0.006725285667926073
0.013891148380935192
0.011377264745533466
0.017947053536772728
0.002311412012204528
0.017078856006264687
0.0060061076655983925
0.0075740450993180275
-0.008247869089245796
-0.0024458528496325016
0.011325432918965816
-0.01766197383403778
0.0026888183783739805
-0.029777852818369865
0.0209015142172575
0.015070340596139431
0.009148461744189262
-0.02809329330921173
0.004133653361350298
-0.007431505247950554
-0.0027552288956940174
0.0012682799715548754
-0.01967048831284046
0.01247870922088623
-0.023506103083491325
0.01761014014482498
-0.006731764413416386
-0.01972232013940811
0.012102922424674034
0.009738057851791382
0.009796369820833206
-0.01884116604924202
0.00518002500757575
-0.007405588869005442
0.01143557671457529
0.010787668637931347
0.02721213735640049
-0.01797296851873398
-0.009634392336010933
0.03252498432993889
-0.006725285667926073
-0.01043131947517395
-0.03887448087334633
0.00939466618001461
0.02522953972220421
0.002884810557588935
0.012251941487193108
-0.01992965117096901
0.011604033410549164
0.005883004982024431
-0.00023365183733403683
-0.001406770315952599
0.012848016805946827
0.001956682186573744
-0.009103108197450638
-0.014616805128753185
0.011578116565942764
0.005860328208655119
0.011610511690378189
-0.002131617395207286
0.00627498934045434
-0.018037760630249977
0.0006337350350804627
-0.02213253825902939
-0.026408731937408447
-0.02938910946249962
-0.0062263961881399155
-0.01687152497470379
0.005377636756747961
-0.034079961478710175
0.013502403162419796
-0.007327839732170105
0.005293408874422312
0.0262791495770216
-0.017363935708999634
0.002159153576940298
0.03879673406481743
0.00024580012541264296
-0.013930022716522217
0.02096630446612835
-0.014539056457579136
0.017325060442090034
-0.02313031628727913
-0.010074970312416553
-0.02091447077691555
0.035038866102695465
0.006939094979315996
0.011480930261313915
-0.009666788391768932
0.028974447399377823
0.016171785071492195
-0.03972972184419632
-0.01001017913222313
-0.042399100959300995
-0.008850423619151115
-0.00497269444167614
-0.00898000504821539
0.005448906682431698
0.0023697237484157085
0.006365696433931589
-0.014616805128753185
-0.006109772715717554
0.023739350959658623
-0.03737133741378784
-0.019268784672021866
0.022715656086802483
0.008552386425435543
-0.012271378189325333
-0.02832653932273388
-0.013411696068942547
0.004418733064085245
0.04405774548649788
0.03350980207324028
0.00023446172417607158
0.0029447420965880156
0.029881518334150314
-0.04592372104525566
0.01995556801557541
-0.007723063696175814
0.02094038762152195
0.009440019726753235
-0.0044349306263029575
0.040351711213588715
-0.00014598178677260876
0.002560856519266963
-0.005529894959181547
-0.006453163921833038
0.007101071998476982
0.013107179664075375
0.0157571230083704
0.012731392867863178
0.032991476356983185
0.004324786365032196
0.005568769760429859
0.013372821733355522
0.02294890210032463
0.010094407014548779
-0.04087004065513611
0.017130687832832336
-0.01779155433177948
0.03633468225598335
0.030037017539143562
0.005419750697910786
-0.0018011843785643578
-0.01675490103662014
-0.029907435178756714
0.009478894993662834
-0.008863382041454315
0.027445385232567787
-0.031747493892908096
0.017415767535567284
0.008047018200159073
0.00466493796557188
-0.0003225367108825594
0.019437240436673164
0.01469455473124981
0.02313031628727913
-0.013230281881988049
0.0006458833231590688
-0.6410661339759827
-0.0011038733646273613
-0.003540817415341735
-0.0023016934283077717
0.007742501329630613
-0.008539428003132343
0.02390780672430992
0.013372821733355522
-0.011766009964048862
-0.022793404757976532
0.0057501839473843575
0.010586817748844624
0.0030937609262764454
-0.004120694939047098
-0.01687152497470379
-0.027782296761870384
0.005620602052658796
-0.01968344673514366
0.014292851090431213
-0.02920769527554512
-0.02933727577328682
0.025553492829203606
0.003469547489657998
0.010269342921674252
-0.01365790143609047
0.000993728986941278
0.019216952845454216
0.011908549815416336
0.009291001595556736
-0.007224174682050943
-0.007023323327302933
0.023583853617310524
-0.00313911447301507
0.0262921079993248
0.048696767538785934
0.02923361025750637
-0.022624948993325233
0.023739350959658623
0.030892254784703255
0.01579599827528
-0.004467325750738382
-0.010223988443613052
0.011267120949923992
-0.016223616898059845
0.023635685443878174
-0.008759716525673866
0.01881524920463562
-0.034028131514787674
-0.0017574505181983113
0.03433912619948387
-0.004321546759456396
-0.004635781981050968
0.02211957983672619
-0.0049500176683068275
0.014759344980120659
-0.005248055327683687
0.011733614839613438
-0.011778968386352062
-0.017376894131302834
0.02198999933898449
0.003631524508818984
0.001076337182894349
-0.02607182040810585
-0.019281743094325066
-0.01254997868090868
0.011889112181961536
-0.021730836480855942
-0.019411325454711914
0.017506474629044533
-0.022676780819892883
0.016016285866498947
0.0314105823636055
-0.0027924836613237858
-0.01689744181931019
0.004000832326710224
0.005925118923187256
0.01456497237086296
0.0058052558451890945
0.0014237778959795833
0.010910771787166595
-0.005205940920859575
-0.01968344673514366
-0.02726397104561329
0.0023583853617310524
0.007690668571740389
-0.052661966532468796
-0.0011889112647622824
0.00496297562494874
0.0012577514862641692
0.017221394926309586
-0.0008228432270698249
0.01468159630894661
0.009284522384405136
-0.024465007707476616
-0.002730932319536805
0.03794149309396744
-0.0034371521323919296
0.009517769329249859
0.0039813946932554245
-0.02196408249437809
-0.0021785907447338104
-0.013981855474412441
-0.006585985422134399
-0.009692704305052757
0.02209366485476494
-0.00014658919826615602
0.002402119105681777
-0.00019771319057326764
0.02408922091126442
-0.022806363180279732
-0.007126988377422094
0.006297666113823652
-0.008539428003132343
-0.01672898605465889
-0.02497037500143051
-0.02705664001405239
0.01658644527196884
0.011273600161075592
0.0006742292898707092
-0.020435020327568054
0.013696775771677494
-0.0012852875515818596
0.003247639164328575
0.0024215562734752893
-0.031021837145090103
0.01998148486018181
-0.03426137566566467
-0.0017169562634080648
-0.017350977286696434
-0.02398555539548397
0.01868566870689392
-0.011131060309708118
0.038122911006212234
-0.015899663791060448
0.02306552603840828
-0.012232503853738308
0.019087370485067368
-0.011623470112681389
0.01785634644329548
-0.01781747117638588
-0.030866339802742004
-0.007049239706248045
0.01584783010184765
-0.03869306668639183
-0.02814512513577938
-0.03949647396802902
-0.021614212542772293
0.012323210947215557
-0.01773972250521183
0.009012401103973389
-0.019087370485067368
-0.012698997743427753
-0.04690854251384735
-0.008869861252605915
-0.011293036863207817
-0.0025106435641646385
-0.012109401635825634
-0.00839688815176487
-0.028767116367816925
-0.019074412062764168
0.013593110255897045
-0.007846166379749775
-0.020486852154135704
0.026343941688537598
-0.030892254784703255
0.010800627060234547
0.009051275439560413
0.006725285667926073
-0.005733986385166645
-0.038148824125528336
-0.008111808449029922
0.008202515542507172
0.009776932187378407
0.019061455503106117
0.01654757186770439
0.009556643664836884
-0.015368378721177578
-0.0015152948908507824
-0.03465012088418007
-0.017454642802476883
0.0029269244987517595
0.031851157546043396
-0.026719728484749794
-0.011409660801291466
-0.008604219183325768
0.01043131947517395
0.015899663791060448
0.022391701117157936
0.012336169369518757
0.011422619223594666
0.004775082226842642
-0.0011937705567106605
0.004059143830090761
0.018335796892642975
-0.003307570470497012
0.013411696068942547
0.003877729643136263
-0.006375415250658989
0.025242498144507408
0.027652714401483536
0.017506474629044533
-0.009278043173253536
0.03340613842010498
-0.008092371746897697
-0.005513697396963835
-0.005899202544242144
0.008720842190086842
-0.005928358528763056
0.054009612649679184
0.01662532053887844
0.01579599827528
-0.030011100694537163
-0.03423546254634857
-0.011247683316469193
0.00247824820689857
0.02827470749616623
0.0079109575599432
-0.007049239706248045
-0.014033688232302666
0.012342648580670357
-0.01247870922088623
-0.021562378853559494
0.017506474629044533
-0.00932987593114376
-0.0070945932529866695
0.009958346374332905
0.002157533774152398
-0.0001032603468047455
0.009044796228408813
0.004570991266518831
0.004937059246003628
0.004042946267873049
-0.006945574190467596
0.02298777736723423
0.01565345749258995
0.006041742395609617
0.009284522384405136
-0.011176413856446743
0.03234357014298439
-0.015251755714416504
0.010094407014548779
0.01788226142525673
-0.019514990970492363
0.001395431929267943
0.03550536185503006
0.008539428003132343
0.02075897343456745
-0.01766197383403778
0.0019680205732584
0.002253100275993347
-0.009310438297688961
0.004085060209035873
-0.015964454039931297
-0.026745643466711044
0.004418733064085245
-0.011578116565942764
-0.002397259697318077
0.016094036400318146
0.0014302569907158613
0.016171785071492195
-0.005118473432958126
0.0032703159376978874
-0.0024328946601599455
0.023544978350400925
0.013223802670836449
-0.0008034059428609908
0.0019761195871979
0.004872268531471491
-0.048696767538785934
0.0030937609262764454
-0.015951495617628098
-0.011701218783855438
-3.950720565626398e-05
0.000745499215554446
0.019450198858976364
-0.00011672468099277467
0.0022450012620538473
-0.0021785907447338104
0.013878189958631992
0.01041836105287075
-0.03379488363862038
-0.028793033212423325
0.0012585613876581192
0.012012215331196785
-0.0065438710153102875
-0.016469823196530342
-0.020072191953659058
-0.009763973765075207
-0.014292851090431213
0.01245927158743143
0.012666602618992329
-0.005254534073174
0.01247870922088623
0.01757126674056053
-0.005050443112850189
0.001655405038036406
0.021536463871598244
-0.012077005580067635
0.011649386957287788
-0.007554607931524515
0.010781189426779747
-0.009135503321886063
-0.02180858515202999
-0.008733800612390041
0.024646421894431114
0.019631613045930862
-0.04089595377445221
0.011072748340666294
0.006145407911390066
-0.01977415382862091
-0.013813399709761143
-0.014020729809999466
-0.0061616054736077785
0.0058473702520132065
-0.001657834742218256
0.012822099961340427
0.0064790803007781506
0.0008374211611226201
0.025760823860764503
0.007263049017637968
0.0022871154360473156
-0.007276007439941168
-0.0020085149444639683
0.008856902830302715
0.048567187041044235
-0.0036542012821882963
-0.013094221241772175
0.02503516711294651
-0.009291001595556736
-0.004470565356314182
-0.016223616898059845
-0.02401147224009037
0.0074768587946891785
-0.010567380115389824
-0.012375043705105782
-0.0018335797358304262
-0.003485745284706354
0.008273785933852196
0.005938077345490456
0.011506847105920315
-0.0039813946932554245
0.00149585772305727
0.02292298711836338
0.010042574256658554
0.0024199364706873894
-0.03436504304409027
0.0032120042014867067
0.019631613045930862
0.0053938343189656734
-0.0031180575024336576
0.03550536185503006
0.015005550347268581
0.00049281504470855
-0.0316697433590889
0.0129775982350111
0.022482408210635185
0.02412809617817402
0.00984172336757183
-0.02315623313188553
0.011629949323832989
0.03213623911142349
0.039004065096378326
0.01001017913222313
0.00415309052914381
0.015135131776332855
0.017260270193219185
0.014772303402423859
0.017143646255135536
0.010139760561287403
-0.024542756378650665
0.01872454211115837
0.03550536185503006
0.009284522384405136
-0.0262661911547184
0.005811735056340694
0.004302109591662884
0.00547158345580101
0.006560069043189287
0.01897074654698372
-0.008578302338719368
0.008228432387113571
0.025916321203112602
-0.006757680792361498
-0.0209015142172575
-0.016210658475756645
-0.021730836480855942
0.02310440130531788
-0.019229911267757416
-0.013968897052109241
-0.00999722070991993
-0.00729544460773468
0.01408552099019289
-0.030866339802742004
0.015990370884537697
0.014215102419257164
-0.03322472423315048
-0.02925952710211277
0.004072102252393961
0.005105515476316214
0.011863196268677711
0.019294701516628265
-0.0156275425106287
-0.005802016705274582
0.004172527696937323
-0.010217510163784027
-0.012206587940454483
0.0024571912363171577
-0.021251384168863297
-0.02294890210032463
0.015005550347268581
-0.003929562401026487
0.0006078187143430114
0.009291001595556736
0.007690668571740389
-0.028378373011946678
0.0012528921943157911
0.005701590795069933
-0.003213623771443963
-0.02184745855629444
0.0078785615041852
0.024763045832514763
0.0022207049187272787
0.01400777231901884
-0.028793033212423325
-0.0004863359790761024
-0.024659380316734314
-0.003994353115558624
-0.015031466260552406
-0.002055488293990493
0.01256293710321188
0.0003043143078684807
0.019346533343195915
-0.009867639280855656
-0.009355791844427586
-0.00365096190944314
-0.011889112181961536
0.01304238848388195
0.00700388615950942
0.007774896454066038
-0.017091814428567886
-0.0312810018658638
0.027989627793431282
0.013761566951870918
-0.007152904756367207
-0.002815160434693098
-0.0525842159986496
-0.0011435577180236578
0.00881154928356409
-0.022573115304112434
0.03231765329837799
-0.0006543871131725609
-0.013852274045348167
-0.004026748705655336
0.009070712141692638
0.002575434511527419
0.045457229018211365
-0.016314323991537094
-0.03270639851689339
-0.0006689650472253561
-0.01678081788122654
-0.012018694542348385
-0.004140132572501898
-0.0009532347321510315
0.005934837739914656
-0.015990370884537697
-0.006990927737206221
-0.0068030343391001225
-0.04361717030405998
0.028559787198901176
-0.020162899047136307
-0.02912994474172592
-0.008111808449029922
-0.01757126674056053
0.02397259697318077
-0.018271006643772125
0.015549792908132076
-0.0017185760661959648
-0.0029965746216475964
-0.014046646654605865
-0.012673080898821354
-0.012154755182564259
-0.013852274045348167
3.19398423016537e-05
-0.0156145840883255
0.01886708289384842
0.014552014879882336
0.001146797207184136
-0.009291001595556736
-0.006417529191821814
0.013502403162419796
-0.005248055327683687
-0.014733429066836834
-0.04688262566924095
0.024607546627521515
-0.0027033963706344366
0.004415493458509445
-0.0006021495210006833
-0.008772674947977066
-0.010625692084431648
0.04605330526828766
-0.0029415024910122156
-0.018594961613416672
-0.02508699893951416
-0.013165491633117199
-0.015459085814654827
0.012964639812707901
-0.02296186052262783
0.004004071466624737
-0.0064823199063539505
-0.002638605423271656
0.03353571891784668
-0.004285911563783884
-0.0004936249461025
-0.0003069464291911572
0.044498324394226074
-0.01768788881599903
0.00758700305595994
0.004357181489467621
0.02195112407207489
0.0075351702980697155
0.020538685843348503
-0.032965559512376785
-0.004373379051685333
0.02388188987970352
0.004739447496831417
-0.013282114639878273
-0.015964454039931297
0.018258048221468925
-0.0019599217921495438
0.01867271028459072
0.008111808449029922
-0.016197701916098595
0.016314323991537094
-0.019216952845454216
-0.011753051541745663
-0.015420211479067802
-0.005319325253367424
-0.009634392336010933
-0.018296923488378525
0.0068419091403484344
0.004613105207681656
0.021147718653082848
-0.020266562700271606
-0.005636800080537796
0.010580338537693024
-0.03366530314087868
0.0418807752430439
0.015433169901371002
0.02385597489774227
0.021756751462817192
-0.008137725293636322
-0.02824879065155983
0.014331725426018238
0.028611619025468826
-0.02314327470958233
0.009653829969465733
-0.009718620218336582
0.0019712601788342
0.0006114632124081254
0.025760823860764503
0.029492774978280067
-0.01779155433177948
-0.005364678800106049
0.01153924223035574
0.027989627793431282
0.014292851090431213
-0.01865975186228752
0.00024438282707706094
-0.023868931457400322
0.013022951781749725
-0.009200294502079487
0.019657529890537262
-0.03039984591305256
-0.004101257771253586
-0.011811363510787487
0.04594963788986206
-0.007612919434905052
0.007010364904999733
-0.00116785429418087
-0.01519992295652628
-0.003932802006602287
-0.013424654491245747
-0.01998148486018181
-0.01983894407749176
-0.0021105604246258736
0.03682709485292435
-0.009796369820833206
-0.005189743358641863
0.011092185974121094
-0.020227689296007156
0.006906699854880571
-0.008720842190086842
-0.011189372278749943
0.025540534406900406
-0.01457793079316616
0.01196686178445816
0.019631613045930862
0.01417622808367014
-0.01786930300295353
0.007522212341427803
0.0037060340400785208
-0.013709734193980694
0.009440019726753235
0.014292851090431213
-0.029544606804847717
-0.0008183888276107609
-0.0208755973726511
-0.017221394926309586
0.0007815390708856285
-0.024322468787431717
-0.019553864374756813
-0.0019210473401471972
0.022275079041719437
-0.020357269793748856
-0.002496065804734826
-0.007690668571740389
0.006365696433931589
0.028430204838514328
-0.012504625134170055
-0.009452978149056435
0.0010358429281041026
0.028663450852036476
-0.04307292774319649
-0.01884116604924202
-0.009167898446321487
-0.01356719434261322
0.0016894201980903745
0.02408922091126442
0.009776932187378407
-0.023480188101530075
0.029700104147195816
0.0010180255630984902
-0.029777852818369865
-0.01146797277033329
0.012018694542348385
-0.0014496942749246955
-0.01145501434803009
-0.007263049017637968
0.014953717589378357
-0.012498145923018456
0.002052248688414693
0.01508329901844263
-0.012310252524912357
0.008675488643348217
-0.004282671958208084
-0.03236948698759079
-0.011111622676253319
-0.014266935177147388
0.039107728749513626
-0.007198258303105831
0.03882265090942383
-0.010599775239825249
-0.029570523649454117
0.013385780155658722
0.005309606436640024
0.017208438366651535
-0.026952974498271942
0.005144389811903238
0.007930394262075424
-0.015342462807893753
-0.0314883291721344
0.0053290436044335365
-0.0030370689928531647
-0.001909708953462541
-0.0024361342657357454
0.0019712601788342
0.016936317086219788
0.022650865837931633
-0.011979819275438786
-0.007101071998476982
0.010807106271386147
-0.010852459818124771
-0.036075521260499954
-0.005410032346844673
-0.03268048167228699
0.049629755318164825
0.006359217222779989
-0.013210845179855824
-0.0259811133146286
0.004331265110522509
-0.03369121998548508
-0.01573120802640915
0.019268784672021866
0.03459829092025757
-0.008591260761022568
-0.003569973399862647
0.009517769329249859
0.02603294514119625
-0.020435020327568054
0.009459457360208035
-0.019061455503106117
-0.010787668637931347
-0.03527211397886276
-0.007936873473227024
-0.009627913124859333
-0.008455200120806694
-0.003231441369280219
-0.0065730269998312
0.05452794209122658
0.012511104345321655
0.0005086078308522701
0.0209015142172575
-0.013696775771677494
-0.013236761093139648
-0.0007135087507776916
0.039211396127939224
0.004716770723462105
-0.0006272559985518456
-0.0010293639497831464
-0.010800627060234547
-0.002225564094260335
-0.0028653733897954226
-0.030995920300483704
-0.0259681548923254
-0.0013597969664260745
0.031047753989696503
-0.007399109657853842
0.025566451251506805
-0.0007519782520830631
-0.004807477816939354
0.011163455434143543
-0.012744351290166378
0.00010700606071623042
-0.01654757186770439
0.000576638150960207
0.026901142671704292
-0.0047524054534733295
-0.022715656086802483
-0.013171970844268799
-0.003378840396180749
-0.030866339802742004
0.0020214731339365244
0.019489074125885963
-0.007204737514257431
0.010185114108026028
0.000910310773178935
-0.012297295033931732
-0.00759348226711154
-0.02213253825902939
-0.017312102019786835
0.014927801676094532
-0.007444463204592466
0.00949833169579506
0.023817099630832672
-0.02079784870147705
0.029803769662976265
-0.028689367696642876
-0.00993243046104908
-0.02920769527554512
-0.026797477155923843
0.0015193443978205323
-0.02094038762152195
-0.002871852368116379
-0.003385319607332349
0.0027017765678465366
0.03034801222383976
-0.017934095114469528
0.02204183116555214
-0.04815252497792244
0.005824693478643894
0.20111066102981567
-0.03529803082346916
-0.010249905288219452
0.004389577079564333
-0.013223802670836449
0.01094316691160202
0.042139939963817596
0.010982041247189045
1.0939775165752508e-05
0.012796184048056602
0.009154940955340862
-0.02721213735640049
-0.017286187037825584
0.010405403561890125
0.00497269444167614
-0.010217510163784027
-0.05660124495625496
-0.007321360986679792
0.023182149976491928
-0.02814512513577938
0.034028131514787674
0.007230653893202543
-0.005306366831064224
-0.00517678540199995
0.031928908079862595
0.009077191352844238
0.01256293710321188
-0.0018530170200392604
0.016456864774227142
0.01196686178445816
-0.02184745855629444
0.003388558980077505
-0.013249719515442848
-0.01891891472041607
0.003153692465275526
0.00883746612817049
0.024529797956347466
-0.011727135628461838
0.023246940225362778
0.03317289054393768
0.028715284541249275
-0.02204183116555214
0.010152718983590603
-0.0037449083756655455
0.004357181489467621
0.0519103929400444
-0.015303587540984154
-0.005413271486759186
0.008260827511548996
-0.010049053467810154
-0.018063675612211227
0.03475378826260567
0.03641243278980255
0.030710840597748756
0.003722231602296233
0.01998148486018181
0.008688447065651417
0.00012998655438423157
0.008630135096609592
0.006194001063704491
-0.007826728746294975
0.015290630050003529
0.0026742403861135244
0.009822285734117031
-0.006939094979315996
0.013593110255897045
-0.022262120619416237
-0.0420103557407856
-0.010878375731408596
-0.02495741844177246
0.003482505679130554
-0.008487595245242119
-0.016975190490484238
0.014927801676094532
-0.021342091262340546
-0.04068862646818161
0.0027730464935302734
0.01777859590947628
0.012660123407840729
0.03534986451268196
-0.011111622676253319
-0.016288409009575844
-0.015212880447506905
-0.005529894959181547
0.02708255685865879
-0.01790817826986313
0.015212880447506905
-0.011169934645295143
-0.00444788858294487
-0.024322468787431717
-0.00626851012930274
-0.00313425506465137
0.0004369329835753888
-0.011999256908893585
0.020227689296007156
0.0021785907447338104
0.0260847769677639
0.01355423592031002
-0.03356163576245308
-0.002881570952013135
-0.017001107335090637
0.01895778998732567
0.016106994822621346
0.016158826649188995
-0.012005736120045185
0.02811920829117298
-0.020344313234090805
-0.016456864774227142
0.000577853003051132
-0.02002035826444626
0.02002035826444626
-0.018089592456817627
0.008992963470518589
-0.010470193810760975
-0.01683265157043934
0.004609865602105856
0.02186041697859764
-0.0037643457762897015
0.024620505049824715
0.0076323566026985645
-0.028378373011946678
-0.011241204105317593
-0.002907487330958247
0.013463528826832771
-0.0043992954306304455
-0.007405588869005442
-0.031799327582120895
0.022339869290590286
-0.013398738577961922
-0.007703626528382301
0.0020846440456807613
-0.02109588496387005
0.04887818172574043
0.01586078852415085
0.0016829411033540964
0.00036080379504710436
0.007437984459102154
-0.015562751330435276
0.01998148486018181
-0.0028216394130140543
0.0061648450791835785
-0.00932339671999216
-0.006349498871713877
-6.560068868566304e-05
0.013683818280696869
-0.032758232206106186
0.012187150306999683
-0.00466493796557188
-0.007347277365624905
-0.015588667243719101
0.0029836164321750402
-0.0312032513320446
-0.011079227551817894
-0.014811177738010883
0.011662344448268414
0.009025358594954014
-0.022637907415628433
0.006022305227816105
-0.0003442011366132647
0.0012731392635032535
-0.026369856670498848
-0.0052577736787498
0.031177334487438202
0.006404570769518614
0.006401331629604101
0.005993149243295193
-0.16202884912490845
0.005410032346844673
0.016210658475756645
-0.013942981138825417
-0.00932987593114376
0.003634764114394784
0.02091447077691555
0.020357269793748856
-0.009809327311813831
0.013528320007026196
-0.006440205965191126
0.007619398646056652
-0.046519797295331955
-0.03452054038643837
-0.009977784007787704
-0.006867825053632259
-0.021756751462817192
0.017052939161658287
0.04802294448018074
0.017376894131302834
0.007347277365624905
-0.005134671460837126
-0.01891891472041607
0.0009297480573877692
0.004606625996530056
-0.00496945483610034
-0.024711212143301964
0.009465936571359634
-0.0015088157961145043
-0.0005098226247355342
0.0022838758304715157
0.022508325055241585
0.010042574256658554
-0.01583487167954445
-0.0005397883942350745
0.015977412462234497
-0.02192520722746849
0.004000832326710224
-0.010625692084431648
0.0210051778703928
0.01457793079316616
0.014020729809999466
0.013852274045348167
0.00350194307975471
0.011714177206158638
0.02822287380695343
0.02303960919380188
-0.001650545746088028
0.02206774801015854
-0.015212880447506905
0.00949833169579506
0.0004021079221274704
0.022754529491066933
-0.008623655885457993
0.031177334487438202
0.0059056817553937435
0.02389484830200672
0.004428451415151358
0.008610697463154793
-0.0052577736787498
-0.004937059246003628
-0.03970380499958992
0.005818214267492294
0.025683075189590454
0.008701404556632042
-0.021445756778120995
-0.01206404808908701
0.020486852154135704
-0.04405774548649788
0.002891289535909891
0.012951681390404701
-0.018633835017681122
0.006414289586246014
0.0009775313083082438
-0.005669195204973221
0.005704830400645733
-0.012407438829541206
0.045431312173604965
-0.009452978149056435
-0.014979633502662182
-0.01764901541173458
0.05152164772152901
0.0019906973466277122
-0.016288409009575844
0.022754529491066933
-0.001576036331243813
-0.011312474496662617
-0.0006879973807372153
-0.001231835107319057
0.014863010495901108
-0.0002557212137617171
-0.03042576089501381
-0.010476673021912575
-0.008157161995768547
0.0033691218122839928
0.017338018864393234
-0.013385780155658722
-0.007489816751331091
0.017260270193219185
0.010165677405893803
0.01873750053346157
0.0053905947133898735
-0.008131246082484722
-0.0009297480573877692
0.023544978350400925
-0.01355423592031002
0.007774896454066038
0.02506108395755291
0.031902991235256195
0.007483338005840778
-0.022521283477544785
0.015342462807893753
0.007561086677014828
0.0005693492130376399
0.013320988975465298
0.006453163921833038
0.005128192249685526
-0.009530727751553059
0.03268048167228699
-0.006770639214664698
0.062043674290180206
-0.01565345749258995
-0.01967048831284046
0.016508696600794792
-0.012925765477120876
-0.028870781883597374
-0.11392814666032791
-0.030607175081968307
0.007703626528382301
0.020655307918787003
0.0020830242428928614
0.026693811640143394
-0.016132909804582596
0.021653085947036743
-0.010567380115389824
0.013359864242374897
-0.027523133903741837
-0.007975747808814049
-0.011753051541745663
0.013120138086378574
-0.00730192381888628
0.028482036665081978
0.0016100514912977815
-0.002565715927630663
-0.023467229679226875
0.02385597489774227
0.012698997743427753
0.021458715200424194
-0.007567565888166428
0.002648324007168412
-0.002079784870147705
0.0010382726322859526
-0.0418807752430439
0.010586817748844624
0.033017393201589584
0.0031941866036504507
-0.014357642270624638
-0.008779154159128666
-0.012433355674147606
-0.008701404556632042
0.02410217933356762
-0.0038161783013492823
-0.028611619025468826
-0.007541649509221315
0.02516474761068821
-0.016366157680749893
0.013670859858393669
0.020318396389484406
0.018193257972598076
-0.02315623313188553
0.009355791844427586
-0.027626799419522285
-0.01104035321623087
0.0035149010363966227
0.004771842621266842
-0.024426132440567017
-0.028533870354294777
-0.019359491765499115
-0.04480931907892227
-0.020473893731832504
0.012439833953976631
0.0034209545701742172
-0.002980377059429884
0.014020729809999466
-0.015407253056764603
-0.02827470749616623
-0.0036865968722850084
-0.0048139565624296665
-0.013930022716522217
0.023428354412317276
0.003722231602296233
-0.012763787992298603
-0.019437240436673164
-0.005565530154854059
0.010347091592848301
0.015303587540984154
-0.0010366528294980526
-0.005947795696556568
0.007923915050923824
-0.009018880315124989
-0.011131060309708118
0.024257676675915718
-0.02500925026834011
-0.0026240276638418436
-0.017532391473650932
-0.013735650107264519
0.003150452859699726
-0.008662530221045017
-0.0208885557949543
-0.023570895195007324
0.012083484791219234
0.02293594554066658
0.011357828043401241
-0.01456497237086296
0.004800998605787754
-0.0033561636228114367
0.00416280934587121
0.036982592195272446
-0.0017088574822992086
-0.003932802006602287
0.017338018864393234
0.002669381210580468
0.012206587940454483
-0.012595332227647305
-0.0131330955773592
0.004732968285679817
-0.03669751062989235
0.006155126262456179
-0.061110686510801315
0.009530727751553059
0.024465007707476616
-0.0034209545701742172
-0.013917064294219017
0.0002879141247831285
0.024490924552083015
-0.01152628380805254
-0.0038712506648153067
0.012206587940454483
-0.0131395747885108
0.007399109657853842
-0.0015995230060070753
-0.009543685242533684
-0.015886705368757248
-0.03522028028964996
0.006453163921833038
-0.011623470112681389
0.006019065622240305
-0.0007689858321100473
0.02213253825902939
0.005157348234206438
-0.00547806266695261
0.026952974498271942
-0.013372821733355522
-0.017299145460128784
-0.014279893599450588
-0.015394294634461403
-0.013210845179855824
0.01871158368885517
0.007522212341427803
-0.03420954570174217
-0.009349312633275986
0.02211957983672619
-0.015277671627700329
-0.01662532053887844
0.015264713205397129
0.03470195457339287
0.016094036400318146
0.06090335547924042
-0.011733614839613438
-0.009738057851791382
0.016158826649188995
-0.00365096190944314
-0.021769709885120392
0.004729728680104017
-0.007580524310469627
0.007457421626895666
0.017350977286696434
-0.02077193185687065
0.029648272320628166
0.03021843172609806
0.004088299814611673
-0.02309144288301468
-0.011927987448871136
0.019333576783537865
-0.009465936571359634
0.003997592721134424
-0.005951035302132368
-0.0061648450791835785
0.03545352816581726
-0.013184928335249424
-0.005740465130656958
0.007690668571740389
-0.023376522585749626
-0.020046275109052658
0.009887076914310455
-0.001911328756250441
-0.018232131376862526
-0.010301738046109676
-0.0016813214169815183
0.011202329769730568
0.008241389878094196
0.01781747117638588
0.022702697664499283
-0.0023810621351003647
0.006359217222779989
-0.005380876362323761
-0.016521655023097992
0.022560158744454384
-0.01785634644329548
0.004525637719780207
-0.011681782081723213
0.022754529491066933
0.016301365569233894
-0.005578488111495972
0.002790863858535886
0.015251755714416504
-0.027445385232567787
0.009589038789272308
0.004979173187166452
0.014940759167075157
-0.009303959086537361
0.015899663791060448
-0.01000369992107153
0.013826357200741768
-0.002568955300375819
-0.009245648048818111
0.029596438631415367
0.004405774641782045
0.021173635497689247
0.006592464167624712
0.008059975691139698
-0.02405034564435482
-0.013450571335852146
0.01763605698943138
-0.03226581960916519
-0.037267670035362244
-0.00577610032632947
0.012711956165730953
0.0004936249461025
-0.0056465184316039085
0.012161234393715858
0.0010892953723669052
-0.021601254120469093
-0.022573115304112434
0.023454271256923676
-0.011565158143639565
-0.01967048831284046
0.021238425746560097
-0.01980007067322731
0.009044796228408813
0.029855603352189064
0.003803220111876726
-0.009504810906946659
0.01417622808367014
0.02928544394671917
0.004577470477670431
0.014526098035275936
0.0009637632174417377
0.005212420132011175
-0.00445436779409647
-0.03350980207324028
-0.010664566420018673
-0.008455200120806694
0.0016165305860340595
0.03034801222383976
0.0210570115596056
-0.011623470112681389
0.08148091286420822
-0.0023486665450036526
-0.03558310866355896
0.006375415250658989
-0.007522212341427803
0.026952974498271942
-0.009601997211575508
-0.001232645008713007
-0.007334318943321705
0.010398924350738525
0.03037392906844616
-0.017260270193219185
0.008021101355552673
-0.04089595377445221
-0.014396516606211662
-0.004098018165677786
-0.025683075189590454
0.04066270962357521
0.0013905726373195648
0.01684560999274254
0.05540909618139267
-0.014292851090431213
0.010113844648003578
0.004409014247357845
-0.024581631645560265
0.022767487913370132
0.024465007707476616
0.004998610354959965
-0.016236575320363045
-0.011267120949923992
-0.01780451275408268
0.012290815822780132
-0.03436504304409027
-0.026797477155923843
0.0014796600444242358
-0.012368564493954182
0.01683265157043934
-0.03436504304409027
-0.008740279823541641
0.021225467324256897
-0.013826357200741768
0.01348944567143917
-0.02716030552983284
-0.04727137088775635
-0.0005689442623406649
0.003722231602296233
-0.002636985620483756
0.010211030952632427
-0.029596438631415367
