0.0023682676255702972
-0.01456326711922884
0.03923114016652107
-0.009700424037873745
-0.028267642483115196
0.031223239377141
-0.04339929297566414
-0.005361757706850767
-0.028722349554300308
-0.02177543193101883
-0.010679308325052261
0.008393140509724617
-0.013123360462486744
0.01710204966366291
0.0018914564279839396
-0.0014777990290895104
0.02629724331200123
-0.012441298924386501
0.0012007117038592696
0.005194400437176228
-0.011310845613479614
0.012314991094172001
0.014234866946935654
-0.008165786974132061
-0.019969232380390167
0.015561097301542759
0.010414062067866325
-0.02639828994870186
-0.021838584914803505
0.01331282127648592
-0.00800158642232418
-0.001921454444527626
-0.011317160911858082
0.007622663863003254
-0.012794960290193558
0.010546685196459293
-0.002099863952025771
-0.0005825938424095511
0.008058425039052963
0.009618324227631092
0.008892055600881577
-0.0011667665094137192
0.025413090363144875
-0.028570780530571938
0.009056255221366882
0.02713087387382984
-0.011279269121587276
6.068685615900904e-05
-0.027434011921286583
0.020512355491518974
0.015687404200434685
0.02910127118229866
-0.012466560117900372
-0.0027377172373235226
-0.019981862977147102
-0.009296239353716373
-0.01852932572364807
0.013780159875750542
0.005361757706850767
-0.014424328692257404
0.015535835176706314
0.007439517881721258
-0.014222236350178719
0.023670045658946037
0.005582795944064856
0.011563461273908615
-0.02207856997847557
0.019034555181860924
-0.028545519337058067
0.0008091580821201205
0.015131651423871517
0.018163032829761505
-0.011443468742072582
-0.015864234417676926
0.03326942399144173
0.014916928485035896
0.010559315793216228
-0.03395148366689682
-0.003925008699297905
0.03243579342961311
0.002494575222954154
-0.019047187641263008
-0.010376169346272945
0.025867797434329987
0.008456294424831867
-0.004379716236144304
0.010868769139051437
0.017165202647447586
0.00606908043846488
-0.012093952856957912
-0.008759432472288609
0.006997441407293081
-0.020941801369190216
0.006902710534632206
-0.008923632092773914
0.008658385835587978
-0.009289924055337906
0.013047575950622559
-0.04082261770963669
-0.02867182530462742
-0.03622502088546753
0.008241571485996246
-0.022419599816203117
-7.667266618227586e-05
-0.047062214463949203
0.016483142971992493
-0.009927777573466301
-0.004970204085111618
0.03387570008635521
-0.008860478177666664
-0.011443468742072582
0.03359782323241234
0.00230353488586843
-0.02534993551671505
0.010262493044137955
-0.02685299701988697
0.004629173781722784
-0.012510768137872219
0.0020651293452829123
-0.022204875946044922
0.040468957275152206
0.024541568011045456
0.016786281019449234
0.0051628234796226025
0.035593483597040176
0.03723548352718353
-0.02672668918967247
-0.011866599321365356
-0.038094375282526016
-0.0016814699629321694
-0.0007988956058397889
-0.0006552207050845027
0.010603523813188076
-0.012864429503679276
-0.005254396237432957
-0.003088220953941345
-0.022634321823716164
0.0047175888903439045
-0.04130258783698082
-0.008108948357403278
0.020613400265574455
0.016142111271619797
-0.003934481646865606
-0.029859118163585663
-0.006356430239975452
0.011683453805744648
0.027509795501828194
0.020045015960931778
0.008203678764402866
0.015232697129249573
0.027711888775229454
-0.03311785310506821
0.023190075531601906
-0.006852187681943178
0.030061209574341774
-0.0016877853777259588
0.027610842138528824
0.015561097301542759
-0.007988955825567245
-0.0060280305333435535
-0.025943581014871597
-0.0013143884716555476
0.006580626126378775
-0.012245521880686283
0.002317744540050626
0.018289340659976006
0.006902710534632206
-0.015472681261599064
0.014904296956956387
0.01101402286440134
0.015434789471328259
0.030945362523198128
-0.022318553179502487
0.008209994062781334
-0.006021715234965086
0.02572885900735855
0.007136379834264517
0.0008352090371772647
-0.00042510402272455394
-0.01341386791318655
-0.019741877913475037
-0.011967645958065987
0.01840301789343357
0.016786281019449234
-0.01950189471244812
-0.0074016256257891655
-0.0015701614320278168
-0.00891100149601698
0.015232697129249573
0.0010554578620940447
0.020689185708761215
0.018112510442733765
-0.012794960290193558
0.01291495282202959
-0.6373987197875977
-0.003928166348487139
-0.0005265448126010597
0.015940019860863686
0.02172490768134594
-0.008292093873023987
0.011765553615987301
0.014601158909499645
-0.002584569389000535
-0.01667260378599167
0.008209994062781334
0.014323282055556774
-0.0005269395187497139
-0.006416426505893469
-0.03875117376446724
-0.013881205581128597
-0.0007617927622050047
-0.029859118163585663
0.01947663351893425
-0.03865012526512146
-0.019287170842289925
0.03213265538215637
0.016761019825935364
0.0228995680809021
-0.012024483643472195
-0.010502477176487446
0.01815040223300457
0.007092171814292669
0.006204861216247082
-0.00014150398783385754
-0.020310262218117714
0.01253602933138609
0.007224794942885637
0.014222236350178719
0.05355442315340042
0.02077760174870491
-0.039988987147808075
0.02330375276505947
0.015940019860863686
0.014601158909499645
0.0023887925781309605
0.002560886787250638
-0.000469311693450436
0.010294069536030293
0.027383489534258842
-0.0006982441991567612
0.018781941384077072
-0.017607280984520912
0.007123748771846294
0.01702626422047615
0.004925996530801058
0.0037071281112730503
0.012542345561087132
0.01337597519159317
-0.012889690697193146
-0.025185735896229744
0.021030215546488762
-0.015169543214142323
-0.007786863949149847
0.02649933472275734
0.017215726897120476
0.017215726897120476
-0.006441687699407339
-0.015207435935735703
-0.03359782323241234
0.014664312824606895
-0.017695695161819458
-0.009024678729474545
0.006744826212525368
-0.018163032829761505
0.013300190679728985
0.027964504435658455
0.009959354996681213
-0.007294264156371355
0.0035587167367339134
-0.002200910123065114
0.030339086428284645
-0.004187097307294607
-0.01620526611804962
0.0032555784564465284
-0.009334132075309753
-0.019691355526447296
-0.0367555133998394
0.011967645958065987
0.03392622247338295
-0.04910839721560478
0.0036692358553409576
0.014841143973171711
0.0006946918438188732
0.022886937484145164
-0.005986980628222227
0.01101402286440134
0.0034703013952821493
-0.02652459777891636
-0.0006800874834880233
0.0359976664185524
0.0034639860969036818
-0.003429251490160823
0.004439712502062321
-0.019489264115691185
0.013098098337650299
-0.03218317776918411
0.020095540210604668
-0.017796741798520088
0.030136995017528534
0.003438724437728524
-0.02675195038318634
0.0012717597419396043
0.03670499101281166
-0.014664312824606895
0.021990153938531876
-0.010003562085330486
-0.0066122030839324
-0.0113866301253438
-0.017885155975818634
-0.023859506472945213
0.016634711995720863
0.008235256187617779
0.01605369709432125
-0.031071670353412628
0.020007124170660973
-0.0024551041424274445
0.006151180248707533
-0.004540758207440376
-0.024061597883701324
0.02455419860780239
-0.02195226214826107
-0.004461816046386957
-0.007666871417313814
-0.02172490768134594
-0.0109635004773736
-0.03165268525481224
0.024718398228287697
-0.013931728899478912
0.018390387296676636
-0.023682676255702972
0.023291122168302536
-0.00028162647504359484
0.004613385070115328
-0.015093758702278137
-0.01669786497950554
-0.014171713031828403
0.016382096335291862
-0.01465168222784996
-0.039862681180238724
-0.02514784410595894
-0.02065129391849041
-0.00047878475743345916
-0.013931728899478912
0.026095151901245117
-0.012738121673464775
-0.006097499746829271
-0.03890274092555046
-0.010230915620923042
0.0049828351475298405
0.008481555618345737
0.014083297923207283
-0.0018046199111267924
-0.03152637928724289
-0.023164814338088036
0.021156523376703262
0.0178725253790617
-0.01592738926410675
0.032915763556957245
-0.014348544180393219
0.008191048167645931
0.007982640527188778
0.0035239821299910545
-0.014916928485035896
-0.04789584502577782
-0.015270588919520378
0.013830682262778282
0.00918887834995985
-0.005936457309871912
0.02514784410595894
-0.01477799005806446
-0.010603523813188076
0.009896201081573963
-0.022886937484145164
-0.007073225919157267
-0.01356543693691492
0.024756290018558502
-0.013843313790857792
-0.012093952856957912
-0.008456294424831867
0.005295446142554283
0.031021147966384888
0.016508404165506363
0.004452343098819256
0.014689574018120766
-0.011651876382529736
-0.014664312824606895
-0.02955598011612892
0.007351102773100138
-0.009845677763223648
-0.004228147212415934
-0.0008138946141116321
-0.01107717677950859
-0.004272354766726494
-0.005216503981500864
0.01902192458510399
-0.005491223186254501
0.04448553919792175
0.005851199850440025
0.00921413954347372
-0.009769893251359463
0.010818246752023697
-0.0056838421151041985
0.05496906861662865
0.017480973154306412
0.012056061066687107
-0.018643002957105637
-0.006605887785553932
-0.01952715590596199
-0.019135601818561554
0.0005415438790805638
-0.01207500696182251
-0.004408135544508696
-0.014828512445092201
0.02937914803624153
-0.010388800874352455
-0.011696084402501583
-0.007224794942885637
-0.013830682262778282
-0.023581629619002342
0.017910419031977654
-0.0038018589839339256
-0.009220454841852188
0.006192230153828859
-0.014007513411343098
0.004853369668126106
0.00315926899202168
0.0027171922847628593
0.03602292761206627
0.014601158909499645
0.008986786007881165
0.012592867948114872
-0.010931923054158688
0.02202804572880268
0.005567007698118687
0.00539964996278286
0.02187647670507431
-0.0001932111626956612
-0.013426498509943485
0.017986202612519264
0.0005790414288640022
0.022356446832418442
-0.007622663863003254
-0.00726268719881773
-0.005216503981500864
-0.008424717001616955
0.004698642995208502
0.002936651697382331
-0.019691355526447296
-0.009675162844359875
-0.03571978956460953
-0.00016489063273184001
0.008658385835587978
-0.0068142954260110855
0.032789453864097595
-0.0032997862435877323
0.017885155975818634
-0.007471094839274883
0.021207047626376152
0.010142500512301922
0.0020540773402899504
-0.004692327696830034
-0.013338083401322365
-0.03316837549209595
-0.022116461768746376
-0.017619911581277847
-0.01281390618532896
-0.0026050943415611982
0.0008604705799371004
-0.007591086905449629
-0.004183939192444086
0.004370243288576603
-0.00552595779299736
0.006845872383564711
0.007521617691963911
-0.019931340590119362
-0.024945752695202827
0.0019703987054526806
0.007073225919157267
-0.016963111236691475
-0.03157690167427063
-0.004180781543254852
-0.02205330692231655
-0.04142889380455017
0.031122194603085518
-0.027838196605443954
-0.005027042701840401
-0.012517083436250687
-0.0018361967522650957
0.0011217694263905287
-0.0034418823197484016
0.01727887988090515
0.002843499882146716
0.018567217513918877
-0.009113093838095665
-0.005140719469636679
-0.02062603272497654
-0.02665090374648571
0.004029212519526482
0.034886159002780914
0.016192635521292686
-0.01945137046277523
0.004092366434633732
-0.00810263305902481
-0.03182951733469963
-0.013085467740893364
-0.0037671243771910667
-0.009580431506037712
0.028015026822686195
0.012997052632272243
0.025109952315688133
0.030718009918928146
4.790808088728227e-05
0.04643067717552185
-0.013767529278993607
0.0025482559576630592
-0.0023224810138344765
-0.010445638559758663
0.01021196972578764
0.044561322778463364
-0.017013633623719215
-0.0048691583797335625
0.027383489534258842
-0.0074016256257891655
-0.0026793000288307667
-0.0009591483976691961
-0.023518476635217667
0.017240988090634346
-0.024617351591587067
-0.002426684834063053
0.013363344594836235
-0.0024487886112183332
-0.006915341131389141
-0.0010980867082253098
0.02049972489476204
-0.018036724999547005
-0.0025687809102237225
0.006858502980321646
-0.004881788976490498
0.017657803371548653
-0.0316021628677845
0.008292093873023987
0.019817663356661797
-0.0011959751136600971
0.015283220447599888
0.05789940431714058
-0.0047365352511405945
0.010167761705815792
-0.03619975969195366
-0.008525763638317585
0.015624250285327435
0.035265084356069565
0.0017004160908982158
-0.01605369709432125
0.021030215546488762
0.01155083067715168
0.03938271105289459
-0.00166410265956074
0.01046458538621664
0.021333353593945503
-0.001774621894583106
0.010666676796972752
-0.0007503461092710495
0.007736340630799532
-0.0038050166331231594
0.018036724999547005
0.037765972316265106
-0.011039284989237785
-0.016192635521292686
0.021396508440375328
0.007073225919157267
-0.0004558915097732097
0.02175016887485981
0.0018125141505151987
0.01235288381576538
0.01198659185320139
0.04067104682326317
-0.01727887988090515
-0.021219678223133087
-0.006896395236253738
-0.03193056210875511
0.0012812328059226274
-0.013085467740893364
-0.015573727898299694
-0.023910028859972954
-0.005728049669414759
0.004038685467094183
-0.024162644520401955
-0.006444845348596573
0.0007602138794027269
-0.05527220666408539
-0.017960941419005394
0.0073826792649924755
0.0156116196885705
0.029530717059969902
0.0267014279961586
-0.012106583453714848
-0.0181251410394907
0.025968844071030617
0.007711079437285662
-0.007407940924167633
0.005500696133822203
-0.002789819147437811
-0.017342034727334976
0.028494995087385178
-0.01935032568871975
-0.024907859042286873
0.023619521409273148
-0.0069279721938073635
-0.00552595779299736
-0.00400079321116209
-0.012365514412522316
0.012864429503679276
-0.02417527511715889
0.015068497508764267
0.032865237444639206
0.013969620689749718
0.0032176862005144358
-0.005567007698118687
0.004515497013926506
-0.014095928519964218
-0.00868996325880289
-0.016407357528805733
0.017619911581277847
0.012245521880686283
-0.0046702236868441105
0.008431032299995422
-0.02087864652276039
-0.0019088236149400473
0.0060090841725468636
-0.003549243789166212
0.013552806340157986
0.0039060625713318586
0.021434400230646133
-0.011127700097858906
-0.009908831678330898
0.03200634568929672
0.0032429476268589497
-0.013274929486215115
0.004790215753018856
-0.054665930569171906
0.01194869913160801
0.016066327691078186
-0.008822586387395859
0.004815477412194014
0.0016159479273483157
0.0017383084632456303
0.00663114944472909
-0.0057154190726578236
0.0001939019130077213
0.047289568930864334
-0.018579848110675812
-0.004727062303572893
0.000219064750126563
-0.003206634195521474
-0.01865563355386257
0.01474009733647108
-0.015940019860863686
-0.009239401668310165
0.0018677737098187208
-0.009548855014145374
-0.012062376365065575
-0.02417527511715889
0.029960162937641144
-0.027080349624156952
-0.032865237444639206
-0.005661738570779562
-0.0006240385118871927
0.019160863012075424
-0.017316771671175957
0.010906661860644817
-0.00841208640486002
-0.011727660894393921
-0.013578067533671856
-0.02404896728694439
-0.007540564052760601
-0.014449589885771275
0.0008912580087780952
-0.0009204666712321341
0.008456294424831867
-0.010969815775752068
-0.008765747770667076
0.01465168222784996
-0.01980503275990486
-0.010628785006701946
-0.013805421069264412
-0.005153350066393614
-0.023543737828731537
0.017316771671175957
0.016293680295348167
-0.01600317284464836
-0.006185914855450392
-0.01139926165342331
-0.014348544180393219
0.025488873943686485
-0.02212909236550331
-0.03223370015621185
-0.0030724324751645327
-0.021737538278102875
-0.004954415839165449
-0.011279269121587276
-0.01705152727663517
0.01474009733647108
-0.009725685231387615
-0.0002309060946572572
0.030238039791584015
-0.01048984657973051
-0.001190449227578938
-0.00990251637995243
0.03627554327249527
-0.0003503062471281737
0.015788450837135315
0.015434789471328259
0.009915146976709366
0.004190254956483841
0.015283220447599888
-0.013540174812078476
0.003201897721737623
0.019943971186876297
-0.013110728934407234
-0.0019703987054526806
-0.02072707749903202
0.0037481782492250204
-0.005172296427190304
0.026246720924973488
0.0015898969722911716
0.0002545887546148151
0.02517310529947281
-0.009694108739495277
-0.004774427507072687
-0.010755092836916447
-0.00602487288415432
-0.003732389770448208
-0.002057235222309828
0.0034355667885392904
0.008165786974132061
0.009567800909280777
-0.01600317284464836
-0.007616348564624786
0.00671956455335021
-0.020120801404118538
0.027434011921286583
0.0036692358553409576
0.024882597848773003
0.019767140969634056
-0.006268014665693045
-0.0372607447206974
-0.002554571256041527
0.011683453805744648
-0.011001392267644405
0.008462609723210335
-0.014752727933228016
0.0178725253790617
-0.016192635521292686
0.018339864909648895
0.0310969315469265
-0.005825938191264868
-0.00017327824025414884
0.013931728899478912
0.011001392267644405
0.00785001739859581
-0.022583799436688423
-0.0024756290949881077
-0.018895616754889488
0.027661364525556564
0.0053901770152151585
0.023834245279431343
-0.040216341614723206
-0.012674967758357525
-0.01341386791318655
0.039812155067920685
-0.015017974190413952
0.0025229942984879017
0.0056838421151041985
-0.0037923858035355806
0.0029524401761591434
-0.009264662861824036
-0.0025008905213326216
-0.01014881581068039
-0.00793843250721693
0.012529714033007622
-0.009997246786952019
0.008746801875531673
-0.011405576951801777
-0.016167372465133667
0.008759432472288609
-0.002597200218588114
-0.006498526316136122
0.021194415166974068
-0.009694108739495277
-0.0011170328361913562
0.02935388684272766
0.008569970726966858
-0.015232697129249573
0.016912588849663734
-0.0011596616823226213
-0.023670045658946037
0.005718576721847057
0.0007554773474112153
-0.01462642103433609
0.0058827768079936504
-0.007250056602060795
-0.017632542178034782
-0.009833047166466713
-0.027231918647885323
-0.026271982118487358
-0.003225580556318164
0.009296239353716373
-0.0113866301253438
-0.004281827714294195
-0.00023268228687811643
0.007755286991596222
0.007793179247528315
0.018643002957105637
-0.011108754202723503
0.02522362768650055
0.016584187746047974
-0.04625384509563446
-0.0018851410131901503
0.004032370168715715
0.0006923235487192869
0.007458464242517948
0.010704569518566132
-0.002194594591856003
-0.02427632175385952
0.04110049456357956
-0.004098681733012199
-0.014310651458799839
-0.0034892475232481956
0.005358600057661533
-0.0013617539079859853
-0.01582634262740612
-0.018680894747376442
0.03309259191155434
-0.00043378767441026866
-0.006290118675678968
0.004048158880323172
-0.0168999582529068
0.01331282127648592
-0.0185040645301342
-0.02527415193617344
-0.026145674288272858
-0.009258347563445568
0.032334744930267334
-0.023291122168302536
0.014272759668529034
-0.008090002462267876
-0.037462834268808365
0.004275512415915728
0.012668652459979057
0.03427988290786743
-0.009574116207659245
0.0002624829940032214
-0.005292288493365049
-0.014171713031828403
-0.015359004959464073
0.0227732602506876
-0.02325323037803173
-0.002158281160518527
-0.013881205581128597
0.00806474033743143
0.037740711122751236
0.015788450837135315
-0.01587686501443386
-0.0016498931217938662
-0.00638169189915061
-0.023063767701387405
-0.029884379357099533
0.007900540716946125
-0.016091588884592056
0.05110405758023262
0.005052304361015558
-0.013426498509943485
-0.007060594856739044
0.009270978160202503
-0.05304919555783272
0.0023319541942328215
0.029657024890184402
0.038094375282526016
0.012933898717164993
0.012908637523651123
0.011955014429986477
0.0231521837413311
-0.007073225919157267
0.014689574018120766
-0.025690967217087746
-0.0016562084201723337
-0.01784726418554783
-0.016192635521292686
-0.0026145675219595432
-0.004379716236144304
-0.007527932990342379
-0.0057343654334545135
0.04097418859601021
-6.310446042334661e-05
0.014310651458799839
0.003909220453351736
-0.02185121551156044
-0.012908637523651123
0.009523593820631504
0.02144703082740307
-0.007862647995352745
-0.0036218706518411636
0.0017004160908982158
-0.004641804378479719
0.011317160911858082
-0.008734171278774738
-0.015220066532492638
-0.02147229202091694
0.005273342598229647
0.01700100302696228
0.001629368052817881
0.015497943386435509
0.015017974190413952
-0.01602843590080738
0.0002832053287420422
-0.005497538484632969
0.004215516149997711
-0.02024710923433304
-0.013123360462486744
0.035416651517152786
0.006031188182532787
-0.03326942399144173
0.0011383473174646497
-0.0039502703584730625
-0.025135213509202003
0.011955014429986477
0.010193023830652237
0.0002093943185172975
0.011329792439937592
-0.017165202647447586
-0.012188684195280075
-0.030945362523198128
-0.029960162937641144
-0.014020144008100033
0.017405187711119652
-0.005718576721847057
0.003754493547603488
0.024011075496673584
-0.023783721029758453
0.015561097301542759
-0.010609839111566544
-0.004341823980212212
-0.010306700132787228
-0.011373999528586864
0.012441298924386501
-0.01965346373617649
0.0009275714983232319
0.0021488082129508257
-0.0006039082072675228
0.024895228445529938
-0.0019309275085106492
-0.0026856153272092342
-0.05643423646688461
0.010142500512301922
0.20916539430618286
-0.040317386388778687
-0.015359004959464073
0.006059607490897179
0.0013135990593582392
0.0370081290602684
0.03463354334235191
-0.0017051526810973883
-0.0035808205138891935
0.01203711424022913
0.008633124642074108
-0.022520646452903748
-0.013868574984371662
0.0089994166046381
0.009169932454824448
-0.021308092400431633
-0.04218674078583717
-0.005595427006483078
0.018882986158132553
-0.029631763696670532
0.0178725253790617
0.00803947914391756
-0.0070227026008069515
-0.0027250866405665874
0.0177462175488472
-0.003334520850330591
-0.0031340073328465223
0.010553000494837761
0.015712665393948555
0.005901722703129053
-0.008329986594617367
0.016988372430205345
0.0007835018332116306
-0.005759626626968384
-0.015838973224163055
0.0063690608367323875
0.034810375422239304
-0.01654629595577717
0.015283220447599888
0.02287430688738823
-0.0024345791898667812
-0.012308675795793533
0.024642612785100937
-0.005039673298597336
-0.011342423036694527
0.05375651642680168
-0.008140524849295616
0.004540758207440376
-0.005428069271147251
-0.0021961734164506197
-0.016230527311563492
0.03170320764183998
0.035164035856723785
0.003211370902135968
0.00476811220869422
0.010969815775752068
-0.00721847964450717
0.017607280984520912
0.01340123638510704
-0.010748777538537979
-0.012314991094172001
0.02399844489991665
0.004509181249886751
0.019085079431533813
-0.022912198677659035
0.02169964648783207
0.012845483608543873
-0.025943581014871597
3.197161277057603e-05
-0.021838584914803505
0.009921462275087833
-0.007546879351139069
0.0026556174270808697
0.015561097301542759
-0.01437380537390709
-0.013047575950622559
0.01937558688223362
0.014058036729693413
0.026044627651572227
0.03561874479055405
-0.011588722467422485
-0.019868185743689537
-0.005207031033933163
0.009826731868088245
0.009593062102794647
-0.04049421846866608
0.022495385259389877
-0.023707937449216843
-0.010205654427409172
-0.023594260215759277
-0.01922401785850525
0.016521034762263298
0.008993101306259632
-0.007572141010314226
0.0076289791613817215
0.0003501088940538466
-0.00485652731731534
0.022634321823716164
-0.014095928519964218
-0.003653447376564145
-0.009997246786952019
0.004029212519526482
0.006523787975311279
0.0032618939876556396
-0.017215726897120476
0.023480582982301712
-0.02917705662548542
-0.004408135544508696
-0.005614372901618481
-0.016495773568749428
0.021964892745018005
-0.007995271123945713
0.012422353029251099
-0.005188084673136473
-0.025994105264544487
0.020588139072060585
0.014272759668529034
-0.028520256280899048
0.028116073459386826
0.01692521944642067
-0.0013743846211582422
0.000100355340691749
-0.017114680260419846
0.03374939039349556
-0.010382484644651413
-0.013489652425050735
-0.04607701301574707
0.011980276554822922
-0.020234478637576103
0.004427081439644098
0.021813323721289635
-0.04087314009666443
0.030465394258499146
0.0077616022899746895
-0.012504452839493752
0.010622469708323479
0.019969232380390167
-0.006637464743107557
0.024112122133374214
0.006770087406039238
0.023720568045973778
-0.023392168805003166
0.011007707566022873
-0.0016088431002572179
-0.0009678319911472499
-0.03561874479055405
0.005431226920336485
0.0021630176343023777
-0.014992712996900082
-0.010571946389973164
-0.01276338379830122
-0.04847685992717743
1.0392007425252814e-05
-0.000778765301220119
0.009826731868088245
0.04147941619157791
-0.04195938631892204
-0.002349321497604251
-0.028343426063656807
0.014272759668529034
-0.018541956320405006
0.008487870916724205
0.035366129130125046
-0.01024986244738102
-0.00024294477771036327
0.001012039720080793
-0.15611620247364044
-0.00971305463463068
0.009068885818123817
-0.012434983626008034
0.01228972990065813
-0.014234866946935654
0.022293291985988617
0.014083297923207283
-0.02082812413573265
-0.010420377366244793
-0.0006177231553010643
0.015990542247891426
-0.027231918647885323
-0.005904880352318287
0.0024661559145897627
0.015965281054377556
-0.034886159002780914
-0.0115129379555583
0.019666094332933426
0.015598989091813564
0.007016387302428484
-0.009308870881795883
-0.015081128105521202
0.009473070502281189
-0.0088731087744236
0.0030424343422055244
-0.02519836649298668
-0.0017588334158062935
-0.011241376399993896
0.010571946389973164
-0.0016309469938278198
0.012883375398814678
0.014133821241557598
-0.013489652425050735
-0.004998623393476009
0.024112122133374214
-0.006833241321146488
-0.0008352090371772647
-0.020032385364174843
0.010559315793216228
0.013666482642292976
0.0132244061678648
-0.0005900933174416423
-0.014575897715985775
0.030667485669255257
-0.0029824383091181517
0.009593062102794647
-0.0048975772224366665
0.03645237535238266
-0.004654435440897942
0.017771480605006218
0.005803834646940231
-0.005222819279879332
0.005071250256150961
0.012403407134115696
0.00834893248975277
0.017569387331604958
0.0001229525514645502
0.019287170842289925
-0.0013878047466278076
-0.012087637558579445
-0.003722916590049863
-0.027762411162257195
0.010742461308836937
0.025943581014871597
-0.011443468742072582
-0.019868185743689537
0.0316021628677845
-0.028065549209713936
0.0059143537655472755
0.008361563086509705
-0.012024483643472195
-0.007161641027778387
-0.008671017363667488
-0.0017919890815392137
-0.010685623623430729
-0.005582795944064856
0.04213621839880943
-0.011140330694615841
-0.008336301892995834
-0.010331962257623672
0.0332946851849556
-0.01166450697928667
0.013944359496235847
0.003565032035112381
0.0007590297609567642
-0.010597207583487034
0.0016419988824054599
0.007250056602060795
0.017266249284148216
0.022015415132045746
-0.052341870963573456
-0.011733976192772388
0.012542345561087132
0.022040676325559616
0.0011604510946199298
0.0034229361917823553
-0.00397553201764822
0.016318943351507187
-0.0015314796473830938
0.0015180595219135284
0.02562781237065792
-0.011216115206480026
0.007704763673245907
0.012068691663444042
-0.025893058627843857
0.0132244061678648
0.02642355114221573
0.021181784570217133
-0.0055512189865112305
-0.011140330694615841
-0.005557534750550985
0.015485311858355999
0.008273147977888584
-0.00414288928732276
0.005071250256150961
0.007483725436031818
-0.02185121551156044
0.008481555618345737
0.010969815775752068
0.049815718084573746
-0.006807979661971331
-0.008765747770667076
0.015864234417676926
-0.001774621894583106
-0.022811153903603554
-0.09937882423400879
-0.027863457798957825
0.020209217444062233
0.026069888845086098
0.01927454024553299
0.015472681261599064
-0.0035871360450983047
-0.006706933956593275
-0.006650095339864492
0.003448197618126869
-0.022558538243174553
-0.025514136999845505
-0.006378534249961376
0.02062603272497654
0.00629959162324667
0.016154741868376732
0.010603523813188076
-0.017215726897120476
-0.04314667731523514
0.026069888845086098
0.006444845348596573
0.001225183717906475
-0.01014881581068039
-0.010931923054158688
-0.013956990092992783
0.013843313790857792
-0.018440909683704376
0.007527932990342379
0.037917543202638626
-0.0033061015419662
-0.03150111809372902
-0.01735466532409191
0.005216503981500864
-0.0028687615413218737
0.003918693400919437
-0.010906661860644817
-0.03940797224640846
0.0018740891246125102
0.013666482642292976
-0.02272273786365986
0.023644784465432167
0.00931518618017435
0.014689574018120766
-0.017582017928361893
0.005901722703129053
-0.024629982188344002
-0.0004689169873017818
0.0037166012916713953
0.003381886053830385
-0.03723548352718353
-0.021409139037132263
-0.025539398193359375
-0.042742494493722916
-0.005952246021479368
0.006340641528367996
0.003937639761716127
0.0002514310763217509
0.011626615189015865
-0.014449589885771275
-0.030844317749142647
0.001697258441708982
0.004092366434633732
-0.022381708025932312
0.027610842138528824
0.005431226920336485
-0.0030061209108680487
-0.03372412919998169
-0.02705508843064308
0.0016593661857768893
0.010672993026673794
-0.008645755238831043
0.024566829204559326
0.00474916584789753
-0.004404977895319462
-0.014298020862042904
0.02190173789858818
-0.035138774663209915
-0.0035681899171322584
-0.003381886053830385
-0.006504841614514589
-0.017960941419005394
-0.008671017363667488
-0.027560319751501083
-0.011121384799480438
0.00018413280486129224
-0.009517277590930462
0.011045600287616253
-0.017582017928361893
-0.007748971693217754
-0.004840739071369171
0.0002549834898672998
0.024617351591587067
-0.0067953490652143955
0.0015149018727242947
0.005620688199996948
0.015119019895792007
0.00721847964450717
0.00025083901709876955
-0.014664312824606895
0.016761019825935364
-0.032865237444639206
0.010597207583487034
-0.06603361666202545
-0.0030834844801574945
0.011708714999258518
0.010496161878108978
0.007685817778110504
-0.019413478672504425
0.017342034727334976
-0.02894970215857029
0.011828707531094551
0.0030708536505699158
-0.022571168839931488
0.009245716966688633
-0.025160474702715874
-0.005071250256150961
-0.012687599286437035
-0.017657803371548653
0.02092917077243328
-0.002876655664294958
0.0215480774641037
0.017405187711119652
0.01612948067486286
-0.010344592854380608
0.018845094367861748
0.028596041724085808
-0.0053428118117153645
0.005428069271147251
-0.019413478672504425
0.013173882849514484
-0.0001884746307041496
0.03427988290786743
0.008551024831831455
-0.03882695734500885
-0.010717200115323067
0.028065549209713936
-0.02029763162136078
-0.020916540175676346
0.020866015926003456
0.02629724331200123
0.012030798941850662
0.07982640713453293
-0.016230527311563492
-0.02447841316461563
0.032941024750471115
-0.005241765640676022
-0.03119797818362713
-0.004566019866615534
0.004588123876601458
-0.012359199114143848
0.017594648525118828
-0.014727466739714146
0.035062991082668304
0.027711888775229454
0.016091588884592056
-0.0234047994017601
-0.0179988332092762
0.018946141004562378
0.011973961256444454
0.012618130072951317
0.023796353489160538
-0.005968034267425537
0.03796806558966637
-0.00022873518173582852
0.010294069536030293
0.008235256187617779
0.00866470206528902
-0.01346439030021429
0.011481361463665962
0.007256371900439262
-0.01319914497435093
0.004790215753018856
0.006574310828000307
0.0053238654509186745
0.016394726932048798
0.004648119676858187
0.006517472211271524
-0.019615570083260536
-0.0014920085668563843
-0.010369854047894478
-0.013893836177885532
0.01446222048252821
-0.00868996325880289
0.037867020815610886
-0.021484922617673874
0.03728600591421127
0.027964504435658455
-0.000624433218035847
0.010761408135294914
-0.020209217444062233
-0.010912977159023285
0.009877254255115986
-0.00479337340220809
0.027257181704044342
0.0092520322650671
0.022419599816203117
-0.016243157908320427
0.004351296927779913
0.00719953328371048
-0.013982252217829227
0.010009877383708954
0.017518864944577217
0.014916928485035896
0.0008509974577464163
-0.005181769374758005
-0.017392557114362717
-0.023657415062189102
0.0035018783528357744
-0.032536838203668594
-0.027282442897558212
-0.0060090841725468636
-0.004076577723026276
0.006574310828000307
-0.019855555146932602
0.014727466739714146
0.014196975156664848
-0.020941801369190216
-0.019438739866018295
0.020663924515247345
-0.00048431073082610965
-0.024617351591587067
-5.704811201212578e-07
-0.01439906656742096
0.0335473008453846
0.037614405155181885
0.0005486486479640007
0.0052765002474188805
-0.021169153973460197
0.023670045658946037
0.010679308325052261
0.0038302780594676733
0.01835249550640583
-0.00921413954347372
-0.005330180749297142
-0.017392557114362717
-0.018365126103162766
-0.040393173694610596
-0.005661738570779562
0.02662564255297184
0.03829646483063698
-0.017935680225491524
0.07957378774881363
0.0025024693459272385
-0.029606502503156662
0.008134209550917149
0.0013878047466278076
0.01667260378599167
-0.007635294459760189
0.0006386428140103817
-0.018643002957105637
0.008494186215102673
0.017392557114362717
-0.033016808331012726
-0.007029018364846706
-0.03902905061841011
-0.0023887925781309605
-0.009959354996681213
-0.0021519658621400595
0.05064934864640236
-0.023139553144574165
0.02284904569387436
0.04670855030417442
0.0029398095794022083
0.015763189643621445
0.007666871417313814
-0.027636103332042694
0.00780580984428525
0.029581241309642792
-0.0010609838645905256
-0.013173882849514484
-0.02710561268031597
0.011165591888129711
0.01707678847014904
-0.0421614795923233
-0.008532078936696053
-0.02948019467294216
-0.021863846108317375
0.0029650710057467222
-0.025337304919958115
-0.002710876986384392
0.012498137541115284
-0.0014991133939474821
0.01815040223300457
-0.02945493347942829
-0.03180425614118576
-0.012479191645979881
-0.0058196228928864
-0.020108170807361603
0.004828108008950949
-0.019059818238019943
