0.008232664316892624
-0.011058228090405464
0.013922321610152721
-0.01042889803647995
-0.029462920501828194
0.011469218879938126
-0.03878727927803993
-0.0305931456387043
-0.025134671479463577
-0.03144081309437752
-0.010165606625378132
0.0047520836815238
-0.017043285071849823
0.011893053539097309
0.0026361222844570875
-0.00037988575058989227
0.028358381241559982
-0.010364680550992489
0.008027168922126293
-0.002141648670658469
-0.009549119509756565
0.027459338307380676
-0.003560852026566863
-0.007943686097860336
-0.030387649312615395
0.005426365882158279
0.006193763576447964
-0.0215513426810503
-0.018571658059954643
-0.007314356043934822
0.010082123801112175
-0.008033590391278267
-0.015566285699605942
-0.01388379093259573
-0.008906946517527103
0.00014087681483943015
-0.0011848100693896413
0.0012209323467686772
-0.003936523571610451
0.0030840381514281034
0.015681877732276917
-0.007892312481999397
0.011462797410786152
-0.005522692110389471
-0.013164556585252285
0.01555344182997942
-0.025879591703414917
-0.0036058041732758284
-0.020613769069314003
0.01904686540365219
0.0183147881180048
0.004877307917922735
-0.00622266111895442
-0.009542698040604591
-0.02521173097193241
0.00760333426296711
-0.0058887312188744545
0.016246989369392395
0.002764557022601366
-0.017210250720381737
0.013305834494531155
-0.008913367986679077
-0.024864958599209785
0.024171410128474236
0.02266872487962246
0.030233528465032578
-0.026457548141479492
0.0022861375473439693
-0.01640111207962036
0.005102068651467562
-0.0013301018625497818
0.011578388512134552
-0.008887681178748608
-0.0015669033164158463
0.03136375546455383
0.01177104003727436
-0.020498178899288177
-0.04043124243617058
0.016298362985253334
0.021898116916418076
0.0019409693777561188
-0.0011502932757139206
-0.01853312738239765
0.03930101916193962
0.0032879284117370844
0.0007541524828411639
0.029925284907221794
0.013434269465506077
-0.010871997103095055
-0.02048533409833908
-0.006941895466297865
0.01941932737827301
0.005721766036003828
0.022283419966697693
-0.014487434178590775
0.013678295537829399
-0.0042158691212534904
0.01687631942331791
-0.022771472111344337
-0.047674961388111115
-0.003734238911420107
0.006363939493894577
-0.018096448853611946
0.003724606242030859
-0.04564569145441055
-0.01001148484647274
-0.009818832390010357
-0.006322198081761599
0.030105093494057655
-0.025661252439022064
-0.008630812168121338
0.04210089519619942
0.0006140784244053066
-0.0038723063189536333
0.010056436993181705
-0.01655523292720318
0.023554924875497818
-0.01909823901951313
-0.011141709983348846
-0.027099721133708954
0.010486693121492863
0.007160234730690718
0.018712935969233513
-0.0022604507394135
0.01103254035115242
0.012297622859477997
-0.02266872487962246
-0.0015018832636997104
-0.020433960482478142
-0.019958753138780594
-0.005156653001904488
0.008290460333228111
-0.011848101392388344
-0.0031145415268838406
-0.0037310279440134764
0.013267304748296738
-0.009394998662173748
0.004084223415702581
-0.02623920887708664
-0.008971164003014565
0.018764309585094452
0.019290892407298088
-0.01527088601142168
-0.0421779565513134
0.0021914171520620584
0.0008645260822959244
0.03596171736717224
0.011783883906900883
0.00692905206233263
0.006864834576845169
0.025879591703414917
-0.02364482916891575
0.014847051352262497
-0.027330903336405754
0.023490706458687782
-0.0010523617966100574
0.018083605915308
0.03208298981189728
0.017762519419193268
0.0004234331427142024
-0.012522383593022823
-0.0009632602450437844
-0.0050474838353693485
-0.004954368341714144
0.003493423806503415
0.0259566530585289
0.014654398895800114
-0.004944736137986183
0.00957480724900961
0.0058213029988110065
0.028101513162255287
0.024402592331171036
-0.031209632754325867
0.030670206993818283
-0.0002986106846947223
0.017878109589219093
0.004691077396273613
0.014320469461381435
0.005705711431801319
-0.01830194517970085
-0.027048347517848015
0.012040752917528152
0.0013549861032515764
0.013280147686600685
-0.02697128616273403
0.004520901478827
0.02238616906106472
0.005391046404838562
-0.0021657301113009453
0.01774967648088932
0.022925594821572304
0.0028046928346157074
-0.018738621845841408
0.00633825222030282
-0.6456668972969055
-0.0009937634458765388
0.01283704861998558
0.002430626656860113
0.017492806538939476
-0.00032710711820982397
0.006312565412372351
0.0032863228116184473
0.0032237109262496233
-0.017865266650915146
-6.978619785513729e-05
0.01071145385503769
-0.0028239579405635595
-0.016015807166695595
-0.01543785072863102
-0.01975325681269169
0.01385810412466526
-0.015784624963998795
0.007654708344489336
-0.020870639011263847
-0.032185737043619156
0.018199196085333824
-0.0015227539697661996
0.02149996906518936
-0.01941932737827301
-0.023888854309916496
0.004906205460429192
0.0009070700616575778
0.003801667131483555
0.01506539061665535
-0.019894534721970558
0.02462093159556389
0.020922012627124786
0.018199196085333824
0.048137325793504715
0.010814202018082142
-0.03768274188041687
0.01780105009675026
0.007442791014909744
0.029822537675499916
-0.010859154164791107
0.003352145664393902
0.0025349799543619156
-0.009549119509756565
0.022912750020623207
0.006087804678827524
0.013614078052341938
-0.025982338935136795
-0.01112244464457035
0.012663661502301693
-0.007474899757653475
0.002875331789255142
0.019213831052184105
-0.006518060807138681
-0.007397838868200779
-0.009189502336084843
0.004247977863997221
0.008373942226171494
-0.009394998662173748
0.027125408872961998
0.0031675207428634167
0.001346156233921647
-0.013986539095640182
-0.030747266486287117
-0.030053719878196716
0.015360790304839611
-0.023529237136244774
-0.02507045306265354
0.02266872487962246
-0.026996973901987076
0.005419944413006306
0.008682185783982277
0.002464340766891837
-0.006094226613640785
0.004363568965345621
0.006762086879462004
0.027125408872961998
-0.0029411546420305967
-0.007802408188581467
0.023349428549408913
-0.026765791699290276
-0.01993306539952755
-0.029950972646474838
0.003329669591039419
0.02568694017827511
-0.041227538138628006
-0.012406792491674423
-0.006344674155116081
0.00494794687256217
0.025699783116579056
-0.015103920362889767
0.007365730125457048
0.001050756429322064
-0.020613769069314003
0.01518098171800375
0.03110688365995884
-0.0046942881308496
-0.0025494287256151438
0.017081815749406815
-0.010441740974783897
0.013819573447108269
-0.020665142685174942
0.009966532699763775
-0.003352145664393902
0.006412102375179529
0.005484161898493767
0.0072308736853301525
-0.0008556962129659951
0.029642729088664055
-0.014654398895800114
-0.0023182462900877
-0.008630812168121338
0.0011631367960944772
-0.013106761500239372
-0.0370919406414032
-0.02629058249294758
0.01012707594782114
0.004456683993339539
0.015656189993023872
-0.021859586238861084
0.01993306539952755
-0.02257882058620453
0.014538807794451714
0.01103254035115242
-0.014513120986521244
0.026457548141479492
-0.022167829796671867
0.00857301615178585
0.0028544613160192966
-0.03370126709342003
0.009626180864870548
-0.011841678991913795
0.00945279374718666
-0.010133497416973114
0.021204568445682526
0.0009255325421690941
0.015681877732276917
-0.009298671968281269
0.014847051352262497
-0.0024627353996038437
-0.007564804051071405
-0.03041333705186844
0.008810620754957199
-0.017723988741636276
-0.025943810120224953
-0.02720247022807598
-0.0139094777405262
0.002859277417883277
-0.030387649312615395
0.020459648221731186
-0.005461685825139284
-0.016015807166695595
-0.04667317122220993
-0.018982648849487305
-0.0010868787067010999
-0.008328990079462528
-0.013549860566854477
0.004270453937351704
-0.04068811237812042
-0.00375992595218122
0.006993269547820091
-0.010994010604918003
-0.01747996360063553
0.03652682900428772
-0.024171410128474236
0.005708922632038593
0.012252670712769032
0.023375116288661957
-0.015630502253770828
-0.04153578355908394
-0.005866255145519972
0.013254460878670216
0.006168076302856207
0.012374683283269405
0.027793269604444504
-0.006097437348216772
-0.012406792491674423
0.009998640976846218
-0.014140660874545574
-0.0022684778086841106
-0.0006642481894232333
0.022411854937672615
-0.012811360880732536
-0.007995059713721275
0.005641494411975145
0.01881568320095539
-0.0035351652186363935
0.028075825423002243
-0.005606174468994141
1.0949559509754181e-05
0.001651991275139153
0.01212423574179411
-0.014924111776053905
0.020729361101984978
0.003409941215068102
0.004308984149247408
-0.002604013541713357
-0.009722506627440453
0.019856004044413567
0.005493794102221727
0.012984747998416424
-0.014525964856147766
0.03642408177256584
0.0003800864506047219
-0.0034709477331489325
0.006357517559081316
0.011250879615545273
-0.00868860725313425
0.05728187784552574
0.008418894372880459
0.01188663113862276
-0.033726952970027924
-0.017415745183825493
-0.021024759858846664
-0.00710243871435523
0.03054177202284336
0.002406545216217637
0.002783822128549218
-0.010576597414910793
0.018199196085333824
-0.016157085075974464
0.00322210555896163
0.016208458691835403
-0.0063254088163375854
-0.027921704575419426
0.018327631056308746
-0.011160975322127342
-0.0029973448254168034
0.004122754093259573
-0.020459648221731186
0.014577338472008705
-0.003827354172244668
-0.006441000383347273
0.01895696111023426
0.023657672107219696
0.008290460333228111
0.02080642059445381
-0.010364680550992489
0.019342266023159027
-0.012477431446313858
0.01993306539952755
0.03485717624425888
0.02331089787185192
-0.01997159607708454
0.013870947994291782
0.0007172275218181312
0.007956529967486858
-0.0008637233404442668
0.0020067922305315733
0.0070317997597157955
-0.0006758876261301339
-0.0021560974419116974
-0.019393639639019966
-0.02604655735194683
-0.00786020327359438
-0.023786107078194618
-0.00675566541031003
0.032057300209999084
-0.005419944413006306
0.026457548141479492
0.007455634418874979
0.015746094286441803
0.0011799938511103392
0.01091694924980402
-0.0064506325870752335
0.007166656199842691
0.0006786971352994442
-0.018057918176054955
-0.027639146894216537
-0.021307317540049553
-0.011700401082634926
-0.022488916292786598
-0.006807039026170969
0.009189502336084843
-0.013305834494531155
0.010756406001746655
0.010730719193816185
0.0011832047021016479
0.004498425405472517
0.01923951879143715
-0.027048347517848015
-0.025250261649489403
0.02340080216526985
0.008328990079462528
-0.01221414003521204
-0.005583698395639658
-0.014847051352262497
-0.0014609447680413723
-0.020600926131010056
0.01590021513402462
0.004729607608169317
0.001961840083822608
-0.006367150228470564
-0.009240876883268356
-0.009940845891833305
-0.005387835670262575
0.01965050958096981
-0.01042889803647995
0.018237726762890816
-0.004186971113085747
-0.006055695936083794
-0.030850015580654144
-0.04338524118065834
-0.007391416933387518
0.03740018606185913
0.017557023093104362
-0.03757999464869499
0.007590490859001875
0.015103920362889767
-0.008451003581285477
-0.007982216775417328
-0.004585118964314461
-0.0015516517451032996
0.018340475857257843
0.003048718674108386
0.014525964856147766
0.02002296969294548
-0.012894843704998493
0.02187242917716503
0.01371682621538639
-0.004424575250595808
0.0060139549896121025
-0.005278666038066149
0.012811360880732536
0.04834282025694847
0.0019297313410788774
-0.01807076297700405
0.03146650269627571
-0.001635134220123291
-0.021769681945443153
-0.011584809981286526
-0.04004593938589096
0.0024627353996038437
0.000995368929579854
-0.00041941957897506654
0.004321827553212643
0.006569434888660908
-0.011642605997622013
0.011263723485171795
0.007494164630770683
0.005416733678430319
-8.719511970411986e-05
0.0029796850867569447
0.007076751906424761
0.020755046978592873
-0.02034405618906021
0.00769323855638504
-0.006922630127519369
0.02081926539540291
0.005872676614671946
0.03945513814687729
0.015001173131167889
-0.004292930010706186
-0.021294472739100456
0.005111700855195522
0.011841678991913795
0.033675577491521835
-0.0035094781778752804
-0.03192886710166931
0.014641555957496166
0.02943723276257515
0.039789069443941116
-0.02499339170753956
0.01798085868358612
0.02483927085995674
0.01399938203394413
-0.004546588286757469
-0.005018585827201605
0.020472491160035133
-0.022771472111344337
0.012207718566060066
0.01599011942744255
0.006187341641634703
-0.02730521745979786
-0.0012907687341794372
0.027407964691519737
0.0038530409801751375
0.018764309585094452
0.010994010604918003
0.008637233637273312
0.012644396163523197
0.02117888256907463
-0.008470268920063972
-0.020433960482478142
-0.016092868521809578
-0.022681567817926407
0.019907377660274506
-0.01845606602728367
-0.022604506462812424
-0.003116146894171834
0.0016680456465110183
0.01371682621538639
-0.030336275696754456
0.02489064447581768
-5.458474697661586e-05
-0.05918271094560623
-0.03364989161491394
0.004042482003569603
-0.00100500148255378
0.03300771862268448
0.0076803951524198055
-0.005143809597939253
-0.011790305376052856
0.01844322308897972
-0.00022696820087730885
-0.012882000766694546
0.019034022465348244
-0.013781043700873852
-0.005567644257098436
0.019303735345602036
-0.013318678364157677
-0.005673602689057589
0.020922012627124786
0.010705032385885715
-0.01881568320095539
0.002043717075139284
-0.000906267378013581
-0.009382154792547226
-0.014140660874545574
0.02897486835718155
0.009793145582079887
0.0076225996017456055
0.011411422863602638
-0.01543785072863102
-0.006884099915623665
-0.011051805689930916
-0.01295263972133398
-0.0033071935176849365
0.030901389196515083
-0.00279827113263309
-0.005025007762014866
0.01710750162601471
-0.020832108333706856
-0.005217659752815962
0.0028416176792234182
0.00046276627108454704
-0.002351960400119424
-0.004880518652498722
0.00692905206233263
-0.015052546747028828
-0.010692188516259193
0.058103859424591064
0.017634084448218346
-0.01077567134052515
0.00297165778465569
-0.03449755907058716
0.00804001186043024
0.004174127709120512
0.0032140782568603754
0.019355108961462975
-0.009812410920858383
-0.007121704053133726
0.000494072213768959
0.003339302260428667
0.006884099915623665
0.039378080517053604
-0.016015807166695595
-0.030464710667729378
-0.0026008025743067265
0.001521951169706881
-0.007911577820777893
0.014063599519431591
0.004639703314751387
-0.0021047235932201147
0.003676443360745907
0.003397097811102867
-0.005612596403807402
-0.02331089787185192
0.02521173097193241
-0.019997281953692436
-0.01747996360063553
-0.022232046350836754
-0.006948317401111126
0.035293854773044586
-0.014705773442983627
0.0008071318152360618
-0.010762827470898628
-0.016799258068203926
-0.0068391477689146996
-0.018648717552423477
-0.0008990428759716451
-0.007744612637907267
0.011559123173356056
-0.019856004044413567
0.008630812168121338
-0.010435319505631924
-0.006961160805076361
-0.003792034462094307
-0.007320777978748083
-0.008117073215544224
-0.00710243871435523
-0.0303619634360075
-0.03639839217066765
0.009234454482793808
0.021577030420303345
0.008431738242506981
3.552022099029273e-05
-0.020922012627124786
-0.008951898664236069
0.038864340633153915
-0.016439640894532204
-0.004151651635766029
-0.02192380279302597
-0.013870947994291782
-0.0009150972473435104
-0.0013854893622919917
-0.042640320956707
0.01209854893386364
-0.01844322308897972
-0.010480271652340889
0.015964433550834656
-0.0054905833676457405
-0.00418376037850976
-0.016324050724506378
0.040867920964956284
-0.013113182969391346
0.004366779699921608
0.002663414692506194
0.0120471753180027
-0.002759740687906742
0.019085396081209183
-0.0210889782756567
0.004691077396273613
0.020241308957338333
-0.0022973755840212107
-0.003994319122284651
-0.010698610916733742
0.018160667270421982
-0.013524173758924007
0.016246989369392395
0.0007003704668022692
-0.03239123150706291
0.01636258140206337
-0.019200988113880157
-0.010377523489296436
-0.012759987264871597
-0.004257610533386469
0.0015404137084260583
-0.008078542537987232
-0.001331707346253097
0.0011358443880453706
0.02062661200761795
-0.023978758603334427
0.008797776885330677
0.017364371567964554
-0.023978758603334427
0.044104475528001785
0.0030214262660592794
0.03331596031785011
0.012169187888503075
-0.010904106311500072
-0.03734881058335304
0.01256091333925724
0.02067798748612404
-0.03064451925456524
0.02424847148358822
-0.0021400433033704758
-0.004504846874624491
-0.012824204750359058
0.01817351020872593
0.021628404036164284
-0.008720716461539268
-0.021114664152264595
0.015052546747028828
0.024646619334816933
0.003531954251229763
-0.01826341450214386
0.012374683283269405
-0.02048533409833908
0.031312379986047745
0.0003877122653648257
0.00899042934179306
-0.02697128616273403
-0.004164495039731264
-0.025019079446792603
0.05645989254117012
-0.010030750185251236
0.0046942881308496
0.0074171037413179874
0.0033457239624112844
-0.00901611614972353
-0.009619759395718575
-0.00913170725107193
-0.01807076297700405
-0.0038626736495643854
0.03555072471499443
-0.0010355047415941954
0.003141833934932947
-0.009356467984616756
-0.020600926131010056
0.023002654314041138
-0.02851250395178795
-0.005859833210706711
0.02938585914671421
-0.00027874342049472034
-0.004771349020302296
0.026688730344176292
0.028615251183509827
-0.018571658059954643
0.023233836516737938
-0.0065148500725626945
-0.011141709983348846
0.012111391872167587
-0.0038626736495643854
-0.02766483463346958
-0.0006534115527756512
-0.02243754267692566
-0.005493794102221727
-0.007153812795877457
-0.017492806538939476
-0.022655881941318512
-0.023721888661384583
0.0220137070864439
-0.020793577656149864
-0.0027806111611425877
-0.008027168922126293
-0.014410373754799366
0.02080642059445381
-0.008605125360190868
0.001509910449385643
0.02460808865725994
0.026765791699290276
-0.03542229160666466
-0.0038723063189536333
0.0012225378304719925
0.010865575633943081
0.017467118799686432
0.03621858358383179
0.0003273078182246536
-0.02011287398636341
0.03732312470674515
-0.012933374382555485
-0.024184254929423332
-0.033906761556863785
-0.007320777978748083
-0.01527088601142168
-0.015797467902302742
-0.00780882965773344
0.0139094777405262
0.008386786095798016
0.001635134220123291
0.017557023093104362
-0.014975486323237419
-0.003300771815702319
0.012438900768756866
-0.01566903293132782
-0.0008063290733844042
-0.026817165315151215
0.028307007625699043
-0.013036121614277363
0.014243408106267452
-0.013678295537829399
-0.02535300888121128
-0.005525902844965458
0.010043593123555183
0.020421117544174194
-0.021114664152264595
-0.010904106311500072
-0.01590021513402462
-0.014692929573357105
-0.03174905851483345
0.0164524856954813
-0.022835690528154373
-0.019676195457577705
-0.0061905523762106895
-0.003589749801903963
0.009793145582079887
0.023709045723080635
-0.009035381488502026
-0.00811065174639225
-0.013678295537829399
-0.017210250720381737
-0.015052546747028828
0.0014705773210152984
-0.02215498499572277
0.0519133061170578
-0.007288669236004353
-0.006116702686995268
-0.007770299445837736
-0.00387551705352962
-0.03144081309437752
0.01696622371673584
0.012650817632675171
0.04741809144616127
0.01904686540365219
0.017968013882637024
0.010884840972721577
0.02650892175734043
-0.014898424968123436
0.012066439725458622
-0.03180043026804924
-0.007256560493260622
-0.04430996999144554
-0.005863043945282698
-0.015001173131167889
-0.0010041987989097834
-0.01733868382871151
0.0026008025743067265
0.038222167640924454
-0.0014071626355871558
0.011841678991913795
0.017929483205080032
-0.012381104752421379
-0.018481753766536713
0.012040752917528152
0.014641555957496166
0.027973078191280365
-0.004203025717288256
0.009960111230611801
-0.009292250499129295
-0.013344365172088146
0.006620808970183134
0.00786020327359438
-0.029231738299131393
-0.004469527397304773
0.03167199715971947
-0.00901611614972353
0.022745786234736443
-0.015643347054719925
0.003454893361777067
0.009645446203649044
-0.009928002022206783
0.017043285071849823
-0.01867440529167652
-0.021166037768125534
0.006408891640603542
0.005105279386043549
-0.015373633243143559
-0.0019939488265663385
0.0005867860163562
-0.028538189828395844
0.0021079345606267452
0.011437109671533108
-0.02034405618906021
0.0026120406109839678
0.007609756197780371
-0.006084593944251537
-0.015591972507536411
-0.0375543050467968
-0.01952207460999489
0.014590182341635227
0.002266872441396117
-0.0176083967089653
0.014924111776053905
-0.0185459703207016
0.011649027466773987
-0.005060327239334583
-0.005869465880095959
-0.003869095351547003
-0.0257254708558321
0.0047745597548782825
-0.01503970380872488
-0.026431860402226448
-0.009626180864870548
0.004639703314751387
0.023465020582079887
0.013016857206821442
0.008637233637273312
-0.027151094749569893
0.00443741912022233
0.20385155081748962
-0.02117888256907463
-0.0005787588888779283
0.008984006941318512
-0.008206977508962154
0.018982648849487305
0.034548934549093246
-0.005182340275496244
-0.0005859833327122033
0.006903365254402161
-0.0008524853037670255
-0.025340165942907333
-0.021294472739100456
0.00616486556828022
-0.008303303271532059
-0.0055066379718482494
-0.03411225602030754
-0.018571658059954643
0.01001148484647274
-0.014513120986521244
0.020421117544174194
0.01195727102458477
-0.005493794102221727
-0.006113491952419281
0.013331522233784199
0.011469218879938126
-0.009195924736559391
0.011090336367487907
0.027921704575419426
-0.003750293282791972
-0.007853781804442406
0.005914418026804924
-0.014628712087869644
-0.014037912711501122
-0.013106761500239372
-0.001430441509000957
0.02840975485742092
-0.013408582657575607
0.005410311743617058
0.01311960443854332
0.017261624336242676
-0.02165408991277218
-0.00384661927819252
-0.01068576704710722
-0.016850633546710014
0.05635714530944824
-0.0013084284728392959
-0.00757764745503664
-0.0007966965204104781
-0.00012763198174070567
-0.014397529885172844
0.046236492693424225
0.02174399420619011
0.015643347054719925
-0.0006221055518835783
0.017312997952103615
0.012515961192548275
-0.017120346426963806
0.021808212623000145
0.0023840691428631544
0.0017884531989693642
0.02400444634258747
0.002310219220817089
0.030721580609679222
-0.028538189828395844
0.016002964228391647
-0.02840975485742092
-0.01555344182997942
-0.031158259138464928
-0.0120471753180027
0.00203408463858068
-0.017402902245521545
-0.022257734090089798
0.021936647593975067
-0.023118246346712112
-0.018147822469472885
0.003072800114750862
0.008759246207773685
0.008611546829342842
0.043642111122608185
-0.02799876406788826
-0.024030132219195366
-0.02674010396003723
-0.0010330965742468834
0.01584884151816368
-0.021294472739100456
-0.0050410619005560875
-0.008630812168121338
0.0017691879766061902
-0.03041333705186844
0.0018189564580097795
0.009394998662173748
0.0002980086428578943
0.0018205618252977729
0.012156344018876553
0.01541216392070055
-0.005891941953450441
0.024826427921652794
0.0011535041267052293
0.0014850262086838484
-0.020266994833946228
0.010261932387948036
0.015694720670580864
0.02307971566915512
-0.019714726135134697
0.019573448225855827
-0.019136769697070122
-0.002705155871808529
0.005830935202538967
-0.019123926758766174
0.005525902844965458
-0.012920530512928963
-0.0009897499112412333
-0.011135288514196873
-0.032339856028556824
0.008444581180810928
-0.0045786970295012
-0.008142760023474693
0.01520666852593422
0.01572040654718876
0.012297622859477997
0.0013782648602500558
-0.026174992322921753
0.0137938866391778
-0.018366161733865738
-0.03221142292022705
-0.05692226067185402
0.018931275233626366
-0.021101821213960648
-0.017274467274546623
0.014551651664078236
-0.026123618707060814
0.040482617914676666
0.00834183394908905
0.0022299473639577627
0.009465637616813183
-0.0031338066328316927
0.011154553852975368
0.024826427921652794
0.012259092181921005
0.037888236343860626
-0.011552701704204082
-0.004308984149247408
-0.010351836681365967
0.008245508186519146
-0.028846433386206627
0.011469218879938126
-0.006421735044568777
-0.03311046585440636
-0.006807039026170969
-0.013203087262809277
-0.05317196622490883
-0.006566224154084921
-0.02099907398223877
0.014423216693103313
0.01747996360063553
-0.02632911317050457
-0.013177400454878807
0.014885582029819489
0.022039394825696945
-0.03208298981189728
-0.012798517942428589
0.029719790443778038
-0.012843470089137554
-0.0005105279269628227
0.0033649890683591366
-0.16100573539733887
0.008932633325457573
-0.0015500462613999844
-0.025481443852186203
-0.000954430375713855
0.017402902245521545
0.03398382291197777
0.01659376360476017
-0.00783451646566391
0.001998764928430319
0.005567644257098436
0.009433528408408165
-0.014705773442983627
-0.024415437132120132
-0.013100339099764824
-0.0022106822580099106
-0.02099907398223877
-0.00033212409471161664
0.020266994833946228
0.021153194829821587
0.019085396081209183
-0.017415745183825493
-0.025558505207300186
-0.0023583821021020412
0.004780981689691544
-0.02846113033592701
-0.011154553852975368
0.006142389494925737
-0.017544180154800415
-0.018597343936562538
0.0053589376620948315
0.018661562353372574
0.021525654941797256
0.016902007162570953
0.0016696511302143335
-0.0028881754260510206
0.0030406916048377752
0.00017609601491130888
-0.00632862001657486
0.01631120778620243
0.0023407223634421825
0.005859833210706711
0.020292682573199272
-0.0032975608482956886
0.01561765931546688
3.067883517360315e-05
0.03064451925456524
-0.017312997952103615
0.027151094749569893
-0.0016391478711739182
0.02469799295067787
-0.00836752075701952
0.007815251126885414
-0.004228712525218725
0.018057918176054955
-0.0006766903097741306
0.004315406084060669
-0.0069547388702631
0.00282716890797019
-0.022399011999368668
0.007070330437272787
-0.017736831679940224
-0.00933720264583826
0.015514912083745003
0.03226279839873314
-0.01520666852593422
-0.024132879450917244
0.03257104009389877
-0.029771164059638977
-0.0006333435885608196
-0.0010162395192310214
-0.005163074936717749
0.010216980241239071
0.008791355416178703
-0.009240876883268356
0.0031434393022209406
-0.00528508797287941
0.04500351846218109
0.006749243475496769
-0.0016503859078511596
-0.014628712087869644
0.035242483019828796
-0.006241926457732916
0.016015807166695595
-0.005859833210706711
-0.0016808891668915749
0.0007561593083664775
-0.0026682307943701744
0.007346464786678553
0.008206977508962154
5.7093238865491e-05
-0.044335659593343735
-0.009793145582079887
-0.012933374382555485
0.0018928063800558448
0.003435628255829215
0.009311515837907791
-0.010724297724664211
0.014680086635053158
-0.00687125651165843
0.0029218895360827446
0.02656029537320137
-0.03508836030960083
-0.01867440529167652
0.04109910503029823
-0.025982338935136795
0.019355108961462975
0.013254460878670216
0.01765977218747139
-0.003406730480492115
-0.021846743300557137
-0.0034420499578118324
0.02238616906106472
0.02892349474132061
0.017351528629660606
0.011527013964951038
-0.0013341153971850872
-0.01572040654718876
0.005927261430770159
-0.014834207482635975
0.044849395751953125
-0.020652299746870995
-0.015746094286441803
0.008547329343855381
0.005326829385012388
-0.03326458856463432
-0.09010978788137436
-0.035807594656944275
0.009189502336084843
0.027510711923241615
-0.016953380778431892
0.022180672734975815
0.0025397962890565395
0.0032782957423478365
-0.02485211379826069
0.01807076297700405
-0.026483235880732536
-0.01705612801015377
-0.007821673527359962
0.014924111776053905
-0.015116764232516289
0.03434344008564949
0.01719740591943264
-0.0036443346180021763
-0.023529237136244774
0.022257734090089798
0.006322198081761599
0.011013275943696499
-0.017685458064079285
-0.014924111776053905
-0.005275455303490162
-0.004482370801270008
-0.035525038838386536
-0.0019329421920701861
0.026174992322921753
0.002868910087272525
-0.016657980158925056
-0.010756406001746655
0.0035383759532123804
-0.018738621845841408
0.025327323004603386
0.0017017597565427423
-0.021910959854722023
0.00104594009462744
0.01914961449801922
-0.018327631056308746
0.009446372278034687
0.014063599519431591
0.008964741602540016
-0.023580610752105713
0.01057017594575882
-0.015861686319112778
-0.0036732323933392763
0.014795677736401558
-0.0047167642042040825
-0.020433960482478142
-0.01267650444060564
-0.018854213878512383
-0.05132250487804413
0.0025301636196672916
0.0020854584872722626
0.011321518570184708
0.001913677086122334
0.00034055262221954763
-0.004045693203806877
-0.03958357498049736
-0.0014079654356464744
-0.015142451040446758
-0.014500278048217297
0.028101513162255287
0.004482370801270008
-0.006935473997145891
-0.016696510836482048
-0.028717998415231705
0.00780882965773344
0.03305909037590027
0.008553750813007355
0.005429577082395554
0.010435319505631924
0.0011310280533507466
-0.0036314912140369415
0.021204568445682526
-0.021859586238861084
-0.02080642059445381
-0.00026830812566913664
-6.91339882905595e-05
-0.008014325052499771
-0.009343624114990234
-0.017415745183825493
-0.02577684447169304
0.0068327258341014385
0.014256251975893974
0.015014016069471836
0.008540907874703407
-0.008168446831405163
-0.02702266164124012
-0.011571966111660004
0.03231417015194893
-0.0035287432838231325
0.012650817632675171
0.029514294117689133
0.00604927446693182
0.015887372195720673
-0.00466860132291913
-0.010595862753689289
-0.0035833280999213457
-0.024929175153374672
0.004697499331086874
-0.05543241649866104
-0.003270268440246582
0.01128298882395029
-0.01314529124647379
0.0006606359966099262
0.00483235577121377
0.04292287677526474
-0.010904106311500072
0.010165606625378132
0.0038112998008728027
-0.007898733951151371
0.009902315214276314
-0.017184562981128693
0.002141648670658469
-0.025789687409996986
-0.01895696111023426
0.033033404499292374
-0.01277283113449812
0.005927261430770159
0.00650200666859746
0.0044053103774785995
-0.006213028449565172
0.022334793582558632
0.02961704134941101
0.009838097728788853
0.03156924992799759
-0.011604075320065022
0.0038626736495643854
-0.003984686452895403
0.015142451040446758
0.011925161816179752
-0.015476381406188011
0.007205186877399683
0.009632602334022522
-0.01365260872989893
-0.0018205618252977729
0.019406482577323914
0.030850015580654144
0.009523432701826096
0.07469762116670609
-0.015797467902302742
-0.01723593659698963
0.024402592331171036
-0.0004932695301249623
-0.016902007162570953
-0.0019746834877878428
0.0015861685387790203
-1.3307540939422324e-05
0.019432170316576958
-0.0016214881325140595
0.0308243278414011
0.020729361101984978
-0.009587650187313557
-0.0120471753180027
-0.008630812168121338
-0.0005065143341198564
0.020844951272010803
0.012811360880732536
-0.0063832043670117855
-0.00036142327007837594
0.035679157823324203
-0.004562642890959978
-0.004103488754481077
-0.0017499227542430162
-0.011411422863602638
-0.0008259956375695765
0.012310465797781944
-0.0017900586826726794
-0.015258042141795158
-0.01918814331293106
-0.0089262118563056
-0.004899783991277218
0.0042158691212534904
0.017312997952103615
0.021448595449328423
0.006062117870897055
0.0025301636196672916
-0.024633776396512985
-0.016298362985253334
0.03639839217066765
-0.004363568965345621
0.01663229428231716
-0.030978450551629066
0.023195307701826096
0.01362692192196846
0.008932633325457573
0.014628712087869644
0.0015974065754562616
-0.021358691155910492
0.030387649312615395
-0.004806668497622013
0.01663229428231716
0.010236245580017567
-0.0008300092304125428
-0.011366470716893673
-0.002923494903370738
0.010223401710391045
-0.019586291164159775
0.022655881941318512
0.011546279303729534
0.030747266486287117
-0.005798826925456524
-0.009613336995244026
-0.030952762812376022
-0.007648286409676075
0.012824204750359058
-0.0338297002017498
-0.03262241557240486
-0.021910959854722023
0.03174905851483345
0.005137388128787279
-0.0033906761091202497
0.04500351846218109
0.014590182341635227
-0.020703673362731934
-0.004835566505789757
0.021243099123239517
-0.0169148501008749
-0.025751156732439995
0.010782092809677124
-0.007962951436638832
0.04425859823822975
0.04228070378303528
-0.00998579803854227
0.0023118245881050825
-0.0011294226860627532
0.029026241973042488
0.005002531688660383
0.008977585472166538
-0.009581228718161583
-0.02322099357843399
-0.012002223171293736
-0.008059277199208736
-0.019637664780020714
-0.022077925503253937
-0.00922161154448986
0.02748502604663372
0.041176166385412216
-0.018096448853611946
0.08918505907058716
0.007025378290563822
-0.015219512395560741
0.001430441509000957
0.01253522653132677
0.01532225962728262
-0.003377832705155015
-0.01342142652720213
0.002957209013402462
-0.0008669342496432364
0.0213201604783535
-0.01938079670071602
-0.012740721926093102
-0.01627267710864544
-0.011918740347027779
-0.0033649890683591366
-0.00466860132291913
0.05327471345663071
-0.011411422863602638
0.0015091077657416463
0.043359555304050446
0.0022363692987710238
-0.006184130907058716
0.001982710789889097
-0.022129299119114876
0.004360358230769634
0.058103859424591064
-0.007571225520223379
-0.020433960482478142
-0.014384686015546322
0.00941426306962967
0.0005101265851408243
-0.03958357498049736
-0.01608002372086048
0.002482000505551696
-0.020870639011263847
0.01719740591943264
-0.014731460250914097
0.00029660388827323914
0.017325840890407562
0.011514171026647091
0.01950923167169094
-0.02828132174909115
-0.04667317122220993
-0.021666934713721275
0.00585341127589345
-0.020279839634895325
0.0010708243353292346
-0.005275455303490162
