0.004627570044249296
-0.00746547244489193
0.022140750661492348
-0.014202294871211052
-0.0321117602288723
0.01686123013496399
-0.028097787871956825
-0.002853881334885955
-0.022319717332720757
-0.02270321734249592
-0.010437599383294582
0.0015012439107522368
-0.005049420520663261
0.01117264200001955
0.0025678540114313364
0.001545985578559339
0.03216289356350899
-0.004749012179672718
0.028967056423425674
-0.016464946791529655
-0.001245577004738152
0.002810737583786249
-0.004560457542538643
-0.0018376056104898453
-0.02152715064585209
-0.004339945036917925
0.007848972454667091
-0.021386533975601196
-0.0223452840000391
-0.003598511219024658
0.003764694556593895
0.002008582931011915
-0.017065763473510742
-0.006807130295783281
0.003994794562458992
-0.0014109615003690124
0.0048512788489460945
0.014087243936955929
0.0033172776456922293
0.02033829875290394
0.03006642311811447
-0.004563653375953436
0.01170315034687519
-0.022626517340540886
0.0006863057496957481
0.03561439365148544
-0.016579996794462204
-0.014291778206825256
-0.03267422690987587
0.037864264100790024
0.008897206746041775
0.030040856450796127
-0.028097787871956825
0.0018312139436602592
-0.03615129366517067
-0.012284792959690094
-0.015237744897603989
0.016452163457870483
-0.006362908985465765
-0.02582235261797905
0.01742369681596756
-0.017398130148649216
-0.005640650168061256
0.018305746838450432
0.011083158664405346
0.01705298013985157
-0.013921060599386692
0.004157782532274723
-0.02408381924033165
0.003966032061725855
0.003007281571626663
0.014445178210735321
-0.0011992374202236533
-0.001981418114155531
0.052923042327165604
0.004496540874242783
-0.005391375161707401
-0.030782289803028107
0.0003835003008134663
0.02078571543097496
0.0035345943178981543
-0.019443465396761894
-0.020760148763656616
0.021808383986353874
0.014278994873166084
0.015787428244948387
0.012732209637761116
0.017756063491106033
0.00908256508409977
-0.030910125002264977
-0.017283080145716667
0.01567237824201584
-0.0026477500796318054
-0.002440020674839616
-0.006749605294317007
0.013154060579836369
0.0025870290119200945
0.010584608651697636
-0.01592804491519928
-0.03479626029729843
-0.006711255293339491
-0.002841098001226783
-0.01766658015549183
0.002446412341669202
-0.02575843594968319
0.009076173417270184
-0.022639300674200058
-0.004234482534229755
0.003595315385609865
-0.028967056423425674
-0.005011070519685745
0.04387243464589119
-0.00783618912100792
-0.015915261581540108
0.02633368782699108
-0.025426069274544716
0.017577096819877625
-0.023112284019589424
-0.0015603668289259076
-0.012668292969465256
0.023994335904717445
-0.00042504616430960596
0.018318530172109604
0.005170862190425396
0.029964156448841095
0.009267924353480339
-0.028404589742422104
-0.0072225891053676605
-0.02986188977956772
-0.009913482703268528
-0.01629876345396042
-0.002304197521880269
-0.004442211706191301
-0.012892001308500767
-0.0006763187702745199
0.016388246789574623
-0.0037167570553719997
0.015327228233218193
-0.020887982100248337
-0.02104138396680355
0.015161044895648956
0.03006642311811447
-0.0006623369990848005
-0.023010017350316048
0.025911835953593254
0.00905060674995184
0.044460467994213104
0.02276713401079178
0.010776358656585217
0.009498024359345436
0.019558515399694443
-0.03229072690010071
0.023010017350316048
-0.007535780780017376
0.032776493579149246
-0.0232145506888628
0.024173302575945854
0.02477411925792694
0.013959410600364208
0.002569451928138733
-0.017909463495016098
-0.0019526557298377156
-0.00016308749036397785
0.006123221479356289
0.008379481732845306
0.02197456732392311
0.008123815059661865
0.001909511862322688
0.0027899646665900946
-0.00986234936863184
0.013806010596454144
0.014406828209757805
-0.024595152586698532
0.021450450643897057
0.0023761040065437555
0.02906932309269905
0.021309833973646164
0.005301891826093197
0.0014429198345169425
-0.012776951305568218
-0.035435426980257034
0.013550343923270702
0.027893254533410072
-9.867142944131047e-05
-0.03134475648403168
0.025796785950660706
0.014163943938910961
0.00790010578930378
0.012681076303124428
-0.0036176862195134163
0.030091989785432816
0.0030616107396781445
0.007944847457110882
-0.018753165379166603
-0.6426442265510559
0.0008772569126449525
0.01029698271304369
0.007740314584225416
0.008104640059173107
0.0007390370592474937
0.00818134006112814
0.023738669231534004
-0.008079073391854763
-0.015109911561012268
-0.012495717965066433
0.010840275324881077
-0.015199394896626472
-0.013141277246177197
-0.018139563500881195
-0.02389206923544407
0.016605563461780548
-0.019315632060170174
0.009261532686650753
-0.026116371154785156
-0.01499486155807972
0.005263541825115681
-0.019059965386986732
0.01891934871673584
-0.017129680141806602
-0.00830917339771986
0.0157362949103117
-0.0006387676694430411
0.0036624278873205185
0.00655146362259984
-0.016401030123233795
0.03835003077983856
0.016388246789574623
-0.0001788669324014336
0.05680917948484421
0.019801398739218712
-0.019315632060170174
0.02022324874997139
0.019341198727488518
0.020824065431952477
0.011690367013216019
0.0022211058530956507
-0.000275041616987437
-0.004378295037895441
0.04111123085021973
0.009823999367654324
0.025055352598428726
-0.01637546345591545
0.0016858034068718553
0.019059965386986732
0.001609103288501501
0.018765948712825775
0.019277282059192657
-0.004359120037406683
0.0015116303693503141
-0.012949526309967041
0.002810737583786249
-0.006059304811060429
-0.0024575977586209774
0.017513180151581764
0.004407057538628578
-0.009197615087032318
-0.007503822445869446
-0.024480102583765984
-0.007420730777084827
0.007254547439515591
-0.015340011566877365
-0.021987350657582283
0.01232314296066761
-0.032214026898145676
0.005023853853344917
0.025924621149897575
0.009689774364233017
-0.004595611710101366
0.0007322458550333977
-0.006279817316681147
0.01553176250308752
0.006915788631886244
-0.014406828209757805
0.011428308673202991
-0.022511467337608337
-0.02110530063509941
-0.03177938982844353
0.01730864681303501
0.013588693924248219
-0.052923042327165604
-0.018523065373301506
0.00017237539577763528
0.0032645463943481445
0.01642659679055214
-0.012674684636294842
0.012840867973864079
0.0035345943178981543
-0.029222723096609116
-0.0011680780444294214
0.03584449365735054
0.003262948477640748
-0.010846666991710663
0.013422510586678982
-0.004688291344791651
0.01546784583479166
-0.02794438786804676
0.013614260591566563
-0.008328348398208618
0.02178281731903553
0.005896317306905985
0.010118016041815281
0.005148491356521845
0.02725408785045147
-0.013703743927180767
-0.001938274479471147
-0.020057065412402153
-0.009184831753373146
-0.009088956750929356
-0.023738669231534004
-0.02738192118704319
-0.0010034925071522593
0.014445178210735321
0.023636402562260628
-0.03584449365735054
0.017653796821832657
-0.01002214103937149
0.01710411347448826
-0.0014652906684204936
-0.018152346834540367
0.023061150684952736
-0.007197022438049316
0.004528499208390713
0.004330357536673546
-0.004397470038384199
0.014330128207802773
-0.011421917006373405
0.009561941027641296
-0.013243543915450573
0.010782750323414803
-0.00310475449077785
0.027356354519724846
-0.004624374210834503
0.0011457070941105485
-0.0021412100177258253
-0.009261532686650753
-0.02463350258767605
0.012144176289439201
-0.006903005298227072
-0.02490195259451866
-0.001208025962114334
-0.026896154507994652
-0.012188917957246304
-0.03011755645275116
0.011683975346386433
0.005841987673193216
0.004646745510399342
-0.04244070127606392
-5.952244100626558e-05
-0.009440499357879162
-0.009434107691049576
-0.01692514680325985
-0.00071746512548998
-0.02993858978152275
-0.0078106229193508625
0.007606089115142822
-0.014509094879031181
-0.028890356421470642
0.028327887877821922
-0.02588626928627491
0.008238865062594414
0.026845021173357964
0.008545665070414543
-0.010290591046214104
-0.054303642362356186
0.021118083968758583
0.0228949673473835
0.010808316990733147
0.023546919226646423
0.041341330856084824
0.006123221479356289
-0.019136665388941765
0.016017528250813484
-0.014547444880008698
-0.0048384955152869225
-0.006100850645452738
0.007305680774152279
-0.02283105067908764
-0.013205193914473057
0.005755700170993805
0.0022402808535844088
0.005819616839289665
0.007586914114654064
-0.01098089199513197
0.009728124365210533
0.013051793910562992
-0.009568332694470882
-0.031830523163080215
0.01536557823419571
-0.003499440150335431
0.004304790869355202
0.002307393355295062
-0.011492225341498852
-0.0016011137049645185
0.0060465214774012566
0.013511993922293186
0.003815827891230583
0.03735293075442314
-0.01687401346862316
-0.002978519070893526
-0.018689248710870743
0.01879151538014412
0.0013957812916487455
0.06360991299152374
0.006966921966522932
0.008948340080678463
-0.006768780294805765
-0.015557329170405865
-0.018024513497948647
-0.007503822445869446
0.008909990079700947
0.01397219393402338
-0.0022898162715137005
-0.015608462505042553
0.01946903206408024
-0.003860569791868329
-0.009255140088498592
0.0011960415868088603
0.006896613631397486
-0.028967056423425674
0.020875198766589165
-0.009140090085566044
-0.020568398758769035
-0.0028395000845193863
-0.021987350657582283
0.0015316043281927705
0.0099262660369277
0.0001926489785546437
0.025042569264769554
0.010539866983890533
0.006388475652784109
0.02252425067126751
-0.006155179813504219
0.015109911561012268
-0.01213139295578003
0.018433580175042152
0.03241856023669243
0.004777774680405855
-0.0029801169876009226
0.027433054521679878
0.004237678367644548
0.01606866344809532
-0.008571231737732887
-0.010386466048657894
0.007842580787837505
-0.009996574372053146
-0.007133105769753456
-0.010667700320482254
-0.025055352598428726
0.002547081094235182
-0.01553176250308752
-0.0036656237207353115
0.021872300654649734
0.0018951306119561195
0.016631130129098892
0.009817607700824738
0.02003149874508381
-0.008130206726491451
0.02458236925303936
-0.003157485742121935
-0.004439015872776508
-0.009740907698869705
-0.024416185915470123
-0.017091330140829086
-0.0364580936729908
-0.01397219393402338
-0.03758303076028824
-0.002813933417201042
0.002246672520413995
-0.006928571965545416
0.012009951286017895
0.0025023394264280796
-0.0054329209960997105
0.007983197458088398
0.012272009626030922
-0.02899262309074402
-0.028353454545140266
0.005883533973246813
0.015301661565899849
-0.008456181734800339
-0.009453282691538334
-0.007548564113676548
0.004228090867400169
-0.034131526947021484
0.024352269247174263
-0.01353756058961153
0.003451502649113536
-0.013563127256929874
0.0022578579373657703
-0.002468783175572753
-0.016170930117368698
0.021808383986353874
-0.00472983717918396
0.024441752582788467
0.005541579332202673
-0.004125824198126793
-0.023738669231534004
-0.03765973076224327
-0.0029960961546748877
0.04481840133666992
0.019277282059192657
-0.04238956794142723
0.01611979678273201
0.01631154678761959
-0.0054425084963440895
-0.003946857061237097
0.019993148744106293
-0.006104046478867531
0.023495785892009735
0.01636268012225628
0.012840867973864079
0.015045994892716408
0.002361722756177187
0.02189786732196808
-0.013294677250087261
-0.0013646219158545136
0.003157485742121935
0.0029897044878453016
0.0005201222957111895
0.039295997470617294
-0.0014876616187393665
-0.00830917339771986
0.027279654517769814
-0.01666948013007641
0.0016322731971740723
-0.01340972725301981
-0.035997893661260605
0.0036943862214684486
0.011485833674669266
-0.01023306604474783
-0.0054297251626849174
0.0028938292525708675
-0.006877438630908728
0.01780719682574272
0.01567237824201584
-0.011389958672225475
-0.015518979169428349
0.017334213480353355
0.009120915085077286
0.0245184525847435
-0.024007119238376617
0.008922773413360119
0.017564313486218452
0.005599104333668947
0.021015817299485207
0.0295039564371109
0.010904191993176937
-0.0017976576928049326
-0.03653479367494583
-0.011914076283574104
0.0001023666191031225
0.02588626928627491
-0.008481748402118683
-0.021770033985376358
0.005138903856277466
0.0022578579373657703
0.03722509741783142
-0.007331247441470623
9.677390335127711e-05
0.028021087870001793
0.017909463495016098
-0.0036049028858542442
-0.00563425850123167
0.026359254494309425
-0.018075646832585335
0.015442279167473316
0.022230233997106552
0.00037071696715429425
-0.024914735928177834
0.0023952790070325136
0.02513205260038376
0.009779257699847221
0.01748761348426342
0.015979178249835968
0.021731683984398842
0.022358067333698273
0.03249526023864746
-0.023099500685930252
-0.031830523163080215
0.0018296160269528627
-0.03663706034421921
0.010175541043281555
-0.006909396965056658
-0.013051793910562992
-0.013141277246177197
0.0006128015229478478
0.00796402245759964
-0.03607459366321564
0.01005409937351942
0.009561941027641296
-0.0590079128742218
-0.018523065373301506
-0.013575910590589046
-0.01016914937645197
0.03124249167740345
0.01798616349697113
-0.014445178210735321
-0.0062670339830219746
0.03280206024646759
-0.020504482090473175
-0.004279224202036858
0.012540459632873535
-0.0044645825400948524
-0.015391144901514053
0.029222723096609116
-0.01803729683160782
-0.0027771813329309225
0.010207499377429485
0.007887322455644608
-0.014854244887828827
-0.005407354328781366
-0.006391671486198902
-0.003138310741633177
-0.010047707706689835
0.008226081728935242
0.01036089938133955
0.013652610592544079
0.005778071004897356
-0.022447550669312477
-0.004208915866911411
-0.0064683714881539345
-0.023419084027409554
-0.007759489584714174
0.02720295451581478
0.010002966038882732
-0.0008580819121561944
0.002045335015282035
-0.01824183017015457
0.017321430146694183
0.002345743589103222
-0.013269110582768917
0.005260345991700888
0.005605496000498533
0.014330128207802773
0.001093774801120162
-0.019059965386986732
0.040906697511672974
0.020389432087540627
-0.00432396586984396
-0.005528795998543501
-0.04898577183485031
0.017219163477420807
0.01803729683160782
-0.0032357836607843637
0.02102860063314438
0.0007458282052539289
0.0042568533681333065
0.005017462186515331
0.000992306973785162
0.01668226346373558
0.04013969749212265
-0.005765287671238184
-0.015966394916176796
-0.015774644911289215
0.004541282542049885
-0.011281300336122513
0.017871113494038582
-0.016401030123233795
-0.003464285982772708
-0.016771746799349785
-0.0036400570534169674
-0.0010650123003870249
-0.02620585449039936
0.02308671735227108
-0.022792700678110123
-0.023291250690817833
-0.01070605032145977
-0.012904784642159939
0.01922614872455597
-0.010156366042792797
0.016337113454937935
-0.022204667329788208
-0.0036592320539057255
-0.016324330121278763
-0.02421165257692337
0.0020788912661373615
-0.011102333664894104
0.018459146842360497
0.0020756954327225685
0.0015875314129516482
-0.02010819874703884
-2.768892045423854e-05
-0.002326568588614464
-0.005873946473002434
-0.0048512788489460945
-0.009293491020798683
-0.025745652616024017
-0.03262309357523918
0.01698906347155571
0.017717713490128517
-0.0012495717965066433
-0.003091971157118678
-0.002791562583297491
-0.01456022821366787
0.02942725643515587
-0.017756063491106033
-0.00752938911318779
-0.020005932077765465
-0.009740907698869705
-0.0013558333739638329
0.009517199359834194
-0.016401030123233795
0.01567237824201584
-0.02986188977956772
-0.019635215401649475
0.009664207696914673
-0.0027803771663457155
-0.008794940076768398
0.012847259640693665
0.048014238476753235
-0.02345743589103222
-0.0071586724370718
-0.0028874375857412815
0.014125593937933445
-0.008718240074813366
0.005541579332202673
-0.027407487854361534
0.013205193914473057
0.016822880133986473
-0.014087243936955929
-0.007145889103412628
-0.024480102583765984
-0.002269043354317546
-0.029887456446886063
0.013665393926203251
-0.0036656237207353115
-0.02750975452363491
0.01592804491519928
-0.02297166734933853
-0.014304561540484428
-0.019008832052350044
-0.0015004449523985386
0.014585794880986214
-0.005893121473491192
-0.004915195517241955
-0.004749012179672718
0.016656696796417236
-0.008635148406028748
-0.02116921730339527
0.005298695992678404
-0.033696893602609634
0.04136689752340317
0.012783342972397804
0.037992097437381744
0.012623551301658154
0.0020661079324781895
-0.022613734006881714
0.015263311564922333
0.03374802693724632
-0.040293097496032715
0.018996048718690872
-0.003793457057327032
0.008449790067970753
-0.015774644911289215
0.01779441349208355
0.0403442308306694
-0.030270956456661224
-0.011428308673202991
0.010437599383294582
0.020184898748993874
0.00986234936863184
-0.013563127256929874
0.005285912659019232
-0.0018759556114673615
0.0362279936671257
-0.0021108496002852917
0.018510280176997185
-0.018510280176997185
-0.016592780128121376
-0.022754350677132607
0.04896020516753197
0.007759489584714174
-0.00020932724874000996
0.005554362665861845
-0.010341724380850792
0.0071586724370718
-0.0186636820435524
-0.00698609696701169
-0.00194147031288594
-0.006433217320591211
0.03160042315721512
-0.015761861577630043
-0.00945967435836792
-0.00421850336715579
-0.019405115395784378
0.007388772442936897
0.0012527676299214363
-0.0032309899106621742
0.019072748720645905
0.001580340787768364
0.0014093635836616158
0.013793227262794971
0.005966625642031431
0.0016354690305888653
0.02210240066051483
-0.006286208983510733
-0.01923893205821514
0.020760148763656616
-0.0036752112209796906
-0.03085898980498314
0.010667700320482254
-0.014803111553192139
-0.013754877261817455
-0.007113930769264698
-0.02881365641951561
-0.012815301306545734
-0.011434700340032578
0.034949660301208496
-0.016145363450050354
-0.0008556850370950997
-0.01438126154243946
-4.4092546886531636e-05
0.00874380674213171
-0.001223206170834601
0.0002179160510422662
0.01753874681890011
0.014151160605251789
-0.03137032315135002
-0.009971007704734802
-0.01859976537525654
0.003751911222934723
0.008360306732356548
0.02620585449039936
0.003863765625283122
-0.022946100682020187
0.037557464092969894
-0.0005508821923285723
-0.012502109631896019
-0.02408381924033165
-0.0072225891053676605
0.012029126286506653
-0.012367884628474712
0.0026157915126532316
0.03387586027383804
-0.010942541994154453
0.007171455770730972
0.007708355784416199
-0.005595908500254154
-0.0076572224497795105
-0.009951832704246044
-0.028915923088788986
-0.0033204734791070223
-0.022319717332720757
0.022792700678110123
0.008449790067970753
0.024914735928177834
-0.013499210588634014
-0.033390093594789505
0.004982308018952608
0.013320243917405605
0.014163943938910961
-0.003927682060748339
0.013358593918383121
-0.001887141028419137
-0.020133765414357185
-0.01574907824397087
0.022664867341518402
-0.01151140034198761
-0.017270296812057495
-0.0009939048904925585
-0.0027420271653681993
0.031830523163080215
0.020057065412402153
-0.007535780780017376
0.004426232539117336
-0.01661834679543972
-0.006743213627487421
-0.01604309491813183
0.00905060674995184
-0.013141277246177197
0.04062546417117119
0.013742093928158283
-0.027663154527544975
-0.015314444899559021
0.011441092006862164
-0.03604902699589729
0.027969954535365105
0.020146548748016357
0.062075916677713394
0.01848471350967884
0.015570112504065037
0.004554065875709057
0.02906932309269905
-0.012642726302146912
0.014790328219532967
-0.03620242699980736
-0.00658342195674777
-0.030040856450796127
-0.0033300609793514013
-0.015838561579585075
-0.0026797084137797356
-0.019341198727488518
-0.005985800642520189
0.04192936420440674
-0.008449790067970753
0.02171890065073967
0.008481748402118683
-0.007689180783927441
-0.016260413452982903
0.0033652151469141245
0.007248155772686005
0.003454698482528329
0.005186841357499361
0.00901864841580391
-0.005116533022373915
0.013614260591566563
0.01123655866831541
-0.0040427325293421745
-0.023623619228601456
0.00031379112624563277
0.02426278591156006
-0.0009427715558558702
0.02532380260527134
-0.022639300674200058
0.0020916745997965336
0.009261532686650753
-0.0011928457533940673
-0.004982308018952608
-0.01425342820584774
-0.007260939106345177
0.005183645524084568
-0.0033300609793514013
-0.029478389769792557
-0.02607802115380764
0.010680483654141426
-0.04162256419658661
0.004458190873265266
-0.002436824841424823
-0.015889694914221764
0.012067476287484169
-0.015199394896626472
-0.009708949364721775
-0.011933251284062862
-0.04136689752340317
-0.02271600067615509
0.007491039112210274
-0.001124934176914394
0.013524777255952358
0.02240920066833496
-0.011294083669781685
0.02401990257203579
-0.007970414124429226
-0.003550573717802763
-0.01076996698975563
-0.01718081347644329
0.0016162939136847854
-0.03932156413793564
-0.00547446683049202
-0.005381787661463022
0.002844293834641576
0.014048893935978413
0.011434700340032578
0.015109911561012268
-0.019993148744106293
-0.004873649682849646
0.19502268731594086
-0.028583556413650513
-0.016822880133986473
0.008443398401141167
-0.0050749871879816055
0.01824183017015457
0.020517265424132347
0.0056534335017204285
-0.0042568533681333065
-0.0066281636245548725
0.009370191022753716
-0.015518979169428349
-0.03806879743933678
0.009715341031551361
0.00929988268762827
-0.008858856745064259
-0.03753189742565155
-0.018088430166244507
0.00837309006601572
-0.012412626296281815
0.02239641733467579
0.010015749372541904
0.004295203369110823
-0.021987350657582283
0.02557946927845478
0.009613074362277985
-0.007145889103412628
0.00472983717918396
0.027535321190953255
0.006960530299693346
-0.02508091926574707
0.004499736707657576
-0.015020428225398064
-0.0018695639446377754
-0.01172871794551611
0.009351016022264957
0.013371377252042294
-0.008462573401629925
0.0014485125429928303
0.019699132069945335
0.016030311584472656
-0.016004744917154312
-0.003448306815698743
-0.030194256454706192
-0.005631062667816877
0.06289404630661011
0.007101147435605526
0.008993081748485565
-0.0044677783735096455
-0.0011217383434996009
-0.013665393926203251
0.034949660301208496
0.018932132050395012
0.010501516982913017
0.014867028221487999
0.024965869262814522
-0.0028091396670788527
-0.01080192532390356
0.021488800644874573
-0.008699065074324608
-0.013563127256929874
0.014406828209757805
-0.004336749203503132
0.04474170133471489
0.002759604249149561
0.024620719254016876
-0.023291250690817833
-0.01874038204550743
-0.020555615425109863
-0.017513180151581764
-0.008539273403584957
-0.007363205775618553
-0.007957630790770054
0.010137191042304039
-0.023112284019589424
-0.007951239123940468
0.013767660595476627
0.0070564053021371365
0.0014525073347613215
0.036253560334444046
-0.008398656733334064
-0.010041316039860249
-0.026052454486489296
-0.010936150327324867
0.01810121349990368
-0.031268056482076645
0.016107013449072838
-0.027356354519724846
0.006311775650829077
-0.021578283980488777
0.003994794562458992
0.003911702893674374
0.00026345672085881233
-0.008603190071880817
0.009510807693004608
-0.0011361195938661695
-0.008347523398697376
0.02028716541826725
-0.010073274374008179
0.002310589188709855
-0.019008832052350044
0.005471270997077227
0.01661834679543972
0.012348709627985954
-0.022626517340540886
0.01604309491813183
-0.023725885897874832
-0.006509917788207531
-0.00438788253813982
-0.008935556747019291
-0.0021380141843110323
-0.009191223420202732
0.0046307663433253765
-0.007356814108788967
-0.013563127256929874
0.008826898410916328
0.005560754332691431
0.006864655297249556
0.013588693924248219
-0.0032230003271251917
-0.0044677783735096455
0.005806833505630493
-0.021437667310237885
0.022383634001016617
-0.00486725801602006
-0.017500396817922592
-0.059774912893772125
0.02247311733663082
-0.032520826905965805
-0.0038573737256228924
0.013128493912518024
-0.028097787871956825
0.042159467935562134
0.014138377271592617
0.0020437370985746384
-0.006308579817414284
-0.0008924371795728803
-0.0005504827131517231
-0.005269933491945267
0.016094230115413666
0.03835003077983856
-0.022115183994174004
-0.0011217383434996009
-0.009095348417758942
0.015442279167473316
-0.01880429871380329
0.006698471959680319
0.006813521962612867
-0.024965869262814522
-0.003585727885365486
-0.014278994873166084
-0.047323938459157944
-0.024377835914492607
-0.01586412824690342
0.01673339679837227
0.00942771602421999
-0.02993858978152275
-0.019801398739218712
-0.003044033655896783
0.021757250651717186
-0.021309833973646164
-0.008085465058684349
0.027279654517769814
-0.018586982041597366
0.022434767335653305
-0.009108131751418114
-0.15871798992156982
0.009319057688117027
0.0066153802908957005
-0.0026669250801205635
0.009216790087521076
-0.0014804709935560822
0.0364580936729908
0.009804824367165565
0.00043862845632247627
-0.010923366993665695
-0.005694979336112738
-0.0026956875808537006
-0.03137032315135002
-0.018382446840405464
0.003863765625283122
-0.015416711568832397
-0.028583556413650513
-0.00025786401238292456
0.03203505650162697
0.011965209618210793
0.021565500646829605
-0.01755153015255928
-0.022243017330765724
0.0028938292525708675
0.010028532706201077
-0.01929006539285183
-0.015787428244948387
0.005110141355544329
-0.019942015409469604
-0.00692218029871583
-0.0042632450349628925
0.019366765394806862
0.03489852696657181
-0.0002008383016800508
-0.015953611582517624
0.011179033666849136
-0.000485367578221485
-0.010412032715976238
-0.029836323112249374
0.01773049682378769
0.01711689680814743
0.014048893935978413
0.016017528250813484
-0.028302321210503578
0.010431207716464996
-0.005963429808616638
0.03592119365930557
8.778561459621415e-05
0.02768872119486332
0.005113337188959122
0.02445453591644764
0.0036304695531725883
0.001340653165243566
0.004397470038384199
0.002575843594968319
-0.003809436224400997
0.015148261561989784
-0.0036176862195134163
0.0050558121874928474
0.0019606451969593763
0.00958750769495964
-0.00043423418537713587
-0.007363205775618553
0.02656378783285618
0.01847193017601967
-0.012297576293349266
-0.018011730164289474
0.012482934631407261
-0.025055352598428726
0.007848972454667091
-0.0023057954385876656
-0.00441984087228775
0.005701371002942324
-0.018510280176997185
-0.005889925640076399
-0.009996574372053146
-0.01642659679055214
0.045585401356220245
0.004889628849923611
-0.013984977267682552
-0.016081446781754494
0.027867687866091728
-0.0072034141048789024
-0.0016426596557721496
-0.006375692319124937
-0.014534661546349525
0.0015787428710609674
0.01135160867124796
0.010571825318038464
0.00472983717918396
-0.00320542324334383
-0.03548656031489372
0.0037135612219572067
-0.0013790031662210822
0.00840504840016365
0.011153466999530792
-0.008123815059661865
-0.014355694875121117
-0.002503937343135476
0.001593124121427536
0.008673498407006264
0.011460267007350922
-0.015787428244948387
-0.009306274354457855
0.027049554511904716
-0.026538221165537834
0.01946903206408024
0.01737256348133087
0.03124249167740345
0.002911406336352229
-0.01666948013007641
0.016004744917154312
0.01755153015255928
0.020645098760724068
0.015825778245925903
-0.0014373271260410547
-0.007682789117097855
-0.003160681575536728
0.0010186727158725262
-0.018280180171132088
0.05115893855690956
-0.013217977248132229
-0.006692080292850733
-0.016081446781754494
-0.011428308673202991
-0.019366765394806862
-0.10911861807107925
-0.040983397513628006
0.025732869282364845
0.03328782692551613
0.0064587839879095554
0.017410913482308388
-0.004240874201059341
-0.0023729081731289625
-0.0068390886299312115
0.025975754484534264
-0.02707512117922306
-0.013058185577392578
0.0026573375798761845
0.021258700639009476
-0.022319717332720757
0.041469164192676544
0.01840801350772381
-0.020299948751926422
-0.02607802115380764
0.014278994873166084
0.001883945195004344
0.021616633981466293
-0.026359254494309425
-0.007452689111232758
-0.008353915065526962
0.00814938172698021
-0.028353454545140266
0.000932385097257793
0.019647998735308647
-0.009044215083122253
-0.028430156409740448
-0.021143650636076927
0.005544775165617466
-0.014112810604274273
0.010782750323414803
-0.016324330121278763
-0.02408381924033165
-0.011990776285529137
0.021488800644874573
0.005781266838312149
0.006497134454548359
0.013435293920338154
0.01686123013496399
-0.02906932309269905
0.006126417312771082
-0.015391144901514053
-0.023495785892009735
0.013051793910562992
-0.0028331084176898003
-0.03648366034030914
-0.022741567343473434
-0.04226173460483551
-0.0412134975194931
0.007548564113676548
0.013422510586678982
0.03131918981671333
-0.012872826308012009
0.013767660595476627
-0.005142099689692259
-0.02390485256910324
0.007305680774152279
-0.0096514243632555
-0.016950713470578194
0.013230760581791401
0.010872233659029007
-0.002753212582319975
-0.015442279167473316
-0.03822219744324684
0.008692673407495022
0.015646811574697495
0.006947746966034174
0.01946903206408024
0.017142463475465775
0.005902708973735571
-0.02097746543586254
0.023572485893964767
-0.012649117968976498
-0.018139563500881195
0.006123221479356289
-0.016963496804237366
-0.010463166050612926
-0.003515419317409396
-0.0033236693125218153
-0.01599196158349514
-0.002142807934433222
0.016950713470578194
0.020824065431952477
0.007369597442448139
-0.009440499357879162
-0.009683382697403431
-0.010066882707178593
0.01581299491226673
-0.002943364903330803
0.014918161556124687
0.016081446781754494
0.006992488633841276
0.007254547439515591
-0.02421165257692337
-0.014854244887828827
0.01347364392131567
-0.020069848746061325
0.006420433986932039
-0.05752504616975784
-0.006768780294805765
-0.006426825653761625
-0.0042568533681333065
0.001109753968194127
-0.019315632060170174
0.021130867302417755
-0.01307096891105175
-0.002246672520413995
0.012981485575437546
-0.005883533973246813
0.012872826308012009
-0.02258816733956337
-0.0010330539662390947
-0.021642200648784637
-0.001428538584150374
0.037122830748558044
-0.012156959623098373
0.011191817000508308
0.029734056442975998
0.004176957532763481
-0.004627570044249296
0.024492885917425156
0.022243017330765724
-0.003505831817165017
0.007861755788326263
-0.006545071955770254
0.0016154949553310871
5.8074328990187496e-05
0.014764761552214622
-0.001084187300875783
-0.013742093928158283
0.0021140454337000847
0.01135160867124796
-0.003751911222934723
-0.006768780294805765
0.00012104228517273441
0.022562600672245026
0.027049554511904716
0.05711597949266434
-0.01753874681890011
-0.01637546345591545
0.06018397957086563
0.003063208656385541
-0.02525988593697548
-0.011568925343453884
0.013256327249109745
0.014649711549282074
0.019686348736286163
-0.009025040082633495
0.025298235937952995
0.021565500646829605
0.011677583679556847
-0.031523723155260086
-0.001871161861345172
0.004924783017486334
0.0024224435910582542
0.009900699369609356
-0.001308694714680314
-0.005126120522618294
0.032265160232782364
-0.006800738628953695
-0.006375692319124937
0.014828678220510483
0.00304083782248199
-0.006104046478867531
-0.0048416913487017155
-0.001867966027930379
-0.027100687846541405
-0.024480102583765984
-0.013256327249109745
-0.0009411736391484737
0.026435954496264458
0.014266211539506912
0.016912363469600677
0.000948364264331758
0.012585201300680637
-0.008954731747508049
-0.01334581058472395
0.036560360342264175
-0.01917501538991928
0.013435293920338154
-0.01922614872455597
0.01803729683160782
0.010776358656585217
-0.014112810604274273
0.008571231737732887
-0.018267396837472916
-0.02881365641951561
0.02625698782503605
0.0021380141843110323
0.02332960069179535
0.01316684391349554
0.006807130295783281
-0.010507908649742603
0.033645760267972946
0.028583556413650513
-0.018893782049417496
0.007574130780994892
0.021450450643897057
0.028353454545140266
-0.008475356735289097
-0.0017465242417529225
-0.017346996814012527
-0.012706642970442772
0.009529982693493366
-0.04323326796293259
-0.0295039564371109
-0.019379548728466034
0.004582828376442194
0.009561941027641296
0.0026477500796318054
0.03167712315917015
0.015237744897603989
-0.03303216025233269
-0.01586412824690342
0.0070691886357963085
-0.022754350677132607
-0.02876252308487892
0.009133698418736458
-0.01016914937645197
0.04305430129170418
0.040906697511672974
0.010143582709133625
0.011958817951381207
-0.005231583025306463
0.026666054502129555
-0.003576140385121107
-0.0048512788489460945
-0.009108131751418114
-0.013831577263772488
-0.01493094488978386
-0.028174487873911858
-0.007382380776107311
-0.023304034024477005
-0.014189510606229305
0.028302321210503578
0.03850343078374863
-0.017078546807169914
0.08508593589067459
0.0009539569728076458
-0.012668292969465256
0.011070375330746174
0.013192410580813885
-0.003732736222445965
-0.0030296524055302143
-0.01397219393402338
-0.00199100561439991
0.01057821698486805
0.016477730125188828
-0.026308121159672737
-0.007861755788326263
-0.04655693471431732
-0.016516080126166344
-0.006126417312771082
-0.014649711549282074
0.04377016797661781
-0.011006458662450314
0.009197615087032318
0.05095440521836281
-0.0026509459130465984
0.005918688140809536
0.004081082530319691
-0.028609123080968857
0.014355694875121117
0.028353454545140266
-0.0054329209960997105
-0.011019241996109486
-0.02009541541337967
0.0078106229193508625
-0.00986234936863184
-0.054917242377996445
0.0019190993625670671
-0.0006950942915864289
-0.032648660242557526
-0.0013518385821953416
-0.027433054521679878
0.0018280181102454662
-0.000771394872572273
0.01580021157860756
0.017641013488173485
-0.02651265449821949
-0.04873010516166687
-0.011115116998553276
-0.01481589488685131
-0.030833423137664795
0.01761544682085514
-0.03024538978934288
