-9.777217201190069e-05
-0.004831959493458271
0.0195437204092741
-0.03619207441806793
-0.025766216218471527
0.012838661670684814
-0.05132925137877464
-0.0011095728259533644
-0.021969223394989967
-0.025651926174759865
-0.004692270420491695
-0.0004897041362710297
-0.01596261002123356
0.01836271584033966
-0.0021746992133557796
-0.00027838529786095023
0.02130887657403946
-0.008641650900244713
0.013664095662534237
-0.009524229913949966
-0.017702369019389153
0.004108117893338203
0.010025839321315289
-0.0022778783459216356
-0.03403325006365776
-0.006736805196851492
0.019810399040579796
-0.026134487241506577
-0.0070098331198096275
0.0008190837688744068
-0.012337052263319492
-0.018096037209033966
-0.015276865102350712
-0.014375237748026848
-0.010825875215232372
0.003457295475527644
0.003412849036976695
0.015187972225248814
0.017118215560913086
0.005746285431087017
0.02599479816854
0.00202072411775589
0.012311655096709728
-0.01101635955274105
0.0004063671512994915
0.027886945754289627
-0.020839015021920204
-0.012794215232133865
-0.02999497577548027
0.03550633043050766
0.011727501638233662
0.003135059028863907
-0.017042022198438644
-0.01187988929450512
-0.015607038512825966
-0.002987433457747102
0.00015347899170592427
0.0012508488725870848
0.0051018125377595425
-0.016749946400523186
0.0076257335022091866
-0.007225716020911932
-0.012038626708090305
0.020496143028140068
0.007422550115734339
0.007327307481318712
-0.02750597707927227
0.020381852984428406
-0.005435160361230373
0.01304184552282095
-0.0035874599125236273
0.01648326776921749
-0.005489131435751915
1.235173567692982e-05
0.03969699144363403
0.004120816942304373
-0.0007059835479594767
-0.04355747997760773
0.0049018035642802715
0.023353412747383118
-0.0015945148188620806
-0.012584682554006577
-0.02628687396645546
0.031010892242193222
0.001874685985967517
0.009517880156636238
0.015226068906486034
0.009416288696229458
0.0037525466177612543
-0.01596261002123356
-0.0071685705333948135
0.008908329531550407
0.004457339644432068
0.02048344351351261
-0.012743419967591763
0.003084263065829873
-0.025728119537234306
0.01358790136873722
-0.03149345517158508
-0.03939221426844597
-0.005333568900823593
-0.010349662974476814
-0.015276865102350712
0.005555800627917051
-0.027125006541609764
0.002712818095460534
-0.01937863416969776
-0.0024397901725023985
0.02534715086221695
-0.02676943503320217
-0.021854933351278305
0.04823070019483566
-0.005578023847192526
-0.00936549250036478
0.006193924229592085
-0.012032276950776577
0.021600954234600067
-0.02105489745736122
-0.011968782171607018
-0.012838661670684814
0.026058293879032135
0.012057675048708916
0.008908329531550407
-0.009613122791051865
0.018718287348747253
0.019353235140442848
-0.019950086250901222
-0.007784470450133085
-0.02791234292089939
-0.008965475484728813
-0.018997663632035255
-0.00747969513759017
0.00029842587537132204
0.00018135721620637923
-0.002273116260766983
0.008806738071143627
-0.011416376568377018
0.014514926820993423
-0.03159504383802414
-0.010692535899579525
0.018134133890271187
0.018273822963237762
-0.000501212605740875
-0.02514396794140339
0.0027080560103058815
0.0071304733864963055
0.042033601552248
0.020585035905241966
0.0004972441820427775
0.007593986112624407
0.023975661024451256
-0.019911989569664
0.023035937920212746
0.0009270250448025763
0.017029322683811188
-0.0012373562203720212
0.007797169499099255
0.03421103581786156
-0.0014405398396775126
0.004200185649096966
-0.028547292575240135
-0.011384629644453526
0.009441686794161797
0.003708100179210305
0.010629041120409966
0.02689642459154129
0.018426209688186646
-0.005641519092023373
0.017334097996354103
0.00979725830256939
0.01371489092707634
0.02383597381412983
-0.020788218826055527
0.021004101261496544
-0.008368623442947865
0.03179822862148285
0.010629041120409966
-0.005936770234256983
-0.005832003429532051
-0.0010421094484627247
-0.03700480982661247
0.0056446935050189495
0.009003572165966034
0.009987742640078068
-0.024991579353809357
0.0026397991459816694
0.0008508312166668475
0.007492394186556339
0.022273998707532883
-0.0070034838281571865
0.02094060741364956
0.008794039487838745
0.0020588210318237543
0.004098593723028898
-0.6432791948318481
-0.0006270118174143136
0.013791085220873356
0.006666961126029491
0.010927466675639153
-0.005781207699328661
0.016457868739962578
0.003698576008901
0.006079633254557848
-0.005130385048687458
-0.018032541498541832
0.01234340202063322
-0.005397063679993153
-0.004943075589835644
-0.017803961411118507
-0.024636007845401764
0.019010363146662712
-0.0013992681633681059
0.004803386516869068
-0.016229288652539253
-0.021156489849090576
0.019619913771748543
0.013930773362517357
0.012171966023743153
-0.014083161018788815
-0.00869244709610939
0.03093469887971878
0.003298558294773102
-0.0062955161556601524
0.01126398891210556
-0.017207108438014984
0.02383597381412983
0.006057410500943661
0.008990872651338577
0.05445319786667824
0.022223202511668205
-0.04500516131520271
0.02885206788778305
-0.0013516469625756145
-0.000527007388882339
-0.005111336708068848
-0.007771771866828203
0.0018699237843975425
-0.0010119493817910552
0.037207990884780884
0.006362185813486576
0.012356100603938103
-0.009448036551475525
0.007543190382421017
0.013346620835363865
0.00425415625795722
-0.014908595010638237
0.013499008491635323
0.0010651263874024153
-0.007797169499099255
-0.010127430781722069
-0.0045303585939109325
0.008406720124185085
-0.0023953437339514494
0.014870497398078442
-0.00855275895446539
0.01118144579231739
-0.007790820207446814
-0.010362362489104271
-0.025778915733098984
0.013816483318805695
-0.009759160690009594
-0.023277217522263527
0.01889607310295105
-0.02615988440811634
0.010330614633858204
0.032915737479925156
0.012578332796692848
-0.0015667357947677374
0.012711672112345695
0.006251069717109203
0.03253477066755295
0.0007663036813028157
0.0070034838281571865
0.002323912223801017
-0.007574937772005796
-0.0009389303158968687
-0.023378809913992882
0.010394109413027763
0.028521893545985222
-0.04927201569080353
-0.006025662645697594
-0.0053589665330946445
0.018438909202814102
0.028496496379375458
-0.002730279229581356
0.006787601392716169
-0.001365933334454894
-0.018680190667510033
0.010298867709934711
0.029207639396190643
0.0064669521525502205
-0.013156136497855186
0.01897226646542549
-0.015657834708690643
0.003612858010455966
-0.038960449397563934
0.03149345517158508
-0.001183385611511767
0.012673575431108475
0.0016715023666620255
-0.014413334429264069
-0.00014365713286679238
0.031696636229753494
-0.01926434226334095
-0.013727590441703796
-0.027277395129203796
-0.008921029046177864
-0.00371444970369339
-0.02558843046426773
-0.02938542515039444
0.010260770097374916
0.015975307673215866
0.027074210345745087
-0.029131444171071053
0.018794480711221695
-0.008089246228337288
0.013372018933296204
0.006520922761410475
-0.00582565413787961
0.017524583265185356
-0.040789101272821426
0.012921205721795559
0.0018540500896051526
0.0007793994736857712
0.0006004233146086335
-0.006051060743629932
0.020991403609514236
-0.006032012403011322
0.0170547217130661
-0.010667137801647186
0.01224181056022644
-0.01475620735436678
0.018883373588323593
-0.005206578876823187
-0.017080118879675865
-0.017854755744338036
0.013664095662534237
-0.02306133508682251
-0.034668195992708206
-0.01937863416969776
-0.01640707440674305
-0.014464130625128746
-0.03149345517158508
0.012933904305100441
0.009276599623262882
-0.0014151418581604958
-0.043811459094285965
-0.004250981379300356
-0.00805749837309122
-0.015086380764842033
-0.026210680603981018
0.0015270515577867627
-0.026718640699982643
-0.006939989048987627
0.008940077386796474
0.002641386352479458
-0.01631818152964115
0.023416906595230103
-0.03167124092578888
0.0009373429929837584
0.018007144331932068
0.019213546067476273
-0.010946515016257763
-0.048256099224090576
0.0024572513066232204
0.0050954632461071014
0.005873274989426136
0.012902156449854374
0.0211056936532259
0.003042991505935788
-0.008679748512804508
0.019251642748713493
-0.012591032311320305
-0.018540501594543457
-0.015949910506606102
0.027886945754289627
-0.019238945096731186
-0.009054368361830711
0.006060584913939238
0.0009809957118704915
0.016915032640099525
0.017664272338151932
-0.008844834752380848
0.007549539674073458
0.005958993453532457
-0.008260682225227356
-0.01967070996761322
0.010603643022477627
0.010521098971366882
0.013752988539636135
0.01189893763512373
-0.005298646632581949
0.011613210663199425
-0.003444596426561475
0.013867278583347797
-0.011505269445478916
0.04028114303946495
-0.005425636190921068
0.002677896060049534
-0.002668371656909585
0.005711363162845373
-0.01238784845918417
0.052014995366334915
0.008660700172185898
0.019785000011324883
-0.030782312154769897
-0.022134309634566307
-0.0018286521080881357
-0.002428678562864661
0.021207286044955254
0.008800388313829899
0.0006532034603878856
-0.022540677338838577
0.001754045719280839
-0.007670179940760136
-0.004587504081428051
0.005238326266407967
-0.008438467979431152
-0.02796313911676407
0.027378985658288002
-0.009867101907730103
-0.010013140738010406
-0.004244631621986628
-0.036750826984643936
0.008095595054328442
-0.0003135059087071568
0.012248159386217594
0.026591649278998375
0.010254421271383762
0.0013468848774209619
0.02146126516163349
-0.013283126056194305
0.01942942850291729
-0.004177962429821491
0.009651219472289085
0.030782312154769897
0.011657657101750374
-0.026439262554049492
0.018134133890271187
0.010114732198417187
0.020864414051175117
0.006432029884308577
-0.008216235786676407
0.015988007187843323
-0.007562238723039627
0.014908595010638237
-0.024547114968299866
-0.018921470269560814
-0.010559196583926678
-0.045284539461135864
0.003301733173429966
0.022121611982584
-0.004203360062092543
0.020953305065631866
0.010127430781722069
0.02796313911676407
-0.003920807968825102
0.008267031982541084
-0.0007619383977726102
-0.0015738790389150381
0.010432207025587559
-0.02449631877243519
-0.030629923567175865
-0.01970880664885044
-0.009867101907730103
-0.027074210345745087
-0.012318003922700882
0.005339918192476034
0.00162467488553375
0.0015667357947677374
-0.00433669937774539
-0.01574672758579254
-0.0011944972211495042
0.0018953217659145594
-0.01970880664885044
-0.030706116929650307
0.021092994138598442
0.016419772058725357
-0.011448124423623085
-0.01937863416969776
-0.009378192014992237
-0.016153093427419662
-0.032103005796670914
0.022667666897177696
0.00219374755397439
-0.007676529232412577
0.006032012403011322
0.0042382823303341866
-0.002939812373369932
-0.019073856994509697
0.030782312154769897
-0.010121081955730915
0.019531020894646645
0.0033398300874978304
0.014133957214653492
-0.01644517108798027
-0.0341094434261322
-0.010082985274493694
0.03959539905190468
0.029740994796156883
-0.04020494967699051
0.010686186142265797
0.013118039816617966
-0.012362450361251831
-0.011105252429842949
0.009727413766086102
-0.005990740843117237
0.010203625075519085
0.02195652574300766
0.01812143437564373
0.015784824267029762
-0.0005774064338766038
0.02260417304933071
-0.007733674719929695
-0.013676794245839119
-0.015657834708690643
-0.001537369447760284
0.012464042752981186
0.059126418083906174
-0.0048954542726278305
-0.007263812702149153
0.029487015679478645
-0.01673724688589573
-0.007073328364640474
-0.016673751175403595
-0.037969931960105896
0.00014246661157812923
0.004219233989715576
0.011886239051818848
0.011562415398657322
0.0014738745521754026
-0.004971648100763559
0.001511971466243267
0.022020019590854645
-0.007835266180336475
-0.0012722783721983433
0.01880718022584915
0.016356278210878372
0.010178226977586746
-0.017651572823524475
0.011721152812242508
-0.013575202785432339
0.013092641718685627
0.01232435368001461
0.039443012326955795
0.011562415398657322
0.006403457373380661
-0.02938542515039444
-0.00219374755397439
0.004070020746439695
0.026210680603981018
-0.009498831816017628
-0.025448743253946304
0.019785000011324883
0.007701927330344915
0.03738577663898468
-0.006571718491613865
-0.0029445744585245848
0.037893734872341156
0.01234340202063322
0.0017334098229184747
-0.002920763799920678
0.00818448793143034
-0.004781163297593594
0.014946691691875458
0.021232683211565018
0.0071749198250472546
-0.03370307385921478
0.01832461915910244
0.011613210663199425
0.01653406396508217
0.002652497962117195
-0.00860990397632122
0.005885974038392305
6.081617539166473e-05
0.018502404913306236
-0.004470038693398237
-0.032788749784231186
-0.0007301909499801695
-0.0372333899140358
0.021905729547142982
-0.019975485280156136
0.0025080472696572542
-0.018350016325712204
-0.01913735270500183
0.005073240026831627
-0.024674104526638985
0.0022842278704047203
-0.004854182712733746
-0.04853547737002373
-0.03309352323412895
-0.003933507017791271
-0.004298602696508169
0.015924513339996338
0.01815953105688095
-0.021804137155413628
-0.005987565964460373
0.03461740165948868
-0.0055177039466798306
-0.0022620046511292458
0.015035584568977356
-0.008813087828457355
-0.010356012731790543
0.00810194481164217
-0.006308215204626322
-0.0013619648525491357
0.01673724688589573
0.010159178636968136
-0.0200008824467659
0.015149875544011593
-0.0028318711556494236
-0.005012919660657644
-0.017461087554693222
0.01358790136873722
0.0024143923074007034
-0.009092465043067932
-0.006622514687478542
-0.013727590441703796
0.0008143216837197542
-0.01489589549601078
-0.01906115934252739
-0.006590767297893763
0.021156489849090576
-0.00742889940738678
0.00816543959081173
0.010146480053663254
-0.01163225993514061
0.0025874157436192036
0.007886062376201153
-0.0002823537215590477
0.015149875544011593
0.005339918192476034
0.015162574127316475
-0.03380466625094414
-0.020254861563444138
0.03347449377179146
0.020953305065631866
-0.021854933351278305
-0.003041404066607356
-0.042998723685741425
0.002462013391777873
0.01546734943985939
-0.007270161993801594
0.01415935531258583
0.009048018604516983
-0.006851096171885729
0.0020270736422389746
-0.02121998369693756
0.012845011427998543
0.025461440905928612
-0.0025191588792949915
-0.016673751175403595
-0.01173385139554739
-0.00047819572500884533
-0.017283301800489426
0.01823572628200054
-0.011537017300724983
-0.011594162322580814
0.002525508403778076
0.0017207108903676271
0.0001562568941153586
-0.02477569691836834
0.021702544763684273
-0.03040134161710739
-0.030020372942090034
-0.013537105172872543
0.010889369994401932
0.03530314564704895
-0.012806914746761322
0.02125808224081993
-0.02167714759707451
-0.008146391250193119
-0.006800300441682339
-0.0028906038496643305
-0.016711849719285965
0.012025928124785423
-0.00264297379180789
-8.973610238172114e-05
0.008717845194041729
-0.008178139105439186
-0.004079545382410288
-0.0029445744585245848
-0.003758896142244339
0.016254685819149017
-0.009232153184711933
-0.012654527090489864
-0.04216059297323227
0.006927290000021458
0.015111777931451797
-0.015137176029384136
0.005470082629472017
-0.015149875544011593
-0.02151206135749817
0.03019815869629383
-0.020902510732412338
-0.012921205721795559
-0.005260549485683441
-0.007244764361530542
0.008444816805422306
0.0063463118858635426
-0.020064378157258034
0.02551223710179329
-0.005152608267962933
-0.02016597054898739
0.02068662829697132
-0.013156136497855186
0.003463645000010729
0.003463645000010729
0.031366463750600815
-0.019251642748713493
0.0028826668858528137
0.013765687122941017
0.028471097350120544
0.011359231546521187
-0.00035914283944293857
-0.02595670148730278
0.004873231053352356
0.028471097350120544
-0.003755721263587475
-0.009511531330645084
-0.00793685857206583
-0.010451255366206169
-0.028877465054392815
0.006225671619176865
-0.009498831816017628
-0.017892854288220406
0.012946602888405323
-0.011333833448588848
-0.007308259140700102
-0.016673751175403595
-0.0044382913038134575
0.0013635522918775678
0.0020969179458916187
-0.0024667754769325256
-0.0038096921052783728
0.018261123448610306
-0.013765687122941017
-0.01438793633133173
-0.0003946602810174227
-0.030375944450497627
0.039443012326955795
-0.0010421094484627247
0.025486839935183525
0.019327837973833084
-0.0005932801868766546
-0.04386225342750549
0.01668645069003105
0.026337670162320137
-0.021232683211565018
0.007968605495989323
-0.012191014364361763
0.0051018125377595425
-0.007098725996911526
0.014933992177248001
0.029334628954529762
-0.015264165587723255
-0.00930834747850895
0.004787513054907322
0.018743684515357018
0.010584594681859016
-0.014603819698095322
0.024216942489147186
-0.027277395129203796
0.02184223383665085
0.010324264876544476
0.028801271691918373
-0.026794834062457085
-0.01710551790893078
-0.013029146939516068
0.060142338275909424
-0.00046708411537110806
0.0029763218481093645
-0.014146656729280949
-0.017397593706846237
-0.0026556728407740593
-0.019645310938358307
-0.005870100576430559
-0.012330703437328339
0.004346223548054695
0.02396296337246895
0.0011421139352023602
0.008768641389906406
-0.02044534683227539
-0.029029853641986847
0.02717580273747444
-0.0002020922547671944
0.008705146610736847
0.023480402305722237
-0.00040120817720890045
-0.004555756691843271
0.0260836910456419
0.02628687396645546
-0.013473610393702984
0.021562857553362846
-0.0013937123585492373
-0.006654262077063322
0.0038922352250665426
-0.006616164930164814
-0.02485189028084278
-0.001131796045228839
-0.010457604192197323
-0.013194233179092407
-0.008413069881498814
-0.03342369943857193
-0.025169365108013153
-0.013092641718685627
0.02396296337246895
-0.014946691691875458
0.004276379477232695
-0.0013968871207907796
0.009467084892094135
0.007987653836607933
0.02407725341618061
-0.007778121158480644
0.004416068084537983
0.024597911164164543
-0.03746197000145912
-0.007308259140700102
-0.011029058136045933
0.013283126056194305
0.0030556905549019575
0.013168835081160069
0.007682878989726305
-0.028521893545985222
0.04917042329907417
-0.007282861042767763
-0.017334097996354103
-0.0260836910456419
0.01734679751098156
-0.0034699945244938135
-0.012127519585192204
-0.012197364121675491
0.019658010452985764
0.0004067639820277691
0.008946427144110203
-0.00026548790629021823
-0.019289741292595863
0.009543278254568577
-0.0022524804808199406
-0.03268715739250183
-0.015683231875300407
-0.02453441731631756
0.03322051465511322
-0.021600954234600067
0.02615988440811634
-0.01104175765067339
-0.03248397260904312
-0.003577935742214322
-0.004435116425156593
0.0310616884380579
-0.014070462435483932
0.012756118550896645
-0.0009167071548290551
-0.0161276962608099
-0.018680190667510033
0.01314343698322773
-0.027734557166695595
-0.016381675377488136
0.0040668463334441185
0.01821032725274563
0.0013540280051529408
0.030985495075583458
-0.011594162322580814
0.004774814005941153
-0.011765598319470882
0.005920896306633949
-0.019492924213409424
-0.001631818013265729
-0.02020406723022461
0.04376066103577614
-0.011727501638233662
-0.012229111045598984
-0.009352793917059898
0.011892588809132576
-0.05338648334145546
0.00934644415974617
0.018438909202814102
0.03383006528019905
0.006730455905199051
0.0021016800310462713
-0.004343048669397831
0.030833106487989426
-0.011321134865283966
0.016559461131691933
-0.01697852648794651
-0.011105252429842949
-0.027150405570864677
0.00032104592537507415
0.0008714670548215508
-0.0017730941763147712
-0.028521893545985222
-0.011581463739275932
0.022375591099262238
0.0020238987635821104
0.004676396958529949
0.0032096654176712036
-0.024216942489147186
-0.004638299811631441
-0.0020540589466691017
0.013283126056194305
0.005314520560204983
-0.0034795186948031187
-0.0002972353540826589
-0.011371931061148643
0.022832753136754036
-4.5190488890511915e-05
-0.0048097362741827965
-0.021778739988803864
0.005965342745184898
0.019632613286376
-0.0022683541756123304
0.031696636229753494
-0.004003351554274559
-0.009682967327535152
0.0037969930563122034
-0.011905287392437458
0.005911372136324644
-0.01405776385217905
-0.01913735270500183
0.024966182187199593
0.00438749510794878
-0.010514750145375729
-0.0034509459510445595
0.01034331414848566
-0.02567732334136963
0.005533577408641577
0.012178315781056881
-0.01869288831949234
0.003206490771844983
6.686802953481674e-05
-0.00013919264893047512
-0.025334451347589493
-0.03939221426844597
-0.019073856994509697
0.017867455258965492
-0.014933992177248001
0.002317562699317932
0.012705322355031967
-0.027404384687542915
0.004012875724583864
-0.01754998043179512
-0.003828740445896983
-0.022020019590854645
-0.019911989569664
0.013956171460449696
-0.025334451347589493
-0.010381410829722881
0.005047841928899288
0.014921293593943119
0.00010327836935175583
0.0014413334429264069
0.019213546067476273
-0.045157548040151596
-0.016216589137911797
0.20440267026424408
-0.05226897448301315
0.005162132438272238
0.0010825875215232372
-0.019950086250901222
0.01869288831949234
0.040789101272821426
-0.0009436924592591822
-0.002342960564419627
-0.007073328364640474
-0.001469906186684966
-0.02742978185415268
-0.032077606767416
0.011010009795427322
0.011365581303834915
-0.019746903330087662
-0.04538613185286522
-0.023442305624485016
0.005012919660657644
-0.025486839935183525
0.013752988539636135
0.016191190108656883
-0.004003351554274559
-0.01163225993514061
0.016356278210878372
0.004384320694953203
-0.0014572071377187967
0.0038319150917232037
0.02971559762954712
-0.0011762423673644662
-0.011346532963216305
-0.014045064337551594
-0.012495789676904678
-0.0014206976629793644
-0.014667314477264881
0.008482914417982101
0.02477569691836834
-0.013410115614533424
0.015035584568977356
0.03167124092578888
0.021575555205345154
-0.03294113650918007
-0.0034826933406293392
-0.033931657671928406
-0.008984523825347424
0.06908241659402847
-0.015353058464825153
-0.010038538835942745
-0.005508179776370525
0.004327175207436085
0.001935006002895534
0.03550633043050766
0.03527774661779404
0.010203625075519085
0.015975307673215866
0.027607567608356476
-0.012546585872769356
-0.006412981543689966
0.013232329860329628
0.009676617570221424
-0.005587548483163118
0.0231375303119421
0.01616579294204712
0.027048813179135323
-0.023899467661976814
0.029537811875343323
0.005520878825336695
-0.008794039487838745
-0.016991226002573967
-0.019581817090511322
0.007759072817862034
-0.0024064553435891867
-0.017321400344371796
0.00938454084098339
-0.029690200462937355
-0.014438732527196407
0.010394109413027763
0.01240689679980278
-0.00037918341695331037
0.0551135428249836
-0.012578332796692848
-0.03530314564704895
-0.016508664935827255
-0.017613476142287254
0.01304184552282095
-0.005695489700883627
0.006362185813486576
-0.014705411158502102
-0.005812955088913441
-0.010203625075519085
-0.006219322327524424
0.005257375072687864
0.0018270647851750255
0.004527184180915356
0.02346770279109478
0.015086380764842033
-0.005997090134769678
0.02306133508682251
0.012629128992557526
-0.0013103752862662077
-0.02379787527024746
0.010965563356876373
0.014984788373112679
0.010095683857798576
-0.019111955538392067
0.02085171453654766
-0.02448362112045288
-0.006705057807266712
-0.004685921128839254
-0.027759956195950508
0.0068764942698180676
-0.016153093427419662
0.009670267812907696
-0.01116239745169878
-0.024089952930808067
0.009759160690009594
0.013346620835363865
0.004355747718364
0.027251996099948883
0.013156136497855186
0.005987565964460373
0.007073328364640474
-0.00860990397632122
0.03840169683098793
-0.01232435368001461
-0.024026457220315933
-0.06481555849313736
0.028750475496053696
-0.012870409525930882
-0.00859085563570261
-0.0001563561090733856
-0.02864888310432434
0.04114467278122902
0.0038414394948631525
-0.007987653836607933
-0.0018683364614844322
0.003758896142244339
0.008933727629482746
-0.01173385139554739
0.006454253103584051
0.027074210345745087
-0.0047303675673902035
-0.006984435487538576
-0.017537282779812813
0.01112430077046156
-0.019950086250901222
0.0018635743763297796
0.00881943665444851
-0.023289917036890984
-0.011111601255834103
-0.014146656729280949
-0.03550633043050766
0.0008786102407611907
-0.002746152924373746
0.018540501594543457
0.0195437204092741
-0.024153446778655052
-0.02114379033446312
0.009314697235822678
0.017765862867236137
-0.03052833117544651
-0.014616518281400204
0.027201201766729355
-0.019911989569664
-1.6518586562597193e-05
0.003552537877112627
-0.15828000009059906
0.00793685857206583
-0.007860664278268814
-0.003803342580795288
-0.0022350193466991186
-0.019810399040579796
0.02717580273747444
0.02803933247923851
0.0002454473578836769
0.010717933066189289
0.01653406396508217
-8.041029650485143e-05
-0.03807152062654495
-0.018019843846559525
-0.019911989569664
-0.0025461441837251186
-0.017727766185998917
-0.002019136678427458
0.04477658122777939
0.022235902026295662
0.0034001502208411694
-0.019861193373799324
-0.02444552443921566
0.014997487887740135
-0.00035398389445617795
-0.009733762592077255
-0.0017397593474015594
0.006927290000021458
-0.019607214257121086
-0.0071685705333948135
-0.012019578367471695
0.031366463750600815
0.03469359502196312
0.006654262077063322
-0.010146480053663254
0.011537017300724983
0.017842058092355728
0.0150228850543499
-0.02044534683227539
0.003549362998455763
-0.00675585400313139
0.021372372284531593
-0.0011270338436588645
-0.0006988403620198369
0.015010186471045017
-0.0039081089198589325
0.022997841238975525
-0.010076635517179966
0.026871027424931526
-0.013892676681280136
0.02400106005370617
-0.007886062376201153
0.009295648895204067
0.01664835400879383
0.017600776627659798
0.0007440804620273411
0.004847832955420017
-0.010267119854688644
0.01677534356713295
-0.010070285759866238
-0.0004853388818446547
-0.015314961783587933
0.0030207682866603136
0.009041668847203255
0.03603968769311905
-0.02184223383665085
-0.02151206135749817
0.01163225993514061
-0.02162635140120983
0.0016429296229034662
-0.006365360226482153
-0.017003925517201424
0.007930508814752102
-0.004790687467902899
-0.007593986112624407
0.01228625699877739
-0.01631818152964115
0.04525914043188095
0.0018651616992428899
-0.004774814005941153
-0.017435690388083458
0.03563331812620163
-0.010178226977586746
0.00523515185341239
-0.005276423413306475
-0.00816543959081173
-0.012381498701870441
0.005324044730514288
-0.0025429693050682545
-0.008260682225227356
0.013702192343771458
-0.042795538902282715
-0.007403501309454441
-0.001658803434111178
0.003006482031196356
0.021613651886582375
0.008768641389906406
-0.011460823006927967
0.010851272381842136
5.7889461459126323e-05
0.0026334496214985847
0.011232241988182068
-0.007733674719929695
0.004892279393970966
0.018591297790408134
-0.02265496924519539
0.0061018564738333225
0.024229642003774643
0.022743862122297287
0.012273557484149933
-0.029614005237817764
0.014514926820993423
0.021969223394989967
0.01697852648794651
0.011606861837208271
0.008901980705559254
-0.008768641389906406
-0.007930508814752102
0.0011508445022627711
0.007606685161590576
0.05338648334145546
-0.022578774020075798
-0.0040668463334441185
0.0009968694066628814
-0.001692138146609068
-0.03416023775935173
-0.1010330319404602
-0.032103005796670914
0.01747378706932068
0.025448743253946304
0.006247894838452339
0.03375387191772461
-0.0037334980443120003
-0.004241457208991051
0.0037938181776553392
0.025461440905928612
-0.030579127371311188
-0.022172408178448677
-0.016254685819149017
0.02068662829697132
-0.009257551282644272
0.033042728900909424
0.006390758324414492
-0.010908418335020542
-0.034795187413692474
0.011778297834098339
-0.0012040213914588094
0.0036160326562821865
-0.015683231875300407
-0.003847789019346237
-0.006705057807266712
-0.00814004149287939
-0.01869288831949234
0.007308259140700102
0.030375944450497627
-0.0074669960886240005
-0.02318832464516163
-0.011600512079894543
0.0038858859334141016
-0.0032445876859128475
0.027810752391815186
-0.010476652532815933
-0.032509371638298035
-0.0032493497710675
0.03065532073378563
-0.010362362489104271
0.01804524101316929
0.021410468965768814
-0.0007377309957519174
-0.029156843200325966
0.014146656729280949
-0.020432647317647934
-0.0038223909214138985
0.0306045264005661
0.002377882832661271
-0.029207639396190643
-0.019607214257121086
-0.048916444182395935
-0.048637066036462784
-0.003816041396930814
0.015238768421113491
0.008825786411762238
-0.005838353186845779
0.009555977769196033
-0.006178050301969051
-0.017207108438014984
0.007689228281378746
-0.020788218826055527
-0.005800256039947271
0.02464870736002922
0.020521540194749832
0.011549715884029865
-0.017042022198438644
-0.02236289158463478
0.02403915673494339
0.011073504574596882
0.0030350545421242714
0.0018111910903826356
0.011054456233978271
0.004460514523088932
-0.019632613286376
0.029588608071208
-0.01934053562581539
-0.02162635140120983
0.011346532963216305
-0.007098725996911526
-0.00875594187527895
-0.00881943665444851
-0.022845452651381493
-0.01412125863134861
0.01799444481730461
0.004784338176250458
0.012330703437328339
0.0009730588062666357
-0.00022481150517705828
-0.013410115614533424
-0.0031922045163810253
0.02186763286590576
0.0051018125377595425
0.012083073146641254
0.014527625404298306
0.0019905641674995422
-0.01001948956400156
-0.012254509143531322
-0.00563199445605278
0.0013802197063341737
-0.021740641444921494
0.006139953620731831
-0.053437281399965286
0.008178139105439186
-0.0027604394126683474
-0.007803519256412983
0.0005500242696143687
-0.022388290613889694
0.02167714759707451
-0.020724724978208542
-0.0018270647851750255
0.02297244220972061
-0.018007144331932068
0.012184664607048035
-0.025969401001930237
-0.0034382471349090338
-0.021473964676260948
-0.0313410647213459
0.03436342254281044
0.01116239745169878
0.019213546067476273
0.029334628954529762
0.017803961411118507
-0.004330350086092949
0.022502580657601357
0.034541208297014236
0.0004912915173918009
0.017422990873456
-0.00688919285312295
0.008806738071143627
-0.008482914417982101
0.010927466675639153
0.01996278576552868
-0.023162927478551865
0.008895630948245525
0.006257419008761644
-0.009530579671263695
-0.014997487887740135
-0.00012242603406775743
0.01620388962328434
0.021943826228380203
0.0536404624581337
-0.017842058092355728
-0.0029064775444567204
0.04322730377316475
0.005781207699328661
-0.03471899405121803
-0.011886239051818848
0.003093787468969822
-0.007505093235522509
0.02661704830825329
-0.009009921923279762
0.0281155277043581
0.013460911810398102
-0.0025096347089856863
-0.014553023502230644
-0.010717933066189289
-0.0032255391124635935
0.022642269730567932
0.007765422109514475
0.008432118222117424
0.008559107780456543
0.0372333899140358
-0.005051016807556152
0.002392169088125229
-0.003257286734879017
0.0014214913826435804
-0.018337316811084747
0.004190661013126373
0.004035098943859339
-0.008787689730525017
-0.020292960107326508
0.0024048681370913982
0.0012889457866549492
0.00859085563570261
0.0027159929741173983
0.027150405570864677
0.0020413598977029324
0.008705146610736847
-0.022147009149193764
-0.022210504859685898
0.03195061534643173
-0.00808289647102356
0.011746549978852272
-0.014984788373112679
0.01620388962328434
0.01930243894457817
0.013067243620753288
0.010438555851578712
-0.005168482195585966
-0.02575351856648922
0.020051678642630577
-0.017575379461050034
0.018743684515357018
0.010914767161011696
0.0038509636651724577
-0.007473345845937729
0.008400371298193932
0.010889369994401932
-0.006984435487538576
0.017562679946422577
0.02171524427831173
0.03139186277985573
-0.0011770360870286822
-0.007568588014692068
-0.019124653190374374
-0.005965342745184898
0.00916230957955122
-0.026921823620796204
-0.0275567714124918
-0.010336964391171932
0.02770916000008583
0.010165528394281864
-0.011924335733056068
0.005571674555540085
0.01361329946666956
-0.02783614955842495
-0.010603643022477627
0.0137783857062459
-0.013295824639499187
-0.028699679300189018
0.02689642459154129
-0.007149522192776203
0.03921442851424217
0.04802751541137695
-0.004301777109503746
0.010279818437993526
-0.004800212103873491
0.030909301713109016
0.010438555851578712
0.0004018034669570625
-0.002108029555529356
-0.012952952645719051
-0.010260770097374916
-0.021854933351278305
-0.013422815129160881
-0.019518321380019188
-0.0040731956250965595
0.014616518281400204
0.0313410647213459
-0.029207639396190643
0.0709618628025055
0.00918135792016983
-0.025296354666352272
0.02020406723022461
0.01775316521525383
0.01926434226334095
0.0058097802102565765
0.0011159222340211272
-0.0028477448504418135
0.00436844676733017
0.018172230571508408
-0.02031835727393627
-0.008959125727415085
-0.0486624650657177
-0.023569295182824135
-0.009759160690009594
-0.016864236444234848
0.03979858383536339
-0.02803933247923851
0.0029318754095584154
0.03824930638074875
0.002403280697762966
-0.005749460309743881
-0.014476829208433628
-0.013257727958261967
0.019810399040579796
0.035938095301389694
0.004822435323148966
-0.010908418335020542
-0.011390979401767254
0.0004837515007238835
0.011340183205902576
-0.045970283448696136
-0.01295930240303278
-0.006501874420791864
-0.03200141340494156
0.011219542473554611
-0.017854755744338036
0.009968694299459457
-0.0028731427155435085
0.012102121487259865
0.01942942850291729
-0.03751276805996895
-0.05188800394535065
-0.020343754440546036
0.010356012731790543
-0.029639404267072678
0.005263724364340305
-0.032509371638298035
