0.007438274100422859
-0.01227511279284954
0.0071898954920470715
-0.009974346496164799
-0.03885158151388168
0.01932121068239212
-0.041283074766397476
0.008706309832632542
0.004532902501523495
-0.01784401386976242
-0.00693498132750392
0.01268689800053835
0.004921810235828161
0.018942106515169144
-0.00845139566808939
-0.0028105955570936203
0.03492981940507889
0.00348056317307055
0.02996225655078888
-1.3353393114812206e-05
-0.01520336139947176
0.017752505838871002
-0.019295064732432365
-0.0019102245569229126
-0.03095576912164688
0.00966060534119606
0.01592235080897808
-0.02622351050376892
-0.007261794526129961
-0.01180450152605772
-0.01241891086101532
-0.0160138588398695
-0.01764792576432228
-0.01002663653343916
-0.0043564229272305965
-0.009948201477527618
0.000450594030553475
0.00471918610855937
0.00342500489205122
0.015046490356326103
0.00909195002168417
0.011719529516994953
0.0044381264597177505
-0.0187329463660717
-0.002625945955514908
0.023530567064881325
-0.019582660868763924
-0.003794304095208645
-0.02113829366862774
0.019347354769706726
0.027243169024586678
0.02779221534729004
-0.01976567693054676
-0.003947906196117401
-0.016523687168955803
-0.005405494477599859
0.002511561382561922
0.00463421456515789
0.0016798210563138127
-0.0295700803399086
0.005467589013278484
-0.00983054842799902
-0.014222920872271061
0.012752260081470013
0.017386475577950478
0.011784892529249191
-0.025713682174682617
0.010948250070214272
-0.014968055300414562
0.0136738745495677
0.022680852562189102
0.008719382807612419
-0.0271124430000782
0.002413517329841852
0.04468193277716637
0.0014077489031478763
-0.006647385191172361
-0.03506054729223251
0.01606614887714386
0.019504226744174957
0.006023171823471785
0.0022876940201967955
-0.016301454976201057
0.017674071714282036
-0.0037746953312307596
0.0010833865962922573
0.021452033892273903
0.013079074211418629
0.004797621164470911
-0.012262039817869663
-0.025413012132048607
0.0115822684019804
-0.00704609788954258
0.016497543081641197
-0.012941812165081501
0.011118193157017231
0.0038269853685051203
-0.0037746953312307596
-0.0192166306078434
-0.01525565143674612
-0.005516611039638519
-0.001451868680305779
-0.02434106543660164
0.0011928690364584327
-0.04282563179731369
0.017425691708922386
-0.014327500946819782
-0.012621534988284111
0.018393060192465782
-0.015412521548569202
-0.03213229775428772
0.04002811014652252
0.004761671647429466
-0.014968055300414562
0.02108600363135338
-0.015896204859018326
0.007850058376789093
-0.02435413748025894
-0.01308561023324728
-0.01764792576432228
0.0283412616699934
0.008712845854461193
0.015347159467637539
0.01007892657071352
0.021752702072262764
0.013961469754576683
-0.024210339412093163
0.002589996438473463
-0.04086475074291229
-0.0035099764354526997
-0.0037746953312307596
-0.017804795876145363
0.0139222526922822
-0.016889719292521477
0.00438583642244339
-0.012994102202355862
-0.017386475577950478
0.00970635935664177
-0.022014154121279716
-0.007372911088168621
0.0224194023758173
0.022432474419474602
-0.01226857677102089
-0.03391016274690628
-0.000579685322009027
0.00941222719848156
0.040681738406419754
0.03192313760519028
-0.00576498918235302
0.010000491514801979
0.01837998814880848
-0.031086495146155357
0.008170335553586483
-0.0035099764354526997
0.015111853368580341
0.0014175532851368189
0.00747749162837863
0.016497543081641197
0.009196530096232891
0.0025082931388169527
-0.013909179717302322
-0.005617923103272915
0.00683693727478385
-0.005519879050552845
0.02779221534729004
0.0048074256628751755
0.012798014096915722
0.007928494364023209
0.015046490356326103
0.013634656555950642
0.027922939509153366
0.023831235244870186
-0.040734026581048965
0.020288579165935516
0.0009020050638355315
0.027661489322781563
0.006029707845300436
0.013079074211418629
0.005059071816504002
-0.010804452002048492
-0.024654805660247803
0.009235748089849949
0.014275210909545422
0.012954885140061378
-0.019648024812340736
0.0194650087505579
0.022144878283143044
0.008268379606306553
0.008366423659026623
0.013490858487784863
0.021870356053113937
0.01217053271830082
0.001830155262723565
0.005673481151461601
-0.6433780193328857
-0.011007077060639858
-0.026981716975569725
-0.0035557302180677652
0.03652466833591461
0.0001959859364433214
0.02690328285098076
0.004912006203085184
-0.005859764758497477
-0.022210242226719856
0.00685000978410244
0.020079417154192924
0.01439286395907402
-0.01685050129890442
-0.020393159240484238
-0.03754432871937752
-0.0022827917709946632
9.089498780667782e-05
0.013686946593225002
-0.0103534497320652
-0.016079220920801163
0.034276194870471954
-0.013438568450510502
0.00948412623256445
-0.01111165713518858
-0.007006880361586809
0.01145807933062315
0.014026832766830921
-0.007758551277220249
0.0016945276875048876
-0.022942302748560905
0.03158324956893921
-0.0025867284275591373
0.021452033892273903
0.05317908152937889
0.03160939738154411
-0.010895960032939911
0.0303021427243948
0.012628071010112762
0.01705966144800186
-0.014275210909545422
-0.01209863368421793
0.016392963007092476
-0.00547085702419281
0.030589736998081207
-0.009405691176652908
0.0221840962767601
-0.03458993509411812
-0.0033563741017132998
0.013386278413236141
0.01032730471342802
0.004258379340171814
0.0226677805185318
0.006242136470973492
0.005892446264624596
-0.0177394337952137
0.01002663653343916
0.0005772342556156218
-0.0034544181544333696
0.01370001956820488
0.016471397131681442
0.0005069693434052169
-0.0062813544645905495
-0.018850598484277725
-0.018510712310671806
0.029648514464497566
-0.01215092372149229
-0.028759581968188286
0.018654510378837585
-0.042355023324489594
0.001955978339537978
0.02789679542183876
-0.0017451837193220854
0.0032877433113753796
0.00752978166565299
0.008935078978538513
0.021373599767684937
0.0014567709295079112
-0.00769972475245595
0.0037485500797629356
-0.011346962302923203
-0.016837429255247116
-0.025857480242848396
0.023046882823109627
0.01045149378478527
-0.04347926005721092
0.00946451723575592
-0.018706800416111946
0.010046245530247688
0.010314231738448143
-0.012601925991475582
0.0011462981346994638
0.002152066444978118
-0.023033810779452324
-0.0042779878713190556
0.048812855035066605
0.007229113485664129
-0.0015948496293276548
0.021752702072262764
-0.017765577882528305
-0.004186480306088924
-0.019334282726049423
-0.00011724432260962203
-0.01522950641810894
0.010190042667090893
0.017229603603482246
-0.004111313261091709
0.005189797375351191
0.016589049249887466
-0.03200157359242439
0.00749056413769722
-0.013150973245501518
-0.014745822176337242
-0.011739138513803482
-0.028655001893639565
-0.02597513236105442
0.00677811075001955
0.002632482210174203
-0.00968675035983324
-0.025988204404711723
0.00839910563081503
-0.006670262198895216
0.0012623169459402561
0.0006413713563233614
-0.020536957308650017
0.01172606647014618
-0.026184292510151863
0.0038465941324830055
-0.013608511537313461
-0.005506806541234255
0.009203066118061543
-0.007261794526129961
0.03791035711765289
-0.007993856444954872
0.005604850593954325
-0.019138194620609283
0.015190288424491882
-0.0066016316413879395
0.0006135922158136964
-0.008026538416743279
-0.027426183223724365
-0.01254309993237257
0.01204634364694357
-0.013438568450510502
-0.04198899120092392
-0.03879929333925247
-0.01661519519984722
-0.010118143633008003
-0.019974837079644203
0.026445742696523666
-0.0288380179554224
-0.021059857681393623
-0.05213328078389168
-0.00613755639642477
0.007006880361586809
-0.009575633332133293
-0.0030720464419573545
-0.012281648814678192
-0.01109204813838005
-0.0034772949293255806
0.004709381610155106
-0.012235894799232483
0.0025883624330163
0.034772951155900955
-0.03882543742656708
0.00781084131449461
0.004876056686043739
0.005761720705777407
-0.030171416699886322
-0.05069530010223389
0.005663677118718624
0.01640603505074978
0.006699675694108009
0.01852378621697426
0.02400117926299572
-0.008163799531757832
-0.03090347908437252
0.00662777666002512
-0.021948790177702904
-0.018118537962436676
-0.008974296972155571
0.01481118518859148
-0.02394888922572136
-0.01720345951616764
0.004336814396083355
0.024314919486641884
0.015687044709920883
0.020772261545062065
0.00788927637040615
0.002568753669038415
0.018301552161574364
-0.010935178026556969
-0.012242431752383709
0.004212625324726105
0.001740281586535275
0.022092588245868683
-0.012386228889226913
-0.007582071702927351
0.011667239479720592
0.0029217121191322803
0.030092980712652206
-0.023086100816726685
0.0404202863574028
-0.014719677157700062
0.009281502105295658
0.01414448581635952
0.0024870503693819046
-0.01481118518859148
0.04933575540781021
0.004395640920847654
0.02238018438220024
-0.014131412841379642
-0.033099666237831116
-0.012340475805103779
-0.0041374582797288895
0.026079712435603142
-0.006088534370064735
0.007536317687481642
-0.017216531559824944
0.016693631187081337
-0.020236287266016006
-0.030668172985315323
0.008346815593540668
-0.014941910281777382
-0.012412374839186668
0.016785137355327606
-0.017530273646116257
-0.020380085334181786
0.01832769811153412
-0.00688922731205821
0.014432081021368504
0.017438765615224838
0.0020850696600973606
0.023961961269378662
0.02597513236105442
0.014693532139062881
0.013066001236438751
-0.01077177096158266
0.03469451516866684
-0.006023171823471785
0.013765381649136543
0.023739729076623917
-0.0012451591901481152
-0.00693498132750392
0.03563573583960533
0.0061800419352948666
0.03508669137954712
-0.014484371989965439
-0.012013661675155163
0.005869569256901741
0.0040884362533688545
0.003174992511048913
-0.026550324633717537
-0.026694120839238167
-0.0008930177427828312
-0.029204048216342926
0.011144338175654411
-0.01094171404838562
-0.008464467711746693
0.021321307867765427
-0.011327354237437248
0.004980636760592461
0.017608707770705223
0.002694576745852828
0.01103975810110569
0.0069807348772883415
-0.016523687168955803
-0.0009690018487162888
-0.03825024515390396
-0.003915225155651569
-0.024393355473876
-0.00545778451487422
0.00522247888147831
0.020785335451364517
0.0013399351155385375
0.002406981075182557
0.020589247345924377
0.01120970118790865
0.015386376529932022
0.013517003506422043
-0.016053076833486557
-0.02700786292552948
-0.0007896629977039993
0.014863475225865841
-0.006611435674130917
-0.003908688668161631
-0.0009093583794310689
-0.013124827295541763
-0.024079613387584686
-0.010340376757085323
0.00556890107691288
-0.011765283532440662
-0.0049185422249138355
-0.00909195002168417
-0.01322940830141306
-0.0024461986031383276
0.0229161586612463
-0.015569392591714859
0.01495498325675726
-0.003598215989768505
0.01990947499871254
-0.02040623128414154
-0.03140023350715637
0.00779776880517602
0.03158324956893921
0.019295064732432365
-0.02104678563773632
0.009497198276221752
0.014745822176337242
-0.013327452354133129
-0.0014428813010454178
-0.0009877936681732535
0.005866301245987415
0.015883132815361023
0.022001080214977264
0.00869977381080389
0.0036701150238513947
0.004895665217190981
0.0384332612156868
0.007425201125442982
0.00581727921962738
-0.0017549882177263498
-0.020628463476896286
0.0035589984618127346
0.05741458386182785
-0.025609100237488747
-0.005006781779229641
0.03158324956893921
0.01685050129890442
-0.004382568411529064
-0.01500727329403162
-0.031034205108880997
-0.0037289413157850504
-0.02010556310415268
0.015098781324923038
0.00580420671030879
-0.0038302536122500896
0.005761720705777407
0.000873408920597285
0.02040623128414154
-0.0014404301764443517
0.0009828914189711213
0.010458029806613922
-0.0001887347607407719
-0.0002804467803798616
-0.0295700803399086
0.01372616458684206
0.00641861604526639
0.008490612730383873
0.00566694512963295
0.03662924841046333
0.01209863368421793
-0.00591532327234745
-0.0408908985555172
0.0061179473996162415
0.0101050715893507
0.019883329048752785
0.01081752497702837
-0.0030720464419573545
0.00747749162837863
0.003106361720710993
0.02173963002860546
0.010235796682536602
0.012137850746512413
0.04938804730772972
-0.00971289537847042
0.007497100159525871
0.011621485464274883
0.00501331826671958
-0.030929623171687126
0.020432375371456146
0.028367405757308006
-0.010039708577096462
-0.023831235244870186
0.012144387699663639
0.02197493612766266
0.00491527421399951
0.00366031052544713
0.01804010197520256
0.004490416496992111
0.009621387347579002
0.04868213087320328
-0.026929426938295364
-0.018013956025242805
0.002589996438473463
-0.046407509595155716
0.02583133429288864
-0.005402226001024246
-0.007216040510684252
-0.007091851439327002
-0.0024118830915540457
6.965211650822312e-05
-0.021595831960439682
0.0005498636164702475
0.01715116947889328
-0.03035443276166916
-0.0359756238758564
-0.006882690824568272
-0.0096083153039217
0.014275210909545422
0.0179878119379282
-0.0273477490991354
-0.008072291500866413
0.04442048445343971
-0.01562168262898922
-0.00926189310848713
-0.006059121340513229
-0.03532199561595917
-0.012464664876461029
0.01705966144800186
-0.008738991804420948
0.0026194097008556128
0.0045198299922049046
0.022785432636737823
-0.017464909702539444
0.004045950248837471
-0.014654315076768398
-0.0236612930893898
-0.03660310432314873
0.014523589052259922
0.008392568677663803
0.0008317402098327875
0.007928494364023209
-0.01789630390703678
0.00736637506633997
-0.001985391601920128
-0.00581727921962738
-0.004892397206276655
-0.004722454119473696
-0.010039708577096462
0.002473977627232671
0.010209651663899422
-0.014275210909545422
0.01145807933062315
0.01308561023324728
-0.0053662764839828014
0.010608363896608353
0.0038662028964608908
-0.006448029074817896
0.00015523638285230845
-0.023896599188447
0.04057715833187103
0.02695557288825512
-0.0150334183126688
-0.00380084034986794
-0.032027717679739
-0.00676503824070096
0.031269509345293045
-0.00620945543050766
0.008882788941264153
-0.012118242681026459
-0.022746214643120766
-0.008863180875778198
0.0026994789950549603
-0.011490760371088982
0.044525064527988434
-0.030720463022589684
-0.031661685556173325
-0.02197493612766266
0.01027501467615366
-0.0019249311881139874
0.0021684071980416775
0.008863180875778198
-0.014680460095405579
-0.004702845588326454
0.009131167083978653
-0.01439286395907402
-0.026746412739157677
0.022929230704903603
-0.026576468721032143
-0.008320670574903488
-0.012804550118744373
0.0007124532712623477
0.03385787084698677
-0.029596224427223206
0.008438322693109512
0.0001652450446272269
-0.00458192452788353
-0.014013760723173618
-0.027034007012844086
-0.010895960032939911
-0.014628169126808643
0.003307352075353265
-0.013399351388216019
0.0037779633421450853
0.011451543308794498
0.011843718588352203
0.0003686864220071584
-0.01631452701985836
0.011052830144762993
-0.003054071683436632
-0.01525565143674612
-0.02645881660282612
0.003820449113845825
0.014928838238120079
-0.014131412841379642
-0.0004448748077265918
-0.006317303981631994
-0.017569489777088165
0.025765972211956978
-0.019674168899655342
-0.023975033313035965
-0.01597464084625244
-0.01152997836470604
-0.0032272827811539173
0.001022926066070795
-0.021857282146811485
0.016288381069898605
-0.00661470415070653
-0.013124827295541763
0.015164143405854702
-0.009542952291667461
-0.018170827999711037
0.00786313135176897
0.03838096931576729
-0.01168031245470047
0.01084366999566555
0.00769972475245595
0.016000786796212196
0.011994053609669209
0.026354236528277397
-0.025203851982951164
0.005104825831949711
0.03194928169250488
-0.0026553592178970575
0.013608511537313461
-0.019151266664266586
0.010974395088851452
9.732912440085784e-05
0.022537054494023323
0.016340671107172966
-0.015386376529932022
0.012693434022367
-0.01145807933062315
0.00242168758995831
-0.015765480697155
0.0036178247537463903
0.011216237209737301
-0.005787866190075874
-0.00016698124818503857
-0.0018089123768731952
0.00835335161536932
-0.01956958882510662
-0.01377845462411642
0.0231645368039608
-0.03668154031038284
0.04183211922645569
-0.006578754633665085
0.040681738406419754
0.005552560556679964
-0.004755135625600815
-0.04353155195713043
0.022850796580314636
0.022746214643120766
-0.016105366870760918
0.01784401386976242
0.00399366021156311
-0.0001672876242082566
-0.022929230704903603
0.016680557280778885
0.041230782866477966
-0.01505956333130598
-0.010091998614370823
0.007457882631570101
0.025295360013842583
0.027190878987312317
-0.024262629449367523
0.010059317573904991
-0.021216727793216705
0.030642028898000717
0.003552461974322796
0.0295700803399086
-0.020288579165935516
0.0019886598456650972
-0.0020687291398644447
0.04978022351861
-0.001138127758167684
-0.002374299569055438
-0.011072439141571522
-0.000992695800960064
-0.01353007648140192
-0.014654315076768398
-0.006166969425976276
-0.007680115755647421
-0.0028628858271986246
0.02868114784359932
-0.003542657708749175
0.003225648542866111
0.010902496054768562
-0.02868114784359932
0.00447080796584487
-0.012477736920118332
0.0006985637010075152
0.021412815898656845
-0.019726458936929703
0.0035949477460235357
0.019530370831489563
0.0014526856830343604
-0.0032272827811539173
-0.00698727136477828
-0.0018628366524353623
-0.02651110664010048
0.004689773079007864
0.006454565562307835
-0.034877531230449677
0.001936369575560093
-0.0007177640218287706
-0.004987173248082399
0.0038858118932694197
-0.014484371989965439
-0.00975864939391613
-0.018210044130682945
0.022053370252251625
-0.020327795296907425
-0.007843522354960442
-0.005088485311716795
-0.006042780354619026
0.007261794526129961
0.003281206823885441
-0.0025082931388169527
0.01832769811153412
0.02350442297756672
-0.035609591752290726
-0.013686946593225002
-0.01279147807508707
0.004575388040393591
-0.005441443994641304
0.023922743275761604
-0.0032485255505889654
-0.03346569463610649
0.035949479788541794
0.004418517928570509
-0.019726458936929703
-0.014771967194974422
6.495416891993955e-05
-0.005833619739860296
0.009196530096232891
-0.0135562215000391
0.020876841619610786
-0.0015319379745051265
-0.007778159808367491
0.003608020255342126
-0.0177394337952137
0.007235649507492781
-0.003683187533169985
-0.006487246602773666
-0.013268625363707542
-0.009033123031258583
0.036942992359399796
-0.00966060534119606
0.023922743275761604
-0.010830597020685673
-0.018105464056134224
0.0020687291398644447
-0.011817573569715023
0.02647188864648342
-0.00719643197953701
0.003050803439691663
-0.008706309832632542
-0.017255749553442
-0.029256338253617287
0.0135562215000391
-0.003161920001730323
-0.00779776880517602
-0.0019576125778257847
-0.00348056317307055
0.023321406915783882
0.02755690924823284
-0.01431442890316248
-0.010935178026556969
-0.00650358758866787
-0.0029789044056087732
-0.020628463476896286
0.009863229468464851
-0.021373599767684937
0.048368390649557114
-0.004810693673789501
0.0018889816710725427
-0.015765480697155
0.00995473749935627
-0.035949479788541794
0.012216286733746529
0.016889719292521477
0.03364871069788933
-0.012628071010112762
0.006343449000269175
0.009052732028067112
0.023177608847618103
-0.008484076708555222
-0.007065706420689821
-0.0229161586612463
0.004032877739518881
-0.027661489322781563
0.005536219570785761
-0.016040002927184105
0.002116116927936673
-0.006251940969377756
-0.019085904583334923
0.04617220163345337
-0.00921613909304142
0.01804010197520256
0.011739138513803482
-0.01434057392179966
-0.006395739037543535
0.011471151374280453
0.012843768112361431
0.01980489492416382
0.013595439493656158
0.0012329036835581064
-0.012530026957392693
0.001344837248325348
0.0026406527031213045
-0.007582071702927351
-0.031269509345293045
0.01094171404838562
0.010314231738448143
-0.0024314920883625746
0.018262334167957306
-0.006706211715936661
-0.00707224290817976
-0.006108143366873264
-0.004755135625600815
0.00879781786352396
-0.03085118904709816
-0.01259538996964693
0.013105219230055809
0.0010694969678297639
-0.023386768996715546
-0.0008104973239824176
0.006699675694108009
-0.031713977456092834
-0.0034544181544333696
0.012699970044195652
-0.030825043097138405
0.01768714375793934
0.00587610574439168
-0.007595144212245941
-0.0013015344738960266
-0.03417161479592323
-0.02109907567501068
0.017634853720664978
0.0014387961709871888
0.003042633179575205
0.010261941701173782
-0.017504127696156502
0.018223118036985397
-0.024223411455750465
0.01222282275557518
-0.031374089419841766
-0.02153046987950802
-0.012412374839186668
-0.043348535895347595
-0.011843718588352203
-0.007104923948645592
0.004490416496992111
0.019438862800598145
0.0031406772322952747
0.016432179138064384
-0.048472970724105835
0.004879324696958065
0.20466364920139313
-0.02912561409175396
0.0022876940201967955
0.012301257811486721
-0.005464320536702871
0.017164241522550583
0.04800235852599144
-0.004833570681512356
-0.004778012633323669
0.016732847318053246
0.015124926343560219
-0.011667239479720592
-0.005438175518065691
0.008974296972155571
0.028890307992696762
-0.012333938851952553
-0.0394267737865448
-0.01878523640334606
-0.0011945031583309174
-0.002485416131094098
0.013883034698665142
0.01370001956820488
-0.001178979524411261
-0.006578754633665085
0.037282876670360565
0.009105022065341473
-0.007117996923625469
0.021661194041371346
0.032995086163282394
0.003444613656029105
-0.017072733491659164
0.0008505319710820913
0.007314084563404322
-0.011693384498357773
0.01138618029654026
0.0008488979074172676
0.022197168320417404
0.013517003506422043
0.021269017830491066
0.0026635294780135155
0.029700804501771927
-0.014902693219482899
0.0060689253732562065
-0.02001405507326126
-0.004193016327917576
0.04876056686043739
-0.020837625488638878
-0.00772586977109313
-0.017830941826105118
-0.0012688532005995512
-0.023648221045732498
0.026850992813706398
0.02862885780632496
0.005575437098741531
0.006202918943017721
0.023792019113898277
-0.0011348596308380365
0.00537281297147274
0.00943837221711874
0.006467638071626425
-0.01204634364694357
0.02371358312666416
-0.012673825025558472
0.0033171563409268856
-0.009137704037129879
0.013817672617733479
-0.004993709269911051
-0.022105660289525986
-0.018262334167957306
-0.007778159808367491
0.018811382353305817
-0.007013416383415461
-0.014549734070897102
0.022706998512148857
-0.0022157952189445496
-0.03336111456155777
0.00568001763895154
0.0013219603570178151
0.010190042667090893
0.05069530010223389
-0.02542608603835106
-0.00502639077603817
-0.012510418891906738
-0.0025458766613155603
0.01892903447151184
-0.008765136823058128
0.011177019216120243
-0.0170073714107275
-0.0011324086226522923
-0.021282091736793518
-0.010020100511610508
0.011438470333814621
0.0113338902592659
-0.012425446882843971
0.01224896777421236
0.024066541343927383
0.01064758189022541
0.02434106543660164
-0.00354919396340847
-0.0007377813453786075
-0.015216433443129063
0.01044495776295662
0.016079220920801163
0.02183113805949688
-0.005948004778474569
0.03665539622306824
-0.03879929333925247
-0.01311175525188446
-0.021844210103154182
-0.04266876354813576
0.004421785939484835
-0.009176921099424362
0.0023922743275761604
-0.0028073275461792946
-0.032158441841602325
0.015660900622606277
0.011366571299731731
-0.017582563683390617
0.021726557984948158
0.009667141363024712
-0.0051080938428640366
-0.00709838792681694
-0.006967662367969751
0.02024936117231846
0.010961323045194149
-0.019634950906038284
-0.038171809166669846
0.014066050760447979
-0.03458993509411812
-0.010627972893416882
0.023569785058498383
-0.01547788456082344
0.029413210228085518
0.018706800416111946
-0.01180450152605772
-0.01173260249197483
0.0189682524651289
-0.018641438335180283
0.03218458592891693
-0.00409170426428318
0.024615587666630745
-0.017438765615224838
-0.009425299242138863
-0.00676503824070096
0.007523245178163052
-0.031164929270744324
0.009307647123932838
-0.020314723253250122
-0.01148422434926033
-0.0006217625923454762
0.0033988598734140396
-0.047531746327877045
-0.022602416574954987
-0.02282465063035488
0.00941222719848156
0.026053566485643387
-0.026132002472877502
-0.01212477870285511
-0.0145366620272398
0.006157165393233299
-0.03147866949439049
0.009739040397107601
0.04478651285171509
-0.011667239479720592
-0.0026994789950549603
4.927733971271664e-05
-0.16398191452026367
0.028576567769050598
0.01681128330528736
-0.00545778451487422
0.015804698690772057
0.010784843936562538
0.016327599063515663
0.013804599642753601
-0.0049185422249138355
0.0074644191190600395
-0.009889374487102032
-0.0005960260168649256
-0.037387456744909286
-0.03278592601418495
-0.0041341898031532764
-1.943008101079613e-05
-0.021478179842233658
-0.0005114630330353975
0.01109204813838005
0.01313136424869299
0.02533457800745964
-0.002923346124589443
-0.02435413748025894
-0.001719038700684905
-0.0035655347164720297
-0.002730526262894273
-0.028890307992696762
-0.01024886965751648
-0.004827034659683704
-0.007470955140888691
0.013804599642753601
0.008340278640389442
0.0010915568564087152
-0.00505253579467535
-0.008189944550395012
0.005895714275538921
-0.030642028898000717
-0.005474125035107136
-0.01679821126163006
0.016144583001732826
0.012601925991475582
0.03642008826136589
0.021203655749559402
-0.01224896777421236
0.009006978012621403
-0.0012843768345192075
0.037335168570280075
0.00793503038585186
0.03804108500480652
-0.02005327306687832
0.014458226971328259
-0.007163750473409891
-2.454930654494092e-05
0.000697338196914643
0.014863475225865841
0.010039708577096462
0.023883525282144547
0.0008366424008272588
0.017281895503401756
0.0020491203758865595
-0.01837998814880848
-0.021033713594079018
0.006895763799548149
0.030929623171687126
0.027164733037352562
-0.00938608217984438
-0.03359642252326012
0.032446037977933884
-0.0409170426428318
0.009457981213927269
0.012706506066024303
-0.021465105935931206
0.013961469754576683
-0.0033318630885332823
-0.00758860819041729
-0.007013416383415461
-0.005977417808026075
0.03430233895778656
-0.012896058149635792
-0.01091556902974844
-0.020667681470513344
0.03134794533252716
0.00349363568238914
-0.010758697986602783
0.012105169706046581
-0.004712649621069431
0.004127653781324625
0.004895665217190981
0.0016561270458623767
0.02435413748025894
0.018170827999711037
-0.05116591230034828
-0.012804550118744373
0.008732454851269722
-0.007438274100422859
0.020092491060495377
7.01116950949654e-05
-0.00783698633313179
0.004944687243551016
0.00449695298448205
0.016053076833486557
0.001319509232416749
-0.004748599138110876
0.00012337206862866879
0.026092784479260445
-0.02424955740571022
0.012771869078278542
0.019203558564186096
0.022105660289525986
0.008314133621752262
-0.026733338832855225
0.008640947751700878
-0.0034772949293255806
0.009673677384853363
0.021752702072262764
0.010379594750702381
-0.007274867035448551
-0.00506560830399394
0.0007725052419118583
0.003934833686798811
0.05652565136551857
-0.005552560556679964
-0.01123584620654583
0.004974100738763809
-0.012033270671963692
-0.028027521446347237
-0.11158718168735504
-0.04293021187186241
0.023295262828469276
0.023883525282144547
0.026197364553809166
0.0283412616699934
-0.0002230501704616472
-0.003915225155651569
-0.004395640920847654
0.015347159467637539
-0.02755690924823284
-0.016641341149806976
-0.0072095044888556
0.01458895206451416
-0.007248722016811371
0.032942794263362885
0.014719677157700062
-0.01015082560479641
-0.020876841619610786
0.01022926066070795
0.013222871348261833
0.0104711027815938
-0.022850796580314636
0.006533000618219376
-0.013582366518676281
0.0172426775097847
-0.039897385984659195
-0.0012263674288988113
0.011497296392917633
0.0031717245001345873
-0.0209422055631876
-0.00629442697390914
-0.01615765690803528
-0.01818390004336834
0.007261794526129961
-0.023046882823109627
-0.015164143405854702
-0.01451051700860262
0.022641634568572044
-0.013490858487784863
0.011196628212928772
0.0032338190358132124
0.0032975475769490004
-0.0187329463660717
0.015268723480403423
-0.022053370252251625
0.007693188264966011
0.004094972275197506
0.0014175532851368189
-0.0066016316413879395
-0.012928740121424198
-0.02286386862397194
-0.05642107129096985
-0.017386475577950478
0.013412423431873322
0.017765577882528305
0.007117996923625469
-0.0066800666972994804
-0.0028138638008385897
-0.024210339412093163
0.0012288185534998775
-0.0144190089777112
-0.01394839771091938
0.0290733240544796
0.0002569570788182318
-0.011987516656517982
-0.02311224676668644
-0.020981423556804657
-0.003325326833873987
0.018393060192465782
-0.002991977147758007
0.0025099271442741156
0.0037322095595300198
0.009778258390724659
-0.00469304108992219
0.024707095697522163
-0.03642008826136589
0.0005776427569799125
-0.018314624205231667
-0.006274817977100611
0.006644117180258036
-0.016772065311670303
-0.007941566407680511
-0.018445350229740143
0.0036635787691920996
0.013144436292350292
0.0046799685806035995
-0.00719643197953701
-0.005010050255805254
-0.018563004210591316
-0.0013023515930399299
0.036838412284851074
0.010098535567522049
0.0031374089885503054
0.014667387120425701
-0.00709838792681694
0.004124385770410299
-0.000954295217525214
-0.013164045289158821
0.028942598029971123
-0.025661392137408257
0.0034707586746662855
-0.05302221328020096
0.006908836308866739
0.00378776784054935
-0.010752161964774132
-0.008359887637197971
0.004228965844959021
0.026981716975569725
-0.0007140873931348324
0.015752408653497696
-0.00017218982975464314
-0.015935422852635384
-0.01151036936789751
-0.006797719746828079
-0.00803307443857193
0.0025507789105176926
-0.025765972211956978
0.029334774240851402
-0.011686848476529121
0.008412177674472332
0.0075428541749715805
0.00618331041187048
-0.0069022998213768005
0.037439748644828796
0.01370001956820488
-0.014523589052259922
0.010856742039322853
-0.004140726290643215
-0.0036243610084056854
-0.007340230047702789
0.003807376604527235
0.02030165120959282
-0.01525565143674612
-0.010307695716619492
0.018497640267014503
-0.0013137899804860353
-0.02675948478281498
-0.007104923948645592
0.04693040996789932
0.01279147807508707
0.04784548655152321
-0.028158245608210564
-0.025909770280122757
0.03179240971803665
0.0006532183615490794
-0.022105660289525986
0.014968055300414562
-0.00107194809243083
-0.0033008158206939697
0.0019134926842525601
-0.00565387262031436
0.011118193157017231
0.015843914821743965
0.008065755479037762
-0.020916059613227844
-0.00918999407440424
0.01258885394781828
0.00184486189391464
0.012065951712429523
0.004307400900870562
0.007013416383415461
0.03328268229961395
-0.0035557302180677652
-0.01254309993237257
0.00822916254401207
-0.006330376490950584
-0.018144682049751282
0.007242185994982719
-0.0019510762067511678
-0.011438470333814621
0.009196530096232891
-0.011026685126125813
0.01276533305644989
0.00364723801612854
0.00803307443857193
0.03234145790338516
0.0032893773168325424
0.012994102202355862
-0.01813161000609398
0.0020507543813437223
0.037779632955789566
-0.011471151374280453
0.023347552865743637
-0.026040494441986084
0.03409317880868912
0.0251384899020195
0.004974100738763809
-0.007745478302240372
0.008640947751700878
-0.008810889907181263
0.013373206369578838
-0.015647826716303825
0.00840564165264368
0.0032044057734310627
0.013222871348261833
0.002720721997320652
-0.018013956025242805
-0.010288086719810963
-0.015843914821743965
0.0064382245764136314
0.011059367097914219
0.01212477870285511
-0.004787816666066647
0.0034119323827326298
-0.02458944357931614
-0.01283723209053278
0.014235993847250938
-0.026053566485643387
-0.028419695794582367
-0.03257676213979721
0.008124582469463348
0.0037779633421450853
-0.010098535567522049
0.024223411455750465
0.004045950248837471
-0.02252398245036602
0.003918493166565895
0.01022926066070795
0.0005179992876946926
-0.008490612730383873
-0.0008922006818465889
-0.014497444033622742
0.033021230250597
0.038511697202920914
-0.008320670574903488
-0.002889030845835805
-0.0057911342009902
0.027975229546427727
-0.005660408642143011
0.00718335947021842
0.007444810122251511
0.00075167091563344
0.0025524129159748554
-0.02207951620221138
-0.011124729178845882
-0.01249080989509821
-0.00364723801612854
0.02261549048125744
0.011647631414234638
-0.029491644352674484
0.07535010576248169
0.009516807273030281
-0.01143193431198597
-0.01069333590567112
-0.015830842778086662
0.013883034698665142
-0.00558197358623147
-0.018693728372454643
-0.0288380179554224
0.01091556902974844
0.02474631369113922
-0.0209422055631876
-0.0036635787691920996
-0.022393256425857544
-0.0031635540071874857
-0.00568001763895154
-0.009085413999855518
0.030040690675377846
-0.01119009219110012
-0.002429857850074768
0.029779240489006042
0.006699675694108009
0.005614655092358589
-0.003585143480449915
-0.004336814396083355
0.008863180875778198
0.01505956333130598
0.003542657708749175
-0.021465105935931206
-0.024406427517533302
-0.0018987860530614853
-0.0026994789950549603
-0.04685197398066521
-0.0307988990098238
-0.01099400408565998
-0.01015082560479641
-0.0017991079948842525
-0.040681738406419754
-0.016981225460767746
0.03414546698331833
-0.0012778405798599124
0.01084366999566555
-0.03882543742656708
-0.05234244093298912
-0.03140023350715637
0.0012860108399763703
-0.011157411150634289
0.017125023528933525
-0.028655001893639565
