0.0021349641028791666
-0.026012936607003212
0.02180010825395584
-0.00638585863634944
-0.03228141739964485
0.02584797516465187
-0.07085669785737991
-0.0023871627636253834
-0.015531625598669052
-0.028449269011616707
-0.015252462588250637
0.01200401782989502
0.009713610634207726
0.011686787009239197
0.01411043107509613
-0.0037718757521361113
0.036646515130996704
-0.0024252303410321474
0.013805889524519444
-0.01578541100025177
-0.02125447243452072
0.015557004138827324
0.005779947619885206
-0.001610739971511066
-0.03479388728737831
0.007201142143458128
0.012251458130776882
-0.024667875841259956
-0.027002695947885513
0.002920110709965229
-0.01229587011039257
-0.016825927421450615
-0.03613894805312157
-0.009580373764038086
0.009624785743653774
0.017003577202558517
0.002907421439886093
0.013920092955231667
0.003388026263564825
0.011927883140742779
0.0137551324442029
0.01020849123597145
0.016724415123462677
-0.02289138361811638
0.0009604166261851788
0.018500907346606255
-0.00505983317270875
-0.001367265242151916
-0.03278898820281029
0.01827250048518181
0.009681887924671173
0.025594191625714302
-0.02249801717698574
-0.009383690543472767
-0.02417299710214138
-0.00985319260507822
-0.015112881548702717
0.012048430740833282
0.008451031520962715
-0.005151830147951841
0.013120670802891254
-0.010804885067045689
-0.02502317540347576
0.028170105069875717
0.01082391943782568
0.008533512242138386
-0.02389383316040039
0.0187293142080307
-0.03073333203792572
0.00359739875420928
0.012194356881082058
0.008952256292104721
-0.012727304361760616
0.010950811207294464
0.03964117541909218
-0.001369644538499415
-0.0018700762884691358
-0.035529863089323044
-0.0019493839936330914
0.038067709654569626
0.012962055392563343
-0.021444810554385185
-0.03621508181095123
0.026469748467206955
0.00405103899538517
-0.0006578576285392046
0.009948361665010452
0.008476410061120987
0.002529916586354375
-0.023843076080083847
0.004079589620232582
0.021013377234339714
-0.0006955288117751479
0.02247263863682747
-0.00687756622210145
0.005684778094291687
-0.015176326967775822
0.011616996489465237
-0.03202763572335243
-0.032890502363443375
-0.00596711365506053
-0.014491108246147633
-0.005976630374789238
0.003905112622305751
-0.03799157589673996
0.01730811968445778
-0.013336388394236565
-0.005491267424076796
0.017422322183847427
-0.028271619230508804
-0.012276836670935154
0.04613806679844856
-0.011147494427859783
-0.02654588408768177
-0.0008430411689914763
-0.005818014964461327
0.03195149824023247
-0.023398952558636665
0.013640929944813251
-0.020924551412463188
0.025035863742232323
0.007588163483887911
0.01801871694624424
-0.004425371531397104
0.03281436488032341
0.028398511931300163
-0.0044348882511258125
-0.005196242593228817
-0.029718192294239998
-0.01258137822151184
-0.004850460682064295
0.004108140245079994
0.013793200254440308
0.009453481063246727
-0.008698471821844578
0.0035498139914125204
-0.004545919131487608
0.01705433428287506
-0.03167233616113663
-0.006883910857141018
0.0073470682837069035
0.036519624292850494
-0.0038004263769835234
-0.03169771283864975
0.006655504927039146
0.013691687025129795
0.03355034068226814
0.020188575610518456
0.005925873760133982
0.008673093281686306
0.034159425646066666
-0.020226644352078438
0.016534075140953064
-0.01124900858849287
0.024908972904086113
-0.0037242909893393517
0.018399393185973167
0.021203715354204178
-0.0030803121626377106
-0.01047496497631073
-0.01761266030371189
-0.003156447783112526
0.008425652980804443
-0.006998114287853241
0.020645389333367348
0.01718122698366642
0.008863432332873344
-0.004948802292346954
0.00992298312485218
0.00020659664005506784
0.018665866926312447
0.03032727539539337
-0.025873353704810143
0.02987046353518963
-0.010176767595112324
0.032205283641815186
-0.0001931143196998164
-0.008083043619990349
0.0064397878013551235
-0.0003031537926290184
-0.010132355615496635
0.006801431067287922
0.017155848443508148
0.01556969340890646
-0.01968100666999817
0.0028201828245073557
0.006052765995264053
0.013640929944813251
0.02178741991519928
0.0038035986945033073
0.024769390001893044
0.005681606009602547
-0.008393930271267891
-0.0028439753223210573
-0.6338527798652649
0.020772280171513557
0.01521439477801323
0.00509472843259573
-0.0032865123357623816
-0.006087661255151033
0.012936676852405071
0.011134805157780647
0.004079589620232582
-0.015239773318171501
0.005963941570371389
0.01758728176355362
-0.005564230494201183
-0.008140145801007748
-0.02763715758919716
-0.02778942883014679
0.01507481373846531
-0.014554554596543312
0.016965510323643684
-0.01662290096282959
-0.02245994843542576
0.020594632253050804
0.008178213611245155
0.011674097739160061
-0.005643538199365139
-0.012327593751251698
0.014694136567413807
-0.00596711365506053
0.0055864364840090275
0.025606879964470863
-0.029515165835618973
0.0298958420753479
0.0022380640730261803
0.01968100666999817
0.05101073160767555
0.025340406224131584
-0.041849102824926376
0.009745334275066853
0.009732645004987717
0.007943462580442429
-0.004809220787137747
-0.006113039795309305
0.006693572271615267
6.428882625186816e-05
0.04065631330013275
0.0003886078775394708
0.007378791458904743
-0.019909413531422615
-0.0015385699225589633
0.015531625598669052
-0.001142031280323863
-0.0056213317438960075
0.00361643242649734
-0.0010928604751825333
-0.016407182440161705
-0.0010904812952503562
0.013336388394236565
0.013539415784180164
-0.011820023879408836
0.035529863089323044
-0.00963113084435463
0.0032738230656832457
-0.008761918172240257
-0.009694577194750309
-0.03002273477613926
0.0007217003731057048
-0.01955411396920681
-0.020328156650066376
0.0028154244646430016
-0.01801871694624424
0.0036767064593732357
0.030225763097405434
-0.0018462840234860778
-0.006534956861287355
0.019795209169387817
0.0022348917555063963
0.023525845259428024
0.007524717599153519
-0.006103523075580597
0.012314904481172562
-0.021546324715018272
-0.0129112983122468
-0.020734213292598724
0.009358312003314495
0.046594876796007156
-0.04842212796211243
-0.013057224452495575
0.0036735341418534517
-0.009041081182658672
0.018196364864706993
-0.007670643739402294
0.007112317252904177
0.009675542823970318
-0.02318323589861393
0.018805449828505516
0.0332711786031723
0.0101196663454175
-0.01969369500875473
0.007055215537548065
-0.025048553943634033
0.007010803557932377
-0.04271197319030762
0.02164783887565136
-0.008514477871358395
0.01775224320590496
0.0016511869616806507
-0.013082602992653847
0.006699916906654835
0.0318753644824028
-0.007093283347785473
-0.0010191043838858604
-0.018526285886764526
-0.014199255965650082
-0.007086938712745905
-0.007283621933311224
-0.02474401146173477
0.014643379487097263
0.01884351670742035
0.026596641167998314
-0.02946440875530243
0.020620010793209076
-0.0028043214697390795
0.004898045677691698
0.005202587228268385
-0.011559895239770412
0.023348195478320122
-0.022840626537799835
0.0046442607417702675
-0.005069350358098745
-0.027865564450621605
0.002997832139953971
-0.011629685759544373
0.02025202289223671
-0.0032436861656606197
0.03309353068470955
-0.013463280163705349
0.0187293142080307
-0.015404733829200268
0.021533634513616562
-0.009275832213461399
-0.019617559388279915
-0.023018276318907738
0.004710879176855087
-0.022510705515742302
-0.02400803565979004
-0.02987046353518963
-0.022307679057121277
-0.0008715919684618711
-0.02037891373038292
0.018957719206809998
-0.001594878500327468
0.006718950811773539
-0.046874042600393295
-0.014224634505808353
0.0060813166201114655
-0.00824165903031826
-0.015709275379776955
0.0029787984676659107
-0.02556881308555603
-0.009244109503924847
0.0208230372518301
0.009269487112760544
-0.020556563511490822
0.025898732244968414
-0.034438587725162506
0.010709716007113457
0.010240213945508003
0.01013870071619749
-0.01984596624970436
-0.04596041515469551
0.0017178053967654705
0.004831426776945591
-0.000908073503524065
0.03113938681781292
0.02865229733288288
-0.011331488378345966
-0.02166052721440792
0.006170141510665417
-0.008869776502251625
-0.014833717606961727
-0.01787913404405117
0.034844644367694855
-0.015277841128408909
-0.007562785409390926
-0.0008692127303220332
-0.005250171758234501
0.006477855611592531
0.01985865645110607
-0.014985988847911358
0.0026330165565013885
0.014046985656023026
-0.017549214884638786
-0.01940184272825718
0.01817098818719387
-0.004101795610040426
-0.006094005890190601
0.0018431117059662938
-0.0055864364840090275
-0.0002682583872228861
-0.0001672401704126969
-0.0013942299410700798
-6.106695218477398e-05
0.02766253612935543
-0.012384695000946522
0.003454644698649645
0.0006590472185052931
0.007467615883797407
-0.013475969433784485
0.07131350785493851
0.007531062234193087
0.015480869449675083
-0.028423890471458435
-0.03202763572335243
-0.01676248200237751
-0.014935231767594814
0.016115330159664154
-0.006680883467197418
0.011788301169872284
-0.007975185289978981
0.02903297357261181
-0.0075500961393117905
-0.025315027683973312
0.0021730319131165743
-0.006617437116801739
-0.025949489325284958
0.029083730652928352
0.004292134195566177
-0.010601857677102089
-0.013209495693445206
-0.020784970372915268
0.003844838822260499
-0.008089388720691204
0.0008874534978531301
0.019389154389500618
0.008260693401098251
-0.002277717925608158
0.0010024496586993337
-0.00629068911075592
0.022929450497031212
0.004136691335588694
0.02822086215019226
0.032611340284347534
-0.004409509710967541
-0.020302779972553253
0.02695193886756897
-0.00499321473762393
0.021444810554385185
-0.005221621133387089
0.010766817256808281
0.005120106972754002
0.0007637334638275206
0.007791191339492798
-0.019922101870179176
-0.03182460740208626
-0.001336335320957005
-0.03139317035675049
0.004016143269836903
0.001390264485962689
0.0015060538426041603
0.02389383316040039
0.010367106646299362
0.021419432014226913
0.0004096244229003787
0.021000687032938004
-0.0014529175823554397
0.009764367714524269
-0.0010500343050807714
-0.023779630661010742
-0.021863555535674095
-0.02027740143239498
-0.0016448423266410828
-0.010113322176039219
-0.0043999929912388325
0.014960610307753086
0.011997673660516739
0.0118073346093297
-0.009250453673303127
-0.004967836197465658
0.0016337392153218389
0.009903949685394764
-0.04263583570718765
-0.03634197637438774
0.016419872641563416
0.010658958926796913
-0.0037242909893393517
-0.002436333568766713
0.0037433248944580555
-0.0198332779109478
-0.04925961792469025
0.014605311676859856
-0.019211504608392715
-0.012904954142868519
-0.01969369500875473
0.00683949887752533
-0.010576479136943817
-0.009650164283812046
0.012613101862370968
0.0010373451514169574
0.019071923568844795
-0.005161347333341837
0.014288080856204033
-0.017536524683237076
-0.01515094842761755
0.0018922825111076236
0.016407182440161705
0.02317054569721222
-0.04192524030804634
0.006205036770552397
-0.002272959565743804
-0.016128020361065865
-0.0004544332914520055
0.012137254700064659
-0.005910011939704418
0.013387144543230534
0.011743889190256596
0.011902504600584507
0.029946599155664444
-0.01732080802321434
0.017117779701948166
-0.008888810873031616
0.004041521809995174
0.001985865645110607
-0.010157734155654907
0.016597522422671318
0.055223558098077774
0.00022146683477330953
-0.004342891275882721
0.02205389365553856
-0.00597028573974967
-0.014376905746757984
-0.016546765342354774
-0.03761089965701103
0.006585713941603899
-0.016686346381902695
0.005078867077827454
0.002533088903874159
-0.00043777868268080056
-0.011591617949306965
0.011001568287611008
0.010005462914705276
0.00580215360969305
-0.0023887488059699535
0.013843957334756851
0.013361766934394836
0.022307679057121277
-0.024617118760943413
0.020696144551038742
-9.422750008525327e-05
0.030200384557247162
0.007829259149730206
0.05710156634449959
0.021571703255176544
0.006363652180880308
-0.0352507010102272
0.005697467364370823
0.022688355296850204
0.03474313020706177
-0.01501136738806963
-0.012029396370053291
0.01902116648852825
0.0027725982945412397
0.042940378189086914
-0.009294865652918816
0.009123560972511768
0.04179834574460983
0.012257803231477737
0.011039636097848415
0.00010488447151146829
0.009973740205168724
-0.019579492509365082
0.01702895574271679
0.02611444890499115
0.006468338426202536
-0.029286758974194527
0.00596711365506053
0.012524276971817017
0.005646710284054279
0.0033245801459997892
-0.0014418145874515176
0.0088126752525568
-0.0010857228189706802
0.03532683476805687
-0.00363229401409626
-0.031114008277654648
-0.0037623587995767593
-0.032332174479961395
0.022980207577347755
-0.018259812146425247
-0.015252462588250637
-0.002550536533817649
-0.0011570998467504978
0.0170416459441185
-0.026012936607003212
0.007594508118927479
-0.0006415995303541422
-0.05278722569346428
-0.03821998089551926
-0.0008826950215734541
-0.0041430359706282616
0.022866005077958107
0.01761266030371189
-0.01348865870386362
-0.015810789540410042
0.04068169370293617
-0.0009580373880453408
-0.004336546640843153
0.00970092136412859
-0.02096262015402317
-0.01924957148730755
0.0298958420753479
-0.016584832221269608
-0.014059674926102161
0.031063251197338104
0.007467615883797407
-0.012606756761670113
0.012486209161579609
-0.0146560687571764
-0.005722845904529095
-0.013869335874915123
0.022561462596058846
0.012790750712156296
0.013882025144994259
0.012835162691771984
-0.013298320583999157
-0.002433161251246929
-0.016724415123462677
-0.008374896831810474
-0.012168978340923786
0.018120231106877327
0.004044694360345602
-0.00270597985945642
0.013729753904044628
-0.018805449828505516
-0.010861987248063087
0.00499321473762393
0.017498457804322243
0.00016674450307618827
0.006496889516711235
0.016115330159664154
-0.005063005723059177
-0.02206658385694027
0.03753476217389107
0.015024056658148766
-0.007378791458904743
0.014300770126283169
-0.05014786496758461
0.01166775356978178
0.010785851627588272
-0.009409069083631039
0.0007094076718203723
-0.0010286212200298905
0.0032325831707566977
-0.0007558026700280607
-0.014909853227436543
-0.004863149952143431
0.029515165835618973
-0.01228952594101429
-0.026089070364832878
-0.000896970450412482
-0.0059512523002922535
-0.012473519891500473
0.015696585178375244
0.0004992421600036323
-0.0064810276962816715
-0.003895595669746399
0.011198251508176327
-0.00667453883215785
-0.02806859277188778
0.025111999362707138
-0.02682504616677761
-0.017574593424797058
-0.01095715630799532
0.008996669203042984
0.03436245396733284
-0.017346186563372612
0.009453481063246727
-0.021825486794114113
-0.015201705507934093
-0.012143599800765514
-0.012682892382144928
-0.010030841454863548
-1.563849400554318e-05
0.010316349565982819
-0.004365097731351852
0.008863432332873344
0.004038349725306034
-0.008000563830137253
0.00852082297205925
-0.016673658043146133
0.0021413087379187346
-0.01858973130583763
-0.014922542497515678
-0.030200384557247162
0.00985319260507822
0.0051391408778727055
-0.001130135147832334
-0.00011043601261917502
-0.009973740205168724
-0.02221885323524475
0.023157857358455658
-0.024122240021824837
-0.014960610307753086
-0.0076325759291648865
-0.012505242601037025
0.005266033113002777
0.003936835564672947
-0.02946440875530243
0.013107981532812119
-0.0035688478965312243
-0.005852910690009594
0.027738671749830246
0.009161628782749176
0.002487090416252613
0.01020849123597145
0.03895595669746399
-0.0037560141645371914
0.0048821838572621346
0.009872226044535637
0.012695581652224064
0.001595671521499753
-0.0037274633068591356
-0.02418568544089794
-0.0064556491561234
0.0191353689879179
-0.012892264872789383
-0.007613542024046183
-0.010303660295903683
0.0062779998406767845
-0.025492677465081215
0.016166087239980698
0.005005904007703066
-0.012898609042167664
0.019236883148550987
0.0009976912988349795
-0.01137590128928423
-0.01501136738806963
-0.007975185289978981
-0.006382686085999012
-0.009942017495632172
0.004485645331442356
0.0035085740964859724
0.0035339524038136005
-0.01249255333095789
-0.01966831646859646
0.006655504927039146
-0.02389383316040039
0.05786291882395744
0.014414973556995392
0.022713733837008476
0.010500343516469002
-0.007213831413537264
-0.027180345728993416
0.005443682428449392
0.01831056922674179
-0.021165646612644196
0.015531625598669052
-0.010671648196876049
0.009351967833936214
-0.020290089771151543
0.0033499584533274174
0.026292098686099052
-0.01829787902534008
-0.012473519891500473
0.005532507319003344
0.013729753904044628
0.009332933463156223
-0.0230309646576643
0.013920092955231667
-0.03367723524570465
0.0232086144387722
-0.0017415977781638503
0.019769830629229546
-0.026190584525465965
-0.008482755161821842
-0.003186584683135152
0.03613894805312157
0.00044372674892656505
0.010322694666683674
-0.0031183799728751183
-0.020290089771151543
0.0009548650705255568
-0.018094852566719055
-0.0032452724408358335
-0.014871785417199135
0.009371001273393631
0.042686592787504196
-0.01501136738806963
-0.0004992421600036323
-0.004225515760481358
-0.023779630661010742
0.0023697149008512497
-2.0743927962030284e-05
-0.010284626856446266
0.026622019708156586
-0.0003152482386212796
-0.00638585863634944
0.02290407195687294
0.01452917605638504
-0.020302779972553253
0.008508133701980114
-0.004339719191193581
-0.006087661255151033
-0.0001676367101026699
0.0037528418470174074
-0.01955411396920681
0.01069702673703432
-0.02305634319782257
-0.002553708851337433
-0.013374455273151398
-0.0329158790409565
-0.00716307433322072
-0.011623340658843517
0.008209936320781708
-0.01605188474059105
-0.005910011939704418
-0.0034958848264068365
0.006953701842576265
0.013742443174123764
0.00040030578384175897
-0.010227524675428867
0.011160183697938919
0.009662853553891182
-0.04375248774886131
-0.0014275391586124897
-0.003435610793530941
0.0008834881009534001
0.021850865334272385
0.011978639289736748
0.008539856411516666
-0.02862691879272461
0.03733173385262489
-0.000565860653296113
-0.014123120345175266
-0.020924551412463188
0.002054070122539997
-0.007023492828011513
-0.02009975165128708
-0.019744452089071274
0.026165205985307693
0.016102641820907593
-0.0018399393884465098
0.004568125121295452
-0.0030612784903496504
0.021343296393752098
0.009815124794840813
-0.017371565103530884
-0.028703054413199425
-0.004520540591329336
0.010982534848153591
-0.026215963065624237
0.011363212019205093
-0.023805009201169014
-0.017206605523824692
0.00852716714143753
0.004162069875746965
0.026926560327410698
-0.009586718864738941
0.00970092136412859
-0.0037623587995767593
-0.010506688617169857
-0.023919211700558662
0.02542923018336296
-0.03423555940389633
-0.016280291602015495
-0.00956768449395895
-0.0032198939006775618
0.010011808015406132
0.022980207577347755
-0.015455490909516811
0.005637193564325571
-0.0030739675275981426
-0.02445215918123722
-0.031646955758333206
-0.0019208332523703575
-0.0031215522903949022
0.0408339649438858
-0.002924869069829583
-0.015227084048092365
-0.02027740143239498
0.012416418641805649
-0.049665674567222595
0.01090005412697792
0.02707883156836033
0.0324590690433979
0.012168978340923786
0.001795527059584856
0.004787014797329903
0.04928499460220337
-0.020175887271761894
0.012727304361760616
-0.024198375642299652
-0.011058669537305832
-0.03517456352710724
-0.001577430753968656
-0.005516645964235067
-0.014821028336882591
-0.03382950648665428
0.0019192470936104655
0.033601097762584686
0.0051264516077935696
-0.00771505618467927
-0.003186584683135152
-0.01567120850086212
-0.009440792724490166
0.01543011236935854
0.0014013675972819328
0.0008771435241214931
-0.009453481063246727
0.010265592485666275
-0.005488094873726368
0.011553550139069557
-0.010582823306322098
0.007315345108509064
-0.014250013045966625
-0.01018945686519146
0.03509842976927757
-0.010481310077011585
0.028119349852204323
0.00321037694811821
-0.002330061048269272
0.018906962126493454
-0.006820464972406626
0.008920533582568169
-0.0062367599457502365
-0.01817098818719387
0.019490668550133705
0.008825364522635937
-0.023982657119631767
-0.01607726328074932
0.009542305953800678
-0.0326874740421772
0.015468180179595947
0.008508133701980114
-0.013869335874915123
0.010398829355835915
0.002088965615257621
-0.007150385063141584
-0.020201265811920166
-0.035529863089323044
-0.013869335874915123
0.004939285572618246
-0.0007109938305802643
-0.010639925487339497
0.02318323589861393
-0.019071923568844795
0.02344970963895321
-0.015595071949064732
0.0019636594224721193
-0.005212103947997093
-0.00978340208530426
0.004568125121295452
-0.01690206304192543
-0.018538974225521088
-0.008159179240465164
0.000911245821043849
0.018894273787736893
0.002028691815212369
0.0068521881476044655
-0.0486251562833786
0.003867045044898987
0.20932164788246155
-0.03347420692443848
-0.015531625598669052
0.010855642147362232
-0.011109426617622375
0.01761266030371189
0.02959129959344864
-0.007994219660758972
-0.007188452873378992
-0.0005519817932508886
0.0031421722378581762
-0.01158527284860611
-0.019503356888890266
0.005389753263443708
0.015100192278623581
-0.023373574018478394
-0.0362912192940712
-0.010950811207294464
0.004767980892211199
-0.014414973556995392
0.014491108246147633
0.022155407816171646
-0.017244672402739525
-0.0006051179952919483
0.023538533598184586
0.006630126386880875
-0.007956151850521564
-0.0010048289550468326
0.012194356881082058
-0.0002767839760053903
-0.0146560687571764
0.01459262240678072
-0.016699036583304405
0.005189897958189249
-0.02485821582376957
-0.007156729698181152
0.030200384557247162
-0.016825927421450615
0.014681447297334671
0.015963060781359673
0.01775224320590496
-0.015024056658148766
-0.008451031520962715
-0.036519624292850494
-0.010811230167746544
0.06354770064353943
-0.012143599800765514
0.003334097098559141
-0.01899578794836998
0.0020984825678169727
0.0003217911289539188
0.02959129959344864
0.022409193217754364
0.01228318177163601
0.01759997196495533
0.007975185289978981
-0.020023616030812263
-0.007569130044430494
0.01985865645110607
0.014199255965650082
-0.002926455345004797
0.022675666958093643
0.01306991372257471
0.04273734986782074
-0.023957278579473495
0.0031056907027959824
-0.017155848443508148
-0.0016749792266637087
-0.015607761219143867
-0.011198251508176327
0.0019335225224494934
-0.009777056984603405
-0.014123120345175266
0.013298320583999157
-0.014605311676859856
-0.009085494093596935
0.009307554922997952
0.013856646604835987
0.01284785196185112
0.04007260873913765
-0.03225604072213173
-0.006864876952022314
-0.0135521050542593
-0.014097741805016994
0.028550783172249794
-0.015747342258691788
0.012162633240222931
-0.006509578321129084
0.0010167250875383615
-0.01910999044775963
-0.01633104868233204
0.009815124794840813
0.019046545028686523
-0.0031231383327394724
-0.00625579385086894
0.005542024038732052
-0.0062431045807898045
0.015176326967775822
-0.0048536332324147224
-0.004986870102584362
-0.030378032475709915
0.010716060176491737
0.009707266464829445
0.01187078095972538
-0.011502793058753014
0.01885620690882206
-0.02110220119357109
-0.00879364088177681
-0.00914259534329176
-0.023982657119631767
-0.0012681306106969714
-0.023855766281485558
0.008996669203042984
-0.009117216803133488
-0.029109109193086624
0.0051740361377596855
0.005386581178754568
-0.009694577194750309
0.024502916261553764
0.018906962126493454
0.011915193870663643
0.00028193899197503924
-0.014833717606961727
0.020975308492779732
-0.004047866445034742
-0.011927883140742779
-0.05182284489274025
0.009320244193077087
-0.020594632253050804
-0.0019525563111528754
0.005456371698528528
-0.037077948451042175
0.040859341621398926
-0.004295306745916605
0.002000140957534313
-0.004136691335588694
0.0023982657585293055
-0.016394494101405144
0.01131245493888855
0.011769266799092293
0.03715408593416214
-0.017079712823033333
-0.01885620690882206
-0.016432560980319977
0.008178213611245155
-0.03608819097280502
0.008260693401098251
-0.00985319260507822
-0.027611779049038887
-0.030910981819033623
-0.005954424384981394
-0.041950616985559464
0.0008787296828813851
-0.027281859889626503
0.015836168080568314
0.020607320591807365
-0.024769390001893044
-0.007315345108509064
-0.011014257557690144
0.011889815330505371
-0.021406741812825203
-0.01515094842761755
0.0432702973484993
-0.021457498893141747
-0.017828376963734627
0.003886078717187047
-0.1571435034275055
0.013996228575706482
0.006376341450959444
-0.008070354349911213
0.014478418976068497
-0.005843393504619598
0.019630249589681625
0.034717753529548645
0.007372446823865175
-0.000808542303275317
0.0014616415137425065
-0.008076699450612068
-0.023678116500377655
-0.0057894643396139145
0.001156306709162891
0.010011808015406132
-0.006611092481762171
-0.004514195956289768
0.030682574957609177
0.01556969340890646
0.020873794332146645
-0.019744452089071274
-0.034996915608644485
0.011572584509849548
-0.0025743290316313505
-0.004647432826459408
-0.01997285895049572
0.008736539632081985
-0.024832837283611298
0.0032516170758754015
0.0025933627039194107
0.022726424038410187
0.027890942990779877
0.008615992031991482
-0.0016702208667993546
0.016407182440161705
-0.006788741797208786
-0.011724854819476604
-0.009022047743201256
0.010620891116559505
-0.0029185244347900152
0.008121111430227757
0.005104245617985725
-0.011553550139069557
0.011242663487792015
0.002962936880066991
0.033727992326021194
0.0046506053768098354
0.025632258504629135
-0.0051740361377596855
0.029997356235980988
-0.001333163003437221
0.007258243393152952
0.017701486125588417
0.003330924781039357
0.001347438315860927
0.0050566610880196095
-0.005240655038505793
0.009110871702432632
-0.0027551506645977497
-0.008197247050702572
-0.004863149952143431
-0.005259688477963209
0.011166528798639774
0.039438147097826004
-0.024832837283611298
-0.03002273477613926
0.003213549265637994
-0.026038313284516335
-0.000911245821043849
-0.020061682909727097
-0.0051327962428331375
0.00950423814356327
-0.0016860823379829526
-0.010563789866864681
-0.005624504294246435
-0.018234433606266975
0.03492078185081482
-0.00016208516899496317
-0.009440792724490166
-0.020924551412463188
0.04052942246198654
-0.008622336201369762
0.0039463527500629425
0.005706984084099531
-0.0077467793598771095
-0.01040517445653677
0.012606756761670113
0.0031263106502592564
0.02442678064107895
0.014059674926102161
-0.03928587585687637
-0.01095715630799532
0.007778502069413662
0.003660844871774316
0.0062367599457502365
0.006192347500473261
-0.008869776502251625
0.012073809280991554
-0.002951833652332425
-0.0009382104617543519
0.010576479136943817
-0.01536666601896286
0.003828977234661579
0.02263759821653366
-0.013653619214892387
0.015557004138827324
0.02682504616677761
0.02278986945748329
0.00499321473762393
-0.026850424706935883
0.012105531990528107
0.022992897778749466
0.0064556491561234
0.024794768542051315
0.006493716966360807
-0.004818737506866455
-0.01729542948305607
-0.0019668317399919033
0.006205036770552397
0.05461447685956955
-0.0033499584533274174
0.0021302057430148125
0.0020842072553932667
-0.005329479463398457
-0.03517456352710724
-0.10257979482412338
-0.038194604218006134
0.031621579080820084
0.030124248936772346
-0.0024648841936141253
0.012632135301828384
0.0035212631337344646
0.004254066850990057
-0.012238768860697746
0.01606457307934761
-0.0329158790409565
-0.009872226044535637
-0.017815688624978065
0.017105091363191605
-0.002713910536840558
0.025479987263679504
0.01676248200237751
-0.01843746192753315
-0.027205724269151688
0.018830828368663788
-0.004032005090266466
0.013564794324338436
-0.022130029276013374
-0.008552545681595802
-0.015810789540410042
-0.00022067375539336354
-0.03113938681781292
0.012632135301828384
0.016534075140953064
-0.002955005969852209
-0.027459507808089256
-0.017790310084819794
0.007175763603299856
-0.01985865645110607
0.01293033268302679
-0.011712165549397469
-0.0326874740421772
-0.01264482457190752
0.021584391593933105
-0.014072364196181297
0.009491548873484135
0.017143158242106438
0.0037718757521361113
-0.01673710346221924
0.004704534541815519
-0.01293033268302679
-0.005110590253025293
0.01677517034113407
0.010766817256808281
-0.02794170007109642
-0.002279304200783372
-0.041544560343027115
-0.04903121292591095
-0.0032960292883217335
0.0127082709223032
0.003635466331616044
0.002686945954337716
0.022383814677596092
-0.012327593751251698
-0.026571262627840042
0.01705433428287506
-0.00963113084435463
0.007962496019899845
0.027484886348247528
0.021977758035063744
-0.015747342258691788
-0.020886484533548355
-0.02667277678847313
0.005234310403466225
0.01501136738806963
-0.005212103947997093
0.00628751702606678
0.009275832213461399
-0.010506688617169857
-0.020048994570970535
0.023272059857845306
-0.02791632153093815
-0.021952379494905472
0.0036957403644919395
-0.0012086498318240047
-0.025505365803837776
-0.012759028002619743
-0.01912268064916134
-0.010436897166073322
0.004815565422177315
-0.007105972617864609
0.007721400819718838
0.00460619293153286
0.008958601392805576
-0.02778942883014679
-0.022244231775403023
0.016940131783485413
0.005862427409738302
0.01242276281118393
0.01719391532242298
0.0010389313101768494
0.009390035644173622
-0.01209284272044897
-0.006401719991117716
0.006335101556032896
-0.03266209736466408
-0.006833154242485762
-0.06496889144182205
0.0020112439524382353
0.008133800700306892
-0.01090005412697792
0.005009076092392206
-0.015189016237854958
0.021305229514837265
-0.011502793058753014
0.007245554123073816
0.011496448889374733
-0.02025202289223671
0.013882025144994259
-0.011908848769962788
0.0017162192380055785
-0.03195149824023247
-0.018209055066108704
0.015747342258691788
0.0018732486059889197
0.00843834225088358
0.018742002546787262
0.006687227636575699
-0.0055864364840090275
0.02837313339114189
0.036671895533800125
0.015836168080568314
0.013717065565288067
-0.0014973299112170935
-0.008336829021573067
-0.0024061964359134436
0.02386845462024212
0.017270050942897797
-0.020290089771151543
0.01228318177163601
0.022586841136217117
-0.005529334768652916
-0.013564794324338436
0.012137254700064659
0.026926560327410698
0.014148498885333538
0.0678112804889679
-0.010094287805259228
-0.025111999362707138
0.03504767268896103
-0.00034637650242075324
-0.027129588648676872
-0.009612097404897213
0.001106342882849276
-0.0008906258153729141
0.015455490909516811
-0.01074143871665001
0.033601097762584686
0.024388713762164116
0.005053488537669182
-0.020467739552259445
-0.010728749446570873
0.015024056658148766
0.013729753904044628
0.009796091355383396
0.012302215211093426
-0.011223630048334599
0.0464172288775444
-0.005573747213929892
0.011413968168199062
0.019186126068234444
0.007461271248757839
-0.010798540897667408
0.0054817502386868
0.00010290178033756092
-0.003857528092339635
-0.013437901623547077
0.009967396035790443
0.000682046462316066
0.008419308811426163
0.0006324791465885937
0.017155848443508148
0.004225515760481358
0.008666749112308025
-0.027738671749830246
-0.013171427883207798
0.02527696080505848
-0.0048472885973751545
0.02442678064107895
-0.0266981553286314
0.030251141637563705
0.025759151205420494
0.003575192531570792
0.013184117153286934
-0.014821028336882591
-0.012689236551523209
0.025949489325284958
-0.008248004131019115
0.026622019708156586
0.003150103148072958
-0.001593292341567576
0.002767839701846242
0.006490544881671667
0.022599531337618828
-0.013831268064677715
0.007600852753967047
0.015417423099279404
0.028829947113990784
9.155086445389315e-05
0.0071440404281020164
-0.024261821061372757
-0.009643820114433765
-0.010360761545598507
-0.04096085578203201
-0.022967519238591194
-0.018830828368663788
0.022180786356329918
0.002065173350274563
-0.025657637044787407
0.02067076787352562
0.014402284286916256
-0.029946599155664444
-0.005459544248878956
-0.0016496008029207587
-0.0035625032614916563
-0.019617559388279915
0.008412963710725307
-0.01817098818719387
0.026850424706935883
0.04598579555749893
-0.004044694360345602
0.0026282581966370344
-0.018234433606266975
0.02903297357261181
0.011058669537305832
0.003381681628525257
0.006262138485908508
-0.021571703255176544
0.004745774436742067
-0.016292979940772057
-0.02318323589861393
-0.016280291602015495
-0.007810225244611502
0.030809467658400536
0.032738231122493744
-0.024972418323159218
0.08501788973808289
0.016699036583304405
-0.024908972904086113
0.02442678064107895
0.02834775485098362
0.004660122096538544
-0.0014568830374628305
0.002980384510010481
-0.01746039092540741
0.027154967188835144
0.018640488386154175
-0.030124248936772346
-0.007803880609571934
-0.03172309324145317
-0.008387585170567036
0.004856805317103863
-0.012213390320539474
0.04428543522953987
-0.01046862080693245
0.007638920564204454
0.034286316484212875
0.006979080382734537
0.011997673660516739
0.00719479750841856
-0.019642937928438187
0.0028344583697617054
0.03852452337741852
-0.008273382671177387
-0.005269205663353205
-0.03390564024448395
-0.0020937242079526186
-0.020201265811920166
-0.04415854439139366
-0.012682892382144928
-0.013336388394236565
-0.02402072586119175
0.013780510984361172
-0.023563912138342857
0.0027725982945412397
0.007702366914600134
0.026368234306573868
0.02428719960153103
-0.03154544159770012
-0.04202675446867943
-0.02037891373038292
-0.003924146294593811
-0.01804409548640251
0.016508696600794792
-0.038067709654569626
