-0.004265459254384041
-0.010692511685192585
0.018703877925872803
-0.0014231560053303838
-0.037895236164331436
-0.0008226242498494685
-0.05331503227353096
-0.01091700978577137
-0.02722196653485298
-0.026760144159197807
-0.012475665658712387
0.023860914632678032
-0.0039351265877485275
0.011975356377661228
-0.007953638210892677
0.0042077312245965
0.027606820687651634
-0.013174816034734249
0.01059629861265421
-0.005548303946852684
-0.02060248889029026
0.015881618484854698
0.0016227987362071872
-0.008704102598130703
-0.031763236969709396
0.016317786648869514
0.011622574180364609
-0.03312305361032486
-0.0035566873848438263
-0.0033770890440791845
-0.0026218141429126263
-0.018947618082165718
-0.011898386292159557
-0.009730378165841103
-0.020923199132084846
-0.005679795518517494
0.0035631016362458467
0.00513137923553586
0.009723964147269726
0.01865256391465664
0.008473190478980541
-0.0006955424323678017
0.01039104349911213
-0.001115273218601942
-0.006510437466204166
0.015150397084653378
-0.02033309079706669
-0.0017206156626343727
-0.01014730241149664
0.015458280220627785
0.033738818019628525
0.0222445297986269
-0.02482304722070694
-0.010763067752122879
-0.01675395295023918
-0.014573117718100548
0.0017334440490230918
0.011981770396232605
-0.006831148639321327
-0.016625668853521347
0.011956114321947098
0.0010679683182388544
0.0018023969605565071
0.02071794494986534
0.0041949027217924595
0.01312350295484066
-0.026554888114333153
0.009454566054046154
-0.009454566054046154
0.0031205201521515846
0.01962752640247345
0.009332695975899696
-0.02007652260363102
0.007427671458572149
0.034380242228507996
0.0037651495076715946
-0.003813256276771426
-0.03920373693108559
-0.003704214468598366
0.032738201320171356
-0.004374500829726458
-0.0023892985191196203
-0.006353288888931274
0.009217239916324615
0.00846677552908659
0.0041275531984865665
0.013129916973412037
0.014393518678843975
-0.0027436844538897276
-0.012591121718287468
-0.016125360503792763
0.009018398821353912
-0.0016789231449365616
0.024592135101556778
-0.007402014918625355
0.009775277227163315
-0.006651550531387329
0.012366624549031258
-0.030557364225387573
-0.03399538993835449
-0.004291115794330835
-0.010628369636833668
-0.014085636474192142
-0.00858223158866167
-0.037741295993328094
0.015766162425279617
-0.011366005055606365
-0.006125584244728088
0.01896044611930847
-0.01480402983725071
-0.01724143512547016
0.04941518232226372
0.014047150500118732
-0.017331233248114586
0.012956732884049416
-0.0072095878422260284
0.010192202404141426
-0.018665391951799393
-0.005108929704874754
-0.0104680135846138
0.024912847205996513
0.003848534543067217
0.01321330200880766
0.005849772598594427
0.033071741461753845
0.013803410343825817
-0.019242672249674797
-0.0019226636504754424
-0.038074836134910583
-0.018036797642707825
0.009056884795427322
-0.008473190478980541
0.007292972877621651
-0.015111912041902542
-0.010884938761591911
-0.005628481507301331
-0.020884713158011436
0.004156417213380337
-0.025425985455513
-0.009544366039335728
0.02134653739631176
0.01940944232046604
-0.01775457337498665
-0.037151187658309937
-0.007376357913017273
0.012161369435489178
0.025579925626516342
0.015920104458928108
0.0071967593394219875
-0.0022786532063037157
0.02927451953291893
-0.03181455284357071
0.0017703258199617267
-0.00979452021420002
0.04153851419687271
0.007446914445608854
0.01880650594830513
0.01847296580672264
0.007049232255667448
0.0006706872954964638
-0.02329646237194538
0.00041812725248746574
0.0004201316914986819
0.000648237532004714
0.002750098705291748
0.015137569047510624
0.0006558544118888676
0.0002904440916609019
0.025772353634238243
-0.01447048969566822
-0.0018184325890615582
0.028735725209116936
-0.04687514901161194
0.021179767325520515
-0.02064097300171852
0.022372813895344734
0.011410905048251152
0.022231701761484146
0.004592584446072578
-0.0077355545945465565
-0.021821191534399986
0.0052917348220944405
0.012270410545170307
0.012116469442844391
-0.020589658990502357
0.004307151772081852
0.012238339520990849
0.007427671458572149
0.016471726819872856
0.00407623965293169
0.01753648929297924
0.017061837017536163
-0.013482699170708656
0.01802396960556507
-0.637933075428009
-0.016728296875953674
-0.00970472116023302
0.0025159793440252542
0.03155798465013504
-0.009871491231024265
0.015047769993543625
0.00830000638961792
0.0011770101264119148
-0.02811995893716812
-0.0011361194774508476
0.015137569047510624
-0.006779835093766451
-0.01112226489931345
-0.02332211844623089
-0.02550295554101467
0.007395600434392691
-0.007870253175497055
0.03189152106642723
-0.032840829342603683
-0.035765714943408966
0.027504192665219307
0.003393124556168914
0.020948857069015503
-0.01185348629951477
-0.008274349384009838
0.010224273428320885
0.006218590307980776
-0.0013622208498418331
0.010140888392925262
-0.026606202125549316
0.023655658587813377
0.011410905048251152
0.023565860465168953
0.0538281686604023
0.01767760142683983
-0.023283634334802628
0.034867722541093826
0.027042368426918983
0.017113151028752327
-0.01634344272315502
-0.009833005256950855
-0.002453440800309181
0.012988803908228874
0.026837114244699478
-0.0030611883848905563
0.023796772584319115
-0.02060248889029026
0.00692736217752099
0.014085636474192142
-0.0017270299140363932
-0.00425263075158
0.006029370706528425
-0.0037362854927778244
-0.005317391827702522
-0.03453418239951134
0.017485175281763077
-0.002618607133626938
0.004913295619189739
0.02904360741376877
0.002140747383236885
0.0032472009770572186
-0.005567546468228102
-0.028094301000237465
-0.027350252494215965
0.023168178275227547
-0.019653182476758957
-0.009634165093302727
0.008755415678024292
-0.028273900970816612
0.016061216592788696
0.018293367698788643
0.006555336993187666
-0.01147504709661007
0.007459742948412895
-0.006398188415914774
0.035945311188697815
0.011481461115181446
-0.011462219059467316
0.004435435868799686
-0.013777753338217735
-0.0069145336747169495
-0.03181455284357071
0.016612840816378593
0.026939742267131805
-0.04666989669203758
-0.008062680251896381
0.009274967946112156
-0.005891465116292238
0.00458937743678689
-0.004467507358640432
0.003431609831750393
-0.005214764270931482
-0.025336185470223427
-0.011558432132005692
0.054187364876270294
0.00417886720970273
-0.015073426999151707
0.001230729278177023
-0.02007652260363102
0.008890114724636078
-0.023694144561886787
0.0037651495076715946
-0.016664154827594757
0.006818320136517286
0.0127129927277565
-0.016215158626437187
-0.005294941831380129
0.048363249748945236
-0.030788276344537735
0.023642830550670624
-0.007036403752863407
-0.0008995949174277484
-0.00891577173024416
-0.041179317981004715
-0.017844371497631073
0.013777753338217735
0.005304563324898481
0.02078208699822426
-0.03943464905023575
0.014983627945184708
-0.008498847484588623
0.008197378367185593
0.006843977142125368
-0.01566353626549244
0.01798548549413681
-0.02706802636384964
0.0008045842405408621
-0.017190121114253998
-0.022565240040421486
-0.004688797984272242
-0.02332211844623089
0.03581702709197998
-0.009512294083833694
0.012328138574957848
-0.026182863861322403
0.019114388152956963
-0.0022465819492936134
-0.00432639429345727
0.004538063425570726
-0.018870647996664047
0.00021527739590965211
0.0027388737071305513
-0.016369100660085678
-0.03599662706255913
-0.038151804357767105
-0.03114747256040573
-0.006690036039799452
-0.022372813895344734
0.02235998585820198
-0.00530777033418417
-0.005596410483121872
-0.04071749374270439
-0.026708830147981644
-0.02359151653945446
-0.0007769229123368859
0.006029370706528425
4.3371179344831035e-05
-0.028607439249753952
-0.0072288308292627335
0.010012604296207428
-8.158091077348217e-05
0.0010439149336889386
0.038228776305913925
-0.02613154985010624
0.019396614283323288
0.011096607893705368
0.012276825495064259
-0.007754797115921974
-0.04382197931408882
0.0038068420253694057
0.008845214731991291
0.012302481569349766
0.0018761606188490987
0.020358746871352196
0.006218590307980776
-0.02482304722070694
0.015278682112693787
-0.013713611289858818
-0.009396838024258614
-0.003373882034793496
0.01917853020131588
-0.022000789642333984
-0.005788837093859911
0.017485175281763077
0.0071262032724916935
0.013893209397792816
0.01644607074558735
2.0670839148806408e-05
0.0050993082113564014
0.006940190680325031
-0.001879367628134787
-0.022860294207930565
-0.006096720229834318
0.0023636415135115385
0.016330614686012268
-0.0060935127548873425
-0.005477747414261103
0.0166384968906641
0.0011064537102356553
0.025438813492655754
-0.02511810138821602
0.03435458615422249
-0.004714454989880323
-0.0035182018764317036
0.0030018568504601717
0.003332189517095685
-0.007786868140101433
0.06085816025733948
0.008133236318826675
0.024399708956480026
-0.011872729286551476
-0.024912847205996513
-0.0203715767711401
0.00970472116023302
0.024887189269065857
-0.00643025990575552
-0.005458504892885685
-0.013264616020023823
0.02105148322880268
-0.014483318664133549
-0.020435718819499016
0.0034380240831524134
-0.018703877925872803
-0.044771283864974976
0.019653182476758957
-0.014406347647309303
-0.008178135380148888
0.025143759325146675
-0.02878703735768795
0.014303719624876976
0.006805491633713245
-0.006799077615141869
0.028992293402552605
0.02878703735768795
0.014868171885609627
0.03173758089542389
-0.005997299682348967
0.016009904444217682
-0.006837563123553991
0.0017687223153188825
0.028350871056318283
0.0048042540438473225
-0.004271873272955418
0.033251337707042694
0.0065649584867060184
0.0242970809340477
-0.00872975867241621
-0.011712373234331608
-0.0023764700163155794
0.0008242278126999736
0.0007492615841329098
-0.02029460482299328
-0.023424746468663216
-0.01003826130181551
-0.03563743084669113
0.0021936646662652493
0.0008458758238703012
-0.00817172136157751
0.03666370362043381
6.0083239077357575e-05
0.01790851354598999
0.0035727228969335556
0.008383391425013542
0.00014351826393976808
0.012103641405701637
-0.01566353626549244
-0.011244134977459908
-0.03402104601264
-0.008011366240680218
-0.027196310460567474
-0.03450852632522583
0.019537726417183876
0.0015955382259562612
-0.001686941017396748
0.0028334835078567266
0.020628144964575768
0.005545096937566996
0.016202330589294434
0.006965847685933113
-0.018934790045022964
-0.0373820997774601
0.012122883461415768
0.008954256772994995
-0.004974230658262968
-0.02078208699822426
0.0015907275956124067
-0.011224891990423203
-0.026631858199834824
0.023655658587813377
-0.006083891727030277
-0.004246216267347336
-0.01426523458212614
-0.004820289555937052
-0.011564846150577068
0.012552636675536633
0.026221347972750664
-0.010378214530646801
0.0016676982631906867
-0.018832162022590637
-0.006940190680325031
-0.015073426999151707
-0.0317888967692852
-0.0008995949174277484
0.0347650945186615
0.017446689307689667
-0.03125010058283806
0.01226399652659893
0.0060999272391200066
-0.0095315370708704
-0.00876824464648962
-0.0035534801427274942
-0.0011850278824567795
0.012847690843045712
0.01671546883881092
0.02161593548953533
0.0035182018764317036
0.0003265241102781147
0.03563743084669113
0.00031269341707229614
0.010628369636833668
0.006433466915041208
-0.019229844212532043
0.006135205272585154
0.051467735320329666
-0.02339909039437771
0.004672762472182512
0.02550295554101467
0.009230068884789944
-0.023617172613739967
-0.022513926029205322
-0.023681316524744034
0.010365386493504047
-0.0060935127548873425
-0.00010733803355833516
0.013251787051558495
0.013469871133565903
0.004637483973056078
0.019204186275601387
0.031224442645907402
-3.9587790524819866e-05
-0.016099702566862106
0.011981770396232605
-0.003890227060765028
0.010891352780163288
-0.015766162425279617
0.013803410343825817
0.019896922633051872
0.01798548549413681
0.0032359762117266655
0.04179508611559868
0.006792663596570492
0.009069712832570076
-0.041256289929151535
-0.01050649955868721
0.015689192339777946
0.024964161217212677
0.016009904444217682
-0.004044168163090944
-0.0029345075599849224
-0.003771563759073615
0.039793845266103745
0.004974230658262968
0.018755191937088966
0.029505431652069092
0.00407623965293169
-0.0024037305265665054
-0.0019483205396682024
0.013072188943624496
-0.029967255890369415
0.011398076079785824
0.02804298885166645
0.013585327193140984
-0.03379013389348984
0.017061837017536163
0.007870253175497055
-0.0001315918198088184
0.009749621152877808
0.018832162022590637
0.0057503520511090755
0.011051707901060581
0.05190390348434448
-0.0062025547958910465
-0.015727678313851357
-0.0011513532372191548
-0.030223824083805084
0.00824227835983038
-0.030531706288456917
-0.009903562255203724
-0.013546841219067574
-0.00882597267627716
0.007094131782650948
-0.02370697259902954
0.002113486872985959
0.0013173213228583336
-0.025579925626516342
-0.025823665782809258
0.003986440133303404
0.0020557588431984186
0.02433556690812111
0.026965398341417313
-0.03548348695039749
-0.010166545398533344
0.030967874452471733
-0.0038421202916651964
-0.011423733085393906
0.00856298953294754
-0.023873742669820786
-0.018447307869791985
0.007478985469788313
-0.029864627867937088
-0.01041028555482626
0.016356270760297775
-0.005124965216964483
-0.014791200868785381
0.012116469442844391
-0.012110055424273014
-0.010795139707624912
-0.015843134373426437
0.011815001256763935
0.018498621881008148
0.016869409009814262
0.0046342769637703896
-0.017061837017536163
0.00820379238575697
-0.009467395022511482
-0.0071069602854549885
-0.011904800310730934
-0.007729140110313892
0.012103641405701637
-0.01497079897671938
0.018857819959521294
-0.015137569047510624
0.018537107855081558
-0.0013325550826266408
-0.00871051661670208
-0.0026490746531635523
0.002945732558146119
0.018036797642707825
-0.002705198945477605
-0.019396614283323288
0.02366848662495613
0.009249310940504074
-0.013161987997591496
0.005859393626451492
-0.03794655203819275
0.005561132449656725
0.013046531938016415
-0.0017206156626343727
0.0241174828261137
-0.0017542903078719974
-0.01329027209430933
0.012847690843045712
0.003931919578462839
-0.002397316275164485
0.039537277072668076
-0.01996106654405594
-0.028761381283402443
-0.015150397084653378
0.007312215398997068
-0.0059908851981163025
-0.0021471616346389055
-0.004374500829726458
-0.013072188943624496
-0.0005099308327771723
-0.01164823118597269
-0.003652900690212846
-0.02415596880018711
0.027683790773153305
-0.02437405101954937
-0.004573341924697161
-0.015971418470144272
-0.001775136566720903
0.014278062619268894
-0.026195691898465157
0.0031798516865819693
-0.0023652452509850264
-0.004509199410676956
0.00041131212492473423
-0.018485793843865395
-0.023309290409088135
-0.0031718339305371046
0.01277072075754404
-0.011417319066822529
0.029864627867937088
0.00495498813688755
-0.006895291153341532
0.0017430654261261225
-0.01599707454442978
0.0058882576413452625
-0.005974849686026573
-0.0028222587425261736
-0.020063692703843117
0.014188263565301895
0.027427222579717636
1.689997770881746e-05
-0.0038196705281734467
-0.0061480337753891945
0.0009958082810044289
0.02433556690812111
-0.018588421866297722
-0.01783154346048832
-0.007844596169888973
-0.01951207034289837
0.013251787051558495
-0.0006257877685129642
-0.021243911236524582
0.006035784725099802
8.869669545674697e-05
-0.01521454006433487
0.02554144151508808
-0.012007427401840687
-0.012591121718287468
-0.01114150695502758
0.03992213308811188
-0.00817172136157751
0.024386880919337273
0.007555956020951271
0.01947358436882496
0.01276430580765009
0.02550295554101467
-0.019537726417183876
-0.0016268076142296195
0.024951331317424774
-0.009428909979760647
-0.00047745881602168083
-0.021000169217586517
0.0037908065132796764
-0.014906656928360462
0.021551793441176414
0.0025352220982313156
-0.012033084407448769
0.0008699291502125561
-0.006953019183129072
-0.001349392463453114
-0.0252335574477911
0.0028703652787953615
0.009961290284991264
-0.0020525518339127302
0.009396838024258614
0.015560908243060112
0.018703877925872803
-0.00831924844533205
-0.012084398418664932
0.025579925626516342
-0.02183401957154274
0.03679199144244194
0.009076126851141453
0.03017251007258892
0.01742103323340416
-0.0160740464925766
-0.03630450740456581
0.014739886857569218
0.027119340375065804
-0.021320881322026253
0.006484780460596085
-0.013431385159492493
-0.001917853020131588
-0.01640758477151394
0.016292128711938858
0.022385641932487488
-0.01059629861265421
-0.004255837760865688
0.02261655405163765
0.015253025107085705
0.004717661999166012
-0.01704900711774826
-0.002968182321637869
-0.0241174828261137
0.027683790773153305
-0.0034380240831524134
0.034559838473796844
-0.00707488926127553
-0.010371800512075424
-0.008947842754423618
0.05490575730800629
-0.005731109529733658
-0.0007055646856315434
-0.004874810576438904
-0.008909357711672783
0.0065168519504368305
-0.007305801380425692
0.0011994598899036646
-0.009582851082086563
-0.006734935566782951
0.03468812257051468
-0.019909752532839775
-0.00017719293828122318
-0.023578688502311707
-0.02078208699822426
0.01831902377307415
-0.013752096332609653
-0.016497384756803513
0.02295009419322014
-0.018229225650429726
0.004268666263669729
0.031096158549189568
0.024553650990128517
0.005349462851881981
0.019653182476758957
0.0062378328293561935
-0.023078378289937973
-0.017292749136686325
-0.00985224824398756
-0.028427841141819954
-0.005157036241143942
-0.009185168892145157
-0.007812525145709515
-0.003006667597219348
-0.027529850602149963
-0.02212907373905182
-0.007812525145709515
0.01775457337498665
-0.034457214176654816
-0.005881843622773886
-5.336834874469787e-06
0.0008009762386791408
0.02620851993560791
0.014406347647309303
0.001333356834948063
0.009460981003940105
0.015188883058726788
-0.04294964671134949
0.009756035171449184
0.0104680135846138
-0.014380690641701221
0.008896528743207455
0.011840658262372017
-0.013149159960448742
-0.02247544191777706
0.03148101270198822
0.01035897247493267
-0.027991674840450287
-0.005849772598594427
-0.0028334835078567266
-0.008107579313218594
-0.01937095634639263
-0.009448152035474777
0.00520514277741313
-0.01577899232506752
-0.007818939164280891
-0.01014730241149664
-0.03263557329773903
0.011526361107826233
-0.010904180817306042
-0.004538063425570726
-0.01869104988873005
-0.01880650594830513
0.0272989384829998
-0.018588421866297722
0.017882857471704483
-0.01286051981151104
-0.030967874452471733
0.00438412232324481
-0.003473302349448204
0.03481641039252281
-0.018370337784290314
-0.0018505037296563387
-0.012700163759291172
-0.013341586105525494
-0.016292128711938858
0.00028583387029357255
0.0016484556253999472
-0.02175704762339592
-0.011295448988676071
0.012571879662573338
0.02191098965704441
0.013841895386576653
-0.0021070726215839386
-0.00622500479221344
0.002591346623376012
-0.032430317252874374
-0.03432892635464668
-0.0036657291930168867
-0.016984865069389343
0.045335736125707626
0.004624655470252037
0.0037555282469838858
-0.0022754459641873837
0.004666347987949848
-0.03309739753603935
0.01497079897671938
0.03117312863469124
0.030634334310889244
0.01955055445432663
0.010339729487895966
0.011584089137613773
0.01831902377307415
-0.016317786648869514
0.009339109994471073
-0.01753648929297924
-0.003838913282379508
-0.02804298885166645
-9.365769801661372e-05
-0.0010944269597530365
0.017587803304195404
-0.0056605529971420765
-0.003877398557960987
0.0385110005736351
-0.005747145041823387
0.00831924844533205
0.019191358238458633
-0.003838913282379508
-0.018408823758363724
0.003224751213565469
0.02269352599978447
0.01123772095888853
-0.00872975867241621
-0.0010559416841715574
-0.021564621478319168
-0.005500197410583496
-0.004361672326922417
-0.00653288746252656
-0.027042368426918983
0.00048788191634230316
0.015907276421785355
0.0034540598280727863
0.013303101062774658
-0.005500197410583496
-0.012180611491203308
0.0060935127548873425
-0.011859900318086147
0.017433861270546913
-0.017562145367264748
-0.010025432333350182
0.017138807103037834
0.006786249112337828
-0.021898161619901657
0.008755415678024292
0.008267935365438461
-0.03309739753603935
-0.0004678374680224806
0.018601249903440475
-0.012366624549031258
0.016394756734371185
-0.021474823355674744
-0.006978675723075867
-0.017664773389697075
-0.028735725209116936
-0.016099702566862106
0.026144377887248993
-0.00820379238575697
0.006263489834964275
0.018742363899946213
-0.018703877925872803
0.03219940513372421
-0.011577674187719822
0.002089433604851365
-0.031044844537973404
-0.022744838148355484
0.0035182018764317036
-0.009242896921932697
-0.013713611289858818
-0.0026731279212981462
0.004778597038239241
0.019935408607125282
-0.0017302369233220816
0.0039479550905525684
-0.04810668155550957
-0.008133236318826675
0.20699983835220337
-0.03017251007258892
-0.00660665100440383
0.013431385159492493
-0.008197378367185593
0.007164688315242529
0.03271254152059555
-0.003720249980688095
-0.003460473846644163
0.021474823355674744
0.006176897790282965
-0.01869104988873005
-0.020987341180443764
0.007517470512539148
0.010198616422712803
-0.007331458386033773
-0.03786958009004593
-0.01679243892431259
0.011815001256763935
-0.018819333985447884
0.022526755928993225
0.012283239513635635
-0.00497102364897728
-0.009018398821353912
0.01917853020131588
-0.010012604296207428
0.017433861270546913
0.011135092936456203
0.019973894581198692
-0.0019338886486366391
-0.012783548794686794
0.0014608395285904408
0.004919710103422403
0.0028479155153036118
-0.002551257610321045
-0.007042818237096071
0.038305748254060745
-0.017921341583132744
0.01321330200880766
0.0109362518414855
0.01914004422724247
-0.026862770318984985
-6.298968946794048e-05
-0.008479604497551918
-0.011609746143221855
0.06075553223490715
-0.01500928495079279
-0.002551257610321045
-0.013957351446151733
-0.012231925502419472
-0.020204806700348854
0.030198168009519577
0.021256739273667336
0.011128678917884827
0.008922185748815536
0.022013617679476738
0.006734935566782951
0.00815247930586338
0.009319867938756943
-0.0029954425990581512
-0.007697069086134434
0.01779305748641491
-0.006632308010011911
0.00028222586843185127
-0.018447307869791985
0.01414977852255106
-0.005535475444048643
-0.028735725209116936
-0.013303101062774658
-0.021474823355674744
0.021898161619901657
-0.010512913577258587
-0.015278682112693787
0.022180387750267982
-0.00846677552908659
-0.02138502337038517
0.021898161619901657
0.022103415802121162
0.0063949814066290855
0.038074836134910583
-0.026837114244699478
-0.023578688502311707
-0.01340572815388441
0.015612221322953701
0.011834243312478065
-0.019383786246180534
0.002852726262062788
-0.026157205924391747
-0.0072095878422260284
-0.01097473781555891
-0.009788106195628643
0.010384628549218178
0.012565464712679386
-0.016843752935528755
-0.0027404772117733955
0.015150397084653378
-0.0016388342482969165
0.0160740464925766
0.006683621555566788
-0.0077227260917425156
-0.018947618082165718
0.0008627131464891136
0.022680696099996567
0.014008665457367897
-0.016009904444217682
0.03268688544631004
-0.0355091467499733
-0.013341586105525494
-0.010314072482287884
-0.03530389070510864
0.017023351043462753
-0.006244247313588858
0.010487256571650505
-0.018588421866297722
-0.031121816486120224
0.0037811852525919676
0.010692511685192585
-0.02650357410311699
0.03384144604206085
0.011539189144968987
-0.0066002365201711655
-0.004438643343746662
-0.012924661859869957
0.026298319920897484
0.001451218267902732
-0.02658054418861866
-0.04905598610639572
0.02269352599978447
-0.010314072482287884
-0.01742103323340416
0.03207112103700638
-0.03158364072442055
0.040024757385253906
0.006754178088158369
-0.009274967946112156
0.007023575250059366
0.016997694969177246
-0.012751477770507336
0.028504813089966774
-0.005804873071610928
0.019537726417183876
-0.017279919236898422
-0.0011120660929009318
-0.007761211134493351
0.0052340067923069
-0.02781207673251629
0.024951331317424774
-0.011378834024071693
-0.01810094155371189
0.0026490746531635523
-0.02183401957154274
-0.041333261877298355
-0.007927981205284595
-0.008979913778603077
0.018152253702282906
0.03158364072442055
-0.029479773715138435
-0.010705339722335339
-0.005355877336114645
0.017549317330121994
-0.03358487784862518
0.00824227835983038
0.03114747256040573
-0.016022732481360435
-0.006741349585354328
0.0004085059044882655
-0.15979115664958954
0.0003359449910931289
-0.011603331193327904
-0.010172959417104721
0.007985709235072136
0.006696450058370829
0.028402185067534447
0.024874361231923103
-0.010827210731804371
0.004631069954484701
-0.004836325068026781
0.01765194535255432
-0.032096777111291885
-0.020166320726275444
-0.001970770303159952
0.006234625820070505
-0.027504192665219307
0.007145445793867111
0.015445452183485031
0.009493052028119564
0.021077141165733337
0.0021952681709080935
-0.02161593548953533
-0.012834862805902958
-0.00619614077731967
0.0011248945957049727
-0.017318405210971832
-0.00885804370045662
0.004746526014059782
-0.004752940032631159
-0.0008514882647432387
0.019871266558766365
0.013726439327001572
-0.007498227991163731
-0.005968435667455196
0.00499988766387105
-0.014444832690060139
0.008511675521731377
-0.010814381763339043
0.007357114925980568
0.008460361510515213
0.030454736202955246
0.007658583577722311
-0.009287796914577484
0.0008835594053380191
0.006128791254013777
0.0295310877263546
-0.009082541801035404
0.040614865720272064
-0.013200473040342331
0.004259044770151377
0.003672143444418907
0.004271873272955418
0.011372419074177742
0.021872503682971
0.0033129467628896236
0.005092894192785025
0.002071794355288148
0.019563384354114532
0.0008210206869989634
-0.004291115794330835
-0.008165307343006134
0.005615653470158577
0.0332769937813282
0.014842514880001545
0.005936364643275738
-0.03722815588116646
0.023424746468663216
-0.03653541952371597
0.007517470512539148
-0.0094417380169034
-0.012225511483848095
0.007607270032167435
-0.010782310739159584
0.002685956424102187
-0.004640690982341766
-0.017690429463982582
0.03756169602274895
-0.00011736025771824643
-0.0010310865473002195
-0.01067326869815588
0.03391841799020767
-0.009300624951720238
0.003745906986296177
-0.0025961571373045444
0.00033654633443802595
-0.008941428735852242
-0.005015923175960779
-0.0054136053659021854
0.014624430797994137
0.004438643343746662
-0.043206214904785156
-0.019114388152956963
0.0002515578526072204
-0.001993220066651702
0.023463232442736626
0.0168180949985981
-0.014842514880001545
0.020166320726275444
0.006295560859143734
-0.0017574974335730076
0.003668936202302575
-0.011128678917884827
0.0072993868961930275
0.020666630938649178
-0.02157744951546192
0.012193440459668636
0.013713611289858818
0.02587497979402542
0.0003587956598494202
-0.03617622330784798
0.009416081011295319
0.014252406544983387
0.005080065689980984
0.006657964549958706
0.005182693246752024
-0.0027148204389959574
-0.014637259766459465
0.0021936646662652493
0.012648849748075008
0.05408473685383797
0.007530299015343189
-0.009897148236632347
0.017292749136686325
0.005833737086504698
-0.03689461573958397
-0.10857998579740524
-0.036432791501283646
0.004938952624797821
0.0203715767711401
0.019935408607125282
0.049517810344696045
-0.008293591439723969
0.0008370562572963536
0.0012748270528391004
0.005836944095790386
-0.036432791501283646
-0.004740111529827118
0.0007989717996679246
0.0027116131968796253
0.0039479550905525684
0.03966556116938591
0.001906628138385713
-0.01214854046702385
-0.0388958565890789
0.019242672249674797
0.009544366039335728
0.020345918834209442
-0.018909132108092308
-0.007863839156925678
-0.016497384756803513
-0.001307699945755303
-0.03386710211634636
0.009723964147269726
0.023771114647388458
-0.0024919260758906603
-0.01899893209338188
-0.01276430580765009
-0.012379452586174011
-0.008158893324434757
0.0026378496550023556
-0.027452878654003143
-0.0306599922478199
-0.0034797166008502245
0.0023540202528238297
-0.025631239637732506
0.022077759727835655
0.01839599572122097
0.01144297607243061
-0.03271254152059555
0.012623192742466927
-0.013636640273034573
-0.0011481461115181446
0.009358352981507778
-0.002644263906404376
-0.016535870730876923
-0.0003656107874121517
-0.014701401814818382
-0.045412708073854446
-0.02056400291621685
0.011276206001639366
0.013315929099917412
0.003412367310374975
0.0034893378615379333
-0.012257582508027554
-0.03509863466024399
-0.005711866542696953
-0.006350081879645586
-0.021115625277161598
0.0325329452753067
0.022565240040421486
-0.0007829362293705344
-0.010949080809950829
-0.015022112987935543
0.004958195146173239
0.020179148763418198
-0.008742587640881538
-0.002618607133626938
0.007414842955768108
-0.0028687617741525173
-0.015483937226235867
0.022962922230362892
-0.03091656044125557
-0.005362291354686022
-0.01517605409026146
-0.000920441176276654
-0.006289146840572357
-0.014752715826034546
-0.020140664651989937
-0.011231306940317154
0.006334046367555857
0.010006189346313477
0.009230068884789944
0.0015217746840789914
-0.02175704762339592
-0.0222445297986269
-0.008928599767386913
0.026041749864816666
0.004204523749649525
0.001698165899142623
0.017151635140180588
0.01787002943456173
0.0035631016362458467
-0.012668092735111713
-0.007466156966984272
0.010172959417104721
-0.02509244531393051
0.018549935892224312
-0.061114728450775146
0.010179373435676098
0.014252406544983387
-0.0024197660386562347
0.0012371435295790434
-0.006997918710112572
0.03481641039252281
-0.034636810421943665
-0.00517627876251936
0.01712597906589508
-0.03302042558789253
0.009364767000079155
-0.023796772584319115
-0.017113151028752327
-0.009050470776855946
-0.025618411600589752
0.026965398341417313
-0.00871051661670208
0.015971418470144272
0.01577899232506752
0.018665391951799393
-0.010807967744767666
0.01970449648797512
0.021320881322026253
-0.007767625618726015
0.008165307343006134
-0.0021984754130244255
0.0038164632860571146
-0.009788106195628643
0.028350871056318283
0.01039104349911213
-0.04005041718482971
-0.0003684170078486204
0.027016712352633476
-0.010910595767199993
-0.02029460482299328
0.0034925451036542654
0.0306599922478199
0.02863309718668461
0.0725063905119896
-0.03509863466024399
-0.021102797240018845
0.032173749059438705
-0.009621336124837399
-0.033251337707042694
0.021115625277161598
0.01730557717382908
-0.003627243684604764
-0.0007512660231441259
-0.010583469644188881
0.022898780182003975
0.015240197069942951
0.0032568222377449274
-0.028992293402552605
-0.010397457517683506
0.009723964147269726
0.004557306412607431
0.00785101018846035
0.008312834426760674
0.005647724494338036
0.04351409524679184
0.0014808840351179242
0.013380072079598904
-0.002708406187593937
0.002504754578694701
-0.020307432860136032
0.013072188943624496
-0.006260282825678587
-0.006478366442024708
-0.0022209251765161753
-0.008543746545910835
0.01765194535255432
0.006176897790282965
0.019152874127030373
0.015253025107085705
-0.008665616624057293
0.013104259967803955
-0.016843752935528755
-0.010442356579005718
0.023540202528238297
-0.0012932679383084178
0.02583649568259716
-0.01738254725933075
0.029248861595988274
0.027529850602149963
0.009833005256950855
0.012603950686752796
0.024617793038487434
-0.010500084608793259
0.01087852381169796
-0.007818939164280891
0.011366005055606365
0.013867552392184734
0.007575198542326689
-0.003199094207957387
-0.01235379558056593
-0.0030291173607110977
-0.008569403551518917
0.03597097098827362
-0.007517470512539148
0.010641197673976421
-0.00256568961776793
0.00619614077731967
-0.03181455284357071
-0.009185168892145157
0.011552018113434315
-0.02942845970392227
-0.03535520285367966
-0.01232172455638647
0.020871885120868683
0.002940921811386943
-0.007786868140101433
0.02164159156382084
0.014380690641701221
-0.0314040407538414
0.010827210731804371
0.006574579980224371
-0.00029104543500579894
-0.022719182074069977
0.01252697966992855
-0.010365386493504047
0.04389895126223564
0.04915861412882805
-0.0037266642320901155
0.004550891928374767
-0.007081303279846907
0.028889665380120277
0.0006634712917730212
0.0059556071646511555
0.023193834349513054
0.009044055826961994
-0.02078208699822426
-0.026554888114333153
-0.01508625503629446
-0.028581783175468445
0.013033703900873661
0.02325797639787197
0.022565240040421486
-0.030403422191739082
0.07876667380332947
0.014611602760851383
-0.018780848011374474
-0.0032488044817000628
-0.014996455982327461
0.012379452586174011
-0.005878636613488197
-0.008216621354222298
-0.011519947089254856
0.00738277193158865
0.021372195333242416
-0.021372195333242416
0.009563608095049858
-0.026234176009893417
0.0076136840507388115
-0.0012980785686522722
-0.021474823355674744
0.03894716873764992
-0.011513532139360905
0.017113151028752327
0.03461115434765816
-0.005423226393759251
0.018524279817938805
-1.726328264339827e-05
-0.01638192869722843
-0.000596923753619194
0.03671501949429512
-0.01306577492505312
-0.01988409459590912
-0.025182243436574936
-0.0031942836940288544
-0.0008113993681035936
-0.026606202125549316
-0.022077759727835655
-0.015394138172268867
-0.018036797642707825
0.013508356176316738
-0.03412367403507233
-0.018947618082165718
0.02261655405163765
0.0057503520511090755
0.00497102364897728
-0.013931695371866226
-0.03207112103700638
-0.018626907840371132
0.0015346031868830323
-0.007427671458572149
0.011802172288298607
-0.010423114523291588
