0.0005578693235293031
0.006243068724870682
0.01183997467160225
-0.01979030668735504
-0.01923283189535141
0.020917922258377075
-0.02645464800298214
-0.007044436875730753
-0.007734943646937609
-0.029622109606862068
-0.01216939091682434
0.02038578875362873
-0.0135820796713233
0.00914763193577528
0.0017991187050938606
-0.010243574157357216
0.0438123419880867
-0.005166131537407637
0.012004682794213295
-0.012663515284657478
-0.009749449789524078
0.015140471048653126
-0.005514552351087332
0.010693353600800037
-0.03066103719174862
0.02272971160709858
0.01345538068562746
-0.033042971044778824
-0.02238762564957142
0.0045801508240401745
0.0008599660941399634
-0.003971998114138842
-0.021044621244072914
-0.0076272496953606606
0.0026068217121064663
0.004729021806269884
0.007057106588035822
0.01491241343319416
0.012422787956893444
0.0092109814286232
0.0131132947281003
0.0009605330415070057
0.020930591970682144
-0.008235402405261993
-0.010129544883966446
0.013949505053460598
-0.0008156216354109347
-0.01223274040967226
-0.02680940367281437
0.02541572041809559
0.02422475442290306
0.014392949640750885
-0.015507896430790424
-0.00040622707456350327
-0.017978517338633537
-0.003222893225029111
-0.00048264212091453373
0.014088873751461506
0.0023090802133083344
-0.01957491785287857
0.0035190510097891092
-0.036666546016931534
-0.019017444923520088
0.012239075265824795
0.0010737697593867779
0.019182153046131134
-0.02259034290909767
0.014430959708988667
-0.0006212185835465789
0.02413606457412243
0.019891664385795593
0.011763956397771835
-0.008716857060790062
-0.0021158650051802397
0.040366142988204956
-0.012562156654894352
-0.020373119041323662
-0.03580499812960625
0.005644418299198151
0.03742673620581627
0.003908648621290922
-0.01422824151813984
-0.022780390456318855
0.025124313309788704
0.017269005998969078
-0.0017009273869916797
0.010769372805953026
0.012188395485281944
-0.005587404128164053
-0.025479068979620934
-0.00867884699255228
0.016749542206525803
6.691264570690691e-05
0.014038193970918655
-0.004152543377131224
0.009134962223470211
-0.0036679215263575315
0.008691517636179924
-0.008406445384025574
-0.028633860871195793
-0.01644546538591385
-0.0018878077389672399
-0.019156813621520996
0.00155839161016047
-0.04903231933712959
0.013670768588781357
-0.003203888423740864
0.0021823816932737827
0.02703746035695076
-0.03438597172498703
-0.007126790937036276
0.03859236463904381
-0.012505142018198967
-0.017421044409275055
0.013848146423697472
-0.02340121380984783
0.004576983395963907
-0.014114213176071644
-0.016825560480356216
-0.006068858318030834
0.029748808592557907
-0.00033693882869556546
0.02772163227200508
0.019296182319521904
0.015406537801027298
0.007646254729479551
-0.02655600570142269
0.010047190822660923
-0.03869372233748436
-0.0028839746955782175
-0.00855848379433155
0.0010896071325987577
-0.0015726451529189944
0.0027778646908700466
-0.004881059750914574
0.005200973711907864
0.005413193721324205
0.01900477521121502
-0.022210247814655304
-0.013620088808238506
0.023502571508288383
0.025441059842705727
0.001974912825971842
-0.03795887157320976
0.00034762901486828923
0.010034521110355854
0.04371098428964615
0.03177598491311073
0.013556739315390587
0.005245318170636892
0.007019096985459328
-0.03567829728126526
0.014963093213737011
-0.008203728124499321
0.01980297639966011
-0.008089699782431126
0.00845079030841589
0.012321429327130318
-0.00372810335829854
-0.0024341950193047523
-0.007323173340409994
-0.0066833458840847015
0.009483383037149906
-0.008140378631651402
0.010389276780188084
0.012106042355298996
0.016496144235134125
0.006562982220202684
0.017446383833885193
0.00821639783680439
0.003971998114138842
0.05883878469467163
-0.01781380921602249
0.031395889818668365
-0.006414111703634262
0.014240911230444908
-0.0008837220375426114
0.013392032124102116
-0.011611917987465858
-0.012720529921352863
-0.024034705013036728
0.004966581240296364
0.006053021177649498
0.014139552600681782
-0.026378627866506577
0.017763130366802216
0.01574862375855446
-0.0012788630556315184
0.016610173508524895
0.0016201571561396122
0.03833896666765213
0.013201983645558357
-0.012973926961421967
-0.0011775041930377483
-0.6491017937660217
0.002324917586520314
0.02774697169661522
-0.002991668414324522
0.02177947200834751
0.00693040806800127
0.0166481826454401
0.02259034290909767
-0.011143133044242859
-0.025669116526842117
0.0006445786566473544
0.00955306738615036
-0.00672769034281373
0.0015092958929017186
-0.019625598564743996
-0.025251012295484543
0.0213360283523798
-0.013354022055864334
0.013392032124102116
-0.002008171286433935
-0.009629086591303349
0.026125231757760048
-0.004013175144791603
0.018941426649689674
-0.021348698064684868
0.0024041039869189262
0.0014443629188463092
0.0028887258376926184
-0.0030090895015746355
0.025263682007789612
-0.022108888253569603
0.017383035272359848
0.021842822432518005
0.020905252546072006
0.052503857761621475
0.018840067088603973
-0.03377782180905342
0.0071838051080703735
0.009115957655012608
0.01958758756518364
-0.014088873751461506
-0.019840985536575317
0.010889736004173756
-0.014481638558208942
0.02145005576312542
0.011947669088840485
0.011060778982937336
-0.008051689714193344
-0.009515057317912579
0.030914435163140297
0.00035079647204838693
-0.00494757667183876
0.013936835341155529
-0.0030407640151679516
-0.002689175773411989
0.007633584551513195
0.022235587239265442
-0.0017563579604029655
-0.007063441444188356
0.01387348584830761
0.004884227178990841
-0.0008971837814897299
-0.002972663613036275
-0.029165994375944138
-0.011295171454548836
0.016838230192661285
-0.020233750343322754
-0.015659935772418976
0.009521392174065113
-0.03593169525265694
0.014532318338751793
0.026834743097424507
0.008362101390957832
-0.00442494498565793
0.02005637250840664
0.01735769398510456
0.027772311121225357
0.005875642877072096
-0.012220070697367191
0.026986781507730484
-0.004858887754380703
-0.006087862886488438
-0.035728976130485535
0.01194133423268795
0.012517811730504036
-0.04069555923342705
-0.008520474657416344
0.009160301648080349
0.008134043775498867
0.02354058250784874
-0.009077947586774826
0.011168473400175571
0.0038801415357738733
-0.027696292847394943
0.010744033381342888
0.028937937691807747
-0.008634502999484539
-0.000865509151481092
0.00851413980126381
0.003395519917830825
0.011510559357702732
-0.011155802756547928
0.008957584388554096
0.0032909936271607876
-0.0024563672486692667
0.0020620180293917656
-0.0179531779140234
0.009426368400454521
0.04637165367603302
-0.016496144235134125
0.003211806993931532
-0.023109806701540947
-0.011954003944993019
0.0036330795846879482
-0.018117886036634445
-0.023388544097542763
0.004805040545761585
0.009711440652608871
0.008951249532401562
-0.020119722932577133
0.026986781507730484
-0.019068123772740364
0.0035412232391536236
0.008140378631651402
-0.003864304395392537
0.010801047086715698
-0.03555160015821457
-0.0012226405087858438
0.006198724266141653
-0.03557693958282471
-0.002792118350043893
-0.02457951009273529
0.01310062501579523
-0.0013358773430809379
0.01737036556005478
-0.0104336217045784
0.014798385091125965
0.0101992292329669
0.007437202148139477
0.004203222692012787
-0.0015829394105821848
-0.030508998781442642
0.01316397450864315
0.0022425635252147913
-0.032688215374946594
-0.026860082522034645
-0.004247567150741816
-0.011744950897991657
-0.03131987154483795
0.0018007024191319942
-0.007361182942986488
-0.006414111703634262
-0.04125303402543068
-0.0009716191561892629
0.01571061462163925
-0.02982482686638832
-0.007671594154089689
0.0037471081595867872
-0.03958061337471008
-0.00914763193577528
0.012688854709267616
-0.0033004959113895893
-0.011554903350770473
0.03532354161143303
-0.019068123772740364
0.010167554952204227
0.012384778819978237
0.014785715378820896
-0.015191150829195976
-0.049006979912519455
0.018599340692162514
0.004599155858159065
-0.0037597781047225
0.015824642032384872
0.020081711933016777
-0.00919831171631813
-0.007963000796735287
0.0008259158348664641
-0.02131068892776966
-0.006778369657695293
-0.012410118244588375
0.01492508314549923
-0.004564313683658838
-0.0007514805183745921
-0.008754866197705269
0.004111366346478462
0.017902499064803123
0.01958758756518364
0.010636338964104652
0.007164800073951483
0.012606500647962093
0.003576065180823207
-0.015482557006180286
0.03017958253622055
0.010801047086715698
0.005482877604663372
-0.01900477521121502
-0.01013587974011898
0.015887992456555367
-0.008590158075094223
0.029343372210860252
-0.020208410918712616
0.023464562371373177
-0.01024990901350975
-0.0034208595752716064
0.0008639254374429584
0.0032276443671435118
-0.008476129733026028
0.045510102063417435
-0.00129628402646631
0.0026258265133947134
-0.014025524258613586
-0.007000092417001724
-0.0016740040155127645
-0.0043172514997422695
0.012207400985062122
0.005758447106927633
-0.004478792194277048
-0.00809603463858366
0.010332263074815273
-0.008989258669316769
-0.027670953422784805
0.0024817069061100483
-0.019536908715963364
-0.012460798025131226
0.028025709092617035
0.002454783534631133
-0.0004070189315825701
-0.0020493483170866966
-0.02224825695157051
0.010813716799020767
-0.012473467737436295
0.016508813947439194
0.029419392347335815
0.01761109195649624
0.013784796930849552
0.011016434989869595
-0.013962174765765667
0.028152408078312874
0.0010951501317322254
0.021171320229768753
0.027088139206171036
0.014418289996683598
-0.013632758520543575
0.01135218609124422
0.005587404128164053
0.02157675474882126
-0.01246713288128376
-0.014012854546308517
-0.005210475996136665
-0.014177562668919563
0.001993917627260089
-0.010357602499425411
-0.0319533608853817
-0.001354882144369185
-0.014747705310583115
0.009838138706982136
0.006822714116424322
0.009958501905202866
0.025314360857009888
0.008058024570345879
0.026606686413288116
-0.0007178261876106262
0.020347779616713524
0.0036394144408404827
-0.004076524171978235
0.0030803573317825794
-0.02259034290909767
-0.021044621244072914
-0.02365460991859436
-0.014659016393125057
-0.011725946329534054
-0.0010595162166282535
0.0024579509627074003
-0.006664341315627098
0.0224763136357069
-0.0001039323688019067
-0.012118712067604065
0.0032688213977962732
0.00978112407028675
-0.023173155263066292
-0.028836579993367195
0.009983842261135578
0.025605767965316772
-0.005910485051572323
-0.007842637598514557
-0.010547650046646595
-0.0037534430157393217
-0.029089976102113724
0.014937753789126873
-0.005818628706037998
-0.00494757667183876
-0.0038421321660280228
-0.00984447356313467
-0.004710016772150993
-0.010230904445052147
0.021158650517463684
0.013759457506239414
0.020474478602409363
-0.005200973711907864
0.006353930104523897
-0.018130555748939514
-0.019840985536575317
-0.0008017639629542828
0.04692912474274635
0.0229450985789299
-0.03659052774310112
0.0077096037566661835
0.012688854709267616
-0.017433714121580124
0.0030027544125914574
-0.001076937303878367
-0.008653507567942142
0.0019828316289931536
0.0037851177621632814
0.014709696173667908
0.013721447438001633
0.007139460649341345
0.0035412232391536236
-0.013746787793934345
0.015229159966111183
0.0010222985874861479
0.008761201053857803
-0.010813716799020767
0.040036726742982864
-0.004231730010360479
0.001754774246364832
0.023946017026901245
0.009540397673845291
0.004915901925414801
0.0023360035847872496
-0.02878589928150177
-0.0002023216657107696
0.005596906412392855
0.0012788630556315184
-0.007000092417001724
-0.013835476711392403
-0.007931326515972614
-0.004326753783971071
0.01392416562885046
-0.0017880325904116035
-0.009679765440523624
0.025783145800232887
-0.0020224249456077814
0.02655600570142269
-0.013645428232848644
0.02891259826719761
0.002565644681453705
0.01597668044269085
0.0006493297987617552
0.035957034677267075
0.01655949465930462
-0.004238064866513014
-0.030686376616358757
-0.019397540017962456
0.030458319932222366
0.023211166262626648
0.007050771731883287
-0.018903415650129318
0.016293426975607872
0.0074688768945634365
0.03344840556383133
0.011307841166853905
-0.0007906778482720256
0.03894712030887604
0.02437679097056389
0.005280159879475832
0.001515630865469575
0.015761293470859528
-0.011168473400175571
0.0030835247598588467
0.030737057328224182
0.007741278503090143
-0.019435551017522812
0.0074815466068685055
0.022894419729709625
0.0018814727663993835
-0.013214653357863426
0.01690158061683178
0.0023977691307663918
0.015393868088722229
0.012568491511046886
-0.031041132286190987
-0.01991700381040573
0.0058439685963094234
-0.037350717931985855
0.01866268925368786
-0.003940323367714882
-0.013442710973322392
-0.013974844478070736
-0.0030027544125914574
0.006734025198966265
-0.01421557180583477
0.0204998180270195
0.014735035598278046
-0.046777088195085526
-0.005609576124697924
0.014937753789126873
-0.014114213176071644
0.010991094633936882
0.011459879577159882
-0.029419392347335815
-0.015647264197468758
0.02332519367337227
-0.010915076360106468
-0.009058943018317223
0.005175633821636438
-0.014418289996683598
-0.004595987964421511
0.00804535485804081
-0.017573082819581032
-0.015431877225637436
0.027670953422784805
0.030002204701304436
-0.02878589928150177
-0.009261660277843475
0.0025513910222798586
-0.009191975928843021
-0.03334704414010048
0.014836394228041172
0.00541952857747674
0.0009454875835217535
-0.0005915236542932689
-0.022286266088485718
-0.017636431381106377
-0.009996511973440647
-0.007652589585632086
-0.006803709547966719
0.02017040178179741
-0.00851413980126381
-0.008070694282650948
0.022172238677740097
-0.00574260950088501
-0.024199413135647774
0.030382301658391953
0.010756703093647957
0.004649835173040628
-0.0034240270033478737
0.011795630678534508
-0.015457217581570148
0.00048580957809463143
0.046346310526132584
0.027113478630781174
-0.020474478602409363
-0.006632666569203138
-0.03410723805427551
0.01024990901350975
-0.007272494025528431
-0.01346805039793253
0.01392416562885046
-0.0034525340888649225
-0.005973834544420242
-0.01235310360789299
0.00799467507749796
-0.0006960498867556453
0.035146165639162064
-0.022400295361876488
-0.027670953422784805
-0.02412339486181736
-0.006936742924153805
-0.01228342019021511
0.008723191916942596
-0.0034557017497718334
-0.010465295985341072
-0.00985714327543974
-0.002918816637247801
0.0019875827711075544
-0.020335109904408455
0.030154243111610413
-0.02845648303627968
-0.005064772441983223
-0.0037217685021460056
-0.007589240092784166
0.023261845111846924
-0.0031041132751852274
0.013632758520543575
-0.020917922258377075
-0.0007340594311244786
-0.020892582833766937
-0.006382436957210302
-0.005793288815766573
-0.0017246833303943276
0.021754132583737373
0.009654426015913486
-0.0032181418500840664
-0.019283512607216835
0.004393270704895258
-0.014405619353055954
0.003677424043416977
0.008260742761194706
-0.014405619353055954
-0.028000369668006897
-0.022983107715845108
0.013442710973322392
0.003876974107697606
-0.010205564089119434
-0.005197806283831596
-0.022336946800351143
-0.014367610216140747
0.029520751908421516
-0.010630004107952118
-0.012891572900116444
0.0008868895238265395
-0.029292693361639977
-0.014595667831599712
-0.0020350946579128504
-0.02075321413576603
0.014798385091125965
-0.012080701999366283
-0.011548568494617939
0.03600771352648735
-0.0023597595281898975
-0.0039054814260452986
0.0010120043298229575
0.03253617510199547
-0.016027361154556274
-0.009109621867537498
0.0038326296489685774
0.013734118081629276
0.0018418794497847557
0.027670953422784805
-0.038769740611314774
0.005992839112877846
0.014988432638347149
0.013493390753865242
-0.003677424043416977
-0.0052168108522892
0.02435145154595375
-0.015089791268110275
0.016736872494220734
-0.008127708919346333
-0.02423742413520813
0.012106042355298996
-0.006065690889954567
0.003039180301129818
-0.00838744081556797
-0.0019479894544929266
0.0021871328353881836
-0.004801873117685318
0.0006081528263166547
-0.006886063609272242
0.025365039706230164
-0.00936935469508171
-0.0004957079072482884
0.010357602499425411
-0.01935953088104725
0.02926735393702984
-0.014316930435597897
0.036894604563713074
0.012600165791809559
-0.001829209621064365
-0.024959605187177658
-0.0005285703227855265
0.029216675087809563
-0.018903415650129318
0.010040855966508389
-0.0030138406436890364
0.002564060967415571
-0.0026210753712803125
0.014025524258613586
0.0445471927523613
-0.004716351628303528
-0.018574001267552376
0.006974752526730299
0.023489901795983315
0.011763956397771835
-0.019156813621520996
0.01055398490279913
-0.03261219337582588
0.035602279007434845
0.0010816884459927678
0.018257254734635353
-0.019207492470741272
-0.014988432638347149
-0.009508722461760044
0.053770843893289566
-0.002814290579408407
0.014253581874072552
0.0007530642324127257
-0.024516159668564796
-0.019967684522271156
-0.019068123772740364
-0.037122659385204315
-0.007829967886209488
0.010851726867258549
0.03727469965815544
-0.014202902093529701
0.0007558357319794595
0.001978080254048109
-0.013974844478070736
0.024402132257819176
-0.009591076523065567
-0.014785715378820896
0.02713881991803646
0.004833547864109278
0.01680022105574608
0.036083731800317764
-0.006110035348683596
-0.019372200593352318
0.014114213176071644
-0.005717270076274872
-0.010585660114884377
-0.0037851177621632814
-0.009679765440523624
-0.012872567400336266
0.024440141394734383
-0.02108263038098812
-0.013746787793934345
-0.010801047086715698
-0.030255602672696114
-0.010699688456952572
-0.012055362574756145
0.019410209730267525
-0.02261568233370781
-0.003214974422007799
-0.003959328401833773
-0.010085200890898705
0.014760375954210758
0.0022378123831003904
-0.000260523782344535
0.0067403605207800865
0.020461808890104294
-0.030382301658391953
-0.015393868088722229
-0.00565708801150322
-0.002278989413753152
0.0029885009862482548
0.027012120932340622
0.01071235816925764
-0.03028094209730625
0.023135146126151085
0.010123210027813911
-0.030128903687000275
-0.023844657465815544
-0.005147126503288746
0.007582905236631632
-0.007449871860444546
-0.015191150829195976
0.02739221602678299
-0.005951662082225084
-0.0064331162720918655
-0.0008069110917858779
-0.026657365262508392
0.01119381282478571
-0.016622843220829964
-0.023908007889986038
0.005695097614079714
-0.0292420145124197
0.027899010106921196
-0.015178480185568333
0.019055454060435295
-0.008070694282650948
-0.019144143909215927
0.009153966791927814
0.00037059313035570085
0.03691994398832321
-0.015279839746654034
0.006575652398169041
-0.007247154135257006
-0.019308852031826973
-0.023350533097982407
0.02157675474882126
0.0005824171821586788
-0.01571061462163925
-0.004051184747368097
0.007608245126903057
0.014785715378820896
0.02436412125825882
-0.023565921932458878
-0.0011838391656056046
-0.029140654951334
-0.005996006540954113
-0.01654682494699955
-0.009166636504232883
-0.024148734286427498
0.0342339351773262
0.00011779001215472817
-0.006550312507897615
-0.025466399267315865
0.006445786450058222
-0.03600771352648735
0.0028934769798070192
0.027797650545835495
0.046777088195085526
0.0035063810646533966
0.015140471048653126
0.010699688456952572
0.027670953422784805
-0.012327764183282852
0.01187798473984003
-0.034208595752716064
-0.0238826684653759
-0.028963277116417885
-0.005631748586893082
-0.013239993713796139
-0.0062272315844893456
-0.029140654951334
-0.00827974732965231
0.04044216126203537
-0.00043750577606260777
0.003946658223867416
0.003493711119517684
-0.021830152720212936
-0.021361367776989937
0.0009700353839434683
0.011808300390839577
-0.0038896440528333187
0.00938202440738678
-0.009001928381621838
-0.0062399012967944145
0.014291591010987759
0.010053526610136032
-0.005479710176587105
-0.029546091333031654
-0.010218233801424503
0.025314360857009888
0.005441700574010611
0.02655600570142269
-0.003081941045820713
-0.013759457506239414
-0.0011965089943259954
-0.023008447140455246
0.002549807308241725
-0.025010284036397934
-0.02530169114470482
0.004453452304005623
0.002996419556438923
-0.00961008109152317
-0.009603746235370636
0.007139460649341345
-0.03621043264865875
-0.004529471509158611
0.0234138835221529
-0.00787431187927723
-0.003512715920805931
-0.00026072177570313215
-0.015077121555805206
-0.014836394228041172
-0.03975798934698105
-0.011396530084311962
0.011041774414479733
-0.015697944909334183
-0.010744033381342888
0.015419207513332367
-0.01980297639966011
-0.006021346431225538
-0.0027968694921582937
-0.005755279678851366
-0.011757620610296726
-0.034436654299497604
0.015533236786723137
-0.020487148314714432
-0.02271704189479351
-0.010224569588899612
0.008526809513568878
0.00989515334367752
0.002901395782828331
0.008115039207041264
-0.041557107120752335
0.018257254734635353
0.2074814736843109
-0.02888725884258747
-0.0025149653665721416
0.011447209864854813
0.0011727530509233475
0.03162394464015961
0.04029012471437454
-0.007772953249514103
-0.001217889366671443
0.00057568633928895
0.006103700492531061
-0.038972459733486176
-0.010953085497021675
0.003395519917830825
0.0055715665221214294
-0.016724202781915665
-0.03742673620581627
-0.014988432638347149
0.011162137612700462
-0.02551707811653614
0.014811054803431034
0.017433714121580124
-0.010465295985341072
-0.010870731435716152
0.008799211122095585
0.01852332055568695
-0.006410944275557995
0.012973926961421967
0.04566213861107826
-0.0020921090617775917
-0.015533236786723137
-0.010186559520661831
-0.0037059311289340258
-0.0020034201443195343
-0.004576983395963907
-0.007392857689410448
0.013316012918949127
-0.015647264197468758
0.013696108013391495
0.003715433645993471
0.023616600781679153
-0.025669116526842117
-0.0055588968098163605
-0.022526994347572327
-0.0052833277732133865
0.07404260337352753
-0.001589274383150041
-0.011896989308297634
1.2329595847404562e-05
0.0008900569519028068
-0.024782227352261543
0.026175910606980324
0.02726551704108715
0.014494308270514011
-0.0037502755876630545
0.03099045343697071
0.004504131618887186
-0.01346805039793253
0.03017958253622055
-0.003560227807611227
-8.151266956701875e-05
0.02145005576312542
-0.0030296780169010162
0.036185093224048615
-0.004912734497338533
0.011092454195022583
-0.009375689551234245
-0.01828259415924549
-0.022450974211096764
0.003895978908985853
0.006480628624558449
-0.02014506235718727
-0.02433878183364868
0.018561329692602158
-0.015786632895469666
-0.02227359637618065
0.01346805039793253
0.0035380555782467127
-0.0024452810175716877
0.03719868138432503
-0.02936871349811554
-0.011320510879158974
-0.02340121380984783
-0.014240911230444908
-4.497549525694922e-06
-0.03208006173372269
0.007563900668174028
-0.001765860361047089
-0.006376102101057768
-0.02203286997973919
-0.00640460941940546
-0.012815553694963455
0.0015417623799294233
0.009730445221066475
0.02017040178179741
0.024655528366565704
0.004342591390013695
0.02493426576256752
-0.00713312579318881
-0.011554903350770473
-0.018814727663993835
0.0396566316485405
-0.004241232294589281
0.0010056693572551012
-0.02959677018225193
0.007430867291986942
-0.031395889818668365
-0.011409199796617031
0.005562064237892628
-0.04302681237459183
0.011808300390839577
-0.012239075265824795
0.009001928381621838
-0.0004323586472310126
-0.019321521744132042
0.02492159605026245
-0.00047749499208293855
-0.00985714327543974
0.012372109107673168
0.003433529520407319
0.012068032287061214
0.00950238760560751
-0.00675936508923769
0.023578591644763947
-0.01013587974011898
-0.00748788146302104
-0.05301065370440483
0.0007376228459179401
-0.01002818625420332
-0.004260237328708172
0.0012939084554091096
-0.04092361778020859
0.0271641593426466
0.012840893119573593
0.0014966260641813278
0.0021792142651975155
-0.008564818650484085
-0.0024531998205929995
-0.00015055346011649817
0.011269832029938698
0.026708044111728668
-0.01630609668791294
-0.020588506013154984
-0.017281675711274147
0.007912321016192436
-0.04391369968652725
0.006987422239035368
0.0014071452897042036
-0.011029104702174664
-0.009603746235370636
0.0013010352849960327
-0.04452185332775116
-0.017636431381106377
-0.01422824151813984
0.009983842261135578
0.014519648626446724
-0.031066473573446274
-0.0017927838489413261
0.003927653655409813
0.001707262359559536
-0.017864488065242767
0.004868390038609505
0.03615975379943848
-0.013265333138406277
-0.009470713324844837
-0.0016930087003856897
-0.15791700780391693
0.011016434989869595
0.0034493666607886553
-0.017649101093411446
-0.0032909936271607876
-0.00919831171631813
0.026834743097424507
0.020005693659186363
-0.014595667831599712
-0.012264414690434933
-0.002983749844133854
-0.002345506101846695
-0.030585018917918205
-0.031395889818668365
-0.01187798473984003
0.004608658142387867
-0.030863754451274872
0.008115039207041264
0.02482023648917675
0.008184723556041718
0.022780390456318855
-0.01886540651321411
-0.02493426576256752
-0.019030114635825157
-0.005606408696621656
-0.017535071820020676
-0.020689865574240685
-0.0017642766470089555
-3.308513623778708e-05
-0.004801873117685318
0.013214653357863426
0.01667352207005024
0.023971356451511383
0.014937753789126873
-0.010294253006577492
0.012568491511046886
0.0037344384472817183
-0.005124954506754875
-0.018206574022769928
0.014443629421293736
0.008970254100859165
0.002470620907843113
0.0099648367613554
-0.014899743720889091
-0.0007043645018711686
0.0032403143122792244
0.0357036367058754
-0.006778369657695293
0.027645613998174667
0.008273412473499775
0.029900847002863884
0.005783786531537771
0.0014182314043864608
-0.007842637598514557
0.008970254100859165
-0.0007027807296253741
0.004786035977303982
-0.0026733384002000093
0.0077666183933615685
-0.008013680577278137
-0.005600073840469122
-0.010845392011106014
-0.001765860361047089
0.022919759154319763
0.021260008215904236
-0.005257987882941961
-0.023008447140455246
0.027189498767256737
-0.02678406424820423
0.021374037489295006
-0.019144143909215927
-0.01584998331964016
0.012973926961421967
-0.0031041132751852274
0.009977507404983044
-0.003978332970291376
-0.00997117254883051
0.027341537177562714
0.009337679482996464
-0.015773963183164597
-0.011567573063075542
0.03458869084715843
-0.008754866197705269
-0.010744033381342888
0.015203820541501045
-0.007215479854494333
0.0026210753712803125
-0.009090617299079895
0.02554241754114628
0.008197393268346786
0.0015758125809952617
-0.05463239550590515
-0.007329508196562529
0.0027208502870053053
0.004754361230880022
0.028735220432281494
-0.00250704656355083
-0.012042692862451077
3.612886985138175e-06
0.00247378833591938
0.018574001267552376
0.00978112407028675
-0.023135146126151085
-0.008729526773095131
0.027544254437088966
-0.010807381942868233
0.017877157777547836
0.009337679482996464
0.016116049140691757
0.0010737697593867779
-0.029520751908421516
0.016255417838692665
-0.009306005202233791
0.018497981131076813
0.028861919417977333
0.0026923432014882565
-0.004827213007956743
-0.024908926337957382
0.018675358965992928
-0.011732281185686588
0.05858538672327995
-0.021057290956377983
-0.003093027276918292
0.015507896430790424
-0.012156721204519272
-0.01971428655087948
-0.1017642393708229
-0.04302681237459183
0.042950794100761414
0.018383951857686043
0.020575836300849915
0.022805729880928993
-0.005679260473698378
-0.009274329990148544
0.00879287626594305
0.01909346505999565
-0.022653691470623016
-0.0038357970770448446
0.005124954506754875
0.00978112407028675
-0.016939589753746986
0.03539955988526344
0.007956665940582752
-0.016141388565301895
-0.029394052922725677
0.010832722298800945
0.008615498431026936
0.012897907756268978
-0.015001102350652218
0.0012345184804871678
-0.013075285591185093
0.00015688837447669357
-0.03446199372410774
0.0076969340443611145
0.029546091333031654
-0.0007059482159093022
-0.003560227807611227
-0.00034525341470725834
0.0030486828181892633
0.0016597503563389182
0.02028443105518818
-0.014887074008584023
-0.009933162480592728
-0.01630609668791294
0.027822991833090782
-0.030559679493308067
0.006015011575073004
0.008140378631651402
0.019891664385795593
-0.03598237410187721
0.010807381942868233
-0.016141388565301895
-0.02075321413576603
0.01048430148512125
-0.005036265589296818
-0.013936835341155529
-0.016103379428386688
-0.021944180130958557
-0.05164230987429619
-0.0026875920593738556
0.024186743423342705
0.020183071494102478
-0.0018973100231960416
-0.007221814710646868
0.004124036058783531
-0.04718252271413803
0.0026606684550642967
-0.018016526475548744
-0.022691702470183372
0.02132335864007473
0.0262265894562006
-0.014735035598278046
-0.009616415947675705
-0.0034683714620769024
0.005425863433629274
0.009020932950079441
0.011200147680938244
0.002925151726230979
-0.004887394607067108
-0.007703268900513649
-0.014659016393125057
0.030914435163140297
-0.015786632895469666
-0.013670768588781357
-0.009686100296676159
-0.0069810873828828335
-0.005384686402976513
-0.004415442701429129
-0.005650753155350685
-0.017573082819581032
0.0045453086495399475
0.020436467602849007
0.0012954921694472432
-0.0021823816932737827
-8.923336281441152e-05
-0.013848146423697472
0.00943903811275959
0.02751891501247883
-0.015685275197029114
0.008520474657416344
0.02061384543776512
-0.001038135844282806
0.010845392011106014
-0.016964929178357124
-0.012030023150146008
0.017383035272359848
-0.01819390431046486
-0.006179719232022762
-0.05812927335500717
-0.005824963562190533
0.012853562831878662
0.013949505053460598
0.005175633821636438
-0.022210247814655304
0.0466250479221344
-0.002157042035833001
0.012986596673727036
-0.005562064237892628
-0.01055398490279913
0.008305086754262447
-0.012365774251520634
0.00282854400575161
-0.007202809676527977
-0.011098789051175117
0.036083731800317764
0.0028871421236544847
0.004805040545761585
0.020689865574240685
0.0065249730832874775
0.0010999013902619481
0.012384778819978237
0.026175910606980324
0.004839882720261812
0.01187798473984003
0.0010515975300222635
0.002564060967415571
-0.0049760835245251656
0.0023803480435162783
-0.0028206254355609417
-0.019384870305657387
6.735807255608961e-05
0.009768454357981682
-0.009565737098455429
-0.001445154775865376
0.008843555115163326
0.03481674939393997
0.003892811480909586
0.07064708322286606
-0.012657180428504944
-0.014823724515736103
0.031649284064769745
-0.01526716910302639
-0.032232098281383514
-0.00804535485804081
-0.01619206927716732
0.00574260950088501
0.020449139177799225
-0.022780390456318855
0.029672788456082344
0.010275248438119888
-0.012080701999366283
-0.03603305295109749
-0.007969335652887821
0.019030114635825157
0.024959605187177658
0.029216675087809563
0.0063000828959047794
-0.015938671305775642
0.03813624754548073
-0.01136485580354929
-0.0236799493432045
0.024756887927651405
0.0006101324688643217
-0.011029104702174664
0.021994860842823982
-0.005508217494934797
-0.002407271647825837
-0.014595667831599712
0.007367517799139023
0.015343188308179379
0.00023874749604146928
0.010997430421411991
0.01828259415924549
-0.013328682631254196
-0.012264414690434933
0.004684677347540855
-0.009325009770691395
0.031066473573446274
-0.008577488362789154
0.01781380921602249
-0.02213422767817974
0.022108888253569603
0.022653691470623016
0.006417279131710529
-0.006778369657695293
0.013392032124102116
-0.023033788427710533
0.011459879577159882
-0.009546732529997826
0.001417439547367394
0.0040321797132492065
0.0064679584465920925
-0.0009470712975598872
0.012017352506518364
0.009191975928843021
-0.01491241343319416
0.010471630841493607
0.02015773206949234
0.02693610079586506
-0.005324504338204861
-0.0008900569519028068
-0.022463643923401833
-0.019182153046131134
0.006255738437175751
-0.033499084413051605
-0.03937789425253868
-0.02376863919198513
0.035475581884384155
-0.0018973100231960416
0.002635328797623515
0.02460484951734543
0.006474293302744627
-0.02947007119655609
-0.01680022105574608
0.011820970103144646
-0.01666085235774517
-0.025821154937148094
0.012669850140810013
-0.02527635172009468
0.01426625158637762
0.026479987427592278
0.005175633821636438
-0.004120868630707264
-0.0004569064767565578
0.0387190617620945
0.008013680577278137
0.006696016062051058
0.005444868002086878
-0.010763037949800491
-0.00530233234167099
-0.0195622481405735
-0.026049211621284485
-0.011992013081908226
-0.023603931069374084
0.018155895173549652
0.018320603296160698
-0.011054444126784801
0.0834689736366272
0.014063533395528793
-0.01502644270658493
0.005714102648198605
-0.011554903350770473
0.013708777725696564
-4.518583227763884e-05
0.005378351546823978
-0.03755343705415726
0.01317664422094822
0.02332519367337227
-0.0263279490172863
0.00048739329213276505
-0.03585567697882652
-0.015469887293875217
0.002008171286433935
-0.010465295985341072
0.03740139678120613
0.007943996228277683
0.01240378338843584
0.034563351422548294
-0.001914731110446155
-0.011105123907327652
-0.009134962223470211
-0.004931739065796137
0.01910613477230072
0.02005637250840664
-0.005337174516171217
-0.006911403499543667
-0.022514324635267258
-0.0040321797132492065
0.005400523543357849
-0.04812009260058403
-0.014139552600681782
-0.0029774147551506758
-0.024541499093174934
0.003417692147195339
-0.012530481442809105
0.006046685855835676
0.020119722932577133
-0.0074815466068685055
0.029318032786250114
-0.028988616541028023
-0.04404040053486824
-0.028937937691807747
-0.004729021806269884
-0.018726037815213203
-0.0041493759490549564
-0.03947925195097923
