0.008772981353104115
-0.0017474901396781206
0.011105122044682503
-0.01100175827741623
-0.047650597989559174
0.015013555996119976
-0.041939761489629745
-0.004745033103972673
-0.005914333276450634
-0.02682284265756607
-0.0025905491784214973
0.014199567958712578
0.0005038973176851869
0.02611221745610237
-0.010381576605141163
-0.020853597670793533
0.03775353729724884
-0.0004724037426058203
0.011434593237936497
-0.022959629073739052
0.0034497587475925684
0.0027407491579651833
-0.010840252973139286
-0.013902397826313972
-0.02367025427520275
0.02165466547012329
0.0022546176332980394
-0.0321977473795414
-0.023683175444602966
0.0003417861298657954
-0.005048663821071386
-0.008282004855573177
-0.019651995971798897
0.004673970863223076
-0.003073450643569231
0.011893268674612045
0.0008632472017779946
0.02233944833278656
0.011279547587037086
0.006718630902469158
0.0022303916048258543
-0.0047159623354673386
0.005575171671807766
-0.0339549295604229
0.0003621762152761221
0.01469054538756609
-0.014238329604268074
-0.003598343813791871
-0.022520335391163826
0.009774316102266312
0.018101543188095093
0.03692663088440895
-0.02566000260412693
0.015582055784761906
-0.02497521974146366
-0.01932898536324501
-0.0018120923778042197
0.00015524720947723836
0.0010933926096186042
-0.007519698701798916
0.010769190266728401
-0.010846712626516819
-0.0173133946955204
0.01970367692410946
0.004124851897358894
0.012442387640476227
-0.009845378808677197
0.014406295493245125
-0.028089046478271484
0.014974795281887054
0.004854856990277767
0.02540159411728382
-0.013217614963650703
0.016240999102592468
0.039071422070264816
-9.735756611917168e-05
-0.007526158820837736
-0.02966533973813057
0.004935609642416239
0.03630644828081131
0.015168601647019386
-0.007009340915828943
-0.021951835602521896
0.008973248302936554
0.02648691087961197
0.006873676553368568
0.03806363046169281
0.026409387588500977
-0.006353628356009722
-0.019742438569664955
-0.020879438146948814
0.01819198578596115
0.0035628124605864286
0.00181855249684304
-0.008592095226049423
0.013501863926649094
-0.01638312265276909
0.019936244934797287
-0.020737312734127045
-0.024109549820423126
-0.011544416658580303
-0.0028182719834148884
-0.03292129188776016
0.004506004974246025
-0.045660849660634995
0.025866730138659477
-0.010678747668862343
-0.0019752129446715117
0.022145641967654228
-0.030078794807195663
-0.012423006817698479
0.039614081382751465
-0.005840040743350983
-0.012752478942275047
0.024678049609065056
-0.019600315019488335
0.025001060217618942
-0.022804584354162216
-0.013243455439805984
-0.013656909577548504
0.03640981391072273
0.0025227167643606663
0.005714066326618195
9.988109377445653e-05
0.036461494863033295
0.003950425889343023
-0.020427223294973373
-0.019535711035132408
-0.03979497030377388
-0.005336143542081118
-0.013243455439805984
0.011880348436534405
0.028424978256225586
-0.0029943129047751427
-0.0007033566944301128
0.004825785756111145
-0.018153224140405655
0.020543506368994713
-0.02945861406624317
-0.006234114523977041
0.022442812100052834
0.021706346422433853
-0.007196687627583742
-0.04816741496324539
0.00958050973713398
0.010090867057442665
0.040182583034038544
0.017365077510476112
0.010950076393783092
0.003918124828487635
0.0208665169775486
-0.04181055724620819
0.011098661459982395
-0.004961450584232807
0.028011523187160492
-0.0024177380837500095
0.01972951926290989
0.021732186898589134
0.00762952258810401
0.0005466963048093021
-0.019987927749753
0.0021722496021538973
0.011034059338271618
-0.006612037308514118
0.015685418620705605
0.011628399603068829
0.013863637112081051
-0.01511691976338625
0.011085741221904755
0.000741310475859791
0.006725091487169266
0.02653859183192253
-0.013501863926649094
0.01944526843726635
-0.007448635995388031
0.029329407960176468
0.03281792998313904
-0.007403414696455002
-0.013269295915961266
-0.028864271938800812
-0.03390324488282204
0.010258832946419716
0.019173938781023026
0.006037077866494656
-0.02222316525876522
0.024678049609065056
0.0007352540269494057
-0.0032721024472266436
0.005694685969501734
0.010452639311552048
0.022274846211075783
0.01804986037313938
-0.0030896011739969254
0.006515134125947952
-0.6441617012023926
0.009115373715758324
0.007112704683095217
-0.0036726363468915224
0.0016126330010592937
-0.006634647957980633
0.012907523661851883
0.02407078817486763
-0.01695162244141102
-0.014871431514620781
-0.012888142839074135
0.016396043822169304
0.0005022822879254818
0.011654241010546684
-0.021499618887901306
-0.03201686218380928
0.0004816903092432767
-0.012209819629788399
0.04044099152088165
-0.019380666315555573
-0.020504744723439217
0.024678049609065056
-0.0008390213479287922
0.023140516132116318
0.005859421566128731
0.0019526021787896752
0.03031136281788349
0.0032640271820127964
0.009341481141746044
-0.0015827544266358018
-0.011344149708747864
0.006679869722574949
-0.0037921504117548466
0.005885262507945299
0.048555031418800354
0.01890261098742485
-0.014380455017089844
0.01115680392831564
0.02852834202349186
0.012765399180352688
0.00015252181037794799
-0.01754596270620823
0.005639773793518543
-0.011492735706269741
0.019807040691375732
0.009322100318968296
0.02395450323820114
-0.031267475336790085
-0.01038803718984127
0.018747564405202866
-0.0048710075207054615
0.0020543506834656
0.02653859183192253
0.010426798835396767
-0.0035692728124558926
-0.008850504644215107
0.011705922894179821
-0.014367533847689629
-0.013889477588236332
0.01773977093398571
0.008966788649559021
-0.007823329418897629
-0.015879226848483086
-0.018437474966049194
-0.016215158626437187
0.028063206002116203
-0.015775863081216812
-0.026280183345079422
0.011602559126913548
-0.017222952097654343
0.025143185630440712
0.035350337624549866
-0.0029846227262169123
0.005581631790846586
-0.004984061233699322
-0.004612598568201065
0.02938109077513218
0.011221406050026417
-0.006918897852301598
0.02458760514855385
0.003989187069237232
-0.016473567113280296
-0.03111243061721325
0.010116707533597946
0.03374820202589035
-0.048580870032310486
-0.017507202923297882
0.003992417361587286
-0.0019186859717592597
0.011447513476014137
-0.005281231831759214
0.005177868064492941
-0.006424691062420607
-0.020556427538394928
0.009412543848156929
0.029846226796507835
-0.0026971427723765373
-0.002178709954023361
0.007984834723174572
-0.02824409119784832
0.010323435068130493
-0.020685631781816483
-0.0020769613329321146
-0.002117337891831994
0.021241210401058197
-0.004470473621040583
-0.001713573932647705
0.015517453663051128
0.03217190504074097
-0.027443023398518562
-0.0031671239994466305
-0.027882318943738937
-0.003927815239876509
-0.007500317879021168
-0.02540159411728382
-0.026952046900987625
0.004134542308747768
-0.010000423528254032
0.018657121807336807
-0.03201686218380928
0.015194443054497242
-0.011163263581693172
-0.0034303779248148203
-0.002232006751000881
-0.014354613609611988
0.0001975414779735729
-0.021331652998924255
0.0125457514077425
-0.003937505651265383
-0.022572016343474388
0.006424691062420607
-0.023747777566313744
0.022287767380475998
-0.008895725943148136
0.0208665169775486
-0.017106669023633003
0.022145641967654228
-0.008869885466992855
0.014483817853033543
-0.0006343130953609943
-0.028709227219223976
-0.023838220164179802
0.011602559126913548
-0.020453063771128654
-0.048012372106313705
-0.025672923773527145
-0.018036941066384315
-0.0099939638748765
-0.0196132343262434
0.02250741422176361
-0.010749809443950653
-0.004237905610352755
-0.052896298468112946
0.007455096580088139
-0.024006186053156853
-0.019600315019488335
-0.01352770533412695
0.003131592646241188
-0.026952046900987625
0.004745033103972673
0.012003093026578426
-0.0044220220297575
-0.025440355762839317
0.037288401275873184
-0.024768492206931114
-0.0038406020030379295
0.011092201806604862
0.010355736128985882
-0.013721511699259281
-0.055196139961481094
0.013243455439805984
0.017442600801587105
0.003026614198461175
0.015065237879753113
0.03509192541241646
0.008508112281560898
-0.018915530294179916
0.009302719496190548
-0.003012078581377864
-0.0093673225492239
-0.01038803718984127
0.02262369729578495
-0.02378653734922409
-0.011680081486701965
-0.005381365306675434
0.002974932314828038
0.024768492206931114
0.02575044520199299
0.002840882632881403
0.005058353766798973
0.028476659208536148
-0.0005317570175975561
-0.03137083724141121
0.010698127560317516
-0.003138052998110652
0.019225621595978737
-0.0022449272219091654
-0.018631281331181526
-0.004263746552169323
0.007145005743950605
0.021964754909276962
-0.001710343873128295
0.023799458518624306
-0.008772981353104115
0.014780987985432148
0.002228776691481471
0.011776984669268131
-0.013656909577548504
0.046513598412275314
0.002341830637305975
0.012151678092777729
-0.009703253395855427
-0.020801914855837822
-0.009083072654902935
0.00034925577347166836
0.02858002297580242
-0.00684137549251318
-0.0021302583627402782
-0.013643989339470863
0.011434593237936497
-0.009419003501534462
-0.010394497774541378
0.01759764552116394
-0.004205604549497366
-0.015827544033527374
0.007855630479753017
-0.006763852667063475
-0.00837244838476181
0.0038987440057098866
-0.013463103212416172
0.006828454788774252
-0.0014059058157727122
-0.000969033339060843
0.01856667920947075
0.009431924670934677
0.00965157151222229
0.013941159471869469
-0.012235661037266254
0.03111243061721325
-0.014328773133456707
0.009386702440679073
0.030750658363103867
7.908725092420354e-05
-0.009141214191913605
0.0206597913056612
-0.0038406020030379295
0.030052954331040382
-0.006095219869166613
-0.0028392677195370197
0.003423917805776
-0.017843132838606834
-0.010614144615828991
-0.010782110504806042
-0.027287978678941727
-0.009554668329656124
-0.022791663184762
0.007248369511216879
0.012003093026578426
-0.008566254749894142
0.02914852276444435
0.009115373715758324
0.006699250545352697
-0.0008232745458371937
0.02089235931634903
-0.010652906261384487
0.005875572096556425
-0.0037307783495634794
-0.009322100318968296
-0.028321614488959312
-0.013269295915961266
-0.0057463678531348705
0.010439719073474407
-0.011363530531525612
0.007946073077619076
0.004212064668536186
0.0009213892044499516
0.022778743878006935
0.007603681646287441
0.006321327295154333
0.00923811737447977
-0.011292468756437302
-0.036694061011075974
0.005859421566128731
0.017390917986631393
-0.009690333157777786
-0.02231360785663128
-0.005966015160083771
-0.013773193582892418
-0.028089046478271484
0.015375329181551933
-0.0037759998813271523
0.012267962098121643
0.0024048176128417253
-0.0008034901111386716
-0.003956886008381844
-0.0032753327395766973
0.017894815653562546
0.0027762805111706257
0.016731975600123405
-0.0021011873614042997
-0.01237778551876545
-0.011421672999858856
-0.024703890085220337
-0.00100052694324404
0.043645262718200684
0.02713293395936489
-0.04493730515241623
0.006389159709215164
0.010478480719029903
-0.02003960870206356
-0.0024952609091997147
0.005730216857045889
-0.021124927327036858
0.017042066901922226
0.015917986631393433
0.020026689395308495
0.021357495337724686
-0.0074357157573103905
0.027856478467583656
0.00727420998737216
-0.002062425948679447
-0.0040634796023368835
0.007041641976684332
0.022119801491498947
0.033283066004514694
-0.004189454019069672
-0.00847581122070551
0.03659069910645485
-0.00469012139365077
-0.0017830213764682412
-0.019057655707001686
-0.02407078817486763
0.002963626990094781
-0.007183766923844814
-0.015000635758042336
0.0006750932079739869
0.017352156341075897
0.006576506420969963
0.0034949802793562412
0.020569346845149994
-0.008869885466992855
0.002514641499146819
0.022520335391163826
0.0061339810490608215
0.01626683957874775
-0.01992332562804222
0.019574472680687904
0.018631281331181526
0.003953656181693077
-0.00047846019151620567
0.03488520160317421
0.009218737483024597
-0.014755147509276867
-0.03289544954895973
-0.00942546408623457
0.01180928573012352
0.02549203671514988
0.0007211223128251731
-0.02503982186317444
0.013514785096049309
0.0196132343262434
0.034962721168994904
-0.0052004787139594555
0.0015052317176014185
0.024600526317954063
0.008120499551296234
0.016848258674144745
-0.0008640547166578472
-0.001339688547886908
-0.008456430397927761
0.018398713320493698
0.02651275135576725
-0.005287691950798035
-0.018825087696313858
0.010775650851428509
0.02077607437968254
0.01454841997474432
0.004341269377619028
0.023967424407601357
0.0022949939593672752
0.009044311009347439
0.0434902161359787
-0.03235279396176338
-0.01674489676952362
-0.0004469666164368391
-0.03597051650285721
0.029226046055555344
-0.026306025683879852
-0.001060283975675702
-0.01138291135430336
-0.005668845027685165
0.003199425060302019
-0.02883843146264553
0.004195914138108492
0.015427010133862495
-0.04576421529054642
-0.031887657940387726
-0.0061824326403439045
0.007700584828853607
0.0208665169775486
0.015788782387971878
-0.021900152787566185
-0.008727760054171085
0.01646064594388008
-0.01629268005490303
-0.014987715519964695
0.006024157162755728
-0.02764975093305111
-0.016111794859170914
0.005768978502601385
-0.0167707372456789
-0.010988838039338589
0.018398713320493698
0.014070363715291023
-0.027572227641940117
-0.01022007130086422
-0.01053016260266304
0.002957166638225317
-0.012183979153633118
0.021254131570458412
0.018721723929047585
0.022352369502186775
-0.000801067566499114
-0.01830826885998249
-0.0002755688619799912
-0.011053440161049366
-0.009716174565255642
-0.0019574472680687904
0.013424341566860676
0.0032026551198214293
0.005917563568800688
0.0208665169775486
-0.010439719073474407
-0.00647960277274251
0.005781898740679026
0.004166843369603157
-0.004018258303403854
0.007797488011419773
0.029794543981552124
-0.012694336473941803
-0.02741718292236328
0.026189740747213364
0.022701220586895943
-0.02361857146024704
0.000571729673538357
-0.045996781438589096
0.005171407945454121
0.022236084565520287
-0.01352770533412695
0.013902397826313972
-0.009406083263456821
-0.009083072654902935
-0.0015302650863304734
0.019380666315555573
-0.0007897621835581958
0.044782258570194244
-0.016731975600123405
-0.03173261135816574
-0.020569346845149994
0.0008648622315376997
-0.00837244838476181
0.0022045508958399296
-0.007513238582760096
0.013146552257239819
0.005245700478553772
0.015103999525308609
-0.004499544855207205
-0.025246547535061836
0.02381237968802452
-0.021977676078677177
-0.028089046478271484
-0.008210942149162292
-0.006589426659047604
0.02677115984261036
-0.030673135071992874
0.012041853740811348
-0.006847835611552
0.005223089829087257
-0.00916705559939146
-0.009005549363791943
-0.009586969390511513
-0.0037856902927160263
0.019884563982486725
0.01352770533412695
0.014470897614955902
-0.008934487588703632
0.01660277135670185
0.014212489128112793
-0.0029507065191864967
-0.0013808724470436573
-0.00400210777297616
-0.010465559549629688
-0.032972972840070724
0.016822418197989464
0.020763153210282326
-0.008663157932460308
0.01312717143446207
-0.01159609854221344
-0.010962996631860733
0.040182583034038544
-0.020117131993174553
-0.01956155337393284
-0.012855841778218746
-0.0032236508559435606
-0.010142548941075802
0.014923113398253918
-0.014625943265855312
0.014173727482557297
-0.003194579854607582
0.011912649497389793
0.024729730561375618
-0.0037178578786551952
-0.01074334979057312
0.0004207219753880054
0.04899432510137558
-0.01754596270620823
0.0050357431173324585
0.005326453130692244
0.022352369502186775
0.00881174299865961
0.02003960870206356
-0.033618997782468796
0.005022822879254818
0.03514361009001732
-0.0010764345061033964
0.0034013069234788418
-0.0005729409749619663
0.009354401379823685
0.004257286433130503
0.004967910703271627
0.0012670110445469618
-0.017042066901922226
0.01567249931395054
-0.004654590040445328
-0.011202025227248669
-0.013656909577548504
-0.014509659260511398
-0.009541748091578484
-0.012216280214488506
0.01253283116966486
0.0017878664657473564
0.014664703980088234
-0.005080964881926775
-0.0017377997282892466
0.003540201811119914
-0.025866730138659477
0.03612556308507919
-0.011008218862116337
0.025298230350017548
0.02219732291996479
0.0013921778881922364
-0.045945100486278534
0.0028715687803924084
0.03633229061961174
-0.03343810886144638
0.021357495337724686
-0.005313532892614603
-0.0034013069234788418
-0.010413878597319126
0.026189740747213364
0.04181055724620819
-0.021305812522768974
-0.013566466979682446
0.006263185292482376
0.018889689818024635
0.018553758040070534
-0.02293378859758377
0.022468652576208115
-0.012455308809876442
0.02307591401040554
-0.009709713980555534
0.020246336236596107
-0.03865797072649002
-0.006104909814894199
-0.0002313567092642188
0.04783148691058159
7.888537220424041e-05
-0.002726213773712516
-0.001313040149398148
-0.009063691832125187
0.004693351220339537
-0.012171058915555477
-0.00959342997521162
-0.0028198868967592716
-0.0013558390783146024
0.03775353729724884
-0.017184190452098846
-0.0056979157961905
-0.00921227689832449
-0.010136088356375694
0.005652694497257471
0.001111965742893517
-0.006431151181459427
0.026616115123033524
-0.015530373901128769
0.018799247220158577
0.028450818732380867
0.015569135546684265
-0.019535711035132408
0.016822418197989464
-0.0042508263140916824
-0.03087986260652542
0.018670042976737022
0.004948530346155167
-0.018153224140405655
0.020117131993174553
-0.017662247642874718
-0.016874101012945175
-0.014457977376878262
-0.018411632627248764
-0.017158349975943565
-0.008514572866261005
0.023088833317160606
-0.022662458941340446
-0.01001980435103178
0.007384033873677254
0.003183274529874325
0.02359273098409176
0.002225546631962061
-0.010039185173809528
0.006944738794118166
0.025143185630440712
-0.03566042706370354
-0.0018718494102358818
-0.012739557772874832
-0.0030476099345833063
0.016447724774479866
0.03289544954895973
0.00469012139365077
-0.03483351692557335
0.034988563507795334
0.0018104772316291928
-0.016938703134655952
-0.006434381473809481
0.018153224140405655
-0.006198583170771599
0.002005899092182517
-0.0076101417653262615
0.0339549295604229
-0.015620817430317402
-0.01312717143446207
0.0219130739569664
-0.017920656129717827
0.0009561128681525588
-0.010245912708342075
-0.017843132838606834
-0.00858563557267189
-0.01310133095830679
0.03651317581534386
-0.00431542843580246
0.0013138477224856615
-0.024393798783421516
-0.022068118676543236
0.0028069664258509874
-0.0007178921950981021
0.019949166104197502
-0.013992841355502605
0.0006020119762979448
-0.020130053162574768
-0.01631852053105831
-0.02046598307788372
0.0187346450984478
-0.021783869713544846
-0.008650237694382668
0.0016053651925176382
-0.011970791965723038
0.01543993130326271
0.02390282228589058
-0.035298652946949005
-0.01132476981729269
-0.008269084617495537
-0.00943838432431221
-0.03310217708349228
0.010039185173809528
-0.0335414744913578
0.044575534760951996
0.0012007937766611576
-0.01702914573252201
-0.017365077510476112
0.008966788649559021
-0.0409836508333683
0.00786209013313055
0.018011098727583885
0.03576378896832466
0.021112006157636642
0.002089881803840399
0.011860967613756657
0.024690968915820122
-0.01669321395456791
-0.0020220496226102114
-0.02466512843966484
-0.004186224192380905
-0.022830424830317497
0.016589850187301636
0.011912649497389793
-0.017106669023633003
-0.01567249931395054
-0.009186435490846634
0.03744344785809517
-0.014961875043809414
0.006389159709215164
0.01669321395456791
-0.028915954753756523
-0.017274634912610054
0.0038276815321296453
0.013010887429118156
0.015181521885097027
0.003763079410418868
-0.00664110854268074
0.004602908156812191
0.017649326473474503
0.0006658066413365304
-0.003918124828487635
-0.03460095077753067
0.004961450584232807
0.008482271805405617
-0.016240999102592468
0.019070575013756752
-0.004454323090612888
-0.013056108728051186
0.008482271805405617
-0.020969880744814873
0.0031057517044246197
-0.022662458941340446
-0.013476023450493813
0.014199567958712578
0.0030314591713249683
-0.03454926982522011
-0.020401380956172943
0.007448635995388031
-0.02336016297340393
0.006024157162755728
0.010607684962451458
-0.0054782684892416
0.016085952520370483
-0.015607897192239761
-0.015711260959506035
-0.01711958833038807
-0.021951835602521896
-0.016202237457036972
0.0023159896954894066
-0.020621029660105705
0.012358404695987701
0.02907099947333336
-0.020530585199594498
0.0008317535975947976
-0.006127520930022001
0.004312198143452406
-0.006334247998893261
-0.014806829392910004
-0.00030908125336281955
-0.02534991130232811
-0.0017733309650793672
0.005962784867733717
-0.0020705012138932943
0.023876981809735298
-0.0011442668037489057
0.012655574828386307
-0.05581631883978844
0.00211087753996253
0.1915326714515686
-0.025311149656772614
-0.00399564765393734
0.009483606554567814
0.0018944601761177182
0.009968122467398643
0.019651995971798897
-0.0019655225332826376
-0.00868899840861559
-0.00410224124789238
0.009645111858844757
-0.022946709766983986
-0.018243666738271713
0.007306511513888836
0.020168812945485115
-0.0007243524305522442
-0.018437474966049194
-0.010853173211216927
-0.000469577411422506
-0.01935482583940029
0.029846226796507835
0.01429001148790121
-0.015530373901128769
-0.012280882336199284
0.026306025683879852
0.002903869841247797
-0.004686891101300716
-0.0018120923778042197
0.028760910034179688
-0.00011224635818507522
-0.012216280214488506
0.007513238582760096
-0.0017345696687698364
0.00016826859791763127
-0.011705922894179821
0.01525904517620802
0.015233203768730164
0.0054330467246472836
0.02310175448656082
0.011085741221904755
0.011344149708747864
-0.025608321651816368
0.0019752129446715117
-0.03085402026772499
-0.002496875822544098
0.04669448733329773
0.004341269377619028
-0.0004195106739643961
-0.0008785902173258364
0.006049998104572296
-0.014806829392910004
0.03752097114920616
0.02770143188536167
0.017158349975943565
0.011848047375679016
0.018786326050758362
-0.007661823648959398
-0.0024807252921164036
0.013514785096049309
-0.010000423528254032
-0.025246547535061836
0.015246124006807804
0.009774316102266312
0.024574685841798782
-0.013320977799594402
0.01671905443072319
-0.008617936633527279
-0.02131873369216919
-0.016822418197989464
-0.017080826684832573
0.0035595824010670185
-0.02094404026865959
-0.020453063771128654
0.01216459833085537
-0.014793909154832363
-0.02108616568148136
0.011350610293447971
-0.005313532892614603
-0.004916229285299778
0.02907099947333336
-0.005274771247059107
-0.0020123592112213373
-0.01054308284074068
-0.0062405746430158615
0.02878675051033497
-0.010439719073474407
0.01111158262938261
-0.023256799206137657
0.0012306723510846496
-0.028166567906737328
-0.01987164281308651
-0.007984834723174572
-0.005313532892614603
-0.012028933502733707
-0.0001223404542542994
0.010879014618694782
0.009515907615423203
0.018553758040070534
-0.021835550665855408
-0.014832669869065285
-0.006860755849629641
0.02392866276204586
0.03312801942229271
0.025789206847548485
-0.010426798835396767
0.01603427156805992
-0.012726637534797192
-0.0060176970437169075
-0.015594976022839546
-0.02478141151368618
0.021267050877213478
-0.008663157932460308
0.005836810916662216
-0.0015334952622652054
-0.02432919666171074
0.004289587493985891
0.008747140876948833
-0.013889477588236332
0.027184614911675453
0.018489155918359756
-0.012597433291375637
0.0005297382012940943
-0.011092201806604862
0.03201686218380928
0.005345833953469992
-0.01595674827694893
-0.06000254303216934
0.021900152787566185
-0.014742227271199226
0.002099572215229273
0.008101118728518486
-0.031060747802257538
0.04258578643202782
0.02146085724234581
-0.00263254065066576
-0.008449970744550228
-0.0037307783495634794
-0.007041641976684332
0.0022465423680841923
0.007364653516560793
0.022727061063051224
-0.01122786570340395
-0.005914333276450634
-0.003073450643569231
0.011453974060714245
-0.020375540480017662
-0.008553334511816502
0.0028570331633090973
-0.02094404026865959
-0.01471638586372137
-0.0033754659816622734
-0.027158774435520172
-0.014587181620299816
-0.010510781779885292
0.0005232780240476131
0.009922901168465614
-0.035944677889347076
-0.008449970744550228
0.0018637741450220346
0.0007037604809738696
-0.034161653369665146
0.008837584406137466
0.022326527163386345
-0.01159609854221344
0.0006968964589759707
-0.013837795704603195
-0.16155724227428436
0.00742279551923275
0.006983499974012375
-0.01660277135670185
0.0046481299214065075
0.0019719828851521015
0.04816741496324539
0.02909683994948864
-0.005068044178187847
-0.002162559423595667
-0.003998877480626106
-0.01116972416639328
-0.036461494863033295
-0.03051809035241604
-0.018915530294179916
0.008637317456305027
-0.02134457416832447
0.005933714099228382
0.045996781438589096
0.019148098304867744
0.008269084617495537
-0.020285097882151604
-0.020168812945485115
-0.0001829050452215597
0.000608472153544426
-0.003650025464594364
-0.02492353692650795
0.01921270042657852
-0.010291134007275105
-0.007532618939876556
0.013695671223104
0.006146901287138462
0.004334809258580208
-0.02642230875790119
-0.013799034990370274
0.013411421328783035
-0.013656909577548504
0.013204693794250488
-0.008979708887636662
0.014613023027777672
0.0009359247051179409
0.017080826684832573
0.011712382547557354
-0.017701009288430214
-0.0005244892672635615
0.000885857967659831
0.0420689657330513
-0.007978374138474464
0.022791663184762
-0.0012209819396957755
0.013618147931993008
0.008979708887636662
0.0011240786407142878
-0.007778107654303312
0.009612810797989368
0.004518925212323666
0.004354189615696669
0.00012950727250427008
0.014083283953368664
0.0020608108025044203
-0.013204693794250488
-0.015142761170864105
0.004667510744184256
0.023463526740670204
0.028683386743068695
-0.007513238582760096
-0.01901889406144619
0.015103999525308609
-0.026267264038324356
0.005888492334634066
-0.0024629596155136824
0.0018492386443540454
0.007300050929188728
-0.0019122257363051176
0.002067271154373884
0.015233203768730164
0.0027665900997817516
0.032688725739717484
-0.007073943503201008
-0.01195141114294529
-0.026034696027636528
0.03284376859664917
-0.002273998223245144
-0.017507202923297882
0.014884351752698421
-0.007946073077619076
0.001479390892200172
0.00958050973713398
-0.002453269436955452
0.011008218862116337
0.004302508197724819
-0.030027111992239952
-0.00786209013313055
0.005562251433730125
0.0059111034497618675
0.018527917563915253
-0.010265292599797249
-0.008462890982627869
-0.003578962991014123
-0.008036516606807709
0.009612810797989368
-0.00279566110111773
-0.00826262403279543
-0.009373782202601433
0.031189952045679092
-0.013488943688571453
-0.0013340358855202794
0.023631492629647255
0.02852834202349186
-0.003536971751600504
-0.03597051650285721
0.0026551513001322746
0.013566466979682446
0.015737101435661316
0.025311149656772614
0.007823329418897629
-0.00979369692504406
-0.01598259061574936
0.01949695125222206
-0.005500879138708115
0.08837583661079407
-0.01338557992130518
-0.010872554033994675
-0.002049505477771163
-0.02236528880894184
-0.015517453663051128
-0.106051005423069
-0.03263704106211662
0.021783869713544846
0.014238329604268074
-0.004932379815727472
0.015556215308606625
-0.004405871499329805
0.00638592941686511
-0.011421672999858856
0.023347243666648865
-0.031861815601587296
-0.006508674006909132
-0.006104909814894199
0.01626683957874775
-0.013773193582892418
0.0305697713047266
-0.004628749098628759
-0.004974371287971735
-0.025272389873862267
0.018721723929047585
-0.0019574472680687904
0.009490066207945347
-0.025840889662504196
-0.012016013264656067
-0.020763153210282326
0.014238329604268074
-0.03692663088440895
0.00014596064283978194
0.02233944833278656
-0.0029507065191864967
-0.014341693371534348
-0.015362408012151718
0.0009189666016027331
-0.00985183846205473
0.019910404458642006
-0.02188723348081112
-0.011046979576349258
-0.001111965742893517
0.012423006817698479
-0.027443023398518562
0.0015577210579067469
0.008159260265529156
0.022119801491498947
-0.00278920098207891
0.011389371939003468
-0.01259097270667553
0.0013986381236463785
0.0007138545624911785
0.014574261382222176
-0.015530373901128769
-0.0328696109354496
-0.019122257828712463
-0.05077734589576721
-0.01790773682296276
0.026318944990634918
0.020737312734127045
-0.016822418197989464
-0.00625995546579361
-0.014987715519964695
-0.015659578144550323
-0.015401169657707214
-0.008701919578015804
-0.010368656367063522
0.01842455379664898
0.01640896499156952
0.00901200994849205
-0.021241210401058197
-0.026073457673192024
0.009735554456710815
0.01799817942082882
0.00039932248182594776
0.016706135123968124
0.005400745663791895
-0.015181521885097027
0.008947407826781273
0.02267538011074066
-0.022843345999717712
-0.0053652143105864525
-0.007332351990044117
-0.02165466547012329
-0.00807527732104063
-0.016925781965255737
-0.00764890294522047
-0.02188723348081112
0.001253283116966486
0.006783233489841223
0.006269645411521196
0.0036048039328306913
0.00090927624842152
-0.006550665479153395
0.010504321195185184
0.03217190504074097
5.481094922288321e-05
0.0019477569730952382
0.003482059808447957
-0.011492735706269741
0.0004631171759683639
-0.001313040149398148
0.000599993159994483
0.018786326050758362
-0.03563458472490311
-0.007771647069603205
-0.05452427640557289
0.015879226848483086
0.014613023027777672
-0.01259097270667553
-0.004237905610352755
-0.010129628702998161
0.01142813265323639
-0.0013816800201311707
0.007539079524576664
0.01638312265276909
-0.015427010133862495
0.003985957242548466
-0.023605652153491974
-0.010717508383095264
-0.0231663566082716
-0.034988563507795334
0.02608637697994709
-0.00021338921214919537
0.013146552257239819
0.019858723506331444
0.015517453663051128
0.0062308842316269875
0.017675168812274933
0.03803778812289238
-0.027468863874673843
-0.0004857279418502003
-0.019664917141199112
-0.019173938781023026
0.0044220220297575
0.026667797937989235
-0.0036306448746472597
-0.023825298994779587
-0.008818203583359718
0.018179064616560936
-0.013204693794250488
-0.007241908926516771
0.03222358971834183
0.028166567906737328
0.013140091672539711
0.0756104439496994
-0.01638312265276909
-0.022494493052363396
0.030931543558835983
-0.00548472860828042
-0.015323647297918797
0.004399411380290985
-0.007416334934532642
0.009632191620767117
0.012158137746155262
-0.010207151062786579
0.014948953874409199
0.031861815601587296
0.001201601349748671
-0.027623910456895828
-0.007823329418897629
0.01396699994802475
0.02188723348081112
0.02020757459104061
0.006660488899797201
-0.0029410161077976227
0.02708125114440918
-0.009670952335000038
0.008030056022107601
-0.007345272693783045
-0.008792362175881863
-0.025931332260370255
0.003123517381027341
0.005720526911318302
-0.013799034990370274
-0.0038406020030379295
-0.006912437733262777
0.015388249419629574
0.022093959152698517
0.013088409788906574
0.03131915628910065
-0.0007635175134055316
-0.015943828970193863
-0.007506777998059988
0.0015561060281470418
0.00905723124742508
-0.0019009204115718603
0.011408752761781216
-0.003963346127420664
0.0152848856523633
0.027184614911675453
-0.0014034832129254937
0.012326103635132313
-0.0037243179976940155
-0.02003960870206356
0.02708125114440918
-0.015569135546684265
0.009955202229321003
-0.01312717143446207
0.01121494546532631
0.000555175356566906
-0.0024048176128417253
-0.0008454815833829343
-0.018786326050758362
0.018670042976737022
0.014638863503932953
0.03276624530553818
-0.008740680292248726
0.00399564765393734
-0.003010463435202837
-0.006091989576816559
0.002729443833231926
-0.04126789793372154
-0.04302508011460304
-0.0077651869505643845
0.01584046520292759
-0.0029264807235449553
-0.0022966088727116585
0.029019318521022797
0.0018460084684193134
-0.020078370347619057
-0.013799034990370274
0.0030508399941027164
-0.01412204559892416
-0.024199992418289185
0.0022530024871230125
-0.006382699590176344
0.028631703928112984
0.05248284339904785
0.004057019483298063
0.00447693420574069
0.0026503060944378376
0.021331652998924255
-0.0006637878250330687
0.005552561022341251
0.01930314302444458
-0.0009246193221770227
-0.0032236508559435606
-0.025143185630440712
-0.011970791965723038
-0.007752266712486744
-0.0037340084090828896
0.02594425156712532
0.018489155918359756
-0.012461768463253975
0.0872388407588005
0.0023159896954894066
-0.022184403613209724
0.005662384908646345
-0.0203238595277071
0.004787024576216936
0.0019606773275882006
-0.021900152787566185
-0.01854083687067032
0.012642654590308666
0.027391342446208
-0.01737799681723118
0.007590760942548513
-0.03622892498970032
-0.014225409366190434
-0.013850715942680836
-0.016163475811481476
0.03881301358342171
-0.020117131993174553
0.004011798184365034
0.039614081382751465
-0.005991856101900339
-0.010652906261384487
-0.0003662138478830457
-0.006444071419537067
0.01901889406144619
0.015633737668395042
-0.022778743878006935
-0.021499618887901306
-0.03948487713932991
0.0018395482329651713
-0.007965453900396824
-0.04793484881520271
-0.030724816024303436
0.0012670110445469618
-0.015607897192239761
0.005549330729991198
-0.03653901815414429
-0.022752903401851654
0.0011886808788403869
-0.013721511699259281
0.017300475388765335
-0.02250741422176361
-0.04958866536617279
-0.021383335813879967
-0.007041641976684332
-0.02423875406384468
0.004354189615696669
-0.0302338395267725
