0.021048594266176224
0.0011436338536441326
0.009575645439326763
-0.024677662178874016
-0.02684236876666546
0.016884716227650642
-0.05658799037337303
-0.014045129530131817
-0.014694541692733765
-0.02234741859138012
-0.020131776109337807
0.010747134685516357
-0.022436553612351418
0.024219252169132233
0.004393082112073898
0.00175086606759578
0.026333026587963104
-0.021507002413272858
0.015114749781787395
0.0029541885014623404
-0.008060351014137268
0.0004922320949845016
0.016795581206679344
-0.0069270627573132515
-0.02719890885055065
0.009448310360312462
0.023404303938150406
-0.02253842167556286
-0.020411914214491844
0.0013728381600230932
-0.005383117124438286
-0.02337883785367012
-0.019100356847047806
-0.0012542568147182465
0.0018654682207852602
0.012198761105537415
0.010549764148890972
0.016935650259256363
0.017190322279930115
0.012848173268139362
0.02029731310904026
0.008938967250287533
0.009180905297398567
-0.030891643837094307
0.0053130825981497765
0.023658975958824158
-0.012364298105239868
-0.019291359931230545
-0.028344931080937386
0.02196541056036949
0.010562497191131115
0.018705615773797035
-0.009881251491606236
0.0026597247924655676
-0.02709704078733921
0.0019004856003448367
-0.007449139375239611
-0.004348514601588249
0.0077292779460549355
-0.00956291239708662
-0.0007544641266576946
-0.002643807791173458
-0.02195267751812935
0.02411738410592079
0.0006303117843344808
0.015611358918249607
-0.018947554752230644
0.019495097920298576
-0.009059935808181763
0.017088452354073524
-0.0009534261771477759
0.01990257203578949
0.0012685820693150163
-0.0013847758527845144
0.03618881106376648
-3.869811916956678e-05
0.0070352982729673386
-0.028039325028657913
0.010250524617731571
0.02752998098731041
0.00045840858365409076
-0.010371494106948376
-0.036214277148246765
0.026969704777002335
0.005535920150578022
-0.0010202773846685886
0.011555716395378113
0.008264088071882725
0.0038200714625418186
-0.010180490091443062
-0.016795581206679344
0.013077378273010254
0.0070989662781357765
0.0167828481644392
-0.012510733678936958
0.010880837216973305
-0.010976338759064674
0.015815095975995064
-0.027962923049926758
-0.0330563522875309
-0.006506855133920908
-0.013930527493357658
-0.005647338926792145
0.0030178565066307783
-0.03315822035074234
0.013204713352024555
-0.015216617844998837
-0.003765953704714775
0.0330563522875309
-0.025734547525644302
-0.004421732854098082
0.05623145028948784
0.0045140511356294155
-0.005672805942595005
0.00811765156686306
-0.02298409678041935
0.011237377300858498
-0.015955165028572083
-0.014974679797887802
-0.010416061617434025
0.0344315767288208
0.009900351986289024
0.01921495981514454
-0.0018893437227234244
0.021634338423609734
0.020946724340319633
-0.02656223066151142
0.006061180029064417
-0.0394231379032135
-0.010390594601631165
-0.018158072605729103
0.0016633227933198214
0.0028746037278324366
-0.006287200842052698
-0.008423257619142532
0.015178416855633259
-0.00853149313479662
0.02167253941297531
-0.017444992437958717
-0.013433918356895447
0.01232609711587429
0.018896620720624924
-0.0018304509576410055
-0.03603600710630417
0.007627409417182207
0.007570108398795128
0.031018979847431183
0.018298141658306122
-0.0022379253059625626
0.001854326343163848
0.020564718171954155
-0.02386271208524704
0.021430600434541702
-0.012338831089437008
0.021481534466147423
-0.0004822840273845941
0.013077378273010254
0.03208860009908676
-0.0023047763388603926
0.0031547422986477613
-0.016031567007303238
-0.009518344886600971
0.005879726726561785
-0.0040811095386743546
0.011886789463460445
0.018641948699951172
0.01604430004954338
0.013459385372698307
0.01907489076256752
-0.0014014886692166328
0.020271845161914825
0.03756403550505638
-0.018794750794768333
0.024754062294960022
-0.014529004693031311
0.022092746570706367
0.009868517518043518
0.0001263409067178145
0.0021153646521270275
-0.009531077928841114
-0.03532292693853378
0.012606236152350903
0.0021185479126870632
0.019113091751933098
-0.02348070591688156
0.00897716823965311
0.009257306344807148
0.006137581542134285
0.015560423955321312
0.010396961122751236
0.03076430782675743
0.007410938385874033
-0.0030449153855443
-0.005548653658479452
-0.630770206451416
0.009085402823984623
-0.006799727212637663
0.01117370929569006
0.009212738834321499
-0.017788799479603767
0.016566377133131027
0.01638810709118843
0.005427684634923935
-0.031961265951395035
0.004116126801818609
-0.0021599321626126766
-0.0044822171330451965
-0.002949413610622287
-0.011988657526671886
-0.027377178892493248
0.015636825934052467
-0.025441676378250122
0.015878763049840927
-0.020526517182588577
-0.01981343701481819
0.021736206486821175
0.0022124580573290586
0.010702567175030708
-0.019138557836413383
-0.003979241009801626
0.016884716227650642
0.009505610913038254
0.008340489119291306
0.008480558171868324
-0.024282921105623245
0.016935650259256363
0.013675855472683907
0.020259112119674683
0.05546743795275688
0.03608694300055504
-0.04612099751830101
0.006659657694399357
0.02210547961294651
0.0008650870295241475
-0.0002138842100976035
-0.009830317460000515
0.012485266663134098
-0.007385471370071173
0.022563889622688293
0.006315851584076881
0.02097219228744507
-0.01643904112279415
-0.002107406035065651
0.011753086932003498
-0.006026162765920162
-0.004367615096271038
0.018501879647374153
0.0012781322002410889
-0.006525955628603697
-0.014936479739844799
0.0019100357312709093
0.01447807066142559
-0.015878763049840927
0.005173013545572758
-0.005023393779993057
0.0027647768147289753
-0.008907133713364601
-0.02043738216161728
-0.019647900015115738
0.013535786420106888
-0.01960970088839531
-0.03348929435014725
0.020959459245204926
-0.02563267946243286
0.013675855472683907
0.021265065297484398
0.01692291721701622
-0.007684710435569286
0.01976250298321247
-0.004026991780847311
0.02778465300798416
0.014974679797887802
-0.006213983055204153
0.013115578331053257
-0.026536762714385986
-0.015522223897278309
-0.026715032756328583
0.0028682369738817215
0.02528887242078781
-0.05796321853995323
-0.012115993537008762
-0.0019355028634890914
0.012676270678639412
0.02312416583299637
-0.01173398643732071
0.008735230192542076
-0.00806671753525734
-0.02465219423174858
0.019698835909366608
0.03257247433066368
-0.0017795165767893195
-0.007621042430400848
0.021163195371627808
-0.014045129530131817
0.007888447493314743
-0.03422784060239792
0.016349906101822853
0.0012256063055247068
0.019304094836115837
0.0015057448763400316
-0.000619567814283073
0.00909813679754734
0.02821759507060051
-0.011555716395378113
-0.0010027687530964613
-0.023977315053343773
-0.003931490238755941
-0.007837513461709023
-0.02747904695570469
-0.029847491532564163
-0.0034062303602695465
0.008124019019305706
0.03163019195199013
-0.025059668347239494
0.01347211841493845
-0.0004966093110851943
0.010549764148890972
0.009499244391918182
-0.021723473444581032
0.019304094836115837
-0.02821759507060051
0.01193135604262352
0.0009327341103926301
-0.017839733511209488
-0.006818827707320452
0.0023222852032631636
0.022283749654889107
-0.003342562587931752
0.02895614132285118
-0.0019689283799380064
0.0254798773676157
-0.02327696792781353
0.012733571231365204
-0.004692321177572012
-0.009722081944346428
-0.017292190343141556
0.011899522505700588
-0.013433918356895447
-0.030382301658391953
-0.02528887242078781
-0.025403475388884544
-0.0016474057920277119
-0.025097869336605072
0.018450945615768433
0.0017158488044515252
-0.0021360565442591906
-0.042479194700717926
-0.015955165028572083
-0.01125011034309864
-0.017979802563786507
-0.009976753033697605
0.008009416051208973
-0.041791580617427826
-0.010352393612265587
0.013624921441078186
-0.003727752948179841
-0.01440166961401701
0.04782729595899582
-0.02527613937854767
0.015127482824027538
0.022512953728437424
0.016655512154102325
-0.01809440553188324
-0.04978826642036438
-0.002024637768045068
0.004956542514264584
0.0019482364878058434
0.010326926596462727
0.029134411364793777
-0.006869761738926172
-0.015713227912783623
0.009129970334470272
-0.011963190510869026
-0.008423257619142532
-0.00909813679754734
0.03603600710630417
-0.023926381021738052
-0.012568035162985325
-0.0009192046709358692
0.005430868361145258
0.00802215002477169
0.020844856277108192
-0.0022793093230575323
0.0002763583033811301
0.012803605757653713
0.0026231156662106514
-0.019647900015115738
0.009136337786912918
0.006395436357706785
0.017865201458334923
-0.0013632880290970206
-0.01731765642762184
0.015293019823729992
-0.005411767866462469
0.024244720116257668
-0.0028220778331160545
0.04446563124656677
-0.005946577992290258
0.011332878842949867
0.002101039281114936
-0.0015343953855335712
-0.009543811902403831
0.0671313926577568
0.007812045980244875
0.010416061617434025
-0.02298409678041935
-0.023098697885870934
-0.0009971978142857552
-0.005179380066692829
0.02067931927740574
-0.006640557665377855
0.0077738454565405846
-0.01496194675564766
0.005211214069277048
-0.015725960955023766
0.0033680296037346125
0.010320560075342655
-0.022474754601716995
-0.029032543301582336
0.018272675573825836
-0.005921110976487398
-0.0063285850919783115
-0.0001968729484360665
-0.03364209458231926
0.014325267635285854
-0.0058192419819533825
0.01126921083778143
0.030153097584843636
0.010135922580957413
0.011434746906161308
0.017763331532478333
-0.006551422644406557
0.022971363738179207
-0.004810106474906206
0.009257306344807148
0.040365420281887054
-0.0014874403132125735
-0.017432259395718575
0.024219252169132233
0.01498741377145052
0.017674196511507034
-0.006007062271237373
-4.5786142436554655e-05
0.0023429770953953266
-0.01019959058612585
0.019889838993549347
-0.02821759507060051
-0.021825341507792473
-0.01080443523824215
-0.03639254719018936
0.00509661203250289
0.01442713662981987
-0.007175367325544357
0.02157066948711872
0.005163463298231363
0.028879739344120026
-0.003960140515118837
0.02699517086148262
-0.0046827709302306175
-0.009849417954683304
0.006478204391896725
-0.014732742682099342
-0.024957800284028053
-0.030433235689997673
-0.014541738666594028
-0.02381177805364132
-0.016222570091485977
0.007461872883141041
0.003890105988830328
0.0059274774976074696
-0.0004162286058999598
-0.0031229082960635424
0.001315537141636014
0.005160280037671328
-0.028523199260234833
-0.01883295178413391
0.01237066462635994
0.01347211841493845
-0.023289702832698822
-0.00790118146687746
-0.0069588967598974705
-0.020131776109337807
-0.031171783804893494
0.018845686689019203
-0.011218276806175709
-0.0012940492015331984
-0.008620628155767918
0.015445821918547153
-0.00317384279333055
-0.01741952635347843
0.03028043359518051
0.0029398633632808924
0.021685272455215454
-0.006309484597295523
-0.001231177244335413
-0.016298972070217133
-0.027020638808608055
-0.010263258591294289
0.05256418138742447
0.026816900819540024
-0.0359850712120533
0.003498548874631524
0.013166513293981552
-0.019928039982914925
-0.009792116470634937
-0.0002122925070580095
-0.010492462664842606
0.01823447458446026
0.027300776913762093
0.008149486035108566
0.027173440903425217
0.003823254955932498
0.01985163800418377
-0.019991707056760788
-0.007143533788621426
0.005293982569128275
-0.003823254955932498
0.009620212949812412
0.05409221351146698
-0.004354881588369608
-0.008741596713662148
0.0364944152534008
-0.007200834807008505
-0.007143533788621426
-0.016006099060177803
-0.022729424759745598
0.0003260988160036504
-0.0018638764740899205
-0.0053894841112196445
-0.007188101299107075
0.005001110024750233
-0.002108997665345669
0.008709763176739216
0.021736206486821175
-0.007442772388458252
-0.007576474919915199
0.026154756546020508
0.002190174302086234
0.014834610745310783
-0.01848914660513401
0.015102015808224678
-0.001529620261862874
0.011186442337930202
0.014821876771748066
0.036367081105709076
0.00405882578343153
0.0047782729379832745
-0.022423818707466125
0.0035271993838250637
0.022462019696831703
0.04357428103685379
-0.0030815242789685726
-0.029312681406736374
0.020959459245204926
0.0069270627573132515
0.02816666103899479
-0.000599671620875597
0.005640972405672073
0.03995794802904129
0.00797121599316597
0.001567821018397808
-0.0020198628772050142
0.0160952340811491
-0.013599454425275326
0.008945333771407604
0.03165565803647041
0.0023573024664074183
-0.04092570021748543
0.012128726579248905
0.01007225550711155
0.009238205850124359
0.013484852388501167
0.010728034190833569
0.011632117442786694
0.005905193742364645
0.02465219423174858
-0.009091770276427269
-0.022665757685899734
0.008480558171868324
-0.037971511483192444
0.032597944140434265
-0.012542568147182465
-0.010740767233073711
-0.016489975154399872
0.0039760577492415905
0.016248038038611412
-0.023302435874938965
0.016808314248919487
0.006112114526331425
-0.036061473190784454
-0.030382301658391953
-0.007022564765065908
-0.003266161074861884
0.028039325028657913
0.023073231801390648
-0.01437620259821415
-0.014834610745310783
0.03603600710630417
-0.006646924186497927
-0.007875713519752026
0.010466995649039745
-0.009773015975952148
-0.01139017939567566
0.02537800744175911
-0.006233083084225655
0.006057996768504381
0.012918208725750446
0.0014922154368832707
-0.021685272455215454
-0.0029525968711823225
-0.0014118347316980362
-0.006204432807862759
-0.028090259060263634
0.018947554752230644
0.007983949035406113
0.006029346026480198
-0.0006669207941740751
-0.017776066437363625
0.005596404895186424
-0.011160975322127342
-0.0061598652973771095
-0.006914329249411821
0.007582841906696558
-0.009893985465168953
0.011339245364069939
0.011377446353435516
-0.02640942670404911
-0.01112914178520441
0.006319034844636917
0.005182563792914152
0.01731765642762184
0.0029398633632808924
0.009473777376115322
-0.01461813971400261
-0.016502708196640015
0.029872959479689598
0.006484571378678083
-0.010263258591294289
0.005698273424059153
-0.04240279272198677
0.003027406521141529
0.011071840301156044
-0.015000146813690662
0.024881398305296898
0.0030496902763843536
-0.015547690913081169
-0.0010974747128784657
-0.011479314416646957
0.004727338440716267
0.04107850044965744
-0.008315022103488445
-0.02434658817946911
-0.011778553947806358
-0.013039177283644676
-0.012829073704779148
0.018616480752825737
-0.005071145016700029
-0.0052812485955655575
0.0013529419666156173
0.0007397409062832594
-0.00865882821381092
-0.03751310333609581
0.024028249084949493
-0.025301607325673103
-0.030254965648055077
-0.012096893042325974
-0.00346034811809659
0.02719890885055065
-0.01950783096253872
0.019889838993549347
-0.0055136363953351974
-0.014872811734676361
-0.009308240376412868
-0.005733290687203407
-9.321371908299625e-05
0.006376335863023996
0.016400840133428574
-0.0010226649465039372
0.0161843691021204
-0.0011905889259651303
0.004214812070131302
-0.002061246894299984
-0.002352527342736721
-0.001964153489097953
-0.016413573175668716
-0.0265112966299057
-0.03028043359518051
0.009524711407721043
0.010931771248579025
-0.002435295609757304
0.0009279590449295938
-0.015229351818561554
-0.01701205223798752
0.026765966787934303
-0.015878763049840927
-0.007022564765065908
-0.0045427014119923115
-0.0014810735592618585
-0.0043039470911026
0.0016115925973281264
-0.026129288598895073
0.022602088749408722
-0.005456335376948118
-0.0097284484654665
0.0033552960958331823
-0.010104089044034481
-0.01960970088839531
0.005265331827104092
0.036061473190784454
-0.014872811734676361
0.0016760563012212515
0.009499244391918182
0.021239597350358963
0.010868103243410587
0.004459933377802372
-0.028497733175754547
-0.0006175782182253897
0.021545203402638435
-0.007671976927667856
-0.006471837870776653
-0.014045129530131817
-0.0019211776088923216
-0.01707571931183338
0.004418549127876759
-0.010766234248876572
-0.021825341507792473
0.006627824157476425
-0.006876128725707531
0.00045084801968187094
-0.013637655414640903
0.0009685473050922155
-0.0038264382164925337
-0.01026962511241436
-0.0021487902849912643
0.004074743017554283
0.025008734315633774
-0.014758209697902203
-0.006226716563105583
0.008213154040277004
-0.022945895791053772
0.024639461189508438
-0.008620628155767918
0.033336490392684937
0.007907547987997532
-0.004708237946033478
-0.04265746474266052
0.005688723176717758
0.027122506871819496
-0.023060498759150505
0.006646924186497927
-0.012631703168153763
0.006299934349954128
0.0028157110791653395
0.01623530313372612
0.036749087274074554
-0.007913914509117603
-0.015051081776618958
0.0039060229901224375
0.027173440903425217
0.026001952588558197
-0.013523053377866745
0.015445821918547153
-0.02038644813001156
0.013293848372995853
-0.0005857442738488317
0.010919037275016308
-0.030942577868700027
-0.010460629127919674
-0.012364298105239868
0.06463561207056046
0.0047146049328148365
-0.0037564036902040243
-0.010403327643871307
-0.0018527345964685082
-0.00019916101882699877
-0.017839733511209488
-0.019011221826076508
-0.01405786257237196
0.0005921110860072076
0.028599601238965988
-0.006057996768504381
0.005434051621705294
-0.017967069521546364
-0.02312416583299637
0.016757380217313766
-0.006427270360291004
-0.0011698969174176455
0.019724301993846893
-0.009480143897235394
0.0024416623637080193
0.020946724340319633
0.028497733175754547
-0.013230180367827415
0.009486510418355465
-0.010142290033400059
-0.010912670753896236
0.004803739953786135
0.007379104848951101
-0.030204031616449356
0.012548934668302536
-0.008429624140262604
-0.0068952287547290325
-0.015140216797590256
-0.020895790308713913
-0.02093399129807949
-0.01508928183466196
0.03198673203587532
-0.018807485699653625
0.0016489975387230515
-0.009804850444197655
0.003641801420599222
0.010861736722290516
0.01019322406500578
-0.019940773025155067
0.022818559780716896
0.021939944475889206
-0.037003759294748306
-0.020284580066800117
-0.009983120486140251
0.0015646376414224505
0.013204713352024555
0.026664098724722862
0.003839171724393964
-0.024868665263056755
0.038811925798654556
-0.007169000804424286
-0.009308240376412868
-0.03147738799452782
-0.006525955628603697
-0.011186442337930202
-0.012065058574080467
0.0031165415421128273
0.029108945280313492
-0.001530416077002883
0.0026231156662106514
0.006026162765920162
-0.008493292145431042
0.016935650259256363
-0.00702893128618598
-0.023926381021738052
0.0017317656893283129
-0.011135508306324482
0.038226183503866196
-0.019444163888692856
0.017916135489940643
-0.008124019019305706
-0.02303503081202507
0.01065799966454506
0.01137107890099287
0.026638630777597427
-0.017088452354073524
0.01819627359509468
-0.0077292779460549355
-0.02821759507060051
-0.026383960619568825
0.013039177283644676
-0.04138410836458206
-0.0027393095660954714
0.014579939655959606
0.002481454750522971
0.0037627704441547394
0.03845538571476936
-0.0050806947983801365
-0.00042378916987217963
-0.008213154040277004
-0.0025514892768114805
-0.022653022781014442
0.00016165667329914868
-0.014274333603680134
0.038811925798654556
-0.012663536705076694
-0.0073600043542683125
-0.009543811902403831
0.0038487219717353582
-0.04815836623311043
0.026638630777597427
0.025709081441164017
0.0394231379032135
0.016197102144360542
0.0018097588326781988
0.004797372967004776
0.032394204288721085
-0.01887115277349949
0.016795581206679344
-0.032929014414548874
-0.013217447325587273
-0.03389676660299301
0.006857028231024742
-0.02157066948711872
-0.013191980309784412
-0.01608250103890896
-0.007309069857001305
0.03364209458231926
-0.0028570950962603092
0.003960140515118837
0.010899936780333519
-0.01916402578353882
-0.024868665263056755
0.005564570892602205
0.007551007904112339
-0.004752805456519127
0.0017015235498547554
-0.004358064848929644
-0.0022092745639383793
0.012517101131379604
0.011402913369238377
-0.0029462301172316074
-0.031324587762355804
-0.002261800691485405
0.02269122377038002
-0.009906718507409096
0.02283129282295704
-0.0037564036902040243
-0.00806671753525734
0.0019243609858676791
-0.008773431181907654
0.007691076956689358
-0.020755721256136894
-0.01857828162610531
0.01638810709118843
-0.002903254237025976
-0.01671917922794819
-0.006369969341903925
-0.007818412967026234
-0.04826023429632187
0.0038805559743195772
0.008378690108656883
-0.017483193427324295
0.002306368201971054
-0.008423257619142532
-0.0049151587300002575
-0.028676003217697144
-0.035042788833379745
-0.016057033091783524
0.01575142703950405
-0.013726790435612202
0.0008117652032524347
0.015356686897575855
-0.031095381826162338
0.007671976927667856
0.003947407007217407
-0.0013887551613152027
-0.02620569057762623
-0.0216088704764843
0.005863809492439032
-0.02073025517165661
-0.009034468792378902
-0.0009956060675904155
0.009843050502240658
0.0140323955565691
0.005828792229294777
0.021901743486523628
-0.05541650205850601
-0.006067547015845776
0.2198323756456375
-0.03741123154759407
0.007907547987997532
0.00865882821381092
-0.01249163318425417
0.006780626717954874
0.03285261616110802
0.004138410557061434
-0.015687759965658188
-0.005300349090248346
-0.001251073437742889
-0.03221593424677849
-0.02689330279827118
0.010562497191131115
0.0028348113410174847
-0.02103585936129093
-0.03809884563088417
-0.012778138741850853
0.013370250351727009
-0.01859101466834545
0.017788799479603767
0.016031567007303238
-0.003609967418015003
-0.003676818683743477
0.015000146813690662
0.004479033872485161
-0.005017027258872986
0.010778968222439289
0.032496076077222824
0.004635020159184933
-0.010167757049202919
-0.0033743963576853275
-0.02288222871720791
0.002411419991403818
-0.01887115277349949
0.0022506588138639927
0.03751310333609581
-0.033718496561050415
0.010479729622602463
0.02811572514474392
0.02938908338546753
-0.03705469146370888
-0.00228090095333755
-0.028777871280908585
-0.010346027091145515
0.06392253190279007
-0.003921939991414547
-0.008455091156065464
-0.006850661244243383
0.0008905541617423296
-0.003571766894310713
0.034991852939128876
0.030305899679660797
0.007455505896359682
0.014605406671762466
0.0190239567309618
-0.00853149313479662
-0.00015270337462425232
0.017725132405757904
-0.00534173334017396
0.008327756077051163
0.026434894651174545
0.005726923700422049
0.02811572514474392
-0.014529004693031311
0.018947554752230644
-0.004348514601588249
-0.015102015808224678
-0.017865201458334923
-0.01966063492000103
0.010346027091145515
-0.01178492046892643
-0.007977582514286041
0.014936479739844799
-0.02122686430811882
-0.013433918356895447
0.020259112119674683
0.003453981364145875
0.007041665259748697
0.04023808613419533
-0.01868014968931675
-0.017037518322467804
-0.02098492532968521
-0.01912582479417324
0.016655512154102325
-0.002923946361988783
0.012631703168153763
-0.016489975154399872
-0.015229351818561554
-0.026078354567289352
-0.000366090185707435
-0.0026629080530256033
-0.005523186642676592
-0.005411767866462469
0.013217447325587273
0.014911011792719364
-0.0026167489122599363
0.011498414911329746
-0.004466300364583731
-0.0073600043542683125
-0.019571499899029732
0.00921910535544157
0.010104089044034481
0.00965841393917799
-0.018807485699653625
0.013268381357192993
-0.027631850913167
-0.010104089044034481
-0.0021296897903084755
-0.03007669560611248
0.01573869399726391
-0.0173049233853817
0.013548520393669605
-0.016744647175073624
-0.027402644976973534
0.008270454593002796
0.009970386512577534
-0.006844294723123312
0.026791434735059738
0.008079451508820057
-0.011218276806175709
0.01701205223798752
-0.007487339898943901
0.02923627942800522
-0.00561232166364789
-0.018960287794470787
-0.06825194507837296
0.01785246655344963
-0.026231156662106514
-0.0026947420556098223
-0.00585744297131896
-0.028548667207360268
0.04416002705693245
0.006793360225856304
-0.004657303914427757
0.0016792397946119308
1.1266226465522777e-05
-0.00015708054706919938
0.0032502440735697746
0.009435576386749744
0.02596375159919262
-0.018552813678979874
-0.0033330123405903578
-0.019915305078029633
0.014414402656257153
-0.024588527157902718
0.001465156557969749
0.012574401684105396
-0.02415558509528637
-0.018616480752825737
-0.002962147118523717
-0.04566258564591408
-0.006844294723123312
-0.02064112015068531
0.004580902401357889
0.02699517086148262
-0.02067931927740574
0.002191765932366252
0.0031658841762691736
0.022996829822659492
-0.024091918021440506
-0.01280997321009636
0.026129288598895073
-0.008964434266090393
-0.0017938418313860893
-1.597913978912402e-05
-0.15799815952777863
-0.0021599321626126766
-0.006837927736341953
0.0032295521814376116
0.001917994231916964
-0.00403335876762867
0.030000293627381325
0.023264234885573387
-0.008576060645282269
-0.0006080280290916562
-0.005937027744948864
0.0017779249465093017
-0.040976632386446
-0.013013710267841816
-0.01696111634373665
0.0022936344612389803
-0.011186442337930202
0.0017413159366697073
0.031808461993932724
0.015713227912783623
0.01564955897629261
-0.0105433976277709
-0.02630755864083767
0.0029334966093301773
-0.005001110024750233
-0.012542568147182465
-0.003673635423183441
0.0021869908086955547
-0.015560423955321312
-0.010460629127919674
-0.004978826269507408
0.022754892706871033
0.025097869336605072
-6.282226968323812e-05
-0.01562409196048975
0.012332463636994362
0.004351697862148285
0.007621042430400848
-0.012644436210393906
0.01328111533075571
-0.0020564717706292868
0.012599868699908257
0.0023891364689916372
-0.0003081922186538577
0.019864371046423912
0.0019625616259872913
0.029159879311919212
-0.013293848372995853
0.040034350007772446
-0.013408450409770012
0.022729424759745598
-0.004736888688057661
0.0023891364689916372
0.00044089992297813296
0.012236962094902992
0.011842221952974796
0.016222570091485977
0.006280834320932627
0.0022395169362425804
-0.0064559206366539
0.0035208326298743486
-0.01019959058612585
-0.008690662682056427
0.0210867952555418
0.040671028196811676
-0.012065058574080467
-0.022576622664928436
0.023009562864899635
-0.03173206001520157
0.006427270360291004
-0.003622701158747077
-0.03147738799452782
0.02098492532968521
-0.008009416051208973
-0.008779797703027725
0.010263258591294289
-0.011160975322127342
0.05052681267261505
0.0031993098091334105
-0.007888447493314743
-0.015382153913378716
0.04698687791824341
-0.003960140515118837
0.0078056794591248035
-0.009938552975654602
-0.014796409755945206
-0.01019959058612585
0.014872811734676361
0.007843879982829094
0.0042498293332755566
0.01564955897629261
-0.042479194700717926
-0.01328111533075571
0.0007524744723923504
0.008518759161233902
0.015916964039206505
0.006398619618266821
-0.015152949839830399
0.009295507334172726
0.003937856759876013
0.003543116385117173
0.005465885624289513
-0.019240425899624825
-0.006108930800110102
0.024588527157902718
-0.018298141658306122
0.008639728650450706
0.010517929680645466
0.016057033091783524
0.016298972070217133
-0.02572181448340416
0.008416891098022461
0.019253160804510117
0.028446799144148827
0.014197932556271553
0.003188167931511998
-0.00911723729223013
-0.009569278918206692
-0.0004349310474935919
0.010842636227607727
0.04181705042719841
-0.02004264108836651
-0.009652047418057919
0.0043453313410282135
-0.013077378273010254
-0.027453580871224403
-0.09315881133079529
-0.034889984875917435
0.014261599630117416
0.02587461657822132
0.0031977181788533926
0.024868665263056755
-0.008321388624608517
-0.008964434266090393
-0.005153913050889969
0.02141786739230156
-0.04347241297364235
-0.01019322406500578
-0.004612736403942108
0.01859101466834545
-0.006538689136505127
0.030484169721603394
0.00407155929133296
0.0008714537834748626
-0.03634161129593849
0.012377031147480011
0.003145192051306367
0.010065888054668903
-0.009518344886600971
-0.008264088071882725
-0.0018065754557028413
0.0046827709302306175
-0.03076430782675743
0.021557936444878578
0.036316145211458206
0.0018272674642503262
-0.01692291721701622
-0.005494535900652409
-0.007907547987997532
-0.011816754005849361
0.03221593424677849
-0.01663004420697689
-0.020666586235165596
0.0009295507334172726
0.02069205418229103
-0.021519735455513
0.013370250351727009
0.021825341507792473
-0.004090659786015749
-0.03310728445649147
0.01007862202823162
-0.014860077761113644
-0.00870339572429657
0.009760282933712006
-0.0009987895609810948
-0.022996829822659492
-0.019405962899327278
-0.037971511483192444
-0.05241138115525246
-0.00045602102181874216
0.016018832102417946
0.018183540552854538
-0.006869761738926172
0.008073084056377411
-0.019304094836115837
-0.027555448934435844
0.021494269371032715
-0.0070989662781357765
-0.02327696792781353
0.01985163800418377
0.019202224910259247
-0.00701619777828455
-0.03119724988937378
0.00027954168035648763
0.016935650259256363
0.008085818029940128
0.013179246336221695
0.014414402656257153
0.007742011453956366
-0.000622353283688426
-0.0172157883644104
0.02102312631905079
-0.019495097920298576
-0.022041812539100647
0.0025101052597165108
-0.0002226385404355824
-0.018654681742191315
-0.004074743017554283
-0.025645412504673004
-0.019431430846452713
0.01325564831495285
0.02062838524580002
0.012198761105537415
0.007207201328128576
-0.0021249146666377783
-0.012014124542474747
-0.0032295521814376116
0.0211759302765131
-0.0025180638767778873
0.014083330519497395
0.019011221826076508
0.011453847400844097
-0.007786578964442015
-0.007137166801840067
0.0033743963576853275
0.01995350606739521
-0.029669221490621567
0.011332878842949867
-0.05852349475026131
0.006096197292208672
0.0027886522002518177
-0.013128312304615974
-0.009492877870798111
-0.023735377937555313
0.02597648650407791
-0.027402644976973534
0.0065577891655266285
0.010689833201467991
-0.012644436210393906
0.009989487007260323
-0.02661316469311714
-0.0026581331621855497
-0.008588793687522411
-0.02317509986460209
0.029872959479689598
-0.0062967510893940926
0.011180075816810131
0.012542568147182465
0.019826170057058334
-0.023608041927218437
0.019278626888990402
0.02933814935386181
0.003291628323495388
0.007398204877972603
-0.007735644467175007
0.0058192419819533825
-0.0032263686880469322
0.0040397257544100285
0.0069588967598974705
-0.030636973679065704
0.010346027091145515
0.0060898307710886
-0.010823535732924938
-0.021150462329387665
-0.0037309364415705204
0.02865053527057171
0.01985163800418377
0.06626550853252411
-0.0020469215232878923
-0.014770942740142345
0.04084929823875427
-0.004568168893456459
-0.027351710945367813
-0.009798482991755009
0.019087623804807663
-0.0029000709764659405
0.020424649119377136
-0.010021320544183254
0.025148803368210793
0.018107138574123383
0.015216617844998837
-0.009231839329004288
-0.01804347150027752
0.003931490238755941
0.02034824714064598
0.006723325699567795
0.004924708977341652
0.007722910959273577
0.03771683946251869
-0.0023175100795924664
0.0030687907710671425
0.012166927568614483
-0.005736473947763443
-0.02508513629436493
0.00914270430803299
0.002073980402201414
-0.020551985129714012
-0.011995024047791958
0.015000146813690662
0.0015057448763400316
0.00870339572429657
0.0076974439434707165
0.01613343507051468
-0.005644155666232109
0.0005551041103899479
-0.027504514902830124
-0.021698005497455597
0.02225828357040882
-0.006748792715370655
0.01578962802886963
-0.01692291721701622
0.0035240158904343843
0.019826170057058334
0.00754464091733098
0.0058192419819533825
-0.015242084860801697
-0.024754062294960022
0.012943675741553307
-0.012797239236533642
0.012001391500234604
0.014388935640454292
0.005723740439862013
-0.00975391548126936
0.010874469764530659
0.011027272790670395
-0.016757380217313766
0.011797654442489147
0.0172157883644104
0.03545026481151581
-0.005036127753555775
-0.01794160157442093
-0.03213953599333763
-0.014643607661128044
0.010836269706487656
-0.026154756546020508
-0.03848085179924965
-0.01249163318425417
0.02406645007431507
-0.006914329249411821
0.002591281896457076
0.02167253941297531
0.015458555892109871
-0.025403475388884544
-0.011485681869089603
0.005414951127022505
-0.021163195371627808
-0.025505343452095985
0.01589149795472622
-0.012090526521205902
0.034100502729415894
0.04347241297364235
0.00023676484124734998
0.004596819169819355
-0.015254818834364414
0.03901566192507744
0.01926589384675026
-0.006685125175863504
0.014707274734973907
-0.006685125175863504
-0.007952115498483181
-0.0243593230843544
-0.01711392030119896
-0.019635166972875595
-0.005523186642676592
0.03422784060239792
0.026536762714385986
-0.016018832102417946
0.07624862343072891
0.00900263525545597
-0.032292336225509644
0.01442713662981987
0.008308655582368374
0.01643904112279415
-0.00503931101411581
-0.0014341184869408607
0.0028634618502110243
0.008735230192542076
0.01687198132276535
-0.026969704777002335
-0.000340225116815418
-0.03955047205090523
-0.005278065335005522
-0.010549764148890972
-0.0015216617612168193
0.03634161129593849
-0.0193677619099617
0.0021694821771234274
0.03664721921086311
-0.002432112116366625
0.0030449153855443
0.006373152602463961
-0.023709909990429878
0.01823447458446026
0.023888180032372475
-0.007958482019603252
-0.01663004420697689
-0.029108945280313492
0.007570108398795128
0.008181319572031498
-0.044822171330451965
-0.017394058406352997
-0.014834610745310783
-0.018718350678682327
0.026791434735059738
-0.019380494952201843
0.007786578964442015
0.0008897582883946598
0.014707274734973907
0.009149070829153061
-0.031324587762355804
-0.0543978177011013
-0.03708016127347946
0.01171488594263792
-0.04377801716327667
0.0069588967598974705
-0.030331367626786232
