0.008860034868121147
-0.024471785873174667
0.014739123173058033
0.005805838853120804
-0.03284136578440666
0.009216729551553726
-0.03798795863986015
-3.687368371174671e-05
-0.018484415486454964
-0.02495587058365345
-0.014497080817818642
0.017707331106066704
-0.001027885009534657
0.024344393983483315
0.0029713918920606375
0.00996833574026823
0.03870134428143501
-0.0019761507865041494
0.02572021633386612
-0.003515987889841199
-0.013337823562324047
0.007070193067193031
-0.005487361457198858
-0.018560849130153656
-0.02736355923116207
0.004703907761722803
0.025096001103520393
-0.02929989993572235
0.011433330364525318
-0.01761815696954727
-0.006898215506225824
-0.004452310968190432
-0.00039988788194023073
-0.028994161635637283
-0.002621066989377141
0.0054013729095458984
0.0013169030426070094
0.015197730623185635
0.00438224570825696
0.014318733476102352
0.0148155577480793
0.00605106633156538
0.0014419053914025426
-0.005898197181522846
-0.00478989677503705
0.010713571682572365
-0.005258058197796345
-9.449815115658566e-05
-0.034548401832580566
0.02802599035203457
0.023299789056181908
0.02303226850926876
-0.01091739721596241
-0.010987462475895882
-0.03780961036682129
-0.016892028972506523
-0.020943058654665947
-0.011426961049437523
0.004649766720831394
-0.024280698969960213
0.014777340926229954
-0.006213489454239607
-0.011707221157848835
0.012637173756957054
0.002512784907594323
0.020064061507582664
-0.02723616734147072
0.002667246386408806
-0.010592550970613956
0.0005780360661447048
0.023223355412483215
0.019210543483495712
0.0034236295614391565
-0.0011274091666564345
0.04369506612420082
0.016229595988988876
-0.02723616734147072
-0.03169484809041023
0.010274073109030724
0.02889224886894226
-0.0010485860984772444
-0.0071975840255618095
-0.025580085813999176
0.0015884048771113157
0.0024570513051003218
0.0020414385944604874
0.009656228125095367
0.025146957486867905
0.0004936396144330502
-0.0150448614731431
-0.015121296048164368
0.0069173239171504974
0.0123123275116086
0.016280552372336388
-0.013401519507169724
0.014344211667776108
0.002141759032383561
0.007082932163029909
-0.012407870963215828
-0.04298168048262596
-0.012350544333457947
0.005455513950437307
-0.015516207553446293
-0.00625170674175024
-0.03666309267282486
0.025656521320343018
-0.023083224892616272
-0.008452383801341057
0.025834867730736732
-0.02853555418550968
0.007375931367278099
0.032127976417541504
0.0008113206131383777
-0.0148155577480793
0.017643636092543602
-0.02425522170960903
-0.0019681889098137617
-0.012465196661651134
-0.005076526198536158
-0.012204045429825783
0.026000475510954857
0.004627473186701536
0.013133998028934002
-0.0037898782175034285
0.030191635712981224
0.009509728290140629
-0.03737648203969002
2.5117398763541132e-05
-0.03036998212337494
-0.004640212282538414
-0.022089576348662376
-0.006114761810749769
0.013465214520692825
0.0005115539534017444
0.004159311763942242
-0.0007611604523845017
-0.010070248506963253
0.01631877012550831
-0.03080311231315136
-0.027592862024903297
0.01755446195602417
0.01605124957859516
-0.013528910465538502
-0.026726603507995605
-0.0034236295614391565
0.013184954412281513
0.029783984646201134
0.04130011796951294
0.01594933681190014
0.01596207544207573
0.039924297481775284
-0.029376333579421043
0.012331436388194561
-0.006391836795955896
0.03039546124637127
-0.009847314096987247
0.003151331562548876
0.021197840571403503
0.014204082079231739
-0.013821909204125404
0.0034395535476505756
-0.012618065811693668
-0.00820397213101387
0.0013726366451010108
0.011350526474416256
0.0120830237865448
0.02761833928525448
0.017019420862197876
0.01540155615657568
-0.009840944781899452
0.006038327235728502
0.033784057945013046
-0.033019714057445526
0.02186027355492115
-0.019019456580281258
0.02419152669608593
0.002401317935436964
0.02379661425948143
-0.003273945301771164
-0.01564359851181507
-0.02761833928525448
0.01909589022397995
0.007745364680886269
0.019974887371063232
-0.02454821951687336
0.024038657546043396
0.018955761566758156
0.0032707606442272663
0.0004203898715786636
0.005267612170428038
0.02141440473496914
0.013911082409322262
-0.00213857414200902
0.006541521288454533
-0.6530565619468689
-0.010267703793942928
-0.022802965715527534
-0.0005047863232903183
-0.0035892378073185682
0.0024299807846546173
0.01983475871384144
0.030599286779761314
-0.004359952639788389
-0.022115055471658707
-0.005025569815188646
0.009471511468291283
0.006560629699379206
-0.00029240184812806547
-0.019286977127194405
-0.023618265986442566
0.00797466840595007
-0.021580012515187263
0.016892028972506523
-0.02384757064282894
-0.012382392771542072
0.028917726129293442
-0.009356859140098095
0.020904840901494026
-0.007216692436486483
0.007388670463114977
0.0018089503282681108
0.010063878260552883
0.012942912057042122
0.016216857358813286
-0.010446051135659218
0.03482866287231445
0.006401391234248877
0.024000439792871475
0.05538954958319664
0.015299643389880657
-0.016930246725678444
0.02222970686852932
0.029809463769197464
0.02774573117494583
-0.0029777614399790764
-0.0071020410396158695
0.014369689859449863
0.0048185596242547035
0.03149102255702019
0.002213416388258338
0.029860420152544975
-0.045478541404008865
-0.004219822585582733
0.03561848774552345
0.003398151369765401
0.006487379781901836
0.01988571509718895
-0.00996833574026823
0.017656374722719193
-0.00899379514157772
0.00782816857099533
-4.1650841012597084e-05
0.004238930996507406
0.012579848058521748
-0.010076617822051048
0.005509654991328716
-0.03347831964492798
-0.008089319802820683
-0.005366340279579163
0.028739379718899727
-0.01601303182542324
-0.004417278338223696
0.011076635681092739
-0.029809463769197464
0.01638246513903141
0.034140750765800476
-0.006022403482347727
-0.03518535941839218
0.014293255284428596
0.002320106141269207
0.029350856319069862
-0.003468216396868229
-0.020815668627619743
0.008522449061274529
0.002197492402046919
-0.032917801290750504
-0.022064099088311195
0.025898562744259834
0.010637137107551098
-0.04570784419775009
-0.008496970869600773
-0.0021704218816012144
0.004614734090864658
0.026064172387123108
-0.011847350746393204
0.002178383758291602
-0.004802635870873928
-0.01717228814959526
-0.0013543241657316685
0.03732552379369736
0.0003586849197745323
-0.009337750263512135
-0.003027125494554639
-0.02228066325187683
0.00175958639010787
-0.012560739181935787
0.00438224570825696
-0.01402573473751545
0.0043440284207463264
-0.009688075631856918
0.014739123173058033
4.319346771808341e-05
0.0476696640253067
-0.03712169826030731
0.014726384542882442
-0.0020589549094438553
-0.02142714336514473
-0.0010907843243330717
-0.035312749445438385
-0.02815338224172592
0.018624544143676758
0.011834611184895039
0.009070229716598988
-0.024331655353307724
0.01984749734401703
-0.004379061050713062
-0.0012842591386288404
-0.013528910465538502
-0.017669113352894783
0.03273945301771164
-0.02815338224172592
0.011446069926023483
-0.024815741926431656
-0.007299496792256832
0.0061561637558043
-0.012184936553239822
0.02267557382583618
-0.01564359851181507
0.009395076893270016
-0.013528910465538502
0.022000402212142944
-0.009344120509922504
0.006512857973575592
-0.004987352527678013
-0.03401336073875427
-0.02929989993572235
-0.0007898233598098159
-0.002007998526096344
-0.026650169864296913
-0.025669259950518608
-0.011936523951590061
-0.005917305592447519
-0.02414057031273842
0.01031866017729044
-0.020025843754410744
-0.008159385062754154
-0.053962770849466324
-0.019681889563798904
-0.007165736518800259
-0.005579719785600901
-0.0060478816740214825
-0.0075861262157559395
-0.03602613881230354
-0.016114944592118263
0.019796540960669518
-0.00011465178249636665
-0.005738958716392517
0.029096074402332306
-0.01952902041375637
0.01167537271976471
0.00466569047421217
0.009235837496817112
-0.020000366494059563
-0.05875266715884209
-0.0015255056787282228
0.003197510726749897
-0.001636972650885582
0.03365666791796684
0.016892028972506523
0.011261352337896824
-0.029860420152544975
0.005668893456459045
-0.01229321863502264
-0.013172215782105923
-0.012178567238152027
0.010165791027247906
-0.014713644981384277
-0.0156690776348114
-0.002071694005280733
-0.0009785210713744164
0.016471639275550842
0.0006481010350398719
-0.003649748396128416
0.02101949229836464
0.018216894939541817
0.00312585337087512
-0.013554388657212257
0.011089375242590904
-0.00389816053211689
0.017388854175806046
0.011471547186374664
-0.007318605203181505
0.0241660475730896
0.015159512870013714
0.023554570972919464
-0.015770988538861275
0.043134547770023346
-0.029121551662683487
-0.0012126017827540636
-0.008898251689970493
0.006624325178563595
-0.008949208073318005
0.06486742943525314
0.010624398477375507
0.014140386134386063
-0.017834721133112907
-0.04160585626959801
-0.023529093712568283
0.0008057472296059132
0.02294309437274933
0.01752898283302784
-0.002259595552459359
-0.029733028262853622
0.00527398195117712
-0.0024124644696712494
-0.022013142704963684
-0.0030605655629187822
0.004710277542471886
-0.020828407257795334
0.028739379718899727
-0.012605326250195503
-0.009025642648339272
0.006181641947478056
-0.019337933510541916
0.00351917278021574
0.002012775745242834
-0.016522595658898354
0.028917726129293442
0.017337897792458534
0.009860052727162838
0.004541484639048576
-0.009146664291620255
0.03559300675988197
-0.012420609593391418
0.010834593325853348
0.029401812702417374
0.0016465269727632403
0.005735773593187332
0.01643342152237892
-0.0029252127278596163
0.016981203109025955
-0.017630895599722862
-0.005633861292153597
0.0034395535476505756
-0.0008670540992170572
0.01347795408219099
-0.00506378710269928
-0.02881581522524357
-0.006331325974315405
-0.008312254212796688
0.002765974262729287
0.008617992512881756
0.011063897050917149
0.027108777314424515
-0.011579830199480057
-0.0052835363894701
-0.007344083394855261
0.008254928514361382
-0.008598883636295795
-0.003496879246085882
-0.0023710625246167183
-0.01596207544207573
-0.03164388984441757
-0.010051139630377293
-0.00564341526478529
-0.017643636092543602
0.005735773593187332
0.0027102406602352858
0.007560648024082184
0.006783563643693924
0.017248723655939102
0.005353601183742285
0.016191380098462105
0.005914120934903622
-0.037198133766651154
-0.036841437220573425
0.004668875131756067
0.007649821694940329
-0.018943022936582565
-0.013758214190602303
-0.013567127287387848
-0.010560702532529831
-0.01342699769884348
0.00671349884942174
1.6147787391673774e-05
-0.009777248837053776
-0.0010637138038873672
-0.006783563643693924
-0.008522449061274529
-0.006949171889573336
0.02965659461915493
-0.018089503049850464
0.013962038792669773
-0.0021115036215633154
0.0016911138081923127
-0.01072631124407053
-0.023974960669875145
0.002949098590761423
0.03123624064028263
0.03263754025101662
-0.02685399539768696
0.011102113872766495
0.02184753306210041
-0.03556752949953079
-0.007738995365798473
0.006442793179303408
-2.219387715740595e-05
0.0067453463561832905
-0.0025111925788223743
0.004984167870134115
0.016114944592118263
-0.0041943443939089775
0.02731260284781456
-0.00782816857099533
0.013936560600996017
-0.006700759753584862
-0.01791115663945675
0.0006162532954476774
0.058345016092061996
0.002697501564398408
-0.014407907612621784
0.025057783350348473
0.0032118421513587236
-0.02066279947757721
-0.009433293715119362
-0.02731260284781456
-0.0030048321932554245
-0.01828058995306492
-0.008707165718078613
-0.0012149903923273087
0.00770077807828784
0.011796394363045692
-0.004598810337483883
0.012535260990262032
-0.004398169927299023
-0.010216747410595417
-0.003773954464122653
-0.008153015747666359
0.014917470514774323
-0.009535206481814384
0.019707366824150085
0.024331655353307724
0.00351917278021574
-0.00701923668384552
0.03699430823326111
0.016713682562112808
-0.004213452804833651
-0.0318731963634491
0.0026178823318332434
-0.0002595589030534029
0.016879290342330933
0.0019379336154088378
-0.011318678967654705
0.014713644981384277
0.018407979980111122
0.03482866287231445
0.0006401391001418233
0.012535260990262032
0.04654862359166145
0.011911045759916306
0.007254909723997116
-0.017821982502937317
0.0014769379049539566
-0.027057820931077003
0.021529056131839752
0.038803257048130035
-0.0034777706023305655
-0.0261406060308218
0.003930008504539728
0.02267557382583618
-0.004955504555255175
0.010560702532529831
0.020191453397274017
-0.0012938134605064988
0.020420756191015244
0.03505796566605568
-0.023095963522791862
-0.013083042576909065
0.0071020410396158695
-0.03666309267282486
0.017745546996593475
-0.017847459763288498
-0.0014522558776661754
-0.012006589211523533
-0.001460217870771885
0.00761797372251749
-0.025962259620428085
5.030944157624617e-05
0.019210543483495712
-0.05335129424929619
-0.0041816052980721
0.0026242518797516823
0.0010963577078655362
0.018866587430238724
0.025580085813999176
-0.012465196661651134
-0.014828297309577465
0.02845912054181099
-0.017796503379940987
-0.012248631566762924
0.009127555415034294
-0.0277202520519495
-0.007770842872560024
0.019006717950105667
-0.013962038792669773
0.00351917278021574
0.0054969158954918385
0.023503614589571953
-0.01605124957859516
-0.015006644651293755
-0.010732680559158325
-0.013350563123822212
-0.028662946075201035
0.013032086193561554
0.011318678967654705
0.015732772648334503
0.005172069184482098
-0.029554681852459908
0.0036147157661616802
0.0031815869733691216
-0.000637352408375591
-0.010331399738788605
0.007363192271441221
0.012955651618540287
-0.01760541833937168
0.0005585293401964009
-0.013885604217648506
-0.0013192916521802545
0.024408090859651566
-0.004500082228332758
0.004340843763202429
9.275647607864812e-05
-0.00427714828401804
0.0043886154890060425
-0.017771026119589806
0.047032710164785385
0.01365630142390728
-0.01760541833937168
3.3912841900018975e-05
-0.03628091886639595
0.0023471766617149115
0.016649985685944557
-0.0016202526167035103
0.005716665182262659
0.0013352155219763517
-0.0130703030154109
0.004019181709736586
0.0056147524155676365
0.00020074013445992023
0.034089796245098114
-0.01987297460436821
-0.023631006479263306
-0.022000402212142944
0.003949116915464401
0.004449125844985247
0.009312272071838379
-0.0019634116906672716
-0.005723034963011742
-0.026038693264126778
-0.0006047085043974221
-0.0022962202783674
-0.019337933510541916
0.034089796245098114
-0.019681889563798904
-0.007649821694940329
-0.013541649095714092
0.011076635681092739
0.01343973632901907
-0.024662872776389122
-0.004356767516583204
0.004882255103439093
0.006688020657747984
-0.017350636422634125
-0.012955651618540287
-0.004668875131756067
-0.02065005898475647
0.016866551712155342
-0.01914684660732746
0.01789841614663601
-0.0120830237865448
-0.011070266366004944
-0.00731223588809371
-0.009108447469770908
0.0062389676459133625
-0.013223172165453434
-0.007751734461635351
-0.034166231751441956
0.025529129430651665
0.028178859502077103
0.00204303115606308
0.0019108629785478115
-0.023172399029135704
-0.019643671810626984
0.0342426635324955
-0.009923748672008514
-0.013834647834300995
-0.010764528065919876
-0.013745474629104137
-0.007624343503266573
0.018165938556194305
-0.02540173940360546
0.01171359047293663
-0.0101084653288126
-0.008758122101426125
0.033019714057445526
0.01866276189684868
-0.010630767792463303
-0.003074896987527609
0.05533859133720398
-0.01755446195602417
0.003019163617864251
-0.006054250989109278
0.01793663389980793
0.003930008504539728
0.01909589022397995
-0.028000513091683388
0.017006680369377136
0.028637466952204704
-0.006302663125097752
-0.005570165812969208
-0.022420791909098625
0.012344175018370152
-0.01324865035712719
0.013821909204125404
0.025146957486867905
-0.025159696117043495
0.025478173047304153
-0.011184917762875557
-0.0024936762638390064
-0.013796431012451649
0.0012476342963054776
0.00109556142706424
0.004977798089385033
0.00268476246856153
0.00024522742023691535
0.013719996437430382
-0.019197802990674973
-0.0039013454224914312
0.01761815696954727
-0.025248870253562927
0.03859943151473999
0.008707165718078613
0.031057894229888916
0.016229595988988876
-0.017337897792458534
-0.0296311154961586
-0.0009156218729913235
0.017681851983070374
-0.022395314648747444
0.02301952987909317
-0.008904621936380863
-0.0005716665182262659
-0.01596207544207573
-0.0015931820962578058
0.023541832342743874
-0.02340170182287693
0.002320106141269207
-0.0023471766617149115
0.022446271032094955
0.010700833052396774
-0.01798759028315544
0.01012757420539856
-0.003420444903895259
0.02769477479159832
-0.007242170628160238
0.0260769110172987
-0.018586328253149986
-0.012923803180456161
-0.007547908928245306
0.043491240590810776
0.0040542143397033215
0.009872792288661003
0.0031879565212875605
-0.01206391490995884
-0.008560665883123875
-0.010815484449267387
-0.009745401330292225
-0.014739123173058033
-0.010560702532529831
0.03238276019692421
-0.010344138368964195
-0.008350471034646034
-0.0020334767177700996
-0.029045118018984795
0.016548072919249535
-0.018917543813586235
-0.010032030753791332
0.024395350366830826
-0.004063768777996302
0.004060584120452404
0.013911082409322262
0.010821853764355183
-0.00566252414137125
0.003945932257920504
-0.007688038982450962
-0.018446197733283043
0.019681889563798904
-0.0033344558905810118
-0.026446344330906868
0.01751624420285225
-0.017860200256109238
-0.0013567127753049135
0.00036724397796206176
-0.032229889184236526
-0.024089613929390907
-0.00576762156561017
0.027771208435297012
-0.012146718800067902
-0.012044806964695454
-0.012917433865368366
-0.00782816857099533
0.03429362177848816
-0.005630676168948412
0.0025414477568119764
0.013630823232233524
0.027975033968687057
-0.03824273869395256
-0.012216784060001373
-0.028331728652119637
-0.006159348413348198
0.016293292865157127
0.01594933681190014
0.016624508425593376
-0.01987297460436821
0.02379661425948143
-0.017821982502937317
-0.028739379718899727
-0.004952319897711277
0.0013200878165662289
-0.009662597440183163
-0.017325157299637794
-0.0075096916407346725
0.02654825709760189
0.00624215230345726
-0.01877741329371929
-0.007789951749145985
-0.02533804439008236
0.00488543976098299
0.009509728290140629
-0.016866551712155342
-0.004156127106398344
-0.02143988385796547
0.023516355082392693
-0.018433459103107452
0.016548072919249535
-0.004910917952656746
-0.021707404404878616
0.004996906965970993
-0.001859906711615622
0.030675720423460007
-0.021121405065059662
-0.00036266588722355664
-0.0105670727789402
-0.021261535584926605
-0.0241660475730896
0.019605454057455063
0.0057771760039031506
-0.02188575081527233
-0.005783545318990946
0.0028599249199032784
0.02303226850926876
0.018509892746806145
-0.002273926977068186
0.0019283792935311794
-0.017630895599722862
-0.02029336616396904
-0.015376077964901924
-0.0049905371852219105
-0.012688130140304565
0.043058112263679504
0.0017341081984341145
-0.013325084932148457
-0.023108704015612602
0.004006442613899708
-0.028229815885424614
0.0022357096895575523
0.018497154116630554
0.027389036491513252
0.018509892746806145
-0.007719886489212513
0.008000146597623825
0.019974887371063232
-0.018586328253149986
0.007452365942299366
-0.039593081921339035
-0.0055415029637515545
-0.03268849849700928
0.0007416537264361978
-0.0071975840255618095
-0.0002898142265621573
-0.029147030785679817
-0.010388725437223911
0.06002657860517502
0.0038472041487693787
0.0071975840255618095
0.007248540408909321
-0.0014044842682778835
-0.017070375382900238
-0.011560721322894096
0.013885604217648506
0.002761197043582797
0.006200750358402729
0.006366358604282141
-0.017363375052809715
0.00457970192655921
-0.0017978036776185036
-0.01206391490995884
-0.028561033308506012
-0.010847331956028938
0.016624508425593376
-0.006974650081247091
0.03679048269987106
0.010770898312330246
-0.014407907612621784
0.009853683412075043
-0.018866587430238724
-0.003844019491225481
-0.020866625010967255
0.008885513059794903
0.02802599035203457
0.0032054726034402847
-0.01797485165297985
-0.015911119058728218
0.013363301753997803
-0.03205154091119766
-0.012044806964695454
0.012885586358606815
-0.006248522084206343
0.032204411923885345
-0.012770934961736202
-0.01605124957859516
-0.012898324988782406
-0.03169484809041023
-0.020853884518146515
0.018102241680026054
0.007713517174124718
0.008331363089382648
0.020994015038013458
-0.028408164158463478
0.015019383281469345
-0.0018853847868740559
-0.003398151369765401
-0.02346539869904518
-0.015885641798377037
-0.003195918397977948
-0.015745511278510094
-0.007611604407429695
-0.007567017339169979
-0.010114834643900394
0.02191122993826866
-0.007172105833888054
0.012770934961736202
-0.04084151238203049
0.009146664291620255
0.20127756893634796
-0.011274091899394989
-0.011630786582827568
0.01792389526963234
-0.015809206292033195
0.03434457629919052
0.03304519131779671
-0.017745546996593475
-0.010809115134179592
0.010216747410595417
0.0015382447745651007
-0.0062389676459133625
-0.011356895789504051
0.004930026363581419
0.010541594587266445
0.0008415759075433016
-0.027847643941640854
-0.0032245812471956015
0.013745474629104137
-0.009936487302184105
0.017299680039286613
0.013414258137345314
-0.0074905832298099995
-0.010560702532529831
0.03622996434569359
-0.0008455569040961564
0.0017181843286380172
-0.013108519837260246
0.03350379690527916
0.008465123362839222
-0.013025715947151184
0.02147809974849224
-0.0029188431799411774
-0.02266283519566059
-0.009044751524925232
-0.004949135240167379
0.021745620295405388
-0.006423684302717447
0.007866386324167252
-0.0014068728778511286
0.009178511798381805
-0.015745511278510094
0.007528800517320633
0.0040542143397033215
0.0009586162632331252
0.056816328316926956
0.0013957262272015214
-3.6475586966844276e-05
-0.008458754047751427
0.0002283083158545196
-0.01838250271975994
0.028280772268772125
0.03230632469058037
0.02490491420030594
0.003767584916204214
0.019210543483495712
0.005707110743969679
-0.008662578649818897
0.015745511278510094
-0.01642068289220333
0.002697501564398408
0.015337860211730003
-0.002896549878641963
0.020509930327534676
-0.0024188340175896883
0.023936744779348373
-0.024637393653392792
-0.01682833395898342
-0.00020482062245719135
-0.012210414744913578
-0.004070138093084097
-0.010853702202439308
-0.016522595658898354
-0.0002054177748505026
0.002073286334052682
-0.027592862024903297
0.023287050426006317
0.003828095505014062
0.0051848082803189754
0.04338932782411575
-0.015516207553446293
-0.01879015378654003
-0.029503725469112396
-0.009923748672008514
0.00653515150770545
-0.04127464070916176
0.02178383804857731
-0.025146957486867905
-0.010204008780419827
-0.020484451204538345
0.001883792458102107
0.00268476246856153
0.006719868164509535
-0.021210579201579094
0.017745546996593475
0.014344211667776108
0.0067899334244430065
0.013936560600996017
-0.019707366824150085
0.00011126796016469598
-0.014942948706448078
0.002886995440348983
0.008611622266471386
0.009783619083464146
-0.012770934961736202
0.015172252431511879
-0.03691787272691727
-0.002437942661345005
-0.0052262102253735065
-0.02303226850926876
0.007356822490692139
-0.0043121809139847755
-0.0014745492953807116
-0.017771026119589806
-0.026803039014339447
0.011669003404676914
0.017401592805981636
-0.0056147524155676365
0.015376077964901924
-0.012777304276823997
-0.022548183798789978
-0.006522412411868572
-0.017694590613245964
0.009885530918836594
-0.0020159604027867317
-0.009668966755270958
-0.04631932079792023
0.013834647834300995
-0.016255075111985207
-0.005837686359882355
0.022471748292446136
-0.03263754025101662
0.02723616734147072
0.027439992874860764
0.006009664386510849
0.005219840910285711
0.0019634116906672716
-0.02071375586092472
0.015439772978425026
0.016140423715114594
0.017019420862197876
-0.028382685035467148
-0.0033249016851186752
-0.005818577948957682
0.004280332941561937
-0.011860089376568794
0.007783581968396902
0.0016576736234128475
-0.0081976018846035
-0.007439626846462488
-0.001320884097367525
-0.03829369321465492
-0.026344431564211845
-0.025503652170300484
0.007770842872560024
0.018038546666502953
-0.01343973632901907
-0.007025606464594603
-0.008509710431098938
0.017771026119589806
-0.029376333579421043
0.004242116119712591
0.020433494821190834
0.0012436533579602838
0.009293164126574993
0.007719886489212513
-0.1590857207775116
0.007331344299018383
0.010439681820571423
0.0019888898823410273
0.009586162865161896
0.0006747735315002501
0.030293548479676247
0.017643636092543602
-0.004347213543951511
-0.015197730623185635
-0.004490528255701065
0.009809097275137901
-0.05350416526198387
-0.03388597071170807
-0.0018121351022273302
0.001012757420539856
-0.023159660398960114
0.00257966504432261
0.03039546124637127
0.016573552042245865
0.021720143035054207
-0.009764510206878185
-0.018981238827109337
0.00919125135987997
0.012439718469977379
0.009395076893270016
-0.013312345370650291
-0.007840908132493496
-0.008732643909752369
-0.008611622266471386
0.008535187691450119
0.01565633714199066
0.02881581522524357
0.00898105651140213
-0.008923729881644249
0.007261279504746199
-0.03169484809041023
0.004299441818147898
-0.024777524173259735
0.008031994104385376
0.014420646242797375
0.01640794426202774
0.014102169312536716
-0.0035892378073185682
0.011471547186374664
0.0015509838704019785
0.03480318561196327
-0.003449107753112912
0.026293475180864334
-0.001761178718879819
0.01952902041375637
0.009535206481814384
-0.0076052346266806126
-0.006611586082726717
0.0064555322751402855
0.011605308391153812
0.01421682070940733
0.0011504987487569451
0.015821944922208786
-0.001006387872621417
-0.0036656721495091915
-0.005143406335264444
-0.003767584916204214
0.02657373435795307
0.012586217373609543
-0.01643342152237892
-0.01789841614663601
0.019783802330493927
-0.04242115840315819
0.011669003404676914
-0.001250819070264697
-0.01444612443447113
0.008477861993014812
-0.0004108355497010052
-0.008688056841492653
-0.0012930172961205244
-0.02063732035458088
0.025974998250603676
-0.020458973944187164
-0.010165791027247906
-0.017057636752724648
0.04137655347585678
-0.003191141178831458
-0.00975814089179039
-0.0010820261668413877
-0.007395039778202772
-0.011395113542675972
0.010879180394113064
-0.004248485434800386
0.018637284636497498
0.001006387872621417
-0.04407723993062973
-0.012299587950110435
0.008140276186168194
0.0060446965508162975
0.019414369016885757
0.005930044688284397
0.0032357280142605305
-0.005907751619815826
0.0011361673241481185
0.016942985355854034
0.005321753676980734
-0.00782816857099533
-0.02500682696700096
0.027592862024903297
-0.00897468626499176
0.013694518245756626
0.008885513059794903
0.031083371490240097
-0.007840908132493496
-0.01907041296362877
0.0033726731780916452
0.014127647504210472
0.014598993584513664
0.0040542143397033215
0.0070574539713561535
0.008305884897708893
-0.006006479263305664
0.022025881335139275
-0.011121222749352455
0.05116017162799835
-0.00914029497653246
-0.015134034678339958
0.00919125135987997
0.009433293715119362
-0.02335074543952942
-0.10114835202693939
-0.01643342152237892
0.004273963626474142
0.034879621118307114
0.009293164126574993
0.02531256526708603
-0.017312418669462204
-0.0006405371823348105
-0.012446087785065174
0.005484176799654961
-0.035312749445438385
-0.003525542328134179
0.00952246692031622
0.00991100911051035
-0.012184936553239822
0.03126171976327896
0.005038308911025524
-0.008484232239425182
-0.02532530389726162
0.010573442094027996
0.013911082409322262
0.020853884518146515
-0.009955596178770065
0.007847277447581291
-0.0031354078091681004
0.006213489454239607
-0.031465545296669006
0.01380916964262724
0.018458936363458633
0.0005254873540252447
-0.02493039332330227
-0.006566999014467001
-0.004821744281798601
-0.008159385062754154
0.029503725469112396
-0.02411509118974209
-0.016293292865157127
0.004452310968190432
0.017006680369377136
-0.017083115875720978
0.009223098866641521
0.0091848811134696
0.01951628178358078
-0.02457369863986969
0.007025606464594603
-0.020064061507582664
-0.002453866647556424
0.011509764939546585
-0.00545232929289341
-0.040739599615335464
-0.049325745552778244
-0.013579866848886013
-0.03352927789092064
-0.006468271370977163
0.009356859140098095
0.014548037201166153
-0.011471547186374664
-0.0051848082803189754
-0.016293292865157127
-0.01988571509718895
0.007223062217235565
-0.010796376504004002
-0.020064061507582664
0.00936959870159626
0.014229560270905495
-0.01073904987424612
-0.0060988375917077065
-0.013962038792669773
0.005344046745449305
0.0036242702044546604
-0.005098819267004728
-0.002573295496404171
0.014280516654253006
-0.0021640523336827755
-0.008324992842972279
0.01829332858324051
-0.025057783350348473
0.0076816692017018795
-0.007363192271441221
-0.02268831431865692
-0.0040765078738331795
-0.009624379687011242
-0.018153198063373566
-0.027439992874860764
0.029478246346116066
0.005500100553035736
0.007713517174124718
0.0033249016851186752
-0.016548072919249535
-0.004627473186701536
-0.0038758672308176756
0.031414587050676346
0.018471674993634224
0.003595607355237007
0.00952246692031622
0.0032405052334070206
0.010433312505483627
-0.004535114858299494
-0.017809243872761726
0.01031866017729044
-0.03197510913014412
0.015197730623185635
-0.05630676448345184
0.0008646654896438122
0.01130593940615654
0.004777157679200172
-0.007611604407429695
0.003531911876052618
0.030268069356679916
-0.005700741428881884
-0.004961874336004257
0.025159696117043495
-0.003780324012041092
0.013885604217648506
-0.0019379336154088378
-8.603859896538779e-05
-0.021350709721446037
-0.008726274594664574
0.01680285483598709
-0.0016942985821515322
0.001613086904399097
0.006522412411868572
0.006274000275880098
-0.0014442940009757876
0.023121442645788193
0.012108501978218555
-0.019694628193974495
0.011363265104591846
0.001824874198064208
-0.0017293309792876244
-0.009993813931941986
0.011987480334937572
0.007350453175604343
-0.020828407257795334
-0.0030048321932554245
0.02137618698179722
-0.01600029319524765
-0.00020462158136069775
-0.010401464067399502
0.03676500543951988
0.018114982172846794
0.07465104758739471
-0.01592385768890381
-0.013592605479061604
0.03597518056631088
-0.007643451914191246
-0.027389036491513252
0.029350856319069862
-0.007783581968396902
0.006035142578184605
0.017325157299637794
0.005996925290673971
0.03166937083005905
0.023860309273004532
-0.003633824409916997
-0.02575843408703804
-0.007318605203181505
-0.0032707606442272663
0.015095817856490612
0.018968500196933746
-0.007006497588008642
-0.008936469443142414
0.03475222736597061
0.0020159604027867317
-7.98183391452767e-05
0.02540173940360546
-0.008847295306622982
-0.02143988385796547
-0.004595625679939985
-0.015159512870013714
-0.007286757696419954
-0.014395168051123619
-0.011420591734349728
0.011420591734349728
0.01245245710015297
0.008293145336210728
0.031440068036317825
-0.019962148740887642
-0.00409880094230175
-0.012153089046478271
-0.015681816264986992
0.018204154446721077
-0.013694518245756626
0.009305902756750584
-0.030522851273417473
0.015376077964901924
0.010325029492378235
-0.011159439571201801
0.006643433589488268
0.003726182971149683
-0.03312162682414055
0.024000439792871475
0.0060669900849461555
0.022713791579008102
0.0016146792331710458
0.0007631509215570986
-0.017669113352894783
-0.005353601183742285
0.0027389037422835827
-0.0191595871001482
0.013172215782105923
0.0007934062741696835
0.005624306853860617
-0.007121149450540543
0.013032086193561554
-0.019592715427279472
-0.026599213480949402
0.008293145336210728
-0.03406431898474693
-0.03903256356716156
-0.012949281372129917
0.029325377196073532
-0.012032067403197289
0.0010055917082354426
0.017261462286114693
0.005267612170428038
-0.02372017875313759
-0.006111576687544584
0.019758323207497597
-0.013337823562324047
-0.013133998028934002
0.020420756191015244
-0.010719941928982735
0.022752009332180023
0.032586585730314255
0.006796302739530802
0.00028145420947112143
-0.004101986065506935
0.03194962814450264
0.0037962477654218674
0.003273945301771164
0.02296857349574566
0.001106708194129169
0.00488543976098299
-0.006586107891052961
-0.004799450747668743
-0.01361808367073536
-0.009700814262032509
0.023516355082392693
0.024828480556607246
-0.012770934961736202
0.06970828026533127
-0.0008160977740772069
-0.011248613707721233
0.0025987736880779266
-0.01723598502576351
0.0167901162058115
-0.010751789435744286
-0.005261242855340242
-0.0034395535476505756
0.01866276189684868
0.016076726838946342
-0.015172252431511879
0.01759267970919609
-0.032127976417541504
-0.014153125695884228
-0.0018646838143467903
-0.01712133176624775
0.035720400512218475
-0.001357508939690888
0.025541869923472404
0.04749131575226784
-0.014356951229274273
0.018943022936582565
0.014904731884598732
-0.029503725469112396
0.012713608331978321
0.026267996057868004
-0.006289924029260874
-0.007337714079767466
-0.006219859234988689
-0.009688075631856918
0.0040956162847578526
-0.031414587050676346
-0.01631877012550831
0.007719886489212513
-0.00798740703612566
0.003455477301031351
-0.03541466221213341
-0.006216674577444792
0.014229560270905495
-0.010038400068879128
0.01710859313607216
-0.02335074543952942
-0.04030647128820419
-0.02500682696700096
0.0075415391474962234
-0.008274036459624767
0.0059045664966106415
-0.019720105454325676
