-0.004195385612547398
-0.004618449602276087
0.006602363660931587
-0.03115290030837059
-0.014332897961139679
0.0007896394818089902
-0.0447935126721859
-0.0024117857683449984
-0.006884406320750713
-0.018845582380890846
-0.0035543793346732855
0.01973017118871212
-0.01226244866847992
0.014345718547701836
-0.0049229273572564125
-0.0016826412174850702
0.035434823483228683
0.006666464265435934
0.015358508564531803
0.003059202106669545
-0.001265186001546681
0.022127533331513405
-0.004438967909663916
-0.01657642051577568
-0.027537625283002853
0.012679102830588818
0.023037761449813843
-0.029460644349455833
0.0019198135705664754
-0.010403530672192574
-0.0022515342570841312
-0.0033043869771063328
-0.0036665552761405706
-0.02676841802895069
-0.003397332737222314
0.008653583936393261
0.01694820448756218
0.016384117305278778
0.007711304351687431
0.04425506666302681
0.01086505502462387
-0.0015296010533347726
0.006967737339437008
0.000125897626276128
-0.006762615405023098
0.002064039930701256
-0.002448643557727337
-0.02590947039425373
-0.018512258306145668
0.005528678186237812
0.016384117305278778
0.019845550879836082
-0.02157626859843731
-0.0016858462477102876
-0.006185709498822689
-0.0189481433480978
-0.00732670072466135
0.0027563266921788454
-0.003791551571339369
-0.010961205698549747
0.013204727321863174
-0.002544794464483857
-0.015089285559952259
0.015973873436450958
0.005278686061501503
0.015666190534830093
-0.019666070118546486
-0.0005849181325174868
0.0003992266720160842
0.008499742485582829
0.022871101275086403
0.016525140032172203
-0.019473768770694733
-0.0030159340240061283
0.028922198340296745
-0.0010816979920491576
-0.001630559447221458
-0.02910168096423149
-0.010813774541020393
0.024960780516266823
-0.007249779999256134
-0.000525625073350966
-0.0035896345507353544
0.013538050465285778
0.010243278928101063
0.006387626752257347
0.001342908013612032
0.014755962416529655
0.0009070237283594906
-0.01588413305580616
-0.022178813815116882
0.017666131258010864
0.006211349740624428
0.023730048909783363
-0.008435641415417194
0.005246635526418686
-0.02469155751168728
0.013397029601037502
-0.032973356544971466
-0.03271695598959923
-0.01993529312312603
-0.004028724040836096
-0.02096090279519558
-0.004092824645340443
-0.04220384731888771
0.02107628434896469
-0.01125606894493103
-0.0011017293436452746
0.03176826611161232
-0.030511895194649696
0.001533607253804803
0.045126836746931076
0.0016185406129807234
-0.026922259479761124
0.01267269253730774
-0.005371632054448128
0.018114835023880005
-0.02579408884048462
-0.011595802381634712
-0.010486861690878868
0.022819820791482925
0.0027755568735301495
0.009198438376188278
0.0005292307469062507
0.016922563314437866
0.018973782658576965
-0.021435247734189034
-0.0012483595637604594
-0.036409150809049606
-0.004179360345005989
-0.010653522796928883
-0.01383291371166706
0.004019108600914478
0.01132016908377409
-0.01111504714936018
0.0027803643606603146
-0.019127624109387398
0.024306954815983772
-0.02308904379606247
-0.011057356372475624
0.019704530015587807
0.007756175007671118
-0.007525412831455469
-0.028793998062610626
-0.018486618995666504
0.01728152669966221
0.02534538507461548
0.028101710602641106
-0.005288301035761833
0.00227717449888587
0.026229973882436752
-0.02951192483305931
0.012531670741736889
-0.014550840482115746
0.027076100930571556
0.005650469567626715
0.023319805040955544
0.02473001927137375
0.01855071820318699
-0.0022355089895427227
-0.016217457130551338
-0.020525017753243446
0.01842251792550087
-0.0034806635230779648
0.01976863108575344
0.019422488287091255
0.016025153920054436
0.012403469532728195
0.024512076750397682
-0.000761595496442169
0.011236838065087795
0.012762432917952538
-0.029537566006183624
0.02312750369310379
-0.013794452883303165
0.025204364210367203
0.020319895818829536
0.01403803564608097
-0.0031329176854342222
-0.0034069479443132877
-0.02583254873752594
0.009076647460460663
0.0029550385661423206
0.0023957607336342335
-0.005653674714267254
0.018973782658576965
0.012576540932059288
0.0021778184454888105
0.006390831898897886
-0.0036954006645828485
0.01694820448756218
0.023678768426179886
-0.0015103708719834685
-0.0045094783417880535
-0.6506469249725342
-0.001343709183856845
-0.012006046250462532
-0.012903454713523388
0.006041483487933874
-0.0022339066490530968
0.030101651325821877
0.020089134573936462
-0.006942097097635269
-0.028358113020658493
0.0004755464615300298
0.008384360931813717
-0.003547969274222851
0.0013661443954333663
-0.01944812759757042
-0.02615305222570896
0.015191846527159214
-0.0059196921065449715
0.026999181136488914
-0.020294256508350372
-0.030793936923146248
0.010647112503647804
0.0040896194986999035
0.01410213578492403
-0.01303806621581316
0.004807546269148588
0.0146534014493227
-0.0026585732121020555
0.010038156993687153
0.01920454576611519
-0.0054389373399317265
0.027076100930571556
0.011454780586063862
0.006769025232642889
0.05779311805963516
0.018486618995666504
-0.019230185076594353
0.045178115367889404
0.020153233781456947
0.014640580862760544
-0.010595832020044327
-0.0026024850085377693
0.010730443522334099
-0.0014911406906321645
0.026640217751264572
-0.005323556251823902
0.016973843798041344
-0.021845491603016853
0.004317176528275013
0.025960750877857208
-0.003688990604132414
0.0075382329523563385
0.020025033503770828
-5.523670552065596e-05
0.004967798013240099
0.0019118009367957711
0.0167046207934618
-0.0069292769767344
-0.0013260815758258104
0.015627730637788773
-0.008095907978713512
0.004714600276201963
-0.016807181760668755
-0.02555050700902939
-0.023306984454393387
0.024986421689391136
-0.012538081035017967
-0.016217457130551338
0.019025063142180443
-0.04074235260486603
0.010268919169902802
0.005897257011383772
-0.0017339217010885477
-0.01817893609404564
-0.007365161087363958
0.0051793297752738
0.02722994238138199
-0.0069292769767344
-0.023973630741238594
0.013384209014475346
-0.006111993920058012
-0.016550779342651367
-0.033870767802000046
0.02603767067193985
0.02055065892636776
-0.04261409118771553
-0.014781602658331394
0.006660054437816143
0.014320078305900097
0.03451177477836609
-0.016525140032172203
0.008345900103449821
0.013922654092311859
0.007845915853977203
0.01328164804726839
0.03958854079246521
0.003020741743966937
-0.008999726735055447
0.013627791777253151
-0.035511743277311325
0.010800953954458237
-0.016243096441030502
-0.010756083764135838
-0.015217486768960953
-0.00022855876886751503
0.000761595496442169
0.0010280136484652758
0.0013348953798413277
0.03605018928647041
-0.026922259479761124
-0.013140627183020115
0.004810751415789127
-0.00277395430020988
-0.006589543540030718
-0.011288118548691273
-0.022999301552772522
0.006698514800518751
0.006224169861525297
-0.0012435519602149725
-0.026640217751264572
0.021268585696816444
0.001629758276976645
0.009672783315181732
-0.002124935621395707
-0.01797381415963173
0.019217366352677345
-0.010268919169902802
0.0004190577892586589
-0.019230185076594353
-0.02170446887612343
0.0030976624693721533
-0.018025094643235207
0.02562742680311203
-0.0005488615715876222
0.02006349340081215
-0.01846097782254219
0.022165993228554726
-0.01814047433435917
0.006845945958048105
0.005964562762528658
-0.01883276179432869
-0.019178904592990875
0.003958213143050671
-0.00972406379878521
-0.020409636199474335
-0.04625500738620758
-0.005695339757949114
-0.002463066251948476
-0.0313580222427845
0.023845430463552475
-0.0170764047652483
-0.007660023868083954
-0.0502036027610302
-0.02088398113846779
-0.0103137893602252
-0.0046120393089950085
-0.005842771381139755
0.006826716009527445
-0.02075578086078167
-0.0013356966665014625
0.013256007805466652
-0.0018140474567189813
0.002640945604071021
0.03579378500580788
-0.028255552053451538
-0.0009999696630984545
0.016550779342651367
0.017666131258010864
-0.015550809912383556
-0.03869113326072693
0.0018893657252192497
0.020076313987374306
-0.007467722054570913
0.02079424075782299
0.03476817533373833
0.0032370812259614468
-0.024588996544480324
0.011018896475434303
0.0019630815368145704
-0.014704681932926178
-0.010326609946787357
0.029460644349455833
-0.033973328769207
-0.030640095472335815
0.0030784322880208492
0.0032547088339924812
0.01961478963494301
0.019627610221505165
-0.006974147167056799
0.022973662242293358
0.014422639273107052
-0.003416562918573618
-0.016320018097758293
0.002934205811470747
0.0033748976420611143
0.015307228080928326
0.0077497647143900394
0.0013653432251885533
0.012999605387449265
0.00869845412671566
0.039203938096761703
-0.008480511605739594
0.0446140319108963
-0.01066634338349104
0.012531670741736889
0.016717441380023956
0.013627791777253151
0.001897378358989954
0.05722903087735176
-0.003541559213772416
0.012756023555994034
-0.02034553699195385
-0.028229912742972374
-0.014281617477536201
0.011332989670336246
0.024101832881569862
-0.01596105471253395
0.0026922260876744986
-0.010211228393018246
-0.005785081069916487
-0.003730656113475561
-0.007095938548445702
0.004538323730230331
-0.009826624765992165
-0.019089164212346077
0.026088951155543327
0.000108269952761475
-0.00749977258965373
0.011159917339682579
-0.009634323418140411
0.01915326528251171
0.00031409302027896047
-0.013294468633830547
0.03476817533373833
0.025319743901491165
0.030588814988732338
0.009820214472711086
-0.0031697757076472044
0.01087146531790495
-0.006253015249967575
0.013999574817717075
0.01601233519613743
0.010365069843828678
0.005874821916222572
0.015935413539409637
0.006278655491769314
0.024499256163835526
-0.0094740716740489
-0.012704743072390556
0.005733800120651722
-0.009820214472711086
0.008890755474567413
-0.019217366352677345
-0.018319956958293915
0.007461312226951122
-0.02611459232866764
0.008442051708698273
0.012185527943074703
0.0008128759800456464
0.02648637630045414
-0.014525200240314007
0.01874302141368389
0.005230610258877277
0.025447946041822433
0.005269071087241173
0.0018268675776198506
-0.0024149909149855375
-0.005317146424204111
-0.04192180559039116
-0.004538323730230331
-0.015666190534830093
-0.035024579614400864
-0.004320381674915552
0.0007411633851006627
-0.0014478727243840694
-0.000625381653662771
0.01262782234698534
-0.007006197702139616
0.013473950326442719
0.0018621230265125632
-0.02239675633609295
-0.044921714812517166
0.00910869799554348
0.00937792006880045
-0.010941975750029087
-0.033178478479385376
-0.010634292848408222
-0.023383906111121178
-0.03410153090953827
0.03348616138100624
0.0033748976420611143
0.00837154034525156
0.010711213573813438
0.0012675897451117635
-0.00296785868704319
-0.01817893609404564
0.0246402770280838
-0.014384178444743156
0.010659933090209961
-0.011089406907558441
0.009211258962750435
-0.01961478963494301
-0.015332868322730064
0.0026441505178809166
0.03961418196558952
0.022114712744951248
-0.03205030784010887
-0.004115259740501642
0.017012303695082664
-0.0207173191010952
-0.004205000586807728
-0.003483868669718504
-0.0021377557422965765
0.01601233519613743
0.01561491098254919
-0.011397089809179306
0.004115259740501642
-0.0038556521758437157
0.030691375955939293
0.00158088153693825
0.0025079366751015186
0.0005580760189332068
-0.023896710947155952
0.0012916274135932326
0.041075676679611206
-0.010224048979580402
-0.015537990257143974
0.030845217406749725
9.815407247515395e-05
-0.00593571737408638
-0.019960932433605194
-0.030845217406749725
0.00044790306128561497
-0.0014438664074987173
-0.005679314956068993
0.011563751846551895
-2.5039303181983996e-06
0.014602120965719223
0.0026697907596826553
0.01760203018784523
0.00792283657938242
-0.0013212739722803235
0.025204364210367203
0.006685694679617882
0.013230367563664913
-0.014179056510329247
0.01564055122435093
-0.0045703742653131485
0.012063736096024513
-0.01821739599108696
0.049306195229291916
0.00366976042278111
-0.0008958061225712299
-0.023076223209500313
-0.00247107888571918
-0.0016425783978775144
0.019832732155919075
0.0030768297147005796
-0.010800953954458237
0.009121517650783062
0.01324318815022707
0.051972780376672745
0.006769025232642889
0.017948172986507416
0.03302463889122009
0.0039934683591127396
0.01066634338349104
-0.004945362918078899
0.005445347633212805
-0.02034553699195385
0.00694850692525506
0.026383815333247185
-0.010140717960894108
-0.024345414713025093
0.00810231827199459
0.01935838721692562
0.009557402692735195
0.008704864419996738
0.005756235681474209
-0.018614819273352623
0.010615062899887562
0.03725527971982956
-0.00986508559435606
-0.022794179618358612
0.0015007557813078165
-0.036819394677877426
0.014538019895553589
-0.01561491098254919
-0.0022162788081914186
-0.023242885246872902
-0.011435550637543201
0.004628064576536417
-0.04015262797474861
0.0032194536179304123
0.004493453539907932
-0.03356308490037918
-0.019166085869073868
0.016345657408237457
0.000681069097481668
0.027947869151830673
0.02799914963543415
-0.022153174504637718
0.0012034891406074166
0.01969170942902565
-0.021883951500058174
-0.0026441505178809166
0.0011033319169655442
-0.032563112676143646
-0.010954795405268669
0.03240927308797836
-0.020409636199474335
-0.006378011777997017
0.023768508806824684
0.02681969851255417
-0.02669149823486805
-0.006685694679617882
-0.0025608197320252657
-0.0073010604828596115
-0.035152778029441833
-0.0017819971544668078
0.008627943694591522
0.008974086493253708
-0.0022034586872905493
-0.012339369393885136
-0.003012729110196233
-0.00874332431703806
-0.006012638099491596
-0.004647294990718365
-0.0009374715737067163
0.011224018409848213
-0.0034646384883672
0.012704743072390556
-0.018691740930080414
0.005628034472465515
-4.021312270197086e-05
-0.009102287702262402
0.00416654022410512
0.0028925405349582434
-0.010025336407124996
-0.021140383556485176
-0.028152991086244583
0.03171698749065399
-0.0022707644384354353
-0.021217305213212967
-0.01070480328053236
-0.04425506666302681
-0.012615001760423183
0.019678890705108643
0.00015173818974290043
0.02787094935774803
-0.017461009323596954
-0.00496459286659956
0.006801075767725706
-0.011621442623436451
-0.005503037944436073
0.04089619591832161
-0.01678154245018959
-0.036127109080553055
-0.00713439891114831
0.0033748976420611143
-0.017819972708821297
0.005698544904589653
0.014114956371486187
0.0034133580047637224
-0.02021733485162258
0.006974147167056799
0.002350890077650547
-0.023281345143914223
0.019999392330646515
-0.027973510324954987
-0.023050582036376
-0.022204454988241196
-0.004438967909663916
0.010999666526913643
-0.023589028045535088
0.004999848082661629
-0.01146119087934494
-0.005496628116816282
-0.006019047927111387
-0.004724215716123581
0.005922897253185511
-0.007493362296372652
0.009544582106173038
-0.003871677443385124
0.019396847113966942
-0.002301212167367339
-0.001123363384976983
-0.003180993255227804
-0.013948294334113598
0.008410001173615456
-0.008807425387203693
-0.011518880724906921
-0.044716592878103256
0.02640945464372635
0.012243217788636684
-0.017037944868206978
0.0027707491535693407
-0.005794696044176817
-0.011973995715379715
0.038178328424692154
-0.011236838065087795
-0.03333232179284096
-0.015525169670581818
-0.018319956958293915
-0.01520466711372137
0.0005416502244770527
-0.003887702478095889
0.00967919360846281
-0.0013685482554137707
-0.014153416268527508
0.03651171177625656
-0.006384421605616808
-0.00691645685583353
0.00256883236579597
0.047383178025484085
-0.014396999031305313
0.011397089809179306
0.0028524775989353657
0.0169866643846035
0.009422791190445423
0.022832639515399933
-0.02280700020492077
0.01369189191609621
0.04238332808017731
-0.00611840421333909
-0.004855622071772814
-0.01855071820318699
0.007281830068677664
0.008839474990963936
0.015281587839126587
0.014217517338693142
-0.020230155438184738
-0.0002263553033117205
0.0030784322880208492
-0.011371449567377567
-0.011884254403412342
0.011557341553270817
0.0013493180740624666
-0.015486709773540497
0.012217577546834946
0.007935656234622002
0.013640611432492733
-0.010974026285111904
-0.007627973798662424
0.023691589012742043
-0.02915296144783497
0.0433063767850399
-0.005105614196509123
0.025563327595591545
0.007910015992820263
-0.0007571885362267494
-0.02689662016928196
0.0004907703842036426
0.018076375126838684
-0.02508898265659809
0.010474041104316711
0.003602454671636224
0.01678154245018959
-0.019294286146759987
0.007358751259744167
0.02874271757900715
-0.017089225351810455
0.0012283280957490206
0.012615001760423183
0.018781481310725212
0.019422488287091255
-0.017307167872786522
0.005144074559211731
-0.01625591702759266
0.0071664489805698395
0.0023476851638406515
0.01287781447172165
-0.01066634338349104
-0.0004559156368486583
-0.004935747478157282
0.05851104483008385
0.0006430093199014664
0.008807425387203693
-0.010538142174482346
-0.018409697338938713
-0.00770489452406764
-0.029947809875011444
-0.0017964198486879468
-0.016345657408237457
-0.005358811933547258
0.025204364210367203
-0.011967585422098637
0.00972406379878521
-0.0026745982468128204
-0.02669149823486805
0.020986542105674744
-0.010249689221382141
-0.0030720222275704145
0.026383815333247185
-0.006253015249967575
0.0016842437908053398
0.0193199273198843
0.028563234955072403
-0.011268888600170612
0.006326731294393539
0.007044658064842224
-0.012608591467142105
0.004179360345005989
-0.0008036615327000618
-0.03476817533373833
-0.0006974948337301612
-0.0290247593075037
0.0009951620595529675
0.008051037788391113
-0.009820214472711086
-0.012275268323719501
0.0047402409836649895
0.03443485125899315
-0.019307106733322144
-0.017384087666869164
-0.0017066790023818612
-0.0005516659584827721
0.027947869151830673
-0.0034646384883672
0.0031793906819075346
0.01743536815047264
0.028717076405882835
-0.046972934156656265
-0.009115108288824558
-0.012185527943074703
-0.005009463522583246
-0.002530372003093362
0.027332503348588943
0.010999666526913643
-0.024986421689391136
0.04499863460659981
-0.0010520514333620667
-0.027691466733813286
-0.022576237097382545
0.0018284701509401202
-0.004464608151465654
-0.0011618237476795912
-0.0064677526243031025
0.013435489498078823
-0.001274801092222333
-0.003241888713091612
0.0034486132208257914
-0.02346082590520382
-0.0040159039199352264
0.007429261691868305
-0.021345505490899086
-0.020255794748663902
-0.008621533401310444
0.034537412226200104
-0.010839414782822132
0.027537625283002853
-0.011813743971288204
-0.023319805040955544
0.00749977258965373
-0.012948324903845787
0.03712707757949829
-0.03102470003068447
-0.004464608151465654
-0.0103137893602252
-0.013435489498078823
-0.035152778029441833
0.01612771488726139
0.001966286450624466
-0.025435125455260277
-0.00029846851248294115
-5.6188197049777955e-05
0.015589270740747452
0.023794149979948997
-0.0016842437908053398
-0.005983792711049318
-0.000639804289676249
-0.008768964558839798
-0.031460583209991455
-0.0007147219148464501
-0.027614546939730644
0.046101164072752
0.0014246362261474133
-0.00855743233114481
-0.01365343201905489
-0.01173041295260191
-0.017294347286224365
-0.0027755568735301495
0.015627730637788773
0.01980709098279476
0.022563418373465538
-0.0033011818304657936
0.022589057683944702
0.018935322761535645
-0.024960780516266823
-0.006003023125231266
-0.01588413305580616
-0.00773694459348917
-0.03605018928647041
-0.015820031985640526
-0.009262539446353912
-0.0163328368216753
-0.021807029843330383
-0.00712157879024744
0.04187052324414253
-0.012461160309612751
0.007474132347851992
0.020973723381757736
0.009999696165323257
-0.01657642051577568
-0.005297916010022163
0.017704591155052185
0.021678829565644264
0.012448339723050594
-0.005217790137976408
-0.013268828392028809
-0.0018813532078638673
0.009736884385347366
-0.003483868669718504
-0.03328103944659233
-0.0004671332717407495
0.004471017979085445
0.00031168924761004746
0.02230701595544815
0.005644059274345636
-0.01792253367602825
0.0031521478667855263
-0.01797381415963173
0.0022563417442142963
-0.016230275854468346
-0.012986785732209682
0.02473001927137375
0.011217608116567135
-0.037562962621450424
0.010435580275952816
0.010159947909414768
-0.017166145145893097
-0.006640824023634195
0.01748664863407612
-0.016640519723296165
0.02321724407374859
-0.013666251674294472
0.010076616890728474
-0.02964012697339058
-0.024588996544480324
-0.02239675633609295
0.01801227405667305
-0.007140808738768101
0.01230090856552124
0.025358205661177635
-0.006531853228807449
0.022665979340672493
-0.0017835997277870774
-0.002447041217237711
-0.017102045938372612
-0.02807607129216194
-0.014281617477536201
-0.025524865835905075
-0.004352432209998369
0.005445347633212805
0.002155383350327611
0.021114744246006012
-0.023409545421600342
0.006006227806210518
-0.05228046327829361
0.00675620511174202
0.20881417393684387
-0.028101710602641106
-0.005015873350203037
0.006435702089220285
-0.011576571501791477
0.013191907666623592
0.03730655834078789
0.009166388772428036
-0.009461251087486744
0.01612771488726139
0.01690974272787571
-0.029973449185490608
-0.006464547477662563
0.005185740068554878
0.010974026285111904
-0.016153356060385704
-0.033101558685302734
-0.008467691950500011
0.021217305213212967
-0.027332503348588943
0.02669149823486805
0.017204606905579567
-0.006736975163221359
0.0011001268867403269
0.022986480966210365
0.0032531064935028553
-0.006352371536195278
-0.003483868669718504
0.027050461620092392
-0.0031184949912130833
-0.01862763985991478
-0.010288149118423462
-0.0051665096543729305
-0.004900492262095213
-0.015320047736167908
0.017948172986507416
0.017960993573069572
-0.009288179688155651
0.01760203018784523
0.007474132347851992
0.022076252847909927
-0.028255552053451538
0.008179238997399807
-0.005618419032543898
0.0020560272969305515
0.05743415281176567
-0.0011738425819203258
-0.00672415504232049
-0.0027467114850878716
-0.0031745831947773695
-0.014461099170148373
0.03384512662887573
0.038588572293519974
0.014371358789503574
0.003426178125664592
0.011993225663900375
-0.0013613369083032012
-0.014627761207520962
-0.0003287159779574722
-0.0020271821413189173
-0.009954825975000858
0.016691800206899643
-0.005047923885285854
0.03130674362182617
-0.013755992986261845
0.002865297719836235
-0.012371418997645378
-0.024576177820563316
-0.013217547908425331
-0.021960871294140816
0.00933304987847805
-0.0189481433480978
-0.00953817181289196
-0.0026393430307507515
0.010006106458604336
-0.02710174210369587
0.014217517338693142
0.0008437244105152786
0.010121488012373447
0.02766582742333412
-0.007102348376065493
-0.01289704442024231
-0.0010352249955758452
0.0047466508112847805
0.009640732780098915
-0.03199902921915054
0.01853789947926998
-0.0048492117784917355
-0.003455023281276226
-0.017614850774407387
-0.01287781447172165
0.0010680765844881535
-0.002705046208575368
-0.014589300379157066
0.004519093781709671
0.0026201128493994474
0.001882955664768815
0.03115290030837059
-0.01985837146639824
0.009166388772428036
-0.014986724592745304
0.022794179618358612
0.006602363660931587
0.015704652294516563
-0.024422336369752884
0.022614698857069016
-0.028358113020658493
-0.0003178990154992789
0.007525412831455469
-0.027768388390541077
0.02129422500729561
-0.002213073894381523
0.01173041295260191
-0.014345718547701836
-0.03566558286547661
0.007429261691868305
0.0010183985577896237
-0.010281738825142384
0.028588876128196716
0.0134867699816823
-0.007358751259744167
-0.010063797235488892
-0.01540978904813528
0.016807181760668755
-0.000977534451521933
-0.035511743277311325
-0.04748573899269104
0.013473950326442719
-0.009993286803364754
-0.011217608116567135
0.008365130983293056
-0.03984494507312775
0.03558866307139397
0.022973662242293358
-0.005769055802375078
0.006903636734932661
0.001113748294301331
-0.00990354549139738
0.020037854090332985
0.005849181674420834
0.006019047927111387
-0.0044357627630233765
-0.0018493029056116939
-0.014371358789503574
0.017948172986507416
-0.021101923659443855
-0.006188914645463228
-0.005903666839003563
-0.013794452883303165
-0.006698514800518751
-0.003538354067131877
-0.034204091876745224
-0.014730322174727917
0.006730564869940281
0.003791551571339369
0.013371389359235764
-0.013999574817717075
-0.004160129930824041
-0.010025336407124996
0.0014727116795256734
-0.02243521623313427
-0.005278686061501503
0.02271725982427597
-0.005467782728374004
-0.008243339136242867
-0.013012425974011421
-0.16020026803016663
0.010506091639399529
-0.00497420784085989
-0.016281556338071823
0.0018765456043183804
-0.0009575029835104942
0.029281161725521088
0.0194096677005291
-0.00029065622948110104
-6.385022425092757e-05
0.00926894973963499
-0.0014927431475371122
-0.043947383761405945
-0.024255674332380295
-0.005862001795321703
-0.006890816614031792
-0.027076100930571556
0.0053972722962498665
0.029050400480628014
0.023268524557352066
0.013499590568244457
-0.013204727321863174
-0.014140596613287926
-0.0028108120895922184
0.00896767619997263
-0.007557462900876999
-0.01592259295284748
0.009890725836157799
0.0060895588248968124
-0.005842771381139755
0.0019118009367957711
0.030358053743839264
0.009839445352554321
0.007179269101470709
-0.0031329176854342222
0.007204909343272448
-0.019948111847043037
0.014294438064098358
-0.01853789947926998
0.016037974506616592
0.014127776026725769
0.012493210844695568
0.019781451672315598
-0.002312429714947939
-0.0010208023013547063
0.018166115507483482
0.025396665558218956
-0.016678981482982635
0.027255583554506302
0.00019019855244550854
-0.007262600120157003
0.007929246872663498
0.003967828117311001
0.0007171256584115326
0.0010095847537741065
0.015076465904712677
0.01825585588812828
-0.0073972116224467754
-0.007954887114465237
-0.007179269101470709
-0.013422669842839241
-0.006535057909786701
0.015191846527159214
0.021512167528271675
0.024165933951735497
-0.02206343226134777
-0.029947809875011444
0.02833247371017933
-0.030024729669094086
0.014050855301320553
-0.01788407191634178
-0.010602242313325405
0.021255765110254288
-0.008692043833434582
-0.00308644468896091
0.012589361518621445
-0.003025549231097102
0.046562690287828445
0.0051953550428152084
-0.013525230810046196
-0.01072403322905302
0.025153081864118576
-0.0009855469688773155
-0.0022547391708940268
-0.00014993535296525806
-0.013153446838259697
-0.009448431432247162
0.00397103326395154
-0.005910077132284641
0.008865115232765675
0.0012772048357874155
-0.042024366557598114
-0.026127412915229797
0.0026137027889490128
-0.0053363763727247715
0.023358264937996864
-0.005083179101347923
-0.008063857443630695
-0.002035194542258978
-0.003139327745884657
0.007288240361958742
0.023230064660310745
-0.007980527356266975
-0.002924590837210417
0.03181954845786095
-0.00691645685583353
-0.0015848878538236022
0.019794270396232605
0.02935808338224888
0.013973934575915337
-0.02956320531666279
0.0039133429527282715
0.008320259861648083
0.006640824023634195
0.007570283021777868
0.017717411741614342
-0.016768721863627434
-0.0049838232807815075
0.008301029913127422
-0.002998306415975094
0.06707488745450974
-0.011627851985394955
-0.005669699516147375
0.01625591702759266
-0.002150575863197446
-0.03197338804602623
-0.1119965985417366
-0.01969170942902565
0.016961023211479187
0.02014041505753994
0.020858341827988625
0.04061415046453476
-0.007211319636553526
-0.004080004524439573
-0.016114896163344383
0.008993316441774368
-0.02943500503897667
-0.01715332642197609
-0.004012698773294687
0.006698514800518751
-0.0024534512776881456
0.02738378383219242
0.006794665474444628
-0.012743202969431877
-0.008813834749162197
0.003964623436331749
0.016063615679740906
0.017127685248851776
-0.007076708134263754
0.007294650189578533
0.004579989239573479
0.003245093859732151
-0.028101710602641106
0.0051953550428152084
0.02840939350426197
0.002937410958111286
-0.022127533331513405
-0.0025031291879713535
-0.013986755162477493
-0.003297976916655898
0.021627549082040787
-0.02223009429872036
-0.02385825105011463
-0.009397150948643684
0.016358477994799614
-0.020768599584698677
0.009608683176338673
0.02840939350426197
0.007262600120157003
-0.035229701548814774
0.014691862277686596
-0.02243521623313427
0.003615274792537093
0.0028701052069664
-0.0018364827847108245
-0.018525078892707825
-0.03151186555624008
-0.01310216635465622
-0.04363970085978508
-0.025076162070035934
-0.002884527901187539
0.022358296439051628
-0.001751549425534904
0.0055062430910766125
-0.008134368807077408
-0.03625531122088432
-0.009345870465040207
-0.013397029601037502
-0.013640611432492733
0.01248680055141449
0.017332807183265686
0.003942187875509262
-0.014114956371486187
-0.019178904592990875
0.006275450345128775
0.018614819273352623
0.0060895588248968124
0.006826716009527445
0.002227496588602662
-0.014961084350943565
-0.022153174504637718
0.029819607734680176
-0.02226855419576168
0.003999878652393818
0.005323556251823902
-0.010525321587920189
-0.010583012364804745
-0.01752510853111744
-0.014961084350943565
-0.024383874610066414
0.009647143073379993
0.008807425387203693
0.0012195142917335033
0.008230519481003284
-0.014961084350943565
-0.025858189910650253
-0.010390710085630417
0.03199902921915054
-0.00653826305642724
0.009115108288824558
0.006269040517508984
5.378442438086495e-05
0.016114896163344383
0.006371601484715939
-0.011422730050981045
-0.005121639464050531
-0.027947869151830673
0.00894844625145197
-0.05604958161711693
0.001065672840923071
0.006884406320750713
-0.000805664632935077
0.0060959686525166035
0.0026345355436205864
0.01920454576611519
-0.019230185076594353
-0.004112054593861103
0.007756175007671118
-0.006781845353543758
0.003813986899331212
-0.021601907908916473
-0.001863725483417511
-0.012275268323719501
-0.016884103417396545
0.016037974506616592
-0.011621442623436451
0.012820123694837093
0.009012547321617603
0.017178965732455254
-0.006974147167056799
0.025845369324088097
0.023524926975369453
-0.017422547563910484
0.008038217201828957
0.0047113955952227116
0.002903758082538843
-0.004839596804231405
0.014153416268527508
0.0067113349214196205
-0.029947809875011444
0.010018927045166492
0.020281435921788216
-0.007929246872663498
-0.004987027961760759
-0.01203168649226427
0.03892189636826515
0.0193199273198843
0.07251062244176865
-0.027819668874144554
-0.011525291018188
0.03128110244870186
-0.020601939409971237
-0.03951162099838257
0.013986755162477493
-0.006458137184381485
-0.0060607134364545345
0.007102348376065493
-0.016268737614154816
0.012390649877488613
0.020499378442764282
0.010897105559706688
-0.024512076750397682
-0.005839566234499216
0.019948111847043037
0.004685755353420973
0.0053299665451049805
0.001318870228715241
-0.0069549172185361385
0.04197308421134949
-0.0056825196370482445
-0.007140808738768101
0.005813925992697477
-0.004884466994553804
-0.03122982196509838
-0.005006258375942707
-0.0029454233590513468
-0.013845733366906643
-0.0027226738166064024
-0.010980435647070408
0.026435095816850662
0.011602211743593216
0.01262782234698534
0.014589300379157066
-0.002164998324587941
0.019922472536563873
-0.014589300379157066
-0.005394067149609327
0.02153780870139599
-0.007519002538174391
0.021563448011875153
-0.02833247371017933
0.02452489733695984
0.011172737926244736
0.001231533125974238
0.02383260987699032
-0.00268741836771369
-0.02546076662838459
0.024717198684811592
0.011800924316048622
0.02210189402103424
-0.00018048330093733966
0.008852295577526093
-0.015448248945176601
-0.012941914610564709
-0.015935413539409637
-0.021845491603016853
0.012826533988118172
0.03158878535032272
0.020845521241426468
0.001002373406663537
-0.0047819060273468494
-0.010916335508227348
-0.01711486466228962
0.018922502174973488
-0.029819607734680176
-0.05292147025465965
-0.0037338610272854567
0.01961478963494301
-0.012602182105183601
-0.0006882803863845766
0.03753732144832611
0.004487043246626854
-0.028588876128196716
-0.004086414352059364
0.022781359031796455
-0.012595771811902523
-0.01879430189728737
0.0048203663900494576
-0.00016986664559226483
0.021230125799775124
0.03199902921915054
0.004640884697437286
-0.002847669878974557
-0.002320442348718643
0.02689662016928196
-0.003746681148186326
0.0022002537734806538
0.015602090395987034
0.0007796237478032708
-0.008525382727384567
-0.03258875384926796
-0.005974177736788988
-0.010999666526913643
0.007294650189578533
0.02321724407374859
0.023550568148493767
-0.03651171177625656
0.08056166023015976
0.0002499924157746136
-0.014050855301320553
0.0021008977200835943
-0.01540978904813528
0.011326579377055168
-0.0033043869771063328
-0.007583103142678738
-0.0012331356992945075
0.012313729152083397
0.006422881968319416
-0.010768904350697994
0.010897105559706688
-0.026640217751264572
-0.011961175128817558
-0.008422821760177612
-0.006672874558717012
0.020576298236846924
0.0012804098660126328
0.018691740930080414
0.030281132087111473
-0.015166206285357475
-0.0013677469687536359
-0.0024935139808803797
-0.02165318839251995
0.02999909035861492
0.02194805257022381
-0.003455023281276226
-0.0039550079964101315
-0.021794211119413376
-0.013140627183020115
-0.010326609946787357
-0.02758890576660633
-0.0210891030728817
-0.011576571501791477
-0.02247367613017559
0.016384117305278778
-0.04281921312212944
-0.007890786044299603
0.012025276198983192
-0.016191815957427025
0.011224018409848213
-0.031101619824767113
-0.06081866845488548
-0.027409425005316734
-0.0022563417442142963
-0.003314001951366663
0.013204727321863174
-0.019999392330646515
