-0.00203570444136858
-0.005456394515931606
0.02850950136780739
-0.019023472443223
-0.037738457322120667
0.014948850497603416
-0.04185163974761963
-0.0035958217922598124
-0.012063194997608662
-0.0196661576628685
-0.017982322722673416
0.009376772679388523
-0.01859929971396923
0.025848785415291786
-0.004743014462292194
-0.009691688232123852
0.038458261638879776
-0.0011688831727951765
0.0077379257418215275
-0.027866816148161888
-0.009865213185548782
0.013110771775245667
-0.00573917618021369
0.0012773361522704363
-0.02338087558746338
0.019344814121723175
0.0028711946215480566
-0.030694629997015
-0.0117161450907588
0.0012098542647436261
-0.003460858017206192
-0.012461659498512745
-0.015385876409709454
-0.002911362564191222
0.00213210703805089
0.0026735691353678703
0.019216278567910194
0.02385646291077137
0.026787105947732925
0.012326695956289768
0.02928072400391102
-0.006131213624030352
0.01252592820674181
-0.012313841842114925
-0.007378022652119398
0.007834328338503838
-0.008078549057245255
-0.016272781416773796
-0.030540386214852333
0.029769163578748703
-0.006857447791844606
0.006150494329631329
-0.018779251724481583
-0.004142104182392359
-0.014910289086401463
-0.0032134244684129953
-0.0022975984029471874
0.0029531370382755995
0.002122466918081045
-0.011594035662710667
0.007641523145139217
-0.022095507010817528
-0.013162186369299889
0.015103094279766083
0.007860035635530949
0.00492617953568697
-0.011998926289379597
0.014550385996699333
-0.015707219019532204
0.021517090499401093
0.012448806315660477
0.013650626875460148
-0.007435863837599754
0.002191555453464389
0.04750726744532585
-0.00667106918990612
-0.010443629696965218
-0.026812812313437462
0.0065521723590791225
0.036401670426130295
0.00838061049580574
-0.021954115480184555
-0.03383093327283859
0.023805048316717148
0.02650432474911213
0.002702489960938692
0.013560650870203972
0.0007615815848112106
-0.008232793770730495
-0.03205712139606476
-0.012018207460641861
0.00897830817848444
-0.006786752492189407
0.00902329571545124
-0.005620279349386692
-0.00014711458061356097
-0.01154262013733387
0.018535032868385315
-0.018355080857872963
-0.043162718415260315
-0.006394714582711458
0.004106756299734116
-0.028483793139457703
-0.0009270729497075081
-0.02714700996875763
0.018187982961535454
-0.003129875287413597
0.011510485783219337
0.024164952337741852
-0.03403659164905548
-0.02086155116558075
0.040257781744003296
-0.014254750683903694
-0.008772648870944977
0.020424526184797287
-0.02240399457514286
0.023920731619000435
-0.01595143787562847
-0.012159598059952259
-0.02740408293902874
0.026581447571516037
-0.004993661306798458
0.023650802671909332
0.01718539372086525
0.02856091596186161
0.016131389886140823
-0.03133731335401535
0.0016838343581184745
-0.043034180998802185
-0.011799694038927555
-0.01619565859436989
0.005976969376206398
0.010147994384169579
-0.01453753188252449
-0.0009375165682286024
0.006356153637170792
-0.010848520323634148
0.008772648870944977
-0.02569454163312912
-0.01637561060488224
0.01782807894051075
0.021825578063726425
-0.006266177631914616
-0.03586181625723839
0.002295991638675332
0.008541282266378403
0.040334902703762054
0.029512090608477592
0.009935908019542694
0.004698026459664106
0.017930908128619194
-0.046453263610601425
0.0028197800274938345
-0.007609388791024685
0.0117161450907588
-0.0042770677246153355
0.02530893124639988
0.0160799752920866
0.002411674940958619
0.00889475829899311
-0.018187982961535454
-0.007146656047552824
0.005752029828727245
0.0036183157935738564
0.004132463596761227
0.0070695336908102036
0.011426936835050583
0.00867624580860138
0.012789429165422916
0.0007467194809578359
-0.0006900829030200839
0.039229486137628555
-0.013971969485282898
0.026324372738599777
0.0023650804068893194
0.018907789140939713
0.01100919209420681
0.0018332586623728275
-0.006317592225968838
-0.01880495995283127
-0.02979487180709839
0.008888332173228264
0.009177540428936481
-0.00024401942209806293
-0.03483352065086365
0.005809871479868889
0.009093991480767727
0.004739800933748484
0.016876904293894768
0.011986073106527328
0.04069480672478676
0.011227704584598541
-0.0029531370382755995
-0.0019441217882558703
-0.6383660435676575
0.0010596266947686672
0.017249662429094315
-0.008387037552893162
0.013997676782310009
-0.0034929923713207245
0.013065783306956291
0.0010877441382035613
-0.01150405965745449
-0.026607153937220573
0.0069988383911550045
0.020540209487080574
0.005167186260223389
0.006786752492189407
-0.009576004929840565
-0.018612153828144073
0.01370204146951437
-0.014306165277957916
0.007937158457934856
-0.010417921468615532
-0.021002942696213722
0.034782104194164276
-0.0003356020024511963
0.02312380261719227
-0.008020707406103611
-0.007956438697874546
0.016298487782478333
-0.0009712575119920075
0.004630544688552618
0.013457821682095528
-0.028612330555915833
0.012860123999416828
0.005138265434652567
0.01834222674369812
0.04074622318148613
0.025810224935412407
-0.030386140570044518
0.008322768844664097
0.02056591585278511
0.01812371425330639
0.002546638948842883
-0.008078549057245255
0.016902612522244453
-0.012076049111783504
0.016658391803503036
-0.0030527531635016203
0.011626169085502625
-0.03074604459106922
0.0006045254413038492
0.02825242653489113
-0.003152369288727641
0.007082387339323759
0.013624919578433037
-0.0030061586294323206
0.011947511695325375
-0.013117198832333088
0.0007820671889930964
-0.00371471862308681
-0.00784718245267868
0.013984822668135166
0.004013567231595516
0.00632723281159997
-0.014319019392132759
-0.03429366648197174
-0.00931893102824688
0.020771576091647148
-0.0028310269117355347
-0.01676122099161148
0.018625007942318916
-0.02321377769112587
0.009093991480767727
0.027943938970565796
-0.0034994191955775023
-0.0005840398953296244
0.004026420880109072
0.004984021186828613
0.008123536594212055
0.013329284265637398
-0.01714683324098587
0.015591534785926342
-0.0080399876460433
-0.014241896569728851
-0.030257605016231537
0.02086155116558075
0.03226277977228165
-0.05640202388167381
-0.015938585624098778
0.002887261798605323
0.002307238755747676
0.008811209350824356
-0.01564295031130314
0.01778951659798622
-0.0065939468331635
-0.022159773856401443
-0.002154601039364934
0.03997499868273735
-0.0014211368979886174
-0.0036633037962019444
0.01518021710216999
-0.007101668044924736
0.010180128738284111
-0.02133713848888874
-0.00644612917676568
0.00409390265122056
0.014807459898293018
0.003197357291355729
-0.012660891748964787
0.01083566714078188
0.030463263392448425
-0.011600461788475513
0.0059898230247199535
-0.029563505202531815
-0.010585020296275616
-0.014498970471322536
-0.02117004059255123
-0.026992764323949814
0.0015810048207640648
0.0038689628709107637
0.0034640715457499027
-0.021658480167388916
0.017069710418581963
-0.012924392707645893
0.010469336993992329
0.013046503067016602
-0.006089439149945974
0.011632596142590046
-0.04223725199699402
-0.0065939468331635
0.008971881121397018
-0.022558240219950676
-0.018226543441414833
-0.03642737865447998
0.008637684397399426
-0.005292510148137808
0.024036414921283722
-0.004113183356821537
0.026915643364191055
0.002069445326924324
0.007680084090679884
-0.003361241891980171
-0.010649288073182106
-0.019524766132235527
0.017468174919486046
0.006246896926313639
-0.030771752819418907
-0.032468441873788834
-0.01778951659798622
-0.00884977076202631
-0.029255015775561333
0.006413995288312435
-0.0021722749806940556
-0.0050000883638858795
-0.04493652656674385
0.0028535209130495787
0.009498882107436657
-0.02082299068570137
-0.013117198832333088
-0.0021867353934794664
-0.0345507375895977
-0.006189055275171995
0.01786663942039013
-0.00733303464949131
-0.017069710418581963
0.036581624299287796
-0.032596975564956665
0.019357668235898018
0.003666517324745655
0.01676122099161148
-0.031954292207956314
-0.04473086819052696
0.01880495995283127
0.01518021710216999
0.0008676245925016701
0.014871727675199509
0.032776929438114166
-0.011253411881625652
-0.00047116834321059287
0.00441524526104331
-0.004373470786958933
-0.013740602880716324
-0.01825224980711937
0.018612153828144073
-0.0013721322175115347
0.005218601319938898
-0.00938319880515337
0.015244485810399055
0.008059268817305565
0.017121125012636185
-0.0027073100209236145
-0.008663392625749111
0.014846020378172398
-0.01299508847296238
-0.018586447462439537
0.01996179297566414
0.002434168942272663
0.006754618138074875
-0.0041003297083079815
-0.01136909518390894
0.0069731310941278934
0.003605462145060301
0.028920819982886314
-0.005568864289671183
0.027095595374703407
-0.00433812290430069
0.0019634023774415255
0.0070888143964111805
-0.002207622630521655
-0.010983484797179699
0.05933266878128052
0.0036600905004888773
0.008258501067757607
-0.012397391721606255
-0.004967954009771347
-0.00023940012033563107
0.012371683493256569
0.016221366822719574
0.0017047215951606631
0.0016348296776413918
-0.014653215184807777
0.01537302229553461
-0.00029623755835928023
-0.005189680494368076
0.014974557794630527
-0.0029001154471188784
-0.02266106940805912
0.031697217375040054
0.00031230467720888555
-0.008297061547636986
0.0026510751340538263
-0.01679978333413601
0.006491117179393768
-0.005568864289671183
0.004636971279978752
0.02586163952946663
0.01868927665054798
-0.001116664963774383
0.012763721868395805
-0.022558240219950676
0.0345507375895977
-0.007493705488741398
0.01485887449234724
0.02706988714635372
0.012108183465898037
-0.01564295031130314
0.0197561327368021
0.005237881559878588
0.016902612522244453
-0.01030223909765482
-0.008367757312953472
0.005584931466728449
-0.00733303464949131
0.0032728726509958506
-0.016362756490707397
-0.033265370875597
-0.0013142905663698912
-0.021349992603063583
0.01147835236042738
0.018779251724481583
0.004726947285234928
0.022416848689317703
0.00333553459495306
0.016941173002123833
0.0005302150384522974
0.023136654868721962
-0.002578773070126772
-0.001679014298133552
-7.099659706000239e-05
-0.015938585624098778
-0.02179987169802189
-0.01992323063313961
-0.0003321877447888255
-0.018586447462439537
-0.003859322750940919
0.004563062451779842
-0.0024470225907862186
0.0210415031760931
0.010038738138973713
-0.012435952201485634
0.0003751672920770943
0.019229130819439888
-0.023997852578759193
-0.04082334414124489
0.014396141283214092
0.011060606688261032
-0.01353494357317686
-0.010604300536215305
-0.0052057476714253426
-0.011079886928200722
-0.02650432474911213
0.02457626909017563
-0.009389625862240791
0.0038978836964815855
0.007905024103820324
0.0003536775184329599
-0.009402479976415634
-0.002058198442682624
0.03385663777589798
-0.001849325723014772
0.004187092185020447
-0.0020003567915409803
-0.008444879204034805
-0.01928054727613926
-0.02352226711809635
-0.0071338023990392685
0.036787282675504684
0.017840933054685593
-0.05285440385341644
0.005221814848482609
4.549004006548785e-05
-0.012024634517729282
-0.008284208364784718
0.00532143097370863
-0.006870301440358162
0.017391052097082138
0.005809871479868889
0.013085064478218555
0.018419349566102028
0.0028824417386204004
0.026967057958245277
-0.015797194093465805
-0.0015416403766721487
-0.003149155993014574
0.011484778486192226
0.012384537607431412
0.03928089886903763
-0.003181290114298463
-0.012532355263829231
0.03521913290023804
-0.0012315448839217424
-0.005292510148137808
-0.015527267009019852
-0.03622172027826309
-0.0069731310941278934
-0.0018477190751582384
-6.918904546182603e-05
-0.002795679261907935
0.014948850497603416
-0.008637684397399426
-0.009518163278698921
0.022429702803492546
0.0013295543612912297
-0.0006740157841704786
0.027686864137649536
0.0029692042153328657
0.01753244362771511
-0.03138872981071472
0.015591534785926342
-0.0019007405498996377
0.018149420619010925
0.0001036329340422526
0.041748810559511185
0.008721234276890755
-0.002999731572344899
-0.03203141316771507
-0.018496470525860786
0.029949115589261055
0.03979504853487015
0.007198070641607046
-0.017391052097082138
0.019126301631331444
0.0017320357728749514
0.032648392021656036
0.006606800481677055
-0.006021957378834486
0.02655573934316635
0.026452910155057907
0.0012435952667146921
-0.0016902611823752522
0.01590002328157425
-0.010186555795371532
0.01220458559691906
0.015887171030044556
0.007487278897315264
-0.01421618927270174
-0.00350584601983428
0.023239485919475555
0.01650414802134037
-0.006336872931569815
0.00541783357039094
0.007872889749705791
0.017802370712161064
0.022648215293884277
-0.01804659143090248
-0.026067297905683517
-0.006947423331439495
-0.043111301958560944
0.015141655690968037
-0.009061857126653194
-0.017558151856064796
-0.018882080912590027
0.006224403157830238
-4.697122858488001e-05
-0.025039002299308777
0.01569436490535736
0.012808709405362606
-0.052314549684524536
-0.010321519337594509
0.006076585501432419
0.003936444874852896
0.011934658512473106
0.0173653457313776
-0.023805048316717148
-8.12895959825255e-05
0.022648215293884277
-0.009608139283955097
-0.005083637312054634
0.008740514516830444
-0.011613315902650356
-0.015835754573345184
0.011086313985288143
-0.011324107646942139
0.012127463705837727
0.02642720192670822
0.02091296575963497
-0.03210853785276413
0.0047333743423223495
8.541935130779166e-06
-0.007326607592403889
-0.02099008858203888
0.02406212128698826
0.021568505093455315
-0.0031234484631568193
0.003926804754883051
-0.01602856069803238
-0.0227896049618721
-0.026375787332654
-0.013046503067016602
-0.00451164785772562
0.014576093293726444
-0.00038520924863405526
0.009505309164524078
0.01505167968571186
-0.026838520541787148
-0.014717483893036842
0.011118448339402676
-0.0013480315683409572
-0.012783002108335495
0.008862624876201153
0.001043559517711401
-0.012390964664518833
-0.006523251533508301
0.030154773965477943
0.02740408293902874
-0.007345888298004866
0.0019826828502118587
-0.05159474164247513
0.010360079817473888
-0.0072044976986944675
-0.0117161450907588
0.01906203292310238
0.005649200174957514
-0.008110683411359787
-0.0012869765050709248
-0.009678834117949009
0.005372845567762852
0.03953797370195389
-0.011619742959737778
-0.023997852578759193
-0.013123624958097935
-0.017301077023148537
-0.025630272924900055
0.011105595156550407
-0.004309202078729868
-0.009241808205842972
0.007063106633722782
0.002106399741023779
0.015103094279766083
-0.016748368740081787
0.03581039980053902
-0.02843237854540348
-0.012750867754220963
-0.000522984832059592
-0.0033258942421525717
0.02620868943631649
0.007892169989645481
0.02034740336239338
-0.015244485810399055
-0.016941173002123833
-0.026941349729895592
-0.020321695134043694
-0.006144067272543907
-0.007198070641607046
0.01683834381401539
-0.0006217976333573461
0.017763810232281685
-0.014267604798078537
-0.001976256025955081
-0.003219851292669773
-0.005575291346758604
0.015334460884332657
-0.009813797660171986
-0.01880495995283127
-0.03223707526922226
0.010854947380721569
0.015668656677007675
-0.006741764489561319
0.004849057644605637
-0.017596712335944176
-0.005556010641157627
0.02446058578789234
-0.01628563553094864
-0.023972146213054657
-0.014576093293726444
-0.01188324298709631
-0.011221278458833694
0.005797017831355333
-0.020810136571526527
0.03395947068929672
-0.016555562615394592
-0.005793804302811623
0.018059445545077324
-0.013162186369299889
-0.005128625314682722
0.0071595096960663795
0.03475639969110489
-0.007731499150395393
-0.010462909936904907
-0.00953101646155119
0.013265015557408333
0.006066945381462574
0.023535121232271194
-0.03354815021157265
0.004935819655656815
0.02009032852947712
0.0069088623858988285
-0.0005350351566448808
-0.009749529883265495
0.020643038675189018
-0.010546458885073662
0.0167226605117321
-0.00987163931131363
-0.026658568531274796
0.01366348098963499
-0.01120199728757143
-0.0006350529729388654
-0.0055367304012179375
0.007101668044924736
0.006140854209661484
-0.021092917770147324
0.0015994820278137922
0.007243058644235134
0.026054445654153824
-0.010585020296275616
0.011214851401746273
0.0021497809793800116
-0.03609318286180496
0.02552744373679161
-0.004254573956131935
0.04100329428911209
0.029820578172802925
0.0018155848374590278
-0.03714718669652939
0.005719895474612713
0.019768986850976944
-0.019589034840464592
0.011195570230484009
-0.004052128177136183
0.009858786128461361
-0.01692831888794899
0.02117004059255123
0.04804712161421776
-0.01521877758204937
-0.02150423638522625
-0.002957957098260522
0.020064622163772583
0.010604300536215305
-0.014319019392132759
0.0030238323379307985
-0.015578681603074074
0.03714718669652939
0.0012684992980211973
0.02791823074221611
-0.017455320805311203
-0.01722395420074463
-0.013676334172487259
0.042520031332969666
-0.0033258942421525717
0.009736675769090652
-0.004887618590146303
-0.010058018378913403
-0.03223707526922226
-0.00921610090881586
-0.013612065464258194
0.0017047215951606631
-0.0005559223936870694
0.025925908237695694
-0.021349992603063583
-0.0017288223607465625
0.002561099361628294
-0.013444967567920685
0.018779251724481583
-0.004540568683296442
-0.01271873340010643
0.022930996492505074
0.013599212281405926
-0.0005844415863975883
0.0404377318918705
0.011311253532767296
-0.013971969485282898
0.014357579872012138
0.0023907877039164305
-0.004636971279978752
0.003412656718865037
0.015450144186615944
-0.013599212281405926
0.01304007600992918
-0.008464159443974495
-0.007660803850740194
-0.01036650687456131
-0.017840933054685593
-0.010090152733027935
-0.0003882218443322927
0.02385646291077137
-0.019229130819439888
-0.0095567237585783
-0.004601623862981796
-0.002516111359000206
0.01744246855378151
-0.014717483893036842
-0.009524590335786343
0.01136909518390894
0.008624831214547157
-0.036196012049913406
-0.008200659416615963
-0.010263677686452866
-0.0013054537121206522
0.02201838418841362
0.03141443803906441
-0.004903685767203569
-0.03275122120976448
0.03488493710756302
-0.0018541458994150162
-0.03480781242251396
-0.027121301740407944
-0.0015062927268445492
0.0032069976441562176
-0.012615904211997986
-0.01654270850121975
0.021645626053214073
-0.017391052097082138
0.00388503004796803
0.016259927302598953
-0.01573292538523674
0.02222404256463051
-0.003316253889352083
-0.024473439902067184
-0.0030720336362719536
-0.031697217375040054
0.03210853785276413
0.00039625540375709534
0.02249397151172161
-0.01036650687456131
-0.029512090608477592
0.003361241891980171
0.011786840856075287
0.03128590062260628
-0.02300811931490898
0.017095418646931648
-0.01066856924444437
-0.01907488703727722
-0.012744441628456116
0.026131566613912582
-0.019563328474760056
-0.011227704584598541
-0.009299649856984615
-0.0021562078036367893
0.0045727030374109745
0.028483793139457703
-0.02210835926234722
-0.00820708554238081
-0.013432114385068417
-0.00632723281159997
-0.02047594077885151
-0.0007475228630937636
-0.018612153828144073
0.04398535192012787
0.01030223909765482
-0.015990000218153
-0.017622418701648712
0.0047494410537183285
-0.04182593151926994
0.013843432068824768
0.01928054727613926
0.03650449961423874
0.00880478322505951
0.001204230822622776
0.0015087027568370104
0.03411371260881424
-0.014486117288470268
0.010064445436000824
-0.042520031332969666
-0.0055624376982450485
-0.036787282675504684
-0.008959027007222176
-0.010141567327082157
-0.001786664011888206
-0.03074604459106922
-0.004212799482047558
0.03701864928007126
7.59171525714919e-05
0.0019553687889128923
0.00304150627925992
-0.02984628640115261
-0.014820313081145287
0.003650450147688389
0.003554047318175435
-0.011979646049439907
0.011343387886881828
0.0007314557442441583
0.0035636876709759235
0.010681422427296638
0.0095567237585783
-0.005241095088422298
-0.0321599505841732
-0.01421618927270174
0.03223707526922226
0.0017031149473041296
0.01573292538523674
-0.005363205447793007
-0.025964468717575073
-0.001834865310229361
-0.014113360084593296
-0.003958938643336296
-0.030848873779177666
-0.017416760325431824
-0.005061143543571234
0.0008716413867659867
-0.01974327862262726
-0.004068195354193449
0.009942335076630116
-0.030540386214852333
-9.178343316307291e-05
0.021812723949551582
-0.019087741151452065
0.003878603223711252
-0.00013928186672274023
-0.016144244000315666
-0.020167451351881027
-0.04660750925540924
-0.015591534785926342
0.007917877286672592
-0.02856091596186161
-0.0031652229372411966
0.017738102003932
-0.020077476277947426
0.006227616686373949
-0.0015954652335494757
0.005642773117870092
-0.02249397151172161
-0.023445144295692444
0.00392359122633934
-0.030257605016231537
-0.012815136462450027
-0.015848608687520027
0.01419048197567463
0.00836133025586605
0.012024634517729282
0.018367933109402657
-0.047301605343818665
0.012930819764733315
0.2012374848127365
-0.0345507375895977
-0.01280228327959776
0.008637684397399426
0.0020678385626524687
0.031028825789690018
0.042134419083595276
-0.004630544688552618
-0.0005458804662339389
-0.001585824997164309
0.0026060871314257383
-0.031234486028552055
-0.011086313985288143
0.011658303439617157
0.01064286194741726
-0.02244255691766739
-0.04269998520612717
-0.015270193107426167
-0.0020903325639665127
-0.014087652787566185
0.0210415031760931
0.01937052235007286
-0.005430687218904495
-0.005539943464100361
0.036915820091962814
0.003364455420523882
-0.008695526048541069
0.01451182458549738
0.03611889109015465
-0.003689011326059699
-0.017236808314919472
0.00024281437799800187
-0.011574754491448402
0.0008354903548024595
-0.00329697341658175
0.004097116179764271
0.022211190313100815
-0.01237811055034399
0.006407568231225014
0.011426936835050583
0.023393729701638222
-0.02073301374912262
-0.020681599155068398
-0.02825242653489113
-0.017686687409877777
0.06869015842676163
-0.0020003567915409803
-0.0015962686156854033
0.003528340021148324
-0.0015625276137143373
-0.01248094066977501
0.015912877395749092
0.03557903319597244
0.02523180842399597
0.005543156992644072
0.022712484002113342
-1.2514781701611355e-05
-0.0065071843564510345
0.021054357290267944
-0.006060518324375153
-0.0035251264926046133
0.022288311272859573
-0.0034255103673785925
0.023676510900259018
-0.00998089648783207
0.009396052919328213
-0.0069538503885269165
-0.028586624190211296
-0.030514677986502647
-0.01081638690084219
0.015283046290278435
-0.0039653657004237175
-0.02299526520073414
0.019511913880705833
-0.019344814121723175
-0.01505167968571186
0.015128802508115768
-0.0008049628231674433
-0.0041710250079631805
0.03825260326266289
-0.022815313190221786
-0.00424172030761838
-0.013869139365851879
-0.02437061071395874
0.01464036200195551
-0.027044178918004036
0.020784428343176842
-0.003904310753569007
-0.0009825044544413686
-0.007744352798908949
-0.014820313081145287
-0.00015484688628930598
0.0017946974840015173
0.004228866659104824
0.014139067381620407
0.011452644132077694
-0.0010949743445962667
0.02586163952946663
-0.011587608605623245
-0.00931893102824688
-0.020206011831760406
0.03997499868273735
0.011291973292827606
0.013432114385068417
-0.017262516543269157
0.0031796833500266075
-0.023188071325421333
-0.009743102826178074
-0.010771398432552814
-0.02501329593360424
0.011825401335954666
0.0008370970608666539
0.007262339349836111
-0.001617155852727592
-0.02992340736091137
0.01996179297566414
0.0038175482768565416
-0.009196820668876171
0.01081638690084219
0.015167362987995148
0.006606800481677055
0.015578681603074074
-0.005565651226788759
0.01646558754146099
-0.014370433986186981
-0.008451306261122227
-0.05074639990925789
0.007872889749705791
-0.018329372629523277
-0.023406583815813065
0.012519501149654388
-0.03030901961028576
0.04185163974761963
0.011947511695325375
-0.004116396885365248
-0.021401407197117805
-0.0004193518834654242
-0.012962954118847847
0.00012883823364973068
0.019563328474760056
0.03048897162079811
-0.018792105838656425
-0.01735249161720276
-0.00777006009593606
0.00933821126818657
-0.026324372738599777
0.006343299988657236
-0.004977594595402479
-0.016221366822719574
-0.0068381670862436295
-0.02163277380168438
-0.054962411522865295
-0.01696688123047352
-0.00880478322505951
0.00541783357039094
0.012924392707645893
-0.024267781525850296
-0.006063731852918863
0.014588946476578712
0.008926892653107643
-0.020360257476568222
-0.0024020348209887743
0.04205729812383652
-0.004916539415717125
0.006545745301991701
0.0030382927507162094
-0.16000282764434814
0.00742943724617362
-0.010469336993992329
-0.012930819764733315
0.0019152009626850486
-0.001339997979812324
0.02933213859796524
0.00915183313190937
-0.006574666127562523
-0.006359366700053215
-0.00401999382302165
-0.004485940560698509
-0.036273133009672165
-0.01830366626381874
-0.016452733427286148
-0.005379272624850273
-0.028740867972373962
-0.008926892653107643
0.04223725199699402
0.016568416729569435
0.023869317024946213
-0.014614653773605824
-0.028123890981078148
-0.005600998643785715
0.00921610090881586
-0.014576093293726444
-0.018714983016252518
0.008824063464999199
-0.00964027363806963
0.015038826502859592
0.00419030524790287
0.018265103921294212
0.017159685492515564
0.007660803850740194
-0.003936444874852896
0.007326607592403889
0.00899758841842413
-0.0067032030783593655
-0.021478528156876564
0.010032311081886292
0.011594035662710667
0.020411672070622444
0.025578858330845833
-0.011144155636429787
0.0011793267913162708
-0.007178789936006069
0.042597152292728424
-0.014846020378172398
0.03018048219382763
-0.007165936287492514
0.03262268379330635
0.007294473238289356
-0.00023337494349107146
0.008046414703130722
0.0024807637091726065
-0.003644023323431611
0.01628563553094864
-0.0037757735699415207
0.0021417473908513784
0.007210924290120602
0.009061857126653194
-0.020964380353689194
-0.004142104182392359
0.03275122120976448
0.02843237854540348
-0.010237970389425755
-0.008926892653107643
0.014306165277957916
-0.015205924399197102
0.004720520228147507
-0.013393552973866463
-0.028123890981078148
0.013059357181191444
-0.0015159329632297158
0.008367757312953472
-0.0017898774240165949
-0.01334213837981224
0.03745567426085472
0.012236719951033592
-0.015013119205832481
-0.004816923290491104
0.036273133009672165
-0.0052507356740534306
-0.002705703256651759
0.005800230894237757
-0.005703828297555447
-0.00752583984285593
0.007185216993093491
0.013117198832333088
-0.004620904102921486
0.014203336089849472
-0.042134419083595276
-0.007628669496625662
0.018277958035469055
0.002080692211166024
0.016221366822719574
-0.014267604798078537
-0.022262604907155037
0.00213210703805089
-0.0026816027238965034
0.01889493502676487
0.023342315107584
-0.02300811931490898
-0.010674996301531792
0.02706988714635372
-0.00015655401512049139
0.005649200174957514
0.026375787332654
0.029126478359103203
0.015758633613586426
-0.029409259557724
0.008624831214547157
0.013946262188255787
0.015874316915869713
0.03493634983897209
0.010160847567021847
-0.006189055275171995
-0.01696688123047352
-0.0003621127689257264
-0.005125411786139011
0.0578930526971817
-0.01115700975060463
-0.009749529883265495
0.0008354903548024595
-0.014781752601265907
-0.03663303703069687
-0.10612012445926666
-0.03573327884078026
0.02201838418841362
0.02227545715868473
0.008541282266378403
0.03460215404629707
-0.0035572608467191458
-0.0033323210664093494
-0.0045534223318099976
0.010122287087142467
-0.029409259557724
-0.0069345696829259396
0.006851020734757185
0.006362580228596926
-0.019229130819439888
0.032776929438114166
0.006237256806343794
-0.013522089459002018
-0.026787105947732925
0.020540209487080574
0.003171649994328618
0.022056944668293
-0.015874316915869713
-0.007095240987837315
-0.006561812479048967
0.0018091578967869282
-0.026967057958245277
0.004935819655656815
0.025707395747303963
0.004717307165265083
-0.012513075023889542
-0.014486117288470268
-0.00020435370970517397
0.0013496382161974907
0.027712572365999222
-0.021735602989792824
-0.02051450125873089
-0.01485887449234724
0.034525033086538315
-0.018933497369289398
0.008451306261122227
0.015424436889588833
0.006298311986029148
-0.0227896049618721
0.007262339349836111
-0.0138305788859725
-0.018136566504836082
0.002270284341648221
0.015411583706736565
-0.009421760216355324
-0.010205836035311222
-0.032854050397872925
-0.04637614265084267
-8.12895959825255e-05
0.011362669058144093
0.02714700996875763
-0.015745779499411583
0.007602962199598551
0.002954743802547455
-0.03506488725543022
0.004331696312874556
-0.02150423638522625
-0.005742389243096113
0.03370239585638046
0.022134067490696907
-0.024293487891554832
-0.00019732434884645045
-0.024319196119904518
0.014421848580241203
0.01670980639755726
-0.0058580725453794
0.002663928782567382
-0.003721145447343588
-0.006722483783960342
-0.002726590493693948
0.02047594077885151
-0.013175040483474731
-0.022725338116288185
-0.007699364796280861
-0.0018364720745012164
-0.002847094088792801
-0.0033066137693822384
-0.0038978836964815855
-0.0035379803739488125
0.016491293907165527
0.026375787332654
0.0028936886228621006
-0.0038014810997992754
0.00475586811080575
-0.01856073923408985
0.008637684397399426
0.01338069885969162
-0.012211012654006481
0.00725591229274869
0.021709894761443138
-0.010829240083694458
0.0031138083431869745
-0.02547602914273739
-0.009447467513382435
0.01799517683684826
-0.024743366986513138
0.008592696860432625
-0.06581093370914459
-0.0054467543959617615
0.017159685492515564
-0.002324912464246154
0.0004430508997756988
-0.02197982370853424
0.02997482195496559
-0.00203570444136858
0.0011881636455655098
0.005690974649041891
-0.01611853763461113
0.0006049271323718131
-0.02492331899702549
-9.399266127729788e-05
-0.01924198493361473
-0.001730429008603096
0.03126019239425659
-0.002842273795977235
0.01331643108278513
0.0071145216934382915
0.0077829137444496155
-0.0006045254413038492
0.024743366986513138
0.024512002244591713
0.008020707406103611
0.004521287977695465
-0.0004812102997675538
-0.0006165758240967989
-0.0008459339733235538
0.005539943464100361
-0.001730429008603096
-0.015797194093465805
0.0017834505997598171
0.013843432068824768
-0.007590108551084995
-0.010533604770898819
0.006664642132818699
0.027661157771945
0.01996179297566414
0.06288028508424759
-0.019524766132235527
-0.01438328716903925
0.03365097939968109
-0.0025514590088278055
-0.03244273364543915
-0.007307326886802912
-0.005600998643785715
0.01115700975060463
0.007969292812049389
-0.01843220181763172
0.026067297905683517
0.01983325555920601
-0.011137728579342365
-0.02462768368422985
-0.009768810123205185
0.012275281362235546
0.021658480167388916
0.007583681493997574
0.010038738138973713
0.0018846733728423715
0.04308559373021126
-0.005025795660912991
-0.018522178754210472
0.014884581789374352
-0.006118359975516796
-0.009633846580982208
0.016169952228665352
-0.013881993480026722
-0.007146656047552824
-0.010630007833242416
-0.01338069885969162
0.013303576968610287
0.007692938204854727
0.01032794639468193
0.021787017583847046
0.00460805045440793
-0.017133979126811028
0.0024775501806288958
-0.009961615316569805
0.02214692160487175
-0.007692938204854727
0.015848608687520027
-0.022648215293884277
0.026915643364191055
0.027866816148161888
0.0011005979031324387
0.007892169989645481
-0.006108719855546951
-0.023265192285180092
0.022391140460968018
-0.014550385996699333
0.015514412894845009
-0.0026928496081382036
0.0028824417386204004
-0.0015914484392851591
0.00814281776547432
0.018920643255114555
-0.016259927302598953
0.004813709761947393
0.03213424235582352
0.02838096395134926
0.00023819509078748524
-0.008933319710195065
-0.02056591585278511
-0.018830666318535805
-0.0005679727764800191
-0.0369415283203125
-0.027892524376511574
-0.006780325435101986
0.02624724991619587
-0.0021642413921654224
-0.003412656718865037
0.03814977407455444
0.012667318806052208
-0.03964080289006233
-0.01863786205649376
0.0203988179564476
-0.009884493425488472
-0.030797459185123444
0.003264839295297861
-0.015681510791182518
0.033111125230789185
0.029100771993398666
-0.00054266705410555
-0.008136390708386898
-0.007005264982581139
0.037044357508420944
-0.0039846464060246944
0.0019585820846259594
0.006439702585339546
-0.01744246855378151
-0.013560650870203972
-0.025514589622616768
-0.020887259393930435
-0.002165848156437278
-0.02124716155230999
0.013547797687351704
0.040720514953136444
-0.014524678699672222
0.08755938708782196
0.004440952558070421
-0.026607153937220573
0.012969381175935268
0.0046433983370661736
0.005780950654298067
0.006439702585339546
-0.001682227710261941
-0.017982322722673416
0.01464036200195551
0.028920819982886314
-0.03138872981071472
-0.005350351799279451
-0.02928072400391102
-0.015617243014276028
-0.0034929923713207245
-0.01637561060488224
0.044191014021635056
0.0033740955404937267
0.022416848689317703
0.04434525594115257
0.008888332173228264
-0.003666517324745655
-0.0032069976441562176
-0.016221366822719574
0.016221366822719574
0.01786663942039013
0.003260019002482295
-0.017738102003932
-0.04115753993391991
-0.0018412921344861388
0.0012917965650558472
-0.04305988550186157
-0.011671157553792
-0.0029756310395896435
-0.022609654814004898
0.01000660378485918
-0.02038596384227276
0.015308753587305546
0.01453753188252449
-0.005504596047103405
0.02488475851714611
-0.030797459185123444
-0.046787459403276443
-0.027352668344974518
-0.004614477511495352
-0.03249414637684822
0.011960365809500217
-0.024897612631320953
