-0.004230015445500612
-0.014801920391619205
0.0168949943035841
-0.0103212371468544
-0.04023214429616928
0.00955670140683651
-0.04855430871248245
-0.01818593218922615
-0.018649667501449585
-0.021294210106134415
-0.009757235646247864
0.010590705089271069
-0.011693642474710941
0.008923765271902084
-0.0004598183440975845
-0.014350718818604946
0.02995477430522442
-0.01799793168902397
0.01073483843356371
-0.00839109718799591
-0.011724975891411304
0.011530708521604538
-0.0010136370547115803
-0.009111766703426838
-0.03910414129495621
0.009180699475109577
0.01649392582476139
-0.017509130761027336
-0.013937117531895638
-0.0032304783817380667
-0.0005240518948994577
-0.01858700066804886
-0.016857394948601723
-0.010697239078581333
0.01103563979268074
0.011706175282597542
0.0064484234899282455
0.01075990591198206
0.007081359159201384
0.00884229876101017
0.02101847529411316
0.0061037554405629635
0.008434963412582874
-0.022422214969992638
-0.006016021594405174
0.03010517545044422
-0.02135687693953514
-0.005464552901685238
-0.023938752710819244
0.019627271220088005
0.008967632427811623
0.015766991302371025
-0.018248599022626877
-0.003794480348005891
-0.026269961148500443
0.0004085098044015467
0.004794017411768436
0.014764320105314255
-0.013861916959285736
-0.01403738372027874
0.013247781433165073
-0.014175251126289368
-0.01953953690826893
0.016719527542591095
0.008566563948988914
0.020253939554095268
-0.034717459231615067
0.012307778000831604
-0.01196311041712761
0.004424282815307379
0.0016481393249705434
0.012395511381328106
-0.01403738372027874
0.005840554367750883
0.04364122450351715
0.00430834898725152
0.015528855845332146
-0.04306468740105629
-0.012132310308516026
0.024828623980283737
0.0003284136764705181
-0.013912050053477287
-0.023838486522436142
0.01334804855287075
-0.0015956558054313064
0.0109040392562747
0.025229690596461296
0.010258570313453674
0.006611357443034649
-0.01625579223036766
-0.015215521678328514
0.014125118032097816
-0.0011280040489509702
0.01604272425174713
-0.014613919891417027
0.011988176964223385
-0.006617623846977949
0.015867257490754128
-0.02817503549158573
-0.03722413629293442
-0.0043616159819066525
-0.004618550185114145
-0.0057246205396950245
0.004913084674626589
-0.024828623980283737
0.018511800095438957
-0.013222714886069298
-0.010878972709178925
0.027723833918571472
-0.02469075657427311
-0.009694568812847137
0.037976138293743134
-0.005687020719051361
-0.0034498125314712524
0.017672063782811165
-0.0040827482007443905
0.02355021797120571
-0.010634572245180607
-0.00221997476182878
-0.014914720319211483
0.03211051598191261
-0.0035124793648719788
0.01037763711065054
0.0025286092422902584
0.016819793730974197
0.013974716886878014
-0.01834886707365513
0.015328322537243366
-0.03251158446073532
-0.0016356059350073338
-0.0034216123167425394
-0.001834573340602219
0.0030644109938293695
-0.014638986438512802
-0.011912976391613483
-0.0006529106758534908
-0.009838702157139778
0.009907635860145092
-0.026295028626918793
-0.007852161303162575
0.007758161518722773
0.020416874438524246
-0.00992643553763628
-0.03253665193915367
-0.0015823390567675233
0.014576319605112076
0.03602093085646629
0.016080325469374657
0.0037380801513791084
-0.009669501334428787
0.027999568730592728
-0.02247234806418419
0.01188164297491312
-0.00942510087043047
0.024377422407269478
-0.009356167167425156
0.019364070147275925
0.03494305908679962
0.0010880539193749428
0.012815379537642002
-0.021720346063375473
-0.0072693596594035625
0.008785898797214031
0.0022701083216816187
0.001666939351707697
0.01361124962568283
0.00992643553763628
-0.00031646780553273857
0.011800176464021206
-0.00531415268778801
0.01473925355821848
0.03206038102507591
-0.03529399260878563
0.019990738481283188
-0.008366030640900135
0.035143595188856125
0.018273666501045227
-0.0007363359909504652
-0.006009755190461874
-0.0020335407461971045
-0.03133344650268555
0.00861669797450304
0.012646178714931011
0.017571797594428062
-0.022008612751960754
0.012921913526952267
0.01500245463103056
0.015428588725626469
0.012884313240647316
0.0031286445446312428
0.02326195128262043
0.011010573245584965
0.011587108485400677
0.0010465370723977685
-0.6393025517463684
0.0008687198278494179
-0.002860743785277009
0.0057371542789042
0.020893141627311707
-0.002398575423285365
0.014313118532299995
0.005173151846975088
0.00822189636528492
-0.012733913026750088
0.002437742194160819
0.006567490287125111
-0.011931776069104671
-0.004653017036616802
-0.021206477656960487
-0.03286251798272133
0.013861916959285736
-0.015867257490754128
0.02040434069931507
-0.021482210606336594
-0.02442755550146103
0.024966489523649216
0.0026962431147694588
0.01210724376142025
-0.014175251126289368
-0.018762467429041862
0.016030190512537956
0.015516323037445545
0.00221997476182878
0.015904856845736504
-0.028977172449231148
0.030380910262465477
0.0145512530580163
0.012997114099562168
0.0461479015648365
0.03236118331551552
-0.0241392869502306
0.028300369158387184
0.0018847067840397358
-0.007626560982316732
-0.014413385652005672
-0.002935943892225623
-0.0005248352536000311
-0.0071690925396978855
0.036196399480104446
-0.002906177192926407
0.017070461064577103
-0.028876904398202896
0.008942565880715847
0.01747152954339981
-0.00046412667143158615
0.003860280616208911
0.01358618214726448
0.0043365489691495895
-0.002398575423285365
-0.016080325469374657
0.0013880716869607568
0.006517356727272272
-0.015842190012335777
0.011198573745787144
0.0006732774199917912
0.004305215552449226
-0.00023030083684716374
-0.02135687693953514
-0.026395294815301895
0.011862843297421932
-0.02355021797120571
-0.013034713454544544
0.024565422907471657
-0.04248815402388573
0.015127788297832012
0.02032914012670517
0.008735764771699905
-0.007739361375570297
0.005965888034552336
-0.006041088607162237
0.019790204241871834
0.015027521178126335
-0.0027103431057184935
0.026570763438940048
-0.025580625981092453
-0.012758979573845863
-0.03536919504404068
0.01451365277171135
0.033138252794742584
-0.06477250158786774
-0.019702471792697906
-0.006200889125466347
-0.0031004445627331734
0.015453656204044819
-0.01747152954339981
0.013385648839175701
-0.0027792768087238073
-0.020680075511336327
0.009625635109841824
0.04715057089924812
0.002014740603044629
-0.0038446139078587294
0.02228434756398201
-0.015629123896360397
0.011204840615391731
-0.022848349064588547
0.014400851912796497
-0.0034905460197478533
0.01402485091239214
0.0026006761472672224
-0.010340037755668163
0.007808295078575611
0.023637952283024788
-0.02225928008556366
0.010120702907443047
-0.02204621396958828
-0.0005170018994249403
6.65346160531044e-05
-0.02947850711643696
-0.027748899534344673
5.527415851247497e-05
0.008290830068290234
0.018411533907055855
-0.03672279790043831
0.008554031141102314
-0.007294426206499338
0.0032712118700146675
0.013435781933367252
-0.001880006748251617
0.007877228781580925
-0.04311482235789299
0.004574683029204607
0.003496812656521797
-0.015453656204044819
0.007319493219256401
-0.011016840115189552
0.01897553540766239
-0.0005546020111069083
0.03975587710738182
-0.005398753099143505
0.015716856345534325
-0.004261348862200975
0.0033558120485395193
0.004280149005353451
-0.020680075511336327
-0.017333662137389183
0.008215629495680332
-0.00955670140683651
-0.038477472960948944
-0.022560082376003265
-0.015365921892225742
-0.013523515313863754
-0.027498232200741768
0.015478722751140594
0.0027166097424924374
0.004267615266144276
-0.04404229298233986
-0.011875376105308533
-0.0004527683195192367
-0.009381233714520931
-0.0013653549831360579
0.0057058208622038364
-0.035118527710437775
-0.0038634140510112047
0.019464336335659027
-0.0029249773360788822
-0.010014169849455357
0.04171108454465866
-0.022409681230783463
0.017308596521615982
0.014689119532704353
0.011699909344315529
-0.010872705839574337
-0.04489456117153168
0.007081359159201384
0.01112964004278183
0.005242085549980402
0.018912868574261665
0.03050624392926693
-0.007062559016048908
-0.028500903397798538
0.009456434287130833
-0.020742742344737053
-0.008152962662279606
-0.01066590566188097
0.024891290813684464
-0.02123154327273369
-0.009130566380918026
0.004273882135748863
0.0127276461571455
-0.002719743177294731
0.021883279085159302
0.0020335407461971045
-0.004248815588653088
0.010264837183058262
0.0021729746367782354
-0.01990300603210926
0.011079506948590279
0.0003284136764705181
0.008347230032086372
0.006169555708765984
-0.01126124057918787
-0.0004942851373925805
-0.005358019378036261
0.020078472793102264
-0.017108062282204628
0.049657247960567474
-0.009387500584125519
-0.0028764104936271906
0.005586753599345684
0.0013496882747858763
-0.008146695792675018
0.05228925496339798
0.0003752180200535804
0.0064484234899282455
-0.019790204241871834
-0.013059780932962894
-0.008322163484990597
-0.010471638292074203
0.016130458563566208
-0.0010097203776240349
0.005593020468950272
-0.021005943417549133
0.011969376355409622
-0.023825952783226967
-0.01885020174086094
0.011724975891411304
-0.01250204537063837
-0.03253665193915367
0.02316168323159218
-0.018436599522829056
-0.016218192875385284
0.01129884086549282
-0.033714789897203445
0.007432293612509966
0.006686557549983263
-0.0021682744845747948
0.025129424408078194
0.02431475557386875
0.008911232464015484
0.015691790729761124
-0.0034122122451663017
0.013423248194158077
-0.009675768204033375
0.015040053986012936
0.02860116958618164
0.009243367239832878
-0.01098550669848919
0.03499319404363632
0.003122377907857299
0.023663019761443138
-0.011505641974508762
-0.010910306125879288
-0.000525226874742657
-0.00561182014644146
0.007288159802556038
-0.015090188011527061
-0.023487551137804985
-0.015027521178126335
-0.04692497104406357
-0.0007022608770057559
0.010878972709178925
0.005640020594000816
0.027322765439748764
0.005712087266147137
0.025254758074879646
0.00026672595413401723
0.019288869574666023
-0.004436816088855267
0.0075826942920684814
-0.0037255468778312206
-0.010709771886467934
-0.033213455229997635
-0.023149151355028152
-0.016844861209392548
-0.03689826652407646
-0.014162718318402767
0.012608579359948635
-0.004841017536818981
-0.0060724220238626
0.012100976891815662
-0.006956025026738644
0.011724975891411304
0.008792164735496044
-0.02857610397040844
-0.03193504735827446
0.013134980574250221
0.002119707642123103
-0.01054683793336153
-0.012301511131227016
-0.00996403582394123
-0.02323688380420208
-0.028952104970812798
0.014476052485406399
-0.009393767453730106
-0.004139148164540529
-0.008930032141506672
0.0017405729740858078
-0.009130566380918026
-0.013009646907448769
0.02659582905471325
0.0038696806877851486
0.009443900547921658
0.007708027958869934
-0.0018142065964639187
-0.018386466428637505
-0.03572012856602669
-0.008466297760605812
0.026771297678351402
0.02526729181408882
-0.04602256789803505
0.00016792769019957632
0.005793554242700338
0.0011366207618266344
-0.006244755815714598
0.012790312990546227
-0.0012611711863428354
0.004913084674626589
0.015666723251342773
0.015478722751140594
0.010239770635962486
-0.00525461882352829
0.02490382269024849
-0.008572830818593502
-0.001294854679144919
0.009531634859740734
-0.010421504266560078
0.0015862557338550687
0.05279058963060379
-0.011768843047320843
-0.0060598887503147125
0.03211051598191261
-0.00046412667143158615
-0.0012603879440575838
-0.018574466928839684
-0.04120974987745285
-0.002301441738381982
0.006276089232414961
0.005473953206092119
0.010227236896753311
0.004101548343896866
-0.015027521178126335
0.007419760338962078
0.033138252794742584
-0.004483816213905811
-0.009525367990136147
0.009970302693545818
0.0016371725359931588
0.008140429854393005
-0.017296062782406807
0.013109914027154446
-0.0018189066322520375
0.01992807164788246
0.016243258491158485
0.030380910262465477
-0.002586575923487544
0.00029531773179769516
-0.03138358145952225
-0.012245111167430878
0.01126124057918787
0.042312685400247574
0.0027886766474694014
-0.027773967012763023
0.0029469106812030077
-0.0055710868909955025
0.04659910127520561
-0.006548690143972635
0.004966351203620434
0.031684380024671555
0.004919351078569889
-0.0007288943161256611
0.005132418591529131
0.01918860338628292
-0.012220044620335102
0.008773365058004856
0.021557411178946495
0.0043804156593978405
-0.03541933000087738
0.00996403582394123
0.024227021262049675
0.01053430512547493
0.005520953331142664
-0.010001636110246181
0.012520845048129559
0.013172580860555172
0.029704106971621513
-0.014601386152207851
-0.0290273055434227
-0.003333878703415394
-0.04587216675281525
0.018298732116818428
-0.005260885693132877
-0.01797286421060562
-0.01158084161579609
-0.013924583792686462
0.002757343230769038
-0.022798215970396996
0.009776035323739052
0.0014201884623616934
-0.03587052971124649
-0.03108277916908264
-0.008190562948584557
0.00705002574250102
0.025492891669273376
0.011468041688203812
-0.024039020761847496
-0.003615879686549306
0.03494305908679962
-0.007181625813245773
-0.016142992302775383
0.018674734979867935
-0.0030189775861799717
-0.008046428672969341
0.02101847529411316
-0.02035420760512352
-0.0019646070431917906
0.02185821160674095
0.0006709274020977318
-0.03103264607489109
0.006442156620323658
-0.014664052985608578
-0.02035420760512352
-0.020078472793102264
0.020980875939130783
0.0016324726166203618
0.012163643725216389
-0.0005710520781576633
-0.012834180146455765
-0.012364177964627743
-0.018286200240254402
-0.011399107985198498
-0.018699800595641136
0.016794728115200996
-0.003496812656521797
-0.0006133522256277502
0.01789766550064087
-0.00678682466968894
0.0007504360401071608
0.004991418216377497
-0.006648957263678312
-0.0040388815104961395
0.004355349112302065
0.011430441401898861
-0.02526729181408882
-0.018298732116818428
0.036121197044849396
0.01591739058494568
-0.022296881303191185
-0.007764427922666073
-0.032712116837501526
0.00942510087043047
0.01789766550064087
-0.003185044974088669
0.015879791229963303
0.0027495098765939474
-0.009450167417526245
-0.0026006761472672224
0.0008232863037846982
0.0028356770053505898
0.026570763438940048
0.00293751060962677
-0.024728355929255486
-0.007382160052657127
-0.006404556334018707
-0.00502275163307786
0.018361398950219154
0.0051919519901275635
-0.0007292859954759479
0.005987821612507105
0.0019317070255056024
-0.004486949648708105
-0.034717459231615067
0.02754836715757847
-0.022885950282216072
-0.021532343700528145
-0.02223421446979046
0.003926080651581287
0.023299550637602806
-0.015553923323750496
0.014175251126289368
-0.015578989870846272
-0.01403738372027874
-0.004640483297407627
-0.013423248194158077
-0.007043758872896433
0.00039108056807890534
0.017070461064577103
-0.0025019757449626923
0.007695494685322046
0.0011844042455777526
-0.012683779001235962
0.010101903229951859
-0.00705002574250102
-0.001234537805430591
-0.021870745345950127
-0.010239770635962486
-0.03048117645084858
0.017797397449612617
0.017333662137389183
-0.008040162734687328
-0.0021353743504732847
-0.018386466428637505
-0.008366030640900135
0.02802463434636593
-0.016055257990956306
-0.015792056918144226
-0.004809684120118618
-0.007419760338962078
0.0029892108868807554
0.0038728141225874424
-0.034115858376026154
0.019226202741265297
-0.0028764104936271906
-0.01649392582476139
0.005345486104488373
-0.012451911345124245
-0.013711516745388508
-0.0025458424352109432
0.0411846823990345
-0.01522805541753769
-0.0006239272770471871
0.003153711324557662
0.022271813824772835
0.011543241329491138
0.019627271220088005
-0.025655826553702354
0.002116574440151453
0.025555558502674103
-0.00013904216757509857
0.009519101120531559
-0.0009830868802964687
0.0029234106186777353
-0.008466297760605812
0.018223533406853676
-0.011073240078985691
-0.03048117645084858
0.018511800095438957
-0.012226310558617115
0.0028889437671750784
-0.02230941317975521
0.010647105053067207
0.00934363342821598
-0.00339341233484447
-0.0030330775771290064
0.002820010297000408
0.02278568223118782
-0.012470711953938007
-0.010133236646652222
0.011405374854803085
-0.028952104970812798
0.03323851898312569
-0.0039824810810387135
0.039505209773778915
0.012846712954342365
-0.0018909735372290015
-0.04802790656685829
0.013285381719470024
0.03198518231511116
-0.025392625480890274
0.007870961911976337
-0.02032914012670517
-0.00251137581653893
-0.011236174032092094
0.01908833533525467
0.03143371269106865
-0.01654406078159809
-0.008980166167020798
0.0023218083661049604
0.020980875939130783
0.01718326285481453
-0.01062830537557602
0.013335514813661575
-0.012113510631024837
0.015867257490754128
0.0012086876668035984
0.036998532712459564
-0.0205672737210989
-0.010841372422873974
-0.02159501239657402
0.06161408871412277
-0.0005444186390377581
-0.0016544059617444873
-0.00016430475807283074
-0.0043271491304039955
-0.014187784865498543
-0.013385648839175701
0.002588142640888691
-0.013949650339782238
0.01357364933937788
0.03737453371286392
-0.012809112668037415
0.0003027594357263297
-0.010672171600162983
-0.018436599522829056
0.020216340199112892
-0.005596153438091278
-0.006605090573430061
0.02032914012670517
-0.013548582792282104
-0.0010888372780755162
0.034617193043231964
0.024490222334861755
-0.0012486377963796258
0.012708845548331738
-0.0029845107346773148
-0.01432565227150917
-0.00799629557877779
0.0031787781044840813
-0.027473166584968567
0.001254121190868318
-0.005730887409299612
-0.005267152562737465
-0.007839628495275974
-0.025041690096259117
-0.03185984864830971
-0.00831589661538601
0.022773148491978645
-0.017910197377204895
0.00508855190128088
-0.005564820021390915
0.010296170599758625
0.003109844634309411
-0.0008585364557802677
-6.957004370633513e-05
0.017935264855623245
0.01968993805348873
-0.03822680562734604
-0.007357093505561352
0.001357521628960967
0.001393555081449449
0.003681679954752326
0.02764863334596157
0.004070214927196503
-0.027523299679160118
0.04303962364792824
-0.00044023492955602705
-0.011781375855207443
-0.03013024292886257
0.006830691359937191
-0.006542423740029335
-0.004230015445500612
-0.021895812824368477
0.012314044870436192
-0.00202257395721972
0.002464375691488385
0.006467223633080721
-0.014613919891417027
0.0103212371468544
0.00701869186013937
-0.01550378929823637
-0.023625418543815613
-0.016606727614998817
0.036045998334884644
-0.014676586724817753
0.024277154356241226
-0.011919243261218071
-0.024753423407673836
0.01178764272481203
0.00911803264170885
0.018887801095843315
-0.007244293112307787
0.012583511881530285
-0.010979239828884602
-0.01858700066804886
-0.022535014897584915
0.02223421446979046
-0.018298732116818428
-0.014601386152207851
0.015879791229963303
0.008040162734687328
0.01639365963637829
0.025969160720705986
-0.011543241329491138
0.008322163484990597
-0.004512016195803881
-0.005323552526533604
-0.020216340199112892
0.0020413741003721952
-0.0019661737605929375
0.049556978046894073
-0.011160973459482193
-0.008015095256268978
-0.0065925572998821735
0.008735764771699905
-0.0460977666079998
0.02619476057589054
0.01982780545949936
0.042839087545871735
0.013435781933367252
0.005965888034552336
0.005655687302350998
0.026019293814897537
-0.015842190012335777
0.011887909844517708
-0.013009646907448769
0.0014123551081866026
-0.029353173449635506
0.006310556083917618
-0.011493108235299587
-0.006398289930075407
-0.010841372422873974
-0.0064922901801764965
0.034642260521650314
0.004486949648708105
0.003995014354586601
0.0053924862295389175
-0.011912976391613483
-0.005746554117649794
0.0009729035082273185
0.006172689143568277
0.009970302693545818
-0.00044180158874951303
0.004255081992596388
-0.011643508449196815
0.003045611083507538
-0.00019289653573650867
-0.007570160552859306
-0.03446679189801216
0.0008350363350473344
0.029929708689451218
-0.012188711203634739
0.025818759575486183
-0.011612175032496452
-0.009061632677912712
0.00844749715179205
-0.016005124896764755
0.007206692826002836
-0.02088060975074768
-0.017559263855218887
0.009255900047719479
0.003141178051009774
-0.02495395764708519
-0.0020272741094231606
0.004220615141093731
-0.04416762664914131
-0.002230941317975521
0.005304752383381128
-0.011511907912790775
0.006110022310167551
0.004123481456190348
-0.0026445428375154734
-0.01992807164788246
-0.04409242793917656
-0.0205672737210989
0.02080540917813778
0.0042707487009465694
0.0036315463948994875
0.016293391585350037
-0.005812354385852814
0.022171547636389732
-0.010697239078581333
0.0035156127996742725
-0.018411533907055855
-0.018837668001651764
0.012207510881125927
-0.01452618557959795
-0.01760939694941044
-0.0015995724825188518
0.011486841365695
-0.0010731705697253346
0.0007997862412594259
0.014425918459892273
-0.05193832144141197
-0.010340037755668163
0.21537357568740845
-0.03587052971124649
-0.0026962431147694588
0.004775217268615961
-0.01407498400658369
0.0024878757540136576
0.03569506108760834
-0.006962291896343231
-0.0022121414076536894
-0.0005083851865492761
-0.012815379537642002
-0.030832111835479736
-0.02719743177294731
0.0078270947560668
0.015817124396562576
-0.01794779859483242
-0.04980764538049698
-0.023249417543411255
0.007682960946112871
-0.021056076511740685
0.020554741844534874
0.022647814825177193
-0.007714294362813234
-0.01099803950637579
0.02283581532537937
0.003575146198272705
0.000717144284863025
0.013160048052668571
0.027397966012358665
0.008597897365689278
-0.0034184791147708893
-0.002298308303579688
-0.00041986818541772664
0.004521416500210762
-0.01501498743891716
0.007526293862611055
0.033614519983530045
-0.01775979809463024
0.00812789611518383
0.024151820689439774
0.026269961148500443
-0.025204624980688095
-0.004364748951047659
-0.026295028626918793
-0.013297914527356625
0.07043758779764175
-0.007764427922666073
-0.008854832500219345
-0.005351752508431673
-0.0006474273395724595
-0.005489619914442301
0.03491799160838127
0.028300369158387184
0.005937688052654266
0.00306911114603281
0.03190998360514641
-0.00375374685972929
-0.006081821862608194
0.01197564322501421
0.0011201706947758794
-0.0017938398523256183
0.027021965011954308
0.0013301047729328275
0.028475835919380188
-0.006899625062942505
0.022672882303595543
0.0015494389226660132
-0.015691790729761124
-0.019176069647073746
-0.010521771386265755
0.00911803264170885
-0.009349900297820568
-0.01618059165775776
0.02820010297000408
-0.021983547136187553
-0.013987250626087189
0.012263910844922066
0.0051606185734272
-0.009299767203629017
0.0339905247092247
-0.025254758074879646
-0.014200317673385143
-0.019489403814077377
-0.010659638792276382
0.012295244261622429
-0.0028795436955988407
0.0074385604821145535
-0.013134980574250221
-0.014864587225019932
-0.025543026626110077
-0.006423356477171183
0.012245111167430878
0.004352215677499771
-0.0007116608903743327
0.014801920391619205
0.02416435442864895
-0.008886165916919708
0.028275301679968834
-0.0011977209942415357
0.0014570052735507488
-0.026821430772542953
0.011781375855207443
0.02164514549076557
0.0170453954488039
-0.030606510117650032
0.01675712689757347
-0.02571849338710308
-0.006830691359937191
-0.011919243261218071
-0.026470495387911797
-0.0031333446968346834
-0.004029481206089258
0.014664052985608578
-0.003365212120115757
-0.027949433773756027
0.00537995295599103
0.010227236896753311
-0.00701242545619607
0.0193014033138752
0.024252086877822876
0.014200317673385143
0.006768024526536465
-0.012765246443450451
0.03521879389882088
-0.005000818055123091
-0.023174216970801353
-0.056951671838760376
0.019288869574666023
-0.025417691096663475
-0.013510982505977154
0.007870961911976337
-0.035043325275182724
0.0435660257935524
0.00822189636528492
0.0035657461266964674
-0.006630157120525837
0.0035594794899225235
0.005430086515843868
0.002998610958456993
-0.0008624531328678131
0.029628906399011612
-0.017797397449612617
0.002397008705884218
-0.017772331833839417
0.0073132263496518135
-0.02624489553272724
0.021883279085159302
0.0017076728399842978
-0.01932647079229355
-0.014425918459892273
-0.010383903980255127
-0.033113185316324234
-0.005019618198275566
-0.011029372923076153
0.011048173531889915
0.01773473061621189
-0.03343905508518219
-0.012169910594820976
-0.006742957513779402
0.011424174532294273
-0.038452405482530594
-0.004530816338956356
0.02865130454301834
-0.029804375022649765
-0.001975573832169175
-0.013235247693955898
-0.15421068668365479
0.009719635359942913
-0.0060034883208572865
-0.005746554117649794
0.0021400745026767254
-0.0018095065606757998
0.02526729181408882
0.024364888668060303
-0.0029093106277287006
0.0025615093763917685
-0.00023460917873308063
0.0020789741538465023
-0.026420362293720245
-0.022748082876205444
-0.022672882303595543
0.008566563948988914
-0.02807476744055748
-6.41846054350026e-05
0.0338902547955513
0.01477685384452343
0.020504606887698174
-0.006047355011105537
-0.03055637702345848
0.008253229781985283
0.003788213711231947
-0.018048064783215523
-0.01715819537639618
-0.0009588034590706229
-0.02247234806418419
-0.01184404268860817
0.00525461882352829
0.013561115600168705
0.02183314599096775
0.017108062282204628
-0.004574683029204607
0.006893358193337917
0.015616590157151222
0.006210288964211941
-0.012552178464829922
0.008265763521194458
-0.0006544773932546377
0.017722196877002716
0.012019510380923748
-0.017321130260825157
0.023124083876609802
-0.013410715386271477
0.02807476744055748
-0.010484171099960804
0.03333878889679909
-0.002968844026327133
0.021920878440141678
0.004154814872890711
0.011831509880721569
0.010885239578783512
0.011869109235703945
-0.004245682153850794
0.012420577928423882
-0.0009627201361581683
0.01606779173016548
-0.011048173531889915
0.0037036132998764515
-0.008547764271497726
-0.0013387214858084917
0.025442758575081825
0.02667102962732315
-0.009318566881120205
-0.02357528544962406
0.017571797594428062
-0.017082994803786278
0.00691842520609498
-0.0025348758790642023
-0.025392625480890274
0.010929105803370476
0.00022109663404989988
-0.0032712118700146675
0.007006158586591482
-0.01739632897078991
0.0436662919819355
-0.005323552526533604
-9.370659245178103e-05
-0.013109914027154446
0.03491799160838127
-0.006091222167015076
0.0067366911098361015
-0.0008295529987663031
-0.015077654272317886
-0.003042477648705244
-0.0068369582295417786
0.01426298450678587
0.013109914027154446
0.008904965594410896
-0.04251322150230408
-0.0021447744220495224
0.013849383220076561
0.0034498125314712524
0.016619259491562843
0.005768487695604563
-0.01649392582476139
0.019201135262846947
-0.0015126221114769578
0.0010896206367760897
0.01866220124065876
-0.025944093242287636
-0.00297041074372828
0.023412350565195084
-0.022748082876205444
0.028676370158791542
0.01765953004360199
0.025342492386698723
0.0046248165890574455
-0.029628906399011612
0.012382978573441505
0.02950357273221016
0.016343526542186737
0.024866223335266113
0.0037913471460342407
-0.008742031641304493
-0.004324015695601702
-0.011242440901696682
0.002627309411764145
0.050058312714099884
-0.005010218359529972
-0.0033056787215173244
-0.0007281109574250877
-0.0074134934693574905
-0.024377422407269478
-0.10447824746370316
-0.04451856017112732
0.01956460438668728
0.02497902326285839
0.007952428422868252
0.024816090241074562
0.005010218359529972
-0.002409541979432106
-0.008485097438097
0.01139284111559391
-0.02860116958618164
-0.017860064283013344
-0.0015455222455784678
0.018248599022626877
-0.01834886707365513
0.02609449438750744
0.006460956763476133
-0.009111766703426838
-0.03747480362653732
0.007175359409302473
0.007927361875772476
0.011493108235299587
-0.023775819689035416
-0.0014272384578362107
-0.006611357443034649
0.008058962412178516
-0.03451692312955856
-6.741586548741907e-05
0.02447768859565258
-0.006423356477171183
-0.021958479657769203
-0.002093074144795537
-0.002299875020980835
-0.010158303193747997
0.008378563448786736
-0.02659582905471325
-0.02442755550146103
-0.002475342247635126
0.02016620710492134
-0.009443900547921658
0.014438452199101448
0.0217830128967762
0.008892431855201721
-0.02276061661541462
0.006893358193337917
-0.008290830068290234
-0.00046256001223810017
0.005245218984782696
0.005990955047309399
-0.020178738981485367
-0.00822189636528492
-0.02950357273221016
-0.059358082711696625
-0.009750968776643276
0.011468041688203812
0.017621930688619614
-0.003540679579600692
0.0055272202007472515
-0.002793376799672842
-0.03729933500289917
-0.010183369740843773
-0.00929350033402443
-0.018323799595236778
0.025455292314291
0.015027521178126335
-0.003293145215138793
-0.01644379273056984
-0.02757343277335167
0.009099232964217663
0.0054018860682845116
0.013022180646657944
0.007520026993006468
0.023700619116425514
0.00822189636528492
-0.0074573601596057415
0.023913687095046043
-0.01641872525215149
-0.014275518245995045
-0.005577353294938803
-0.004884884227067232
-0.016343526542186737
-0.004953817930072546
-0.00968830194324255
-0.010371371172368526
0.002162007847800851
0.014601386152207851
0.015867257490754128
0.010340037755668163
-0.007482427172362804
-0.005643153563141823
-0.011367774568498135
0.01122364029288292
-0.003637813264504075
0.006642690859735012
0.0076014939695596695
0.0030659777112305164
-0.002376641845330596
-0.018536867573857307
-0.0007704111048951745
0.020366739481687546
-0.02326195128262043
0.014425918459892273
-0.04496976360678673
0.0035281460732221603
-0.005658820271492004
-0.017910197377204895
-0.012972046621143818
-0.02156994491815567
0.02900223806500435
-0.02550542540848255
0.003785080276429653
0.0031646781135350466
-0.019251270219683647
0.011756309308111668
-0.022083813324570656
-0.005555420182645321
-0.023888619616627693
-0.026520628482103348
0.03682306781411171
0.001098237349651754
0.003399678971618414
0.02257261425256729
0.015528855845332146
-0.020479541271924973
0.02619476057589054
0.03286251798272133
-0.0039386143907904625
0.004020081367343664
-0.00728189293295145
0.003866547252982855
-0.00610062200576067
0.01139284111559391
0.007494960445910692
-0.020817942917346954
0.018098199740052223
0.014212851412594318
-0.004264482297003269
-0.021219009533524513
0.0019050735281780362
0.01692006178200245
0.02080540917813778
0.07319492846727371
-0.04120974987745285
-0.016030190512537956
0.0437164232134819
0.00036327214911580086
-0.037600137293338776
-0.0023171084467321634
0.004211215302348137
-0.006755491252988577
0.010289903730154037
-0.002964144106954336
0.01787259802222252
0.021720346063375473
0.0013058213517069817
-0.018649667501449585
-0.012100976891815662
0.007551360875368118
0.012451911345124245
0.019965672865509987
-0.0030738110654056072
0.006768024526536465
0.040006544440984726
0.0021040409337729216
-0.00839109718799591
-0.003669146681204438
-0.00218707462772727
-0.016456326469779015
0.014375785365700722
0.0007704111048951745
-0.017333662137389183
-0.018323799595236778
-0.00884229876101017
0.009719635359942913
0.010051770135760307
0.009149366058409214
0.023124083876609802
-0.001843973295763135
0.01623072475194931
-0.031283311545848846
-0.004320882260799408
0.0338401235640049
0.00218707462772727
0.025091825053095818
-0.013197647407650948
0.022083813324570656
0.02519209124147892
0.019840339198708534
0.01630592532455921
-0.002371941925957799
-0.006197755690664053
0.024515287950634956
-0.012696312740445137
0.018787534907460213
0.01361124962568283
0.007927361875772476
0.0031521448399871588
0.007870961911976337
0.015904856845736504
-0.004132881760597229
0.029628906399011612
0.013673916459083557
0.04115961492061615
-0.005605553742498159
-0.007695494685322046
-0.02820010297000408
-0.0013481215573847294
0.013786716386675835
-0.028225168585777283
-0.0340907908976078
-0.023663019761443138
0.012664979323744774
0.015253121964633465
-0.00839109718799591
0.013949650339782238
0.01550378929823637
-0.0291025061160326
-0.00381641392596066
0.021156342700123787
-0.018963001668453217
-0.02455288916826248
0.01678219437599182
-0.008554031141102314
0.04223748669028282
0.04810310900211334
-0.01407498400658369
0.012959513813257217
-0.013861916959285736
0.02254754863679409
0.008898698724806309
0.0051919519901275635
-0.0008420863887295127
-0.004856684245169163
-0.013686449266970158
-0.015202987939119339
-0.020893141627311707
-0.015528855845332146
-0.014601386152207851
0.017672063782811165
0.022911015897989273
-0.024277154356241226
0.07585200667381287
0.00777069479227066
-0.013774183578789234
-0.0011076373048126698
0.00431461539119482
0.005903221201151609
0.010647105053067207
-0.0020037738140672445
-0.003352678846567869
0.007607760839164257
0.023061417043209076
-0.021457144990563393
-0.0016105391550809145
-0.03058144450187683
-0.010559371672570705
-0.005110485013574362
-0.01718326285481453
0.04218735173344612
-0.025041690096259117
0.010459104552865028
0.04248815402388573
0.0017108061583712697
-0.002093074144795537
-0.009970302693545818
-0.007563894148916006
0.007463627029210329
0.022823283448815346
0.004640483297407627
-0.02123154327273369
-0.02146967686712742
0.005990955047309399
0.0012619545450434089
-0.05093565210700035
-0.009732168167829514
-0.023775819689035416
-0.02516702376306057
0.02009100653231144
-0.017772331833839417
-0.0109040392562747
0.015315788798034191
0.01383685041218996
0.021820612251758575
-0.02809983491897583
-0.05755327641963959
-0.02809983491897583
0.009613101370632648
-0.04070841521024704
0.012226310558617115
-0.027247564867138863
