-0.010369914583861828
-0.022340163588523865
0.0008122669532895088
-0.0004210559418424964
-0.03549130633473396
0.007511250674724579
-0.04106666520237923
-0.0075047980062663555
-0.01637762412428856
-0.019036246463656425
-0.006027068942785263
0.018326420336961746
0.00492683844640851
0.01160243060439825
0.00918256863951683
-0.00846628937870264
0.03025149740278721
-0.0011978315887972713
-0.004946197383105755
0.01800377108156681
-0.01799086481332779
0.013512508012354374
0.016790613532066345
-0.014157804660499096
-0.015964634716510773
0.016235658898949623
0.006407794076949358
-0.024960067123174667
-0.011202346533536911
-0.019668636843562126
-0.0016067882534116507
3.201275467290543e-05
-0.024121182039380074
-0.002405342645943165
-0.0025731197092682123
-0.01762949861586094
0.015370962209999561
0.021707773208618164
0.026534590870141983
0.027154074981808662
0.013228577561676502
0.001558390911668539
0.008085564710199833
-0.00850500725209713
-0.004058914724737406
0.004562246147543192
0.002781227696686983
-0.023940498009324074
-0.008485648781061172
0.016338907182216644
0.006598156411200762
0.019629918038845062
-0.0010082757798954844
-0.013706096448004246
-0.02676689811050892
-0.020701110363006592
0.001087324577383697
-0.0006089985254220665
0.0019181437091901898
-0.02095922827720642
0.01898462139070034
-0.009150303900241852
-0.02382434532046318
0.018597444519400597
-0.0019020113395527005
0.01302853599190712
-0.010582862421870232
0.01226063258945942
-0.002445673570036888
-0.006385208573192358
0.010279572568833828
0.023527508601546288
-0.02381143905222416
-0.014351393096148968
0.030690299347043037
-0.01809411309659481
-0.0006013356614857912
-0.042047519236803055
-0.0075757806189358234
0.022546658292412758
-0.0007747590425424278
0.008324324153363705
-0.01427395734935999
0.012234820984303951
0.0062367902137339115
-0.003092583268880844
0.002765095327049494
0.01087324507534504
0.013086612336337566
-0.020559145137667656
-0.00891154445707798
0.013719002716243267
0.0106086740270257
0.030380558222532272
-0.01463532354682684
0.0026666875928640366
-0.03314242511987686
0.009969830513000488
-0.02221110463142395
-0.034613702446222305
-0.03017406351864338
-0.012905929237604141
-0.011170081794261932
-0.0005327729159034789
-0.03494925796985626
0.007808087393641472
-0.005194636527448893
-0.013873874209821224
0.01924274116754532
-0.03329729661345482
0.0007501571672037244
0.0587477907538414
-0.0040427823550999165
-0.012467127293348312
0.014880536124110222
-0.013435072265565395
0.00027263775700703263
-0.02748962864279747
-0.010182778351008892
-0.030148250982165337
0.031051665544509888
0.005220448598265648
0.008543725125491619
-0.009795600548386574
0.019823506474494934
0.018558725714683533
-0.025540834292769432
-0.004384789615869522
-0.020636580884456635
-0.007311209104955196
-0.0016664781142026186
-0.011060381308197975
-0.0033910328056663275
0.009505216963589191
-0.011712131090462208
0.0006247276323847473
-0.012918835505843163
0.017939241603016853
-0.026818521320819855
-0.014945066533982754
0.028857657685875893
0.021191535517573357
0.0019326629117131233
-0.05203670635819435
0.0012962393229827285
0.025282716378569603
0.010382819920778275
0.04264118894934654
0.010750639252364635
0.0018729729345068336
0.007104713935405016
-0.013886779546737671
0.01818445511162281
-0.010576409287750721
0.024250240996479988
0.009285815991461277
-0.005094615742564201
0.009614917449653149
-0.0010663523571565747
-0.0037620784714818
-0.030561240389943123
-0.006007710006088018
0.0018084433395415545
0.0033716741017997265
0.017887618392705917
0.029141588136553764
-0.008646972477436066
-0.007001466583460569
0.017577875405550003
0.0055785877630114555
0.009756882674992085
0.007930693216621876
-0.020210685208439827
0.031567901372909546
-0.009330986998975277
0.022946741431951523
0.0016479258192703128
0.009905301034450531
-0.017848899587988853
-0.014790195040404797
-0.03293593227863312
0.010027906857430935
0.002768321894109249
0.018920091912150383
-0.025192374363541603
0.018649067729711533
-0.003052252344787121
-0.0018891054205596447
0.009750429540872574
0.002503750380128622
0.03698839247226715
0.007704839576035738
-0.028883470222353935
-0.001940729096531868
-0.6479808688163757
-0.007214414421468973
-0.007446721196174622
-0.011002304963767529
0.0156807042658329
-0.00020074770145583898
0.01773274689912796
0.02839304506778717
-0.014970878139138222
-0.0404471829533577
0.002427927916869521
0.032368071377277374
-0.02452126517891884
-0.010621579363942146
-0.019565388560295105
-0.03043218143284321
0.024856820702552795
-0.02767031267285347
0.027179887518286705
-0.02123025432229042
-0.03360703960061073
0.02275315299630165
0.020378462970256805
0.011428200639784336
-0.009047056548297405
0.0037782108411192894
0.008698596619069576
0.0026908861473202705
0.014312675222754478
0.010402179323136806
-0.016054976731538773
0.021656149998307228
0.01808120682835579
0.03278106078505516
0.05337892472743988
0.00665300665423274
-0.0224821288138628
0.013396354392170906
0.0291932113468647
0.029528766870498657
0.008924449793994427
-0.020004190504550934
-0.0008509847102686763
-0.007717745844274759
0.028315609320998192
0.014144898392260075
0.025940917432308197
-0.01610659994184971
0.014261052012443542
0.022946741431951523
0.006252922583371401
0.002468259073793888
0.00021980410383548588
0.0004997014766559005
0.0023730776738375425
-0.01592591591179371
0.01437720563262701
-0.012389692477881908
0.009950471110641956
0.02338554337620735
-0.002379530807957053
0.016080787405371666
0.0017390740104019642
-0.010440897196531296
-0.035594552755355835
0.015022501349449158
-0.014506264589726925
-0.007401550654321909
0.008672784082591534
-0.014867630787193775
0.02901252917945385
0.027102451771497726
-0.007343473844230175
-0.011105552315711975
0.012615545652806759
-0.002198847709223628
0.040885984897613525
-0.0001747341884765774
-0.024856820702552795
0.007272491231560707
-0.01664864830672741
-0.010679656639695168
-0.020120343193411827
0.012434862554073334
0.021875550970435143
-0.031206537038087845
0.0029199665877968073
0.00989239476621151
-0.006156128365546465
0.013641566969454288
-0.023488791659474373
0.00646909698843956
-0.0019471821142360568
-0.007053090259432793
0.003205510089173913
0.034433018416166306
-0.005672155879437923
-0.005455981474369764
-0.004084726795554161
-0.022727342322468758
0.025553740561008453
-0.005956086330115795
-0.0005198669387027621
-0.022688623517751694
0.009014791809022427
0.012467127293348312
0.0022133667953312397
-0.006023842375725508
0.03660121560096741
-0.027618689462542534
-0.006023842375725508
-0.007853258401155472
-0.011099099181592464
-0.006956296041607857
-0.025902200490236282
-0.025734422728419304
0.004442865960299969
-0.0006049654330126941
0.017242321744561195
-0.027902619913220406
0.01329310704022646
-0.010750639252364635
0.01163469534367323
-0.002392436610534787
-0.011718584224581718
0.019358893856406212
-0.012763964012265205
0.002523109083995223
-0.0014978944091126323
-0.038821034133434296
-0.01673899032175541
-0.013757720589637756
0.028496291488409042
-0.0030893569346517324
0.02435348927974701
-0.02132059447467327
0.006098051555454731
-0.010156966745853424
0.01087324507534504
-0.010369914583861828
-0.01325438916683197
-0.005062350537627935
0.02168196067214012
-0.01611950621008873
-0.01808120682835579
-0.03758206591010094
-0.01944923587143421
-0.005617305636405945
-0.02221110463142395
0.015228996984660625
-0.007801634259521961
-0.006356170400977135
-0.04036974534392357
-0.01472566556185484
-0.023617850616574287
-0.014480452984571457
-0.01844257302582264
-0.01738428696990013
-0.027438005432486534
-0.004675172735005617
0.01289947610348463
0.006749800872057676
-0.011808925308287144
0.0216690544039011
-0.013047894462943077
0.0213076900690794
-0.010034359991550446
0.011105552315711975
-0.015551644377410412
-0.04563536494970322
0.003210349939763546
0.0293738953769207
-0.010286025702953339
0.014983783476054668
0.020262308418750763
0.015280620194971561
-0.018829751759767532
-0.004939744248986244
-0.026186130940914154
-0.0014624031027778983
-0.005039765499532223
0.035129938274621964
-0.0024440602865070105
-0.006782065611332655
-0.001481762039475143
0.007136978674679995
0.0005093808867968619
0.01664864830672741
-0.005791535601019859
0.030870983377099037
0.03234225884079933
0.01472566556185484
-0.01611950621008873
0.005520511418581009
-0.004668720066547394
0.021539995446801186
-0.002169809304177761
-0.017926335334777832
0.02033974416553974
0.027386382222175598
0.02408246323466301
-0.030664488673210144
0.029348082840442657
-0.013034988194704056
0.0038717787247151136
-0.01762949861586094
0.00365883088670671
-0.02255956456065178
0.05033312365412712
0.012331615202128887
0.005210768897086382
-0.022056233137845993
-0.02606997638940811
-0.009550387971103191
0.005075256805866957
0.020985040813684464
-0.002323067281395197
0.013938403688371181
-0.018119925633072853
0.00948585756123066
-0.015474209561944008
0.0029473917093127966
0.0030845170840620995
-0.013719002716243267
-0.046435534954071045
0.01262845192104578
0.025218185037374496
-0.0046880790032446384
0.015345149673521519
-0.021165724843740463
0.022727342322468758
-2.8030064640915953e-05
-0.005065577104687691
0.047700315713882446
0.02452126517891884
0.02150127850472927
0.015074125491082668
-0.005581814330071211
0.012125120498239994
0.005585040897130966
0.010718374513089657
0.015254808589816093
0.0046074166893959045
-0.0022020742762833834
0.01637762412428856
0.014131992124021053
0.02041717991232872
-0.012492939829826355
-0.01970735378563404
-0.01097004022449255
-0.007562874350696802
-0.00700791971758008
-0.0015842028660699725
-0.017694029957056046
-0.008285606279969215
-0.027102451771497726
-0.009040603414177895
0.005210768897086382
-0.010189231485128403
0.01988803781569004
0.01854582130908966
0.019100775942206383
-0.0037136811297386885
0.02085598185658455
0.023127425462007523
-0.004149256274104118
-0.00472679641097784
-0.02067529782652855
-0.031025854870676994
-0.01890718564391136
-0.007136978674679995
-0.015435491688549519
0.01762949861586094
-0.018507102504372597
0.009027697145938873
-0.0034168448764830828
0.030819358304142952
0.007549968548119068
0.017319757491350174
-0.011357218027114868
-0.019320176914334297
-0.03848548233509064
0.002994175534695387
0.010150513611733913
-0.009285815991461277
-0.013680284842848778
-0.00239727646112442
-0.01397712156176567
-0.03249713033437729
0.019926754757761955
-0.0030667714308947325
-0.011337858624756336
-0.0019003980560228229
-0.001516446704044938
-0.01257682777941227
-0.012254179455339909
0.03340054675936699
-0.01566779799759388
0.0037911166436970234
-0.0224821288138628
-3.279416705481708e-05
-0.0016842237673699856
-0.019036246463656425
0.014209427870810032
0.028341419994831085
0.028083302080631256
-0.017306851223111153
0.01012470107525587
0.006730441935360432
-0.028986716642975807
-0.0218497384339571
-0.015422585420310497
0.007149884942919016
0.004246050957590342
-0.0012688142014667392
-0.003868552390486002
0.023850157856941223
-0.015138654969632626
0.020120343193411827
-0.01123461127281189
0.0012494552647694945
-0.0013309239875525236
-0.024224428460001945
-0.001270427368581295
0.056476347148418427
0.010789357125759125
-0.015293526463210583
0.04031812399625778
0.0030425728764384985
-0.004213785752654076
-0.007220867555588484
-0.014841818250715733
0.005591494031250477
-0.011182988062500954
-0.014364299364387989
-0.008834108710289001
0.00497200945392251
-0.001322857802733779
0.02586348168551922
0.015809763222932816
0.02033974416553974
0.005827026907354593
0.028083302080631256
0.018661973997950554
0.0025908653624355793
-0.019720260053873062
0.018107019364833832
0.02033974416553974
0.01164760161191225
-0.005794762168079615
0.03807249292731285
0.011266876012086868
-0.024869725108146667
-0.014403017237782478
0.015035407617688179
0.016235658898949623
0.030199874192476273
0.0005053477943874896
-0.008963167667388916
0.01029893197119236
0.01791342906653881
0.06086436286568642
0.019294364377856255
0.007078902330249548
0.030870983377099037
0.013551225885748863
0.0012067044153809547
-0.016235658898949623
0.0053011104464530945
-0.0219400804489851
0.00732411490753293
0.022314351052045822
-0.007091808132827282
-0.028083302080631256
0.02266281098127365
0.011918625794351101
-0.01160243060439825
-0.0038717787247151136
0.012596187181770802
0.00597544526681304
0.009298722259700298
0.028625350445508957
-0.0005714906728826463
-0.00664655352011323
0.005765723995864391
-0.03611078858375549
0.021914267912507057
-0.018778126686811447
-0.010073077864944935
-0.02524399757385254
-0.017771463841199875
0.007485439069569111
-0.03742719441652298
-0.017616594210267067
-0.004542887210845947
-0.0300966277718544
-0.018494196236133575
0.012615545652806759
-0.0026666875928640366
0.028315609320998192
0.019823506474494934
-0.0056237587705254555
0.006982107646763325
0.025902200490236282
-0.0022891892585903406
0.006488455925136805
0.009027697145938873
-0.01154435332864523
-0.016080787405371666
0.02335973270237446
-0.00922128651291132
-0.015099937096238136
0.011737942695617676
0.022791871801018715
-0.023243578150868416
0.003710454562678933
-0.0029796564485877752
0.00512688048183918
-0.01648087240755558
0.017164885997772217
0.01258328091353178
0.007956505753099918
-0.009724617935717106
-0.0018891054205596447
0.0035684893373399973
-0.022327257320284843
0.0037362666334956884
-0.00823398306965828
-0.010621579363942146
0.016506683081388474
-0.021075382828712463
0.009556840173900127
-0.025850577279925346
0.018661973997950554
-0.01584848202764988
-0.02094632387161255
-0.0006364236469380558
0.005146239418536425
0.010053718462586403
-0.00427831569686532
-0.014609511941671371
0.04444802179932594
0.007149884942919016
-0.008098470978438854
-0.005339828319847584
-0.04307999089360237
0.008988980203866959
0.02705082856118679
-0.00953102856874466
0.01800377108156681
-0.02095922827720642
-0.021978797391057014
0.011073287576436996
0.022766059264540672
-0.009692353196442127
0.04506750404834747
-0.015512927435338497
-0.031748585402965546
-0.004539660643786192
0.0036330190487205982
-0.009447140619158745
0.021101193502545357
0.018313514068722725
-0.016687367111444473
-0.011989608407020569
-0.016609931364655495
-0.002400502795353532
-0.03654959052801132
0.02418571151793003
-0.02372109889984131
-0.036497969180345535
-0.0026247433852404356
0.004384789615869522
0.014209427870810032
-0.030767735093832016
0.011576618999242783
-0.0009711711900308728
0.000976010924205184
-0.0064981356263160706
-0.005101068411022425
-0.007866163738071918
-0.014106180518865585
0.017423003911972046
-0.010634485632181168
0.02005581371486187
-0.005197863094508648
-0.014261052012443542
0.0017181017901748419
0.004981688689440489
0.009118039160966873
2.355269089093781e-06
-0.015693610534071922
-0.02854791469871998
0.0291932113468647
0.013080159202218056
-0.009247098118066788
0.004275089129805565
-0.015706516802310944
-0.012692981399595737
0.01827479526400566
-0.018494196236133575
-0.03187764436006546
-0.007272491231560707
-0.02390178106725216
-0.012447768822312355
-0.0012776870280504227
-0.027902619913220406
-0.002394049894064665
-0.01889428123831749
-0.001940729096531868
0.03025149740278721
0.0023359733168035746
-0.011228158138692379
0.0019294364610686898
0.047416385263204575
-0.03652378171682358
0.0317227728664875
-0.00461064325645566
0.015629081055521965
0.0012736539356410503
0.019126586616039276
-0.02177230268716812
0.0031893777195364237
0.030380558222532272
0.007859710603952408
-0.01056995615363121
-0.02052042819559574
0.012041231617331505
-0.007950052618980408
0.01535805594176054
-0.014583700336515903
-0.004520301707088947
0.008021035231649876
-0.0069304839707911015
-0.008324324153363705
-0.015796856954693794
-0.012467127293348312
-0.00525916600599885
0.0007985543925315142
0.003332956228405237
0.015500021167099476
0.014441735111176968
-0.010324743576347828
-0.00882120244204998
0.023772722110152245
-0.010905509814620018
0.043389733880758286
-0.004491263534873724
0.028960905969142914
0.01889428123831749
-0.0012204169761389494
-0.034613702446222305
-0.004052461590617895
0.020714016631245613
-0.005113974679261446
0.005485020112246275
-0.0014745023800060153
0.01526771392673254
-0.00818881206214428
0.015693610534071922
0.009698805399239063
-0.014157804660499096
-0.016093693673610687
0.0035555835347622633
-0.005388225428760052
0.004813911393284798
-0.030870983377099037
-0.001510800328105688
-0.010982945561408997
0.007136978674679995
-0.004413827788084745
0.026276472955942154
-0.009156757034361362
-0.017139073461294174
-0.01025376096367836
0.04597092047333717
-0.0024892310611903667
0.009285815991461277
-0.007337020710110664
-0.009356798604130745
0.005004274193197489
-0.017164885997772217
-0.003468468552455306
-0.012092855758965015
0.0037943432107567787
0.024701949208974838
-0.0029199665877968073
-0.0007061962969601154
0.003574942471459508
-0.024134088307619095
-0.005213995464146137
-0.008666331879794598
0.0017390740104019642
0.023243578150868416
-0.006120637059211731
-0.0006610255804844201
0.01808120682835579
0.01969444751739502
-0.015345149673521519
0.02534724585711956
0.00094051961787045
-0.004852629266679287
0.004842950031161308
-0.002405342645943165
-0.015913011506199837
0.0023279068991541862
-0.026173224672675133
-0.02328229695558548
-0.014467546716332436
-0.01620984636247158
-0.009608464315533638
-0.002700565615668893
0.025411775335669518
-0.024288959801197052
-0.009672993794083595
0.0017632725648581982
0.013409260660409927
0.017977960407733917
0.0021310916636139154
0.010240854695439339
0.012847852893173695
0.020094532519578934
-0.03822736069560051
-0.019036246463656425
-0.00989884790033102
0.004868761636316776
0.02005581371486187
0.010828074999153614
0.014209427870810032
-0.013551225885748863
0.03275524824857712
-0.004275089129805565
-0.028960905969142914
-0.009679446928203106
0.01737138070166111
0.00945359282195568
-0.016145316883921623
-0.014583700336515903
0.0007195055368356407
0.004591284319758415
-0.0037588519044220448
0.008130735717713833
-0.025773141533136368
-0.007982317358255386
-0.005339828319847584
-0.014364299364387989
-0.02854791469871998
-0.017939241603016853
0.03590429574251175
-0.0031409806106239557
0.007562874350696802
0.005423716735094786
-0.012241274118423462
0.0012188036926090717
-0.0011970249470323324
0.030483804643154144
-0.03838223218917847
0.018378043547272682
-0.015590362250804901
-0.016364717856049538
-0.030741924419999123
0.010634485632181168
-0.018778126686811447
-0.016326000913977623
-0.0164034366607666
0.0077951811254024506
0.009369704872369766
0.02506331540644169
-0.004346071742475033
0.0004480777424760163
0.008298512548208237
-0.0219400804489851
-0.006394887808710337
-0.014544982463121414
-0.016622837632894516
0.0411699153482914
0.013899685814976692
0.009253551252186298
-0.004636455327272415
-0.013215671293437481
-0.0411699153482914
-0.008485648781061172
0.024869725108146667
0.023617850616574287
0.010531238280236721
0.0003375707019586116
0.030328933149576187
0.025282716378569603
-0.02293383702635765
0.008853467181324959
-0.04235725849866867
-0.010692561976611614
-0.03149046748876572
-0.016687367111444473
-0.0013954535825178027
-0.012015420012176037
-0.015629081055521965
0.001922983443364501
0.029528766870498657
-0.011873454786837101
0.0028860883321613073
0.005246260203421116
-0.006601382978260517
-0.0009550387621857226
0.016777707263827324
0.011144270189106464
0.009518123231828213
-0.011253970675170422
-0.005743138492107391
-0.0224821288138628
-0.012331615202128887
0.002910287119448185
-0.005710873752832413
-0.01916530542075634
-0.020030003041028976
0.018597444519400597
-0.0015503247268497944
0.0043428451754152775
0.024766478687524796
-0.013641566969454288
0.007175696548074484
-0.03301336616277695
0.01960410736501217
-0.008724408224225044
-0.011454012244939804
0.01267362292855978
0.00463322876021266
-0.013693191111087799
-0.00477196741849184
0.006762707140296698
-0.013899685814976692
-0.013873874209821224
0.015099937096238136
-0.00020830976427532732
0.029064152389764786
-0.01195734366774559
-0.002498910529538989
-0.01702292077243328
-0.02015906199812889
-0.023166142404079437
0.019100775942206383
-0.01827479526400566
0.0065949298441410065
0.037840183824300766
-0.0022424052003771067
0.020714016631245613
0.016519589349627495
-0.0040427823550999165
-0.02382434532046318
-0.028806034475564957
-0.021707773208618164
-0.002361785154789686
-0.007395097520202398
0.0006049654330126941
-0.010699015110731125
0.026134507730603218
-0.01093132235109806
0.003174858633428812
-0.04816492646932602
0.0036362456157803535
0.20040327310562134
-0.021617431193590164
-0.0022359522990882397
-0.0012631678255274892
-0.008588896133005619
0.010085984133183956
0.04036974534392357
0.005113974679261446
-0.015577456913888454
0.013757720589637756
0.002463419223204255
-0.017926335334777832
-0.009821412153542042
0.009614917449653149
-0.0014373979065567255
-0.030819358304142952
-0.024043746292591095
-0.005207542330026627
0.009911753237247467
-0.026289377361536026
0.030870983377099037
0.003368447534739971
0.015345149673521519
-0.0012551016407087445
0.024108275771141052
-0.007337020710110664
-0.0014301382470875978
0.00032688298961147666
0.022275634109973907
-0.00040915829595178366
-0.009421328082680702
0.0065110414288938046
-0.0026376491878181696
-0.00299901538528502
-0.021707773208618164
0.006052881013602018
0.0204946156591177
-0.004497716203331947
0.024224428460001945
-0.006178713869303465
0.009369704872369766
-0.03500087931752205
0.009743976406753063
-0.0032297088764607906
-0.0105183320119977
0.04757125675678253
-0.01427395734935999
-0.010789357125759125
0.0025715064257383347
-0.01619694195687771
-0.024056652560830116
0.03089679405093193
0.0043428451754152775
-0.0035910748410969973
0.013331824913620949
0.013577037490904331
0.021707773208618164
0.007311209104955196
0.006633647717535496
-0.013757720589637756
-0.010647391900420189
0.014880536124110222
-0.018016677349805832
-0.0011195893166586757
-0.00763385696336627
0.004801005590707064
-0.041505467146635056
-0.026637837290763855
-0.01790052466094494
-0.03185183182358742
0.012886570766568184
-0.011473370715975761
-0.02595382370054722
0.005197863094508648
-0.007769369520246983
-0.01862325519323349
0.020301027223467827
0.016880955547094345
0.00410085916519165
0.026379719376564026
-0.020442992448806763
-0.002587638795375824
0.0023843704257160425
-0.005188183393329382
0.02551502175629139
-0.03838223218917847
0.034355584532022476
-0.017332663759589195
-0.0015825895825400949
-0.015809763222932816
0.0009284202824346721
0.004830044228583574
0.002392436610534787
-0.01021504309028387
-0.014751477167010307
-0.0005134139792062342
-0.006427153013646603
0.030767735093832016
-0.013009176589548588
0.007136978674679995
-0.0009985963115468621
0.012589734047651291
0.020352650433778763
0.015887198969721794
-0.02219819836318493
0.024559983983635902
-0.015538739040493965
-0.0005049444735050201
0.004039555788040161
-0.03696257993578911
0.006627194583415985
-0.003926629200577736
0.0016503457445651293
-0.009382610209286213
-0.017410099506378174
0.011692771688103676
0.011318500153720379
-0.020352650433778763
0.02658621408045292
-0.0018003771547228098
-0.0018358684610575438
-0.0156807042658329
0.0005884297424927354
0.015564550645649433
-0.004933291580528021
-0.023437168449163437
-0.024598700925707817
0.011454012244939804
-0.010318290442228317
-0.013667379505932331
0.021243158727884293
-0.037298135459423065
0.04289931058883667
0.029167400673031807
-0.004313807003200054
6.84619226376526e-05
-0.01691967248916626
-0.013951309956610203
0.007730651646852493
0.01330601330846548
0.012460675090551376
-0.009143850766122341
-0.018132830038666725
0.0007816153229214251
0.01610659994184971
-0.0217593964189291
-0.00022282893769443035
0.009421328082680702
-0.022353069856762886
-0.017526252195239067
0.0034652419853955507
-0.024663230404257774
-0.004730022978037596
0.0034587890841066837
0.029941756278276443
0.021656149998307228
-0.02283058874309063
-0.012279991991817951
-0.009143850766122341
0.0028054264839738607
-0.011821831576526165
0.0035910748410969973
0.01755206473171711
0.008956714533269405
0.003168405732139945
0.0017616593977436423
-0.1617887318134308
0.0023601718712598085
0.016545401886105537
-0.015796856954693794
0.019010433927178383
-0.013719002716243267
0.03239388391375542
0.017087450250983238
0.002763482043519616
-0.0020375235471874475
0.005817347671836615
-0.001858453848399222
-0.027386382222175598
-0.013157594949007034
-0.003716907696798444
-0.008698596619069576
-0.020313933491706848
0.004146029707044363
0.038459669798612595
-0.00174068717751652
0.015022501349449158
0.002765095327049494
-0.0106086740270257
-0.0026424890384078026
0.007440268062055111
0.014299769885838032
-0.011157175526022911
-0.00281026610173285
0.01648087240755558
0.011518541723489761
0.0005577781121246517
0.024146994575858116
0.014493358321487904
-0.014841818250715733
-0.009027697145938873
-0.010686109773814678
-0.02723151072859764
0.013183406554162502
-0.010040813125669956
0.019668636843562126
-9.326550207333639e-05
-0.005739911925047636
0.00891799759119749
0.006378755439072847
0.0164034366607666
0.028418855741620064
0.026276472955942154
-0.019926754757761955
0.037040017545223236
-0.01289302296936512
0.017242321744561195
-0.010473161935806274
0.00046663000830449164
0.0035717159043997526
0.00680787768214941
0.008982527069747448
-0.0026779803447425365
-0.016584118828177452
0.025476304814219475
-0.0005061544361524284
-0.004375109914690256
0.0007178923115134239
0.0004984915140084922
0.017410099506378174
0.024921350181102753
-0.014480452984571457
-0.028134925290942192
0.022327257320284843
-0.038459669798612595
0.0011139430571347475
-0.017887618392705917
-0.026366813108325005
0.006046427879482508
-0.006204525474458933
0.013422165997326374
0.011828283779323101
-0.013435072265565395
0.03402002900838852
-0.0001855227310443297
0.006507814861834049
-0.016868049278855324
0.02650877833366394
-0.012886570766568184
-0.001575330039486289
-0.005785082932561636
-0.012951100245118141
-0.0026747537776827812
-0.007549968548119068
-0.011441105976700783
0.00548179354518652
-0.004223465453833342
-0.030741924419999123
0.003199057187885046
-0.011821831576526165
0.012834946624934673
0.013951309956610203
0.009447140619158745
0.008711501955986023
0.008130735717713833
0.005136559717357159
0.0004521108348853886
0.008053299970924854
-0.027438005432486534
0.005391451995819807
0.03489763289690018
-0.01610659994184971
0.012389692477881908
0.01302853599190712
0.01701001450419426
0.0028505970258265734
-0.026211941614747047
-0.006878860294818878
0.002311774529516697
0.010976492427289486
0.01575814001262188
0.02399212308228016
0.00646909698843956
-0.008601801469922066
0.01365447323769331
0.007382191717624664
0.0656137466430664
-0.012854306027293205
-0.007608045358210802
0.026973392814397812
-0.007349926512688398
-0.028444668278098106
-0.10505426675081253
-0.03311661630868912
0.024198617786169052
0.014248145744204521
0.032109953463077545
0.011344311758875847
-0.008692143484950066
0.005927048157900572
-0.02186264470219612
0.024327676743268967
-0.03654959052801132
0.0007513670716434717
-0.008943809196352959
0.01016987208276987
0.006069013383239508
0.025463398545980453
0.00013994866458233446
-0.015009596012532711
-0.036575403064489365
0.011066834442317486
-0.0008106536697596312
0.021630337461829185
-0.012118667364120483
-0.0019181437091901898
0.005549549590796232
0.0012470354558899999
-0.04055042937397957
0.016171129420399666
0.008711501955986023
0.01186700165271759
-0.04341554641723633
-0.004536434076726437
-0.01459660567343235
-0.01604207046329975
0.021514184772968292
-0.02335973270237446
-0.03796924278140068
-0.022675717249512672
0.03923402354121208
-0.02471485547721386
-0.003868552390486002
0.04013743996620178
-0.006520720664411783
-0.0211270060390234
0.004013744182884693
-0.010382819920778275
0.007756463717669249
0.01987513154745102
0.01684223860502243
-0.015900105237960815
-0.011770207434892654
-0.018403856083750725
-0.042047519236803055
-0.017423003911972046
-0.014403017237782478
0.01870069094002247
0.0017810182180255651
-0.003061931813135743
-0.01508703175932169
-0.045532118529081345
0.006162581034004688
-0.007220867555588484
-0.011886361055076122
0.02228854037821293
0.0213076900690794
-0.006033522076904774
-0.013370542787015438
-0.015964634716510773
-0.003239388344809413
0.0069046723656356335
0.005607626400887966
-0.003410391742363572
-0.00481068529188633
-0.0006053687538951635
-0.0300966277718544
0.019191116094589233
-0.010544144548475742
-0.002252084668725729
0.006443285383284092
0.002958684228360653
-0.0015317724319174886
0.0032264823094010353
-0.03582685813307762
-0.007304755970835686
0.04178939759731293
0.0028409177903085947
0.0008719568722881377
-0.011182988062500954
-0.0029377122409641743
-0.007440268062055111
-0.00275218952447176
0.040524616837501526
0.007149884942919016
0.001464016386307776
0.013473790138959885
0.003987932112067938
0.000808637123554945
-0.016145316883921623
-0.013067253865301609
0.0022375655826181173
-0.007646763231605291
0.005927048157900572
-0.06845305114984512
0.01338344905525446
0.009021244943141937
0.0008461449760943651
0.0020375235471874475
0.0009913366520777345
0.031129101291298866
-0.02123025432229042
0.004539660643786192
0.01329310704022646
-0.008182358928024769
0.022082045674324036
-0.013086612336337566
-0.016351811587810516
-0.021565807983279228
-0.029502954334020615
0.02335973270237446
-0.009330986998975277
-0.0007832286064513028
0.006452964618802071
0.013499601744115353
-0.009511670097708702
0.010582862421870232
0.042486317455768585
-0.0004956683260388672
0.018661973997950554
-0.014119086787104607
0.002692499430850148
-0.0072402264922857285
0.03311661630868912
0.015332244336605072
-0.02094632387161255
0.012822040356695652
0.01917821168899536
-0.00033414256176911294
-0.011815378442406654
0.015900105237960815
0.03804668039083481
0.02183683216571808
0.06582023948431015
-0.0062948670238256454
-0.017087450250983238
0.017771463841199875
0.0005158338462933898
-0.026663649827241898
-7.506612746510655e-05
-0.006659459322690964
0.018584538251161575
0.011389482766389847
-0.023346826434135437
0.03564617782831192
0.011208799667656422
-0.006711082998663187
-0.024250240996479988
-0.014222334139049053
0.02043008618056774
0.004349298309534788
0.0013099517673254013
0.0082017183303833
-0.010795810259878635
0.04238307103514671
-0.0042815422639250755
0.007737104780972004
-0.001052639912813902
-0.005039765499532223
-0.019320176914334297
0.0004940551007166505
0.002071401569992304
-0.018868468701839447
-0.00949231069535017
0.01267362292855978
0.008285606279969215
0.007704839576035738
0.01699710823595524
0.01773274689912796
-0.017784370109438896
0.01253810990601778
-0.01719069853425026
-0.003241001395508647
0.00036943223676644266
0.005762497428804636
0.004710664041340351
-0.0231145191937685
0.008608254604041576
0.025682799518108368
0.0034297506790608168
0.005343054886907339
0.01978478953242302
-0.032729435712099075
0.009156757034361362
0.006033522076904774
0.028134925290942192
0.010576409287750721
0.0011147496988996863
0.005194636527448893
-0.006133542861789465
-0.002181102056056261
-0.013422165997326374
0.028960905969142914
0.02024940215051174
0.0032716530840843916
-0.014248145744204521
0.0035846219398081303
-0.018571631982922554
-0.010989398695528507
0.005604399833828211
-0.030948419123888016
-0.03531062230467796
0.005320469383150339
0.014557887800037861
0.0025311752688139677
-0.008892185054719448
0.024288959801197052
0.006285187788307667
-0.03386515751481056
-0.013693191111087799
-0.001329310704022646
-0.005430169869214296
-0.01774565316736698
0.011028116568922997
-0.007698386907577515
0.032109953463077545
0.03556874021887779
-0.009034150280058384
0.008401759900152683
-0.00787907000631094
0.03141303360462189
0.011654053814709187
0.0006928870570845902
0.019771883264183998
0.0034232977777719498
0.00443318672478199
-0.014441735111176968
-0.011860549449920654
-0.006001257337629795
0.030509617179632187
0.027386382222175598
0.01924274116754532
-0.03301336616277695
0.0805329978466034
-0.004755835048854351
-0.0299159437417984
0.0036652840208262205
-0.009931112639605999
0.012925288639962673
-0.01773274689912796
0.0001476115721743554
-0.015061219222843647
0.005178504157811403
0.01771984063088894
-0.015448397025465965
0.015203184448182583
-0.030070815235376358
-0.0025779593270272017
-0.002087534172460437
-0.020210685208439827
0.02326939068734646
-0.0010276346001774073
0.011092646047472954
0.047055017203092575
-0.0015890426002442837
0.005488246213644743
0.00019621045794337988
-0.013499601744115353
0.02436639368534088
0.03582685813307762
-0.027257323265075684
-0.0005888330051675439
-0.03169696405529976
-0.0025489209219813347
-0.0029570709448307753
-0.03895009309053421
-0.03071611188352108
0.011802472174167633
-0.030380558222532272
0.009408422745764256
-0.03869197517633438
-0.00013762964226771146
0.00980850588530302
-0.01566779799759388
0.030767735093832016
-0.01970735378563404
-0.03572361171245575
-0.015099937096238136
0.010331196710467339
0.0012139639584347606
0.0065465327352285385
-0.025592457503080368
