-0.013878543861210346
-0.008122614584863186
0.007846072316169739
-0.018959198147058487
-0.023782603442668915
0.003723668633028865
-0.03866441547870636
-0.011306061409413815
-0.01293958816677332
-0.03295350447297096
-0.002233236562460661
0.004189931321889162
-0.012573009356856346
-0.0019454400753602386
0.0041674221865832806
-0.021390194073319435
0.03534591197967529
0.02146736904978752
0.01587221771478653
-0.008315550163388252
-0.015036161057651043
0.018303213641047478
0.008077595382928848
-0.011852714233100414
-0.03760969638824463
0.02388550154864788
-0.0010209541069343686
-0.033313650637865067
-0.020129676908254623
-0.020476961508393288
0.0036561409942805767
0.0014132576761767268
-0.013286872766911983
-0.015563520602881908
0.012405797839164734
0.007961833849549294
0.008444174192845821
-0.003321718191727996
0.017891617491841316
0.01870195008814335
-8.883104601409286e-05
-0.006450500339269638
0.00749235600233078
-0.0008995650568976998
-0.020708486437797546
0.030278122052550316
-0.029866524040699005
-0.017428569495677948
-0.04697353392839432
0.017968792468309402
0.017016973346471786
0.01847042515873909
-0.008810753002762794
-0.02886325679719448
0.0027525564655661583
-0.009807590395212173
-0.00956963561475277
0.007620980031788349
0.03130711615085602
-0.01359557081013918
0.013582708314061165
-0.0008521348936483264
-0.025480441749095917
0.012566577643156052
-0.005225355736911297
0.020541274920105934
-0.0019374010153114796
0.004206009209156036
0.012315761297941208
0.002516209613531828
0.037481073290109634
0.018959198147058487
-0.015049023553729057
-0.010913757607340813
0.027319766581058502
-0.002676989883184433
-0.007125777192413807
-0.03719810023903847
-0.0002705126244109124
0.035088665783405304
0.004694780800491571
-0.02150595560669899
-0.012238586321473122
0.04867137223482132
0.015293410047888756
0.011035950854420662
0.008617817424237728
0.02306230738759041
0.010379968211054802
-0.022303424775600433
-0.018097415566444397
-0.0015386661980301142
0.0005382116069085896
0.025802001357078552
-0.008907221257686615
0.017299946397542953
0.010379968211054802
0.01086230855435133
-0.019679492339491844
-0.017853030934929848
-0.008109752088785172
-0.0098976269364357
-0.018341802060604095
-0.0013159856898710132
-0.04344923421740532
6.250329170143232e-05
-0.014650288969278336
0.019023509696125984
0.03236183151602745
-0.026650920510292053
-0.01757005602121353
0.040516603738069534
-0.003752609249204397
-0.02693389356136322
0.012682340107858181
-0.017094148322939873
0.021441644057631493
-0.0239240899682045
-0.0008770558051764965
-0.017955929040908813
0.02690816856920719
-0.0002598609426058829
0.001659251400269568
-0.002490484854206443
0.013068212196230888
0.02996942400932312
-0.029146229848265648
-0.005743067711591721
-0.030098047107458115
-0.019640905782580376
0.0057012648321688175
-0.002421349287033081
-0.007273694965988398
0.0023682918399572372
-0.014701738953590393
0.010051975958049297
-0.012412229552865028
0.03177016228437424
-0.027242591604590416
-0.011106694117188454
0.013544121757149696
0.02451576106250286
0.0011270690010860562
-0.026599470525979996
-0.0150876110419631
0.029712175950407982
0.034445542842149734
0.03452271968126297
0.007897522300481796
0.01378850731998682
0.015987979248166084
-0.023962676525115967
0.01871481165289879
-0.0012886530021205544
0.014650288969278336
0.001984027214348316
-0.010579335503280163
0.00401950441300869
0.007723879534751177
0.011486135423183441
-0.012019925750792027
-0.0088943587616086
-0.0016544279642403126
0.01086230855435133
0.007524511776864529
0.020914284512400627
-0.0005221336032263935
-0.0021415918599814177
0.030149497091770172
0.016000842675566673
0.0073958877474069595
0.04278038814663887
-0.03408539667725563
0.014907537028193474
-0.010933051817119122
0.02234201319515705
0.008643541485071182
0.012952450662851334
-0.004604744259268045
-0.024863045662641525
-0.010347811505198479
0.0009429756901226938
-0.006765629630535841
0.014958987012505531
-0.015910806134343147
0.032670531421899796
-0.003013020381331444
-0.0004260674468241632
-0.0012564969947561622
-0.013274011202156544
0.03174443542957306
0.006128940265625715
0.004141697194427252
-8.445983257843181e-05
-0.6367409229278564
0.015499208122491837
-0.0031802316661924124
-0.005845966748893261
0.01782730594277382
0.010624353773891926
0.020296888425946236
-0.002918160054832697
0.014354453422129154
-0.02737121656537056
0.004939166828989983
0.03930753469467163
0.005112809594720602
-0.029609275981783867
-0.031204216182231903
-0.02234201319515705
0.00532182352617383
-0.03742962330579758
0.027937162667512894
-0.007003584410995245
-0.015756456181406975
0.012090669013559818
-0.008521349169313908
0.02238059975206852
-0.011788401752710342
-0.018161727115511894
-0.0064730094745755196
0.006026040762662888
0.0042896149680018425
0.012605165131390095
-0.006637005601078272
0.018341802060604095
0.0063090138137340546
0.02842593379318714
0.05818955972790718
0.015499208122491837
-0.004530785139650106
0.029815074056386948
0.009460304863750935
0.008064732886850834
-0.019255032762885094
-0.009260937571525574
0.019885292276740074
0.0037333155050873756
0.006157880648970604
0.0003547212400007993
0.012097099795937538
-0.031229939311742783
-0.011306061409413815
0.00499704759567976
-0.0028088295366615057
0.007286557462066412
-0.022084763273596764
-0.006958565674722195
0.001865049940533936
0.003906958270817995
0.021235844120383263
0.020451238378882408
0.004907010588794947
0.015769319608807564
-0.010508592240512371
-0.006141802296042442
-0.01151186041533947
-0.006990721914917231
-0.02801433764398098
0.02151881717145443
-0.00033502568840049207
-0.014856087975203991
0.003939114045351744
-0.014778912998735905
0.012701633386313915
0.0338795967400074
0.01402003038674593
-0.0028442011680454016
0.022920820862054825
-0.02124870754778385
0.02284364588558674
0.020296888425946236
-0.014778912998735905
0.03601475805044174
-0.004759092815220356
-0.02108149603009224
-0.016849761828780174
0.026470847427845
0.02016826532781124
-0.045095622539520264
-0.012193568050861359
-0.02436141110956669
0.01227074209600687
-5.5670134315732867e-05
0.014303003437817097
0.0024679757189005613
0.01934506930410862
-0.015499208122491837
0.008932946249842644
0.028631731867790222
0.004501844756305218
0.00879145972430706
0.023821189999580383
-0.006579124368727207
0.004360358230769634
-0.021763203665614128
0.013428360223770142
0.00088991824304685
0.0013610041933134198
0.016566788777709007
-0.009653241373598576
0.004701212048530579
0.03601475805044174
-9.797541861189529e-05
-0.008752872236073017
-0.005453663412481546
-0.007781760301440954
0.004517922643572092
-0.0029294146224856377
-0.030561095103621483
0.02587917633354664
0.0008802714291960001
0.0071900892071425915
-0.024837320670485497
0.03431691974401474
-0.006971428170800209
0.017338532954454422
0.009807590395212173
-0.010495729744434357
0.024863045662641525
-0.019692355766892433
0.001017738482914865
-0.03063826821744442
-0.026033524423837662
0.00976257212460041
-0.023769740015268326
0.0010129150468856096
-0.002053162781521678
-0.004964891821146011
0.004096678923815489
0.019872428849339485
-0.004932735580950975
-0.007794622797518969
-0.016245229169726372
-0.017685819417238235
-0.009743277914822102
0.01804596558213234
-0.003302424680441618
-0.032490458339452744
-0.031229939311742783
-0.02912050485610962
0.021030046045780182
0.0031721927225589752
0.004865207709372044
-0.024065576493740082
-0.0014212967362254858
-0.026162149384617805
-0.00011676659778458998
0.028503108769655228
-0.013081074692308903
-0.003948761150240898
0.013698470778763294
-0.027216866612434387
-0.009633948095142841
0.01841897703707218
0.018997784703969955
-0.009723984636366367
0.0003344227443449199
-0.027242591604590416
0.0071450709365308285
0.005054928362369537
-0.0013031233102083206
-0.020271163433790207
-0.04671628773212433
0.011762676760554314
0.027679914608597755
-0.01655392535030842
0.03285060450434685
0.01651533879339695
-0.008649973198771477
0.00388444890268147
-0.00934454333037138
-0.015203372575342655
-0.020759936422109604
-0.002231628866866231
0.020091090351343155
-0.021235844120383263
-0.0044954135082662106
0.0016914074076339602
0.017235634848475456
0.009595360606908798
0.03038102015852928
-0.001675329403951764
-0.005450447555631399
0.03279915452003479
0.023949814960360527
-0.017480019479990005
0.021145807579159737
-0.033313650637865067
0.011010225862264633
-0.012328623794019222
-0.002397232223302126
0.0030483920127153397
0.02436141110956669
0.033570900559425354
0.0016737215919420123
0.01713273487985134
0.0019454400753602386
0.008302687667310238
-0.0035725354682654142
-0.002267000498250127
-0.007929678075015545
0.04455539956688881
0.008772166445851326
0.029480651021003723
-0.015486345626413822
-0.015422034077346325
-0.01498471200466156
-0.010849446058273315
0.02476014569401741
-0.01511333603411913
0.0024856615345925093
-0.009736847132444382
-0.0017508961027488112
-0.01610374264419079
-0.026097837835550308
0.01151186041533947
-0.016193779185414314
-0.005231786519289017
0.005434369668364525
0.0005860436940565705
0.0025708749890327454
0.002619108883664012
-0.031229939311742783
0.01717132143676281
0.01400716882199049
-0.009511754848062992
0.02716541662812233
0.027294041588902473
0.01587221771478653
0.002189825987443328
-0.011306061409413815
0.026650920510292053
0.026856720447540283
0.012084237299859524
0.045970264822244644
0.0021174747962504625
-0.004524353891611099
0.0072351074777543545
0.015383446589112282
0.01713273487985134
-0.012360779568552971
-0.003427833318710327
0.0019663413986563683
-0.011479703709483147
-0.014148655347526073
-0.015550658106803894
-0.03295350447297096
0.009871902875602245
-0.01996246539056301
0.0067849233746528625
0.009653241373598576
0.013672745786607265
0.012225723825395107
-0.005289667751640081
0.007897522300481796
-0.015576383098959923
0.023756878450512886
-0.007460199762135744
-0.014354453422129154
-0.028400208801031113
0.009981232695281506
-0.030509645119309425
-0.016206640750169754
-0.011235318146646023
-0.025261780247092247
0.0024181336630135775
0.0048105427995324135
-0.0029921189416199923
0.012637320905923843
0.008521349169313908
-0.004177068825811148
-0.00314646796323359
0.013389772735536098
-0.03820136934518814
-0.026213599368929863
-0.013222561217844486
0.012926725670695305
0.007466631010174751
-0.018599050119519234
0.003328149439767003
0.003739746753126383
-0.05034348741173744
-0.010309224016964436
-0.008714284747838974
0.0073958877474069595
0.026573745533823967
0.00564338406547904
-0.0016946230316534638
-0.01758291944861412
0.018187452107667923
0.026136424392461777
0.004826620686799288
-0.007524511776864529
0.019049234688282013
-0.010843014344573021
-0.022264838218688965
-0.0030741167720407248
0.027474114671349525
0.022534947842359543
-0.016759725287556648
-0.0048523456789553165
-0.0031496835872530937
-0.03796984627842903
0.015460621565580368
-0.01313895545899868
-0.0030757247004657984
0.0061932522803545
-0.0003181437496095896
0.0007661175332032144
0.02257353626191616
-0.015576383098959923
0.01605229265987873
0.0001367636286886409
-0.011106694117188454
0.015267685055732727
0.004234949592500925
-0.005170690361410379
0.03915318846702576
-0.013055349700152874
-0.02521033026278019
0.02845165878534317
-0.014405903406441212
-0.005341117270290852
-0.025904901325702667
-0.03364807367324829
0.012971743941307068
-0.006450500339269638
0.006022825371474028
0.005575856193900108
0.007061465177685022
-0.012785239145159721
0.02018112689256668
0.017737267538905144
0.008084027096629143
-0.0032895621843636036
0.0038040587678551674
0.00374617800116539
0.018753398209810257
-0.013852819800376892
-0.007241538725793362
-0.0036143381148576736
0.012849551625549793
-0.012547284364700317
0.06014464423060417
0.0421372652053833
-0.00759525503963232
-0.029686450958251953
0.01849615015089512
0.02366684190928936
0.0301752220839262
-0.023319555446505547
-0.025248918682336807
0.002281470689922571
0.00023936147044878453
0.040310803800821304
0.0008155574323609471
0.01108740083873272
0.04154559597373009
0.020734211429953575
0.0020306536462157965
-0.006720610894262791
0.01521623507142067
-0.006206114776432514
0.007588823791593313
0.030689718201756477
-0.014290141873061657
-0.008932946249842644
0.01019346248358488
0.02757701463997364
-0.004534000996500254
0.0055372691713273525
-0.00024438585387542844
-0.011582603678107262
-0.022007590159773827
0.017081284895539284
-0.021686028689146042
-0.028194410726428032
-0.0002896052901633084
-0.016824036836624146
0.01498471200466156
-0.03066399320960045
-7.52149717300199e-05
-0.02670237049460411
-0.008997258730232716
-0.016785450279712677
-0.007434475235641003
0.011434685438871384
0.004283183719962835
-0.03588613495230675
-0.034625615924596786
-0.013711333274841309
0.0004481747164390981
0.019885292276740074
0.025737689808011055
0.0046176062896847725
0.0031689770985394716
0.02455434761941433
0.0024840536061674356
-0.008997258730232716
0.009132313542068005
-0.024001263082027435
-0.009627516381442547
0.025120293721556664
-0.009479599073529243
-0.016451027244329453
0.01009056344628334
0.010367105714976788
-0.014830362983047962
-0.011550446972250938
0.020785659551620483
-0.004431101493537426
-0.008804322220385075
0.03197595849633217
0.0013296520337462425
-0.0011744991643354297
0.014225829392671585
-0.01654106378555298
-0.008013283833861351
-0.010251343250274658
-0.036374904215335846
0.0003024676989298314
0.018393252044916153
0.012823826633393764
-0.021634578704833984
0.01780158095061779
-0.0036046914756298065
-0.02325524389743805
0.013016762211918831
0.01519051007926464
0.0035403792280703783
-0.01629667729139328
0.019640905782580376
0.012425091117620468
0.010701527819037437
0.04324343428015709
0.00597137538716197
-0.01717132143676281
0.010039113461971283
-0.03439409285783768
-0.020798522979021072
-0.009370268322527409
-0.01758291944861412
0.012527991086244583
0.0007150698220357299
-0.0199753288179636
-0.0016914074076339602
0.0038169212639331818
0.019010648131370544
0.021570267155766487
-0.015447759069502354
-0.03560316190123558
-0.03935898467898369
-0.008251238614320755
0.0014864127151668072
0.01109383162111044
0.011582603678107262
-0.008611385710537434
-0.0024663677904754877
0.0003894899564329535
-0.011074538342654705
-0.030149497091770172
0.034625615924596786
-0.034008219838142395
-0.011749815195798874
0.017235634848475456
-0.03308212757110596
0.02042551338672638
-0.0038040587678551674
-0.004514707252383232
-0.0014052187325432897
0.004003426060080528
-0.015730731189250946
-0.03236183151602745
-0.017261359840631485
-0.011576171964406967
0.012013494037091732
0.025364680215716362
0.0301752220839262
-0.0015459012938663363
0.00388444890268147
0.0023023721296340227
0.0018811279442161322
0.0035114388447254896
0.01009056344628334
-0.03241328150033951
-0.045275695621967316
0.022264838218688965
0.009961939416825771
0.003027490573003888
0.005810595117509365
-0.002461544470861554
-0.009293093346059322
0.021891828626394272
-0.019023509696125984
-0.00922235008329153
-0.01138966716825962
-0.01041855476796627
-0.0010249735787510872
0.007357300724834204
-0.017930204048752785
0.009061570279300213
-0.024425722658634186
0.017685819417238235
0.0150876110419631
0.009383130818605423
-0.004103109706193209
0.006093568634241819
0.03858724236488342
-0.021583130583167076
0.006399050820618868
0.024927357211709023
0.02737121656537056
0.0076788607984781265
-0.015203372575342655
-0.041391246020793915
0.017518607899546623
0.02996942400932312
0.01206494402140379
-0.004160990938544273
-0.021686028689146042
0.015614969655871391
-0.025248918682336807
0.02695961855351925
-0.002831338671967387
-9.596566087566316e-05
0.002316842321306467
-0.00827696267515421
-0.016451027244329453
-0.0011351079447194934
-0.0019181073876097798
-0.012984606437385082
0.020116815343499184
0.009093726053833961
-0.002136768540367484
0.008013283833861351
0.00661771185696125
0.00922235008329153
0.009955507703125477
-0.02909477986395359
0.03804701939225197
-0.0003683875547721982
0.018984923139214516
0.020348338410258293
-0.0007239127298817039
-0.019628042355179787
-0.002881180727854371
0.021428780630230904
-0.020978596061468124
0.017492882907390594
-0.0021657089237123728
0.0017235634149983525
-0.016798311844468117
0.015010436996817589
0.01845756359398365
0.005749498959630728
-0.0072351074777543545
0.00042285185190849006
0.017865892499685287
0.0030934105161577463
-0.03066399320960045
0.012502266094088554
-0.026856720447540283
0.02277933433651924
0.011035950854420662
0.01585935615003109
-0.015807906165719032
-0.012463678605854511
-0.008019714616239071
0.045249972492456436
0.008206219412386417
0.003072509076446295
0.0038169212639331818
-0.004177068825811148
-0.0030355295166373253
-0.014444490894675255
-0.005080653354525566
-0.010225619189441204
0.002533895429223776
0.019216446205973625
-0.008392725139856339
0.016811175271868706
0.0011728913523256779
-0.034188296645879745
0.023190932348370552
0.0002172542008338496
0.006392619572579861
0.020515549927949905
-0.003427833318710327
-0.002514601917937398
0.022972270846366882
0.008360568434000015
-0.0058202422223985195
0.0005896613001823425
0.013351185247302055
-0.02256067283451557
-0.0028876117430627346
-0.005633736960589886
-0.03153863921761513
0.012302898801863194
-0.014470214955508709
-0.019152134656906128
0.0034696359653025866
-0.0031689770985394716
-0.018933473154902458
-0.01141539216041565
0.012045650742948055
-0.011544016189873219
0.004350711591541767
-0.0020997889805585146
-0.0053443326614797115
0.004160990938544273
0.009498892351984978
0.008251238614320755
0.020566999912261963
0.012527991086244583
-0.04365503042936325
-0.015049023553729057
0.00249852379783988
-0.0014663151232525706
-0.007871797308325768
0.020798522979021072
0.004508276004344225
-0.022650709375739098
0.03714665025472641
-0.008109752088785172
-0.03439409285783768
-0.022239113226532936
-0.0009879941353574395
0.007511649746447802
-0.019499419257044792
0.018856298178434372
0.024438586086034775
0.00412240345031023
-0.007608117535710335
-0.004598313011229038
0.007601686287671328
-0.010939482599496841
-0.0063443854451179504
-0.023371005430817604
0.009621085599064827
0.01673400029540062
0.032053135335445404
-0.045507218688726425
0.01673400029540062
-0.004546863026916981
-0.02021971344947815
-0.006714180111885071
-0.010470004752278328
0.025506166741251945
-0.022959407418966293
-0.005881338380277157
-0.0158464927226305
-0.001197008416056633
-0.03755824640393257
0.004833051934838295
-0.004225302953273058
-0.017081284895539284
0.0008923299610614777
-0.011872007511556149
0.012991038151085377
0.02865745685994625
-0.027937162667512894
0.0024502896703779697
-0.0118398517370224
-0.02476014569401741
-0.025544753298163414
-3.11260373564437e-05
-0.018521875143051147
0.04648476094007492
0.01119029987603426
-0.012553716078400612
-0.015589245595037937
0.0026914600748568773
-0.039384711533784866
-0.005894200876355171
0.021120082587003708
0.01781444251537323
-0.005453663412481546
-0.012412229552865028
0.011859145015478134
0.025892037898302078
-0.012380072847008705
0.0013762782327830791
-0.016335265710949898
-0.019923878833651543
-0.015717869624495506
-0.008701423183083534
-0.008418450132012367
-0.02888898178935051
-0.015100473538041115
-0.01848328858613968
0.040953923016786575
-0.011376804672181606
0.0005506720626726747
0.027062518522143364
-0.02670237049460411
0.0006977859302423894
0.026367947459220886
0.011556878685951233
0.011100263334810734
-0.005797733087092638
0.004373220726847649
-0.017853030934929848
-0.006810647901147604
-0.003813705639913678
0.0013119662180542946
-0.02909477986395359
-0.01994960382580757
0.021030046045780182
0.007010015193372965
0.01632240228354931
-0.005267158150672913
-0.011595466174185276
0.014933262020349503
-0.027216866612434387
0.005839535966515541
-0.024219924584031105
0.009633948095142841
0.01931934431195259
-0.010810858570039272
-0.008624248206615448
-0.007852503098547459
0.009814021177589893
-0.015576383098959923
-0.012669477611780167
0.002996942261233926
-0.012418660335242748
0.022226249799132347
-0.004913441836833954
-0.012965313158929348
-0.019666630774736404
-0.025274641811847687
-0.010579335503280163
-0.007434475235641003
-0.03532018885016441
0.003011412685737014
0.020284026861190796
0.00592314125970006
0.008926515467464924
-0.008167632855474949
0.0016037821769714355
-0.03647780418395996
-0.02083710953593254
0.008977964520454407
-0.02039978839457035
0.003781549632549286
0.004193146713078022
0.002276647137477994
0.010843014344573021
-0.004710859153419733
0.026625195518136024
-0.03544881194829941
0.02499166876077652
0.21464796364307404
-0.011852714233100414
0.003328149439767003
0.0024535052943974733
-0.010373536497354507
0.00314646796323359
0.045507218688726425
-0.004312124103307724
0.011672640219330788
0.013634158298373222
0.023628253489732742
-0.022046176716685295
-0.02061844803392887
0.004749446175992489
-0.005109593737870455
-0.008778597228229046
-0.022213388234376907
-0.009350975044071674
0.001498471130616963
-0.018123140558600426
0.013659883290529251
0.009370268322527409
-0.014637426473200321
-0.01800737902522087
0.025287505239248276
0.0021512387320399284
-0.007318713236600161
0.015705006197094917
0.025364680215716362
-0.0012934764381498098
-0.0208242479711771
-0.0020033209584653378
-0.005225355736911297
0.004099894315004349
0.005067790858447552
0.006231839302927256
0.019589455798268318
-0.0076788607984781265
0.009852608665823936
0.019036371260881424
0.015473483130335808
-0.0073958877474069595
0.0019213230116292834
-0.006585555616766214
0.009614653885364532
0.04802825301885605
0.010405692271888256
-0.014470214955508709
0.01063721626996994
-0.006543752737343311
-0.010064838454127312
0.025943487882614136
0.035294461995363235
0.008193357847630978
0.0004268713528290391
0.016759725287556648
-0.009145176038146019
0.0032156032975763083
0.02130015753209591
-0.003752609249204397
0.008315550163388252
0.03233610838651657
-0.009267369285225868
0.0217374786734581
-0.009942646138370037
0.013479809276759624
-0.023525353521108627
-0.002786320401355624
-0.01955086924135685
-0.0025435423012822866
0.015344859100878239
-0.0022605692502111197
-0.0208885595202446
0.003620769362896681
-0.01511333603411913
-0.019666630774736404
0.01865050010383129
0.015563520602881908
0.02299799583852291
0.030329572036862373
-0.027294041588902473
0.004360358230769634
-0.03609193116426468
0.004752662032842636
-0.02108149603009224
-0.020103951916098595
0.024798734113574028
-0.023190932348370552
-0.00868856068700552
-0.027474114671349525
-0.024412861093878746
0.016360990703105927
0.012026356533169746
-0.025480441749095917
-0.0010933051817119122
0.012862413190305233
0.0071129146963357925
0.01627095229923725
-0.006013178266584873
0.012206430546939373
-0.007563099265098572
0.037866946309804916
0.00596815999597311
0.006424775812774897
-0.0033731679432094097
0.013389772735536098
-0.017235634848475456
-0.014315865933895111
-0.008502054959535599
-0.03447126969695091
-0.009704691357910633
-0.007704585790634155
-0.001873089000582695
-0.02124870754778385
-0.02061844803392887
0.0284773837774992
-0.006138586904853582
-0.02239346131682396
0.013171111233532429
0.011466842144727707
0.000975935603491962
0.004550078883767128
-0.00814190786331892
0.01952514424920082
-0.011016657575964928
-0.015331996604800224
-0.03346800059080124
0.016798311844468117
-0.021981865167617798
-0.020476961508393288
0.008701423183083534
-0.01313895545899868
0.03863868862390518
0.006637005601078272
-0.014637426473200321
0.0027959670405834913
0.005498681683093309
-0.008900790475308895
0.018791986629366875
0.015962256118655205
0.004321770742535591
-0.03439409285783768
0.001146362628787756
0.002718792762607336
-0.006090352777391672
-0.038998838514089584
0.022496361285448074
-0.0009293094044551253
-0.008334844373166561
0.011492566205561161
0.0037622558884322643
-0.04324343428015709
-0.003620769362896681
-0.003945545293390751
0.015422034077346325
0.042214442044496536
-0.028374483808875084
0.005958512891083956
-0.007852503098547459
0.009531048126518726
-0.006643436383455992
-0.0005828281282447278
0.023731153458356857
0.0023377437610179186
-0.012219293043017387
0.021557405591011047
-0.16062581539154053
0.003984132781624794
0.002472799038514495
-0.011884870007634163
0.007505218498408794
-0.0017316024750471115
0.007781760301440954
0.019640905782580376
-0.012675908394157887
-0.026123562827706337
-0.01582076959311962
-0.019164996221661568
-0.018946334719657898
-0.033802423626184464
0.009884764440357685
0.01109383162111044
-0.015254822559654713
0.020811384543776512
0.0387415885925293
0.013659883290529251
0.016193779185414314
0.003903742413967848
-0.01802024058997631
0.0039648390375077724
0.009460304863750935
-0.005071006715297699
-0.040490876883268356
0.005807379726320505
0.013737057335674763
-0.016772586852312088
0.02154454216361046
-0.007665998302400112
0.019152134656906128
0.0037011594977229834
-0.007048602681607008
-0.011010225862264633
-0.0026512648910284042
-0.003530732588842511
-0.007698154542595148
0.03796984627842903
0.01400716882199049
0.016373852267861366
0.002840985544025898
0.012695202603936195
-0.006932841148227453
0.01782730594277382
0.032439008355140686
-0.009428149089217186
0.017737267538905144
-0.0032123879063874483
0.025120293721556664
-0.007022877689450979
0.00025604243273846805
-0.010489298030734062
0.02041264995932579
-0.0019036371959373355
0.006122509017586708
-0.004096678923815489
0.011151712387800217
-0.014032892882823944
-0.01248297281563282
0.005251080263406038
0.008939377032220364
0.007370162755250931
0.01488181296736002
-0.019628042355179787
-0.0118398517370224
0.01543489657342434
-0.039178911596536636
0.010984500870108604
-0.0107465460896492
-0.035088665783405304
-0.0005108789773657918
-0.006331522949039936
-0.0011929888278245926
0.026226460933685303
-0.010585766285657883
0.02978934906423092
-0.0009887980995699763
-0.013724194839596748
-0.02151881717145443
0.03413684666156769
-0.004926304332911968
-0.02151881717145443
-0.016451027244329453
-0.03128138929605484
-0.009370268322527409
0.03676077723503113
0.005225355736911297
0.017544332891702652
0.008489193394780159
-0.055514175444841385
0.005662677343934774
-0.007762466557323933
0.009955507703125477
0.00792324636131525
0.01868908666074276
-0.004730152431875467
0.018830573186278343
0.0012589087709784508
-0.0063411700539290905
0.02218766324222088
-0.0030355295166373253
0.008431311696767807
-0.0019824195187538862
-0.031178491190075874
0.000436116213677451
0.018393252044916153
0.021814653649926186
-0.00744733726605773
-0.03843289241194725
-0.017891617491841316
0.01261159684509039
-0.006392619572579861
0.011917025782167912
-0.007730310782790184
-0.004591881763190031
-0.005955297499895096
0.007801054045557976
-0.009859040379524231
0.056800417602062225
-0.0037429623771458864
-0.02517174370586872
0.0028602792881429195
-0.019512280821800232
-0.042240165174007416
-0.10048117488622665
-0.04424670338630676
0.036374904215335846
0.013672745786607265
0.028837531805038452
0.02344818040728569
0.0065469685941934586
-0.011859145015478134
-0.02063131146132946
0.012920294888317585
-0.032902054488658905
-0.0019116762559860945
-0.011640484444797039
0.001317593501880765
-0.0018746968125924468
-0.003939114045351744
-0.00401950441300869
0.0022895096335560083
-0.01933220773935318
0.02652229741215706
0.010945914313197136
0.0007793818949721754
-0.013479809276759624
-0.004238165449351072
-0.031229939311742783
0.00684280414134264
-0.025711964815855026
0.008437743410468102
0.021608855575323105
-0.01271449588239193
-0.0024872692301869392
-0.01336404774338007
-0.011955613270401955
-0.024374274536967278
0.005460094660520554
-0.011003795079886913
-0.005289667751640081
-0.008830047212541103
0.019062096253037453
-0.03668360412120819
0.012534421868622303
0.01911354623734951
0.002439035102725029
-0.02414274960756302
0.0023891932796686888
-0.019049234688282013
-0.009370268322527409
0.004797680303454399
0.008289825171232224
-0.02150595560669899
-0.01735139638185501
-0.00047470343997702
-0.03611765801906586
0.004463257733732462
0.00596815999597311
-0.005116024985909462
-0.010926620103418827
-0.013428360223770142
-0.0068749599158763885
-0.02778281271457672
-0.006238270550966263
0.007305850740522146
-0.01974380575120449
0.03125566616654396
0.016245229169726372
-0.012888138182461262
-0.029429202899336815
-0.008521349169313908
0.02585345134139061
0.005469741299748421
0.0006346797454170883
0.010148444212973118
0.00921591930091381
0.004585450515151024
-0.029840799048542976
0.013061781413853168
-0.029815074056386948
-0.0018618343165144324
0.00717079546302557
0.02195614017546177
-0.013087505474686623
-0.01009699422866106
-0.008122614584863186
0.011299630627036095
0.022624986246228218
0.007775329053401947
-0.01434159092605114
-0.002532287733629346
-0.000378436321625486
-0.017750130966305733
-0.011994200758635998
0.04599599167704582
0.004067738074809313
0.0018763046246021986
0.017750130966305733
0.006514812353998423
0.013351185247302055
-0.023306693881750107
0.0006821098504588008
0.029866524040699005
-0.030123772099614143
0.003984132781624794
-0.06122509017586708
-0.001008895575068891
0.00954391062259674
0.007402318995445967
0.003250974928960204
0.0014092382043600082
0.013621295802295208
-0.018393252044916153
0.010662941262125969
-0.003849077271297574
-0.013814232312142849
0.004087031818926334
-0.03187306225299835
0.009576067328453064
-0.012347917072474957
-0.025506166741251945
0.03457416594028473
-0.005472957156598568
0.012785239145159721
0.0004240577109158039
0.007254401221871376
-0.00477195531129837
0.01629667729139328
0.01848328858613968
-0.011627621948719025
0.008006852120161057
-0.00531860813498497
-0.01994960382580757
0.003070901148021221
0.005903847981244326
0.01434159092605114
-0.02559620328247547
-0.007968265563249588
0.022907959297299385
-0.0003902938624378294
-0.02845165878534317
-0.007061465177685022
0.03300495445728302
0.006482656579464674
0.062408432364463806
-0.002090142108500004
-0.019705217331647873
0.015486345626413822
-0.030355295166373253
-0.012032788246870041
0.0009389562183059752
-0.007087189704179764
-0.0022251976188272238
-0.0018023457378149033
-0.008553504943847656
0.03578323498368263
0.011589034460484982
-0.02239346131682396
-0.012991038151085377
-0.01160832867026329
0.01346694678068161
0.00749235600233078
-0.0014413942117244005
0.007485924754291773
-0.019435107707977295
0.03894738852977753
-0.03321075066924095
0.006707748863846064
0.017737267538905144
0.005672324448823929
-0.013827094808220863
-0.0031528992112725973
0.0005161043372936547
-0.001660859095863998
0.00754380552098155
0.015229097567498684
0.011884870007634163
0.025133155286312103
0.014637426473200321
0.03174443542957306
0.009556773118674755
0.015203372575342655
-0.0017653662944212556
-0.0018505797488614917
0.015499208122491837
0.007460199762135744
0.009518185630440712
-0.013968581333756447
0.02760273963212967
0.02303658239543438
-0.002926198998466134
-0.03977058455348015
0.016000842675566673
-0.0049005793407559395
0.00014208946959115565
0.003265445353463292
0.0026882444508373737
-0.013389772735536098
0.027705639600753784
-0.012836689129471779
-0.0031609381549060345
0.000812743732240051
-0.02302372083067894
0.006090352777391672
0.0239240899682045
0.03156436234712601
0.01456025242805481
0.007344438228756189
-0.022547811269760132
-0.02801433764398098
0.020566999912261963
-0.024438586086034775
-0.03305640444159508
-0.005662677343934774
0.019036371260881424
-0.002849024720489979
0.008225513622164726
0.018406113609671593
0.00019745813915506005
-0.025146018713712692
5.647403304465115e-05
0.02196900174021721
-0.012103531509637833
-0.03259335458278656
0.028400208801031113
-0.007775329053401947
0.016849761828780174
0.007485924754291773
-0.008939377032220364
0.03156436234712601
0.009363837540149689
0.022329149767756462
-0.010695097036659718
0.0035532417241483927
0.007807484827935696
-0.011312493123114109
0.0006491499370895326
-0.014740325510501862
-0.023756878450512886
0.012746651656925678
0.0066691613756120205
0.01456025242805481
0.020566999912261963
-0.012225723825395107
0.08113610744476318
0.0011326962849125266
-0.0016118212370201945
-0.0004252635408192873
-0.013544121757149696
-0.0008320373599417508
-0.01021275669336319
0.003890880150720477
-0.03148718923330307
-0.012785239145159721
0.01849615015089512
-0.011216024868190289
0.0026384026277810335
-0.01889488473534584
0.009936214424669743
-0.00902298279106617
-0.03951333463191986
0.04056805372238159
-0.020811384543776512
-0.006791354157030582
0.04131407290697098
-0.0003064871998503804
0.02063131146132946
0.006637005601078272
-0.010283499956130981
0.011646915227174759
0.03277343139052391
0.0029921189416199923
-0.026033524423837662
-0.03231038153171539
-0.010830151848495007
0.0028683182317763567
-0.05721201375126839
-0.025055982172489166
-0.011363942176103592
-0.023525353521108627
0.006739904638379812
-0.023383866995573044
-0.01607801765203476
0.017930204048752785
-0.007061465177685022
0.02734549157321453
-0.0208885595202446
-0.05366199091076851
-0.013183973729610443
0.008354137651622295
-0.022110488265752792
-0.006138586904853582
-0.032284658402204514
