-0.0022473696153610945
-0.02331267111003399
-0.0003072388644795865
-0.010814170353114605
-0.03261477127671242
0.009276580065488815
-0.04473685100674629
-0.0053369044326245785
-0.028454983606934547
-0.015222778543829918
0.010705709457397461
-0.004657430108636618
0.004201257135719061
-0.017685474827885628
-0.006166310049593449
-0.01915288344025612
0.03376317769289017
-0.01042498741298914
0.003467552363872528
0.0056112464517354965
-0.02070961333811283
0.0034547923132777214
-0.013819169253110886
-0.00861305557191372
-0.012689902447164059
0.018719041720032692
0.014023330993950367
-0.021207258105278015
0.006781984120607376
0.0054836454801261425
-0.01485273614525795
-0.005324144382029772
0.0040991767309606075
-0.0041215065866708755
-0.008287673816084862
-0.012766462750732899
0.004976432304829359
0.002426010789349675
0.022687427699565887
0.01115869265049696
-0.0010144265834242105
0.0069032046012580395
0.005515545606613159
-0.00796867161989212
-0.00779003044590354
0.021896302700042725
-0.0037227540742605925
9.794360266823787e-06
-0.025902967900037766
0.03108356148004532
0.012638862244784832
0.02248326502740383
0.0027466078754514456
-0.012409180402755737
-0.02216426283121109
-0.011075751855969429
-0.015886303037405014
0.010105985216796398
0.0068266442976891994
-0.019203923642635345
-0.00048009809688664973
-0.021832501515746117
-0.031364284455776215
0.025201162323355675
0.006223730277270079
0.015682142227888107
-0.042593155056238174
0.008140932768583298
-0.0010822145268321037
0.011184212751686573
0.02378479391336441
0.0032027808483690023
-0.01001028437167406
-0.023491311818361282
0.01840003952383995
0.004255487583577633
-0.01662638783454895
-0.03100700117647648
0.023976195603609085
0.0340183787047863
0.010061325505375862
-0.0034260821994394064
-0.02516288310289383
0.020901015028357506
-0.009225539863109589
-0.0008955983212217689
-0.005400705151259899
0.0007476611062884331
0.010775890201330185
-0.0162435844540596
-0.000549082295037806
0.009831643663346767
0.01489101629704237
0.013704328797757626
-0.013563968241214752
0.011324573308229446
0.006389611400663853
0.016728468239307404
-0.020722374320030212
-0.036442797631025314
-0.027281057089567184
-0.010297386907041073
-0.009793363511562347
-0.010074085555970669
-0.04825863242149353
0.021909061819314957
-0.02586468681693077
0.008459934964776039
0.03807608783245087
-0.004660620354115963
-0.005438985303044319
0.04871799424290657
-0.0069414847530424595
-0.024690760299563408
0.00432566786184907
-0.016026664525270462
0.004303338006138802
-0.0006148765096440911
-0.000134379617520608
-0.002143693855032325
0.027459697797894478
0.01846383884549141
-0.0032314909622073174
-0.016588106751441956
0.008223873563110828
0.007796410471200943
-0.030139315873384476
-0.014878256246447563
-0.02416759729385376
-0.0031995908357203007
-0.008402514271438122
-0.015962863340973854
-0.0004860793997067958
0.0035058327484875917
-0.013921250589191914
0.006654383148998022
-0.021794220432639122
0.016115983948111534
-0.01877008192241192
-0.014138171449303627
0.016332905739545822
0.006348141003400087
-0.01785135641694069
-0.028378423303365707
-0.021577300503849983
0.024537639692425728
0.02656649239361286
0.020365091040730476
0.02063305303454399
0.016728468239307404
0.013653288595378399
-0.024205876514315605
0.013449126854538918
-0.011630815453827381
0.026209209114313126
-0.004147026687860489
-0.0013836714206263423
0.013142884708940983
-0.01725163124501705
0.002138908952474594
-0.005895158275961876
-0.02000780962407589
-0.00780917052179575
0.011822216212749481
0.014495453797280788
0.023491311818361282
0.042286913841962814
-0.004670190159231424
0.018884921446442604
0.0019570777658373117
0.013474646955728531
0.037131842225790024
-0.03503918647766113
0.012600581161677837
-0.01730267144739628
0.03488606587052345
0.003623863449320197
0.021960102021694183
-0.009314860217273235
-0.014865496195852757
-0.02669409289956093
0.003643003525212407
-0.000789928890299052
0.021806981414556503
-0.021896302700042725
0.02262362651526928
0.005566586274653673
-0.00015182505012489855
0.0018326669232919812
0.01646050624549389
0.02748521789908409
0.013844689354300499
-0.021602820605039597
0.009940104559063911
-0.6406581997871399
0.0031022951006889343
0.0037036139983683825
0.0008485455182380974
0.01219225861132145
-0.004347998183220625
0.03440118208527565
0.003901395248249173
-0.012632481753826141
-0.02494596131145954
0.009270199574530125
0.02202390320599079
0.001042339252308011
-0.01227519940584898
-0.0070435656234622
-0.02641337178647518
0.016409466043114662
-0.025686046108603477
0.020377852022647858
-0.03179812431335449
-0.02323611080646515
0.010590869002044201
0.003866305109113455
0.003872685134410858
-0.01558006089180708
-0.0088172173127532
-0.004421368706971407
0.003840784775093198
-0.007611389271914959
0.005987668875604868
-0.028608106076717377
0.025073561817407608
0.0054804557003080845
0.010756749659776688
0.05313298478722572
0.02231738530099392
-0.013034424744546413
0.02909298799932003
0.011069371365010738
0.006191830150783062
-0.005273104179650545
-0.011592535302042961
0.016907108947634697
0.001864567049778998
0.03133876249194145
0.004201257135719061
0.013627768494188786
-0.03279341384768486
-0.0007620161632075906
0.01899976283311844
-0.008593915961682796
0.0027944580651819706
0.002855068538337946
0.005990858655422926
0.0023047898430377245
-0.02993515320122242
0.008109032176434994
0.008421654812991619
-0.007681569550186396
0.01817035675048828
-0.011949817650020123
0.027816979214549065
-0.018502119928598404
-0.0069414847530424595
-0.03024139627814293
0.01616702415049076
-0.021028615534305573
0.008102652616798878
0.018668001517653465
-0.02707689441740513
0.008479074575006962
0.04501757025718689
0.005620816256850958
-0.012791982851922512
0.01127353310585022
0.008957577869296074
0.029986193403601646
0.0047308006323874
-0.006392801180481911
0.020109890028834343
-0.0040258062072098255
-0.03008827567100525
0.0035632529761642218
0.009678523056209087
0.000616471515968442
-0.05318402498960495
-0.002197924302890897
0.0036174834240227938
0.01224329974502325
0.02155178040266037
-0.005987668875604868
-0.005017902702093124
0.006204590201377869
-0.02332543022930622
0.013193925842642784
0.037591204047203064
-0.011184212751686573
0.005888778250664473
0.013615008443593979
-0.017289912328124046
0.0040098559111356735
-0.025188403204083443
0.0067564635537564754
-0.01754511334002018
0.01600114442408085
-0.013487407006323338
-0.0154269402846694
-0.008568395860493183
0.04366500303149223
-0.021360378712415695
-0.006434271577745676
0.0024435557425022125
-0.006163119804114103
-0.016753988340497017
-0.03389078006148338
-0.028301862999796867
0.015643861144781113
0.02725553698837757
0.02377203479409218
-0.020033329725265503
0.015146218240261078
-0.0036589535884559155
-0.0007305147591978312
-0.0008150502690114081
-0.01748131401836872
0.04471132904291153
-0.025826407596468925
-0.00024004904844332486
-0.025915727019309998
-0.006998905446380377
-0.01824691891670227
-0.033661097288131714
0.02592848800122738
-0.007949531078338623
0.027230016887187958
0.006545922253280878
0.01477617584168911
-0.016958149150013924
0.00958282221108675
-0.015592820942401886
-0.028914347290992737
-0.03108356148004532
0.005949388723820448
-0.012779222801327705
-0.03639175742864609
-0.037591204047203064
-0.007879351265728474
-0.0004896681639365852
-0.014176451601088047
0.016422227025032043
-0.004335238132625818
-0.005014712456613779
-0.04488997161388397
-0.005199733655899763
0.010731229558587074
-0.004290577955543995
-0.004740370903164148
0.002891753800213337
-0.03519230708479881
-0.00565590662881732
0.015375899150967598
-0.003457982325926423
-0.016434986144304276
0.026872733607888222
-0.022228064015507698
0.02571156620979309
-0.0011292672716081142
0.014393373392522335
-0.013704328797757626
-0.031032521277666092
-0.020798934623599052
0.005920678377151489
-0.011598914861679077
0.01915288344025612
0.024256916716694832
-0.004887111485004425
-0.013142884708940983
0.010565347969532013
-0.020735133439302444
-0.008562015369534492
0.018514879047870636
0.01956120692193508
-0.012294339947402477
-0.00018870965868700296
0.0020830833818763494
0.012179498560726643
0.015592820942401886
0.006577822379767895
0.016843309625983238
0.020671334117650986
-0.010093225166201591
0.020952055230736732
-0.02040337212383747
0.011190592311322689
0.002564776688814163
-0.0017289911629632115
-0.006609722971916199
-0.002430795691907406
0.027612818405032158
0.021806981414556503
0.017404751852154732
-0.015975624322891235
0.03840784728527069
-0.015222778543829918
0.004421368706971407
0.0030608249362558126
0.0009338785312138498
-0.0026301720645278692
0.054051708430051804
0.019127363339066505
0.018731800839304924
-0.02479284070432186
-0.03657039627432823
-0.02294262871146202
-0.002347855130210519
0.031032521277666092
-0.010603629052639008
0.006112079601734877
-0.02562224678695202
0.0003307652659714222
0.0026174120139330626
-0.013653288595378399
0.004797791130840778
-0.01316840574145317
-0.0039875260554254055
0.018489358946681023
-0.018591441214084625
0.005107223056256771
0.009168119169771671
-0.015273818746209145
0.00985716376453638
-0.0003877868875861168
-0.009040518663823605
0.0340183787047863
0.023823074996471405
0.007317907176911831
0.003761034458875656
0.010112365707755089
0.020684093236923218
0.004153406713157892
0.01722611114382744
0.03634071350097656
0.00571332685649395
0.016983669251203537
0.01708575151860714
-8.742650243220851e-05
0.024103796109557152
0.00037921371404081583
-0.009927344508469105
-0.008753417059779167
-0.02355511300265789
0.0072923870757222176
-0.012441080994904041
-0.029884112998843193
-0.011943437159061432
-0.021717660129070282
-0.012224159203469753
-0.013142884708940983
0.02609436959028244
0.015044137835502625
-0.015222778543829918
0.009748702868819237
0.0014897396322339773
0.0025950816925615072
0.011216112412512302
0.011330953799188137
0.009155359119176865
-0.015975624322891235
-0.01607770472764969
-0.00394605565816164
-0.01908908411860466
-0.03223196789622307
0.002001737942919135
0.006210970226675272
0.0007261284627020359
0.010259106755256653
-0.0041565969586372375
-0.008919297717511654
0.00127919833175838
0.012536780908703804
-0.019663287326693535
-0.028352903202176094
0.002371780341491103
0.01907632313668728
-0.010712089017033577
-0.022891588509082794
-0.0005522723076865077
-0.035370949655771255
-0.03432462364435196
0.0034324622247368097
0.008644956164062023
-0.00280881323851645
0.0005841725505888462
-0.00392691558226943
-0.013844689354300499
0.0019570777658373117
0.02802114188671112
0.005486835725605488
0.01208379864692688
-0.017915155738592148
0.02377203479409218
-0.0027880780398845673
-0.03378869965672493
-0.004284197930246592
0.01335980650037527
0.04203171283006668
-0.010839690454304218
0.005228444002568722
-0.002301599830389023
-0.02947579137980938
-0.008472695015370846
-0.004000286106020212
0.007528448943048716
0.005907918326556683
0.0028167881537228823
0.020875494927167892
0.018910441547632217
0.003981145564466715
0.0017848165007308125
-0.011515974998474121
0.003930105362087488
-0.006370471324771643
-0.031058041378855705
-0.012128458358347416
0.06737323850393295
-0.009920964017510414
-0.010437747463583946
0.04680398479104042
-0.009952864609658718
0.0003503041516523808
-0.015911823138594627
-0.037820883095264435
0.004201257135719061
-0.020033329725265503
-0.02146245911717415
0.008759796619415283
0.0006523592164739966
-0.004038566257804632
0.003595153335481882
0.01870628073811531
-0.006424701772630215
0.00437032850459218
0.007904871366918087
0.007560349069535732
-0.0003654567408375442
-0.029833072796463966
0.004826501477509737
0.018489358946681023
0.019369805231690407
-0.0008413679315708578
0.0523163378238678
0.031058041378855705
0.014827216044068336
-0.031134601682424545
0.014393373392522335
0.016205305233597755
0.024588679894804955
0.003652573563158512
-0.02517564222216606
-0.006096129305660725
0.003272961126640439
0.04295043647289276
0.0031310052145272493
0.035753753036260605
0.030037233605980873
0.021602820605039597
0.00977422297000885
-0.013091844506561756
-0.005043422803282738
-0.02130933851003647
0.012951483950018883
0.03126220405101776
0.022738467901945114
-0.02531600371003151
0.01855316013097763
0.01424025185406208
0.00241644075140357
0.013793649151921272
0.006679903250187635
0.004705280531197786
0.01578422263264656
0.0195484459400177
-0.008172833360731602
-0.02733209729194641
0.0028805886395275593
-0.04195515066385269
0.0006053064134903252
-0.020339570939540863
-0.01639670692384243
-0.01893596351146698
-0.0191656444221735
0.011956197209656239
-0.017762035131454468
0.01046326756477356
0.012268819846212864
-0.03746360167860985
-0.02671961300075054
0.0015814527869224548
-0.019178403541445732
0.011643575504422188
0.02254706621170044
-0.011783936060965061
-0.0001949900179170072
0.032742373645305634
-0.003105485113337636
0.006281150504946709
1.5152598280110396e-05
-0.019433606415987015
-0.021960102021694183
0.01496757660061121
-0.014750655740499496
-0.007783650420606136
0.021424178034067154
0.003076774999499321
-0.032053329050540924
-0.008925678208470345
0.004781840834766626
0.011732895858585835
-0.0140871312469244
0.018029997125267982
0.019114604219794273
0.010954530909657478
0.003400562098249793
-0.016600867733359337
0.006571442354470491
-0.01158615481108427
-0.0079303914681077
0.0026349569670856
0.0013820764143019915
0.004421368706971407
-0.009314860217273235
0.006762843579053879
-0.013059944845736027
-0.012645241804420948
0.008096272125840187
0.003882255172356963
-0.010654669255018234
-0.015107938088476658
0.022342905402183533
-0.017915155738592148
-0.012645241804420948
0.038356807082891464
0.005119983106851578
-0.005180593580007553
-0.014342333190143108
-0.032436128705739975
-0.0006308265728875995
-0.0027673428412526846
-0.004647860303521156
0.01485273614525795
0.00465424032881856
-0.00865133572369814
0.014546493999660015
0.004829691257327795
-0.012740942649543285
0.02338923141360283
-0.013091844506561756
-0.02493320219218731
-0.01809379644691944
-0.002698757452890277
-0.008957577869296074
0.00426824763417244
-0.004245917312800884
-0.009372280910611153
-0.013780889101326466
-0.004316098056733608
0.0008373804157599807
-0.03457982465624809
0.036595918238162994
-0.02679617330431938
-0.022738467901945114
-0.011145932599902153
-0.005423035006970167
0.030955960974097252
-0.012013617902994156
0.00010636725346557796
-0.01731543242931366
0.00174175132997334
-0.0156183410435915
-0.004437318537384272
-0.01607770472764969
-0.015388659201562405
0.0073625678196549416
-0.020671334117650986
0.02592848800122738
-0.02347855269908905
0.0053719948045909405
-0.0018246917752549052
0.006947864778339863
-0.0010479218326508999
-0.0025169262662529945
-0.004934961907565594
-0.027306577190756798
0.020530972629785538
0.003105485113337636
0.015439700335264206
-0.002121363766491413
-0.009040518663823605
-0.009404180571436882
0.022381184622645378
-0.011171452701091766
-0.019280483946204185
-0.0114266537129879
-0.012517641298472881
0.005416654981672764
-0.005056182853877544
-0.03496262803673744
0.010673808865249157
-0.020365091040730476
0.006635243073105812
0.043435320258140564
0.032283008098602295
-0.000932283524889499
0.00785383116453886
0.026209209114313126
-0.02886330708861351
0.011075751855969429
-0.009397801011800766
0.020071610808372498
0.013870209455490112
0.00881083682179451
-0.032359570264816284
-0.01027186680585146
0.02802114188671112
0.0006699043442495167
-0.010705709457397461
-0.002891753800213337
0.019803648814558983
-0.008989478461444378
0.03562615066766739
0.006641623098403215
-0.020824454724788666
0.015363139100372791
-0.018451079726219177
-0.017047470435500145
-0.011522354558110237
-0.0020272580441087484
-0.02070961333811283
-0.0041183168068528175
0.005132743157446384
-0.012147598899900913
0.006660763174295425
0.00816007237881422
0.01307908445596695
0.01638394594192505
-0.020492693409323692
0.049381520599126816
0.002569561591371894
0.016486026346683502
0.022572586312890053
0.003030519699677825
-0.04050050303339958
0.02654097229242325
0.0069032046012580395
-0.026043329387903214
0.01907632313668728
-0.014329573139548302
-0.007528448943048716
-0.007605009246617556
0.029348190873861313
0.019727088510990143
-0.03286997228860855
-0.005770747549831867
0.01899976283311844
0.01578422263264656
0.01073760911822319
-0.028046661987900734
0.002177189104259014
-0.013602248392999172
0.020365091040730476
-0.007419988047331572
0.02500976249575615
-0.00961472187191248
-0.014993096701800823
-0.019535686820745468
0.0697721317410469
0.007266866974532604
0.01700918935239315
0.01746855303645134
-0.03440118208527565
-0.009959244169294834
-0.004810551181435585
-0.009257439523935318
-0.010667429305613041
0.0026732373517006636
0.016817789524793625
-0.003729134099557996
0.0028151932638138533
-0.0017991716740652919
-0.03863753005862236
0.015273818746209145
-0.011126792058348656
-0.007458268199115992
0.025277724489569664
-0.007209446746855974
0.011254392564296722
0.02585192769765854
0.018604200333356857
-0.00652359239757061
0.01737923175096512
0.004800980910658836
-0.018208637833595276
0.011809456162154675
0.001982597867026925
-0.025111842900514603
0.010724849067628384
-0.017889635637402534
0.005104033276438713
-0.00011204947804799303
-0.008147312328219414
-0.012715422548353672
-0.0103484271094203
0.010852450504899025
-0.011911537498235703
-0.005234824027866125
-0.00178003148175776
-0.0006388016627170146
0.03070075809955597
0.013219445943832397
0.00450430903583765
0.013729848898947239
0.0069925254210829735
-0.04376708343625069
-0.01993124932050705
-0.0010973671451210976
0.0009155359002761543
0.0011029496090486646
0.007553969044238329
0.007445508148521185
-0.02771489880979061
0.027842501178383827
0.005081702955067158
-0.03549854829907417
-0.008568395860493183
-0.003550492925569415
0.014597534202039242
-0.02032681182026863
-0.001138837425969541
0.021258298307657242
-0.00448516895994544
0.0013900514459237456
0.001099759596399963
-0.024984242394566536
0.02324886992573738
0.004931772127747536
-0.029526831582188606
0.008995858021080494
-0.014253011904656887
0.03371213749051094
-0.021436939015984535
0.010476027615368366
0.010456888005137444
-0.024984242394566536
0.013130124658346176
0.012185879051685333
0.025826407596468925
-0.02985859289765358
-0.011573394760489464
-0.009314860217273235
-0.01281112339347601
-0.02478007972240448
-0.017596153542399406
0.0024802410043776035
-0.008249393664300442
-0.0008501405245624483
0.0016380755696445704
0.0017401563236489892
0.03169604390859604
0.005419845227152109
0.00513593340292573
-0.016052184626460075
-0.018068276345729828
-0.0368000790476799
-0.0034962627105414867
-0.02416759729385376
0.05624644458293915
-0.0027609628159552813
-0.01693262904882431
-0.021526260301470757
0.0029411991126835346
-0.03225748986005783
-0.005017902702093124
0.02386135421693325
0.02294262871146202
0.017187831923365593
-0.006424701772630215
0.015656622126698494
0.02277674712240696
-0.011305432766675949
0.021334858611226082
-0.018910441547632217
-0.01420197170227766
-0.02315955050289631
-0.015669381245970726
0.0033240015618503094
-0.005671856924891472
-0.005199733655899763
6.0759924963349476e-05
0.04180203005671501
0.016115983948111534
0.003633433487266302
0.022610865533351898
-0.021181738004088402
-0.0057579874992370605
5.45294169569388e-05
0.009448841214179993
0.0008042839472182095
-0.008172833360731602
0.013487407006323338
-0.01699643023312092
0.007266866974532604
0.0035792032722383738
-0.01023358665406704
-0.018910441547632217
-0.005815407726913691
0.03149188309907913
0.0027577728033065796
0.05548083782196045
-0.015299338847398758
-0.006762843579053879
0.0055378759279847145
-0.01332152634859085
0.023720992729067802
-0.014227491803467274
-0.010176165960729122
0.02684721350669861
0.004166166763752699
-0.03330381587147713
-0.015988383442163467
-0.0023127649910748005
-0.03634071350097656
0.005844118073582649
0.01027186680585146
0.004434128757566214
0.008600295521318913
-0.012147598899900913
-0.009429700672626495
-0.008466314524412155
-0.02654097229242325
-0.00861943606287241
0.009927344508469105
-0.017443032935261726
-0.00176089140586555
0.013895729556679726
-0.02710241638123989
0.0041406466625630856
-0.02054373361170292
-0.00885549746453762
-0.028148742392659187
-0.025966769084334373
0.01207741815596819
-0.0189232025295496
-0.018719041720032692
-0.008428034372627735
-0.00702442554756999
0.0010574918705970049
-0.006252440623939037
0.01027186680585146
-0.0421593114733696
0.006979765370488167
0.21784013509750366
-0.013870209455490112
-0.008472695015370846
0.014457173645496368
-0.015222778543829918
0.01307908445596695
0.023274390026926994
0.0056112464517354965
0.005247584078460932
0.01700918935239315
0.00050282699521631
-0.011165072210133076
-0.016218064352869987
0.002253749640658498
0.009257439523935318
-0.030573157593607903
-0.051142409443855286
-0.016805028542876244
0.0024419608525931835
-0.006309860851615667
0.0297054722905159
0.016486026346683502
0.001918797381222248
-0.0040481360629200935
0.0281742624938488
-0.0033048614859580994
0.012919583357870579
0.002440365729853511
0.03363557904958725
-0.000913143390789628
-0.019803648814558983
-0.00777089037001133
-0.0011029496090486646
-0.015669381245970726
-0.01607770472764969
0.009321240708231926
0.01970156840980053
-0.02169214002788067
0.029220588505268097
0.036902159452438354
0.04223587363958359
-0.015235538594424725
0.0040672761388123035
-0.0067373234778642654
0.006711803376674652
0.05303090438246727
-0.007426368072628975
-0.008644956164062023
-0.0017210161313414574
-0.005745226982980967
-0.017264392226934433
0.03269133344292641
0.019063564017415047
0.009091558866202831
0.0009139408939518034
0.01500585675239563
0.02654097229242325
-0.006293910555541515
0.016422227025032043
0.005525115877389908
0.003745084162801504
0.027281057089567184
0.010967290960252285
0.007662429474294186
-0.029195068404078484
0.013232205994427204
-0.00957644172012806
0.008632196113467216
0.004111936781555414
-0.021500738337635994
0.01138837356120348
-0.016128744930028915
-0.021181738004088402
0.0038152646739035845
-0.0026078419759869576
-0.01699643023312092
0.03241061046719551
0.011515974998474121
0.022508785128593445
0.02700033411383629
-0.010303766466677189
-0.015669381245970726
-0.01832347922027111
-0.0028502834029495716
0.004826501477509737
-0.017443032935261726
0.007317907176911831
-0.016498787328600883
0.013066324405372143
-0.021424178034067154
-0.0054645054042339325
-0.0005239609163254499
0.015733182430267334
0.0032793411519378424
0.0053911348804831505
-0.0007967076380737126
0.013870209455490112
0.01489101629704237
-0.008019711822271347
0.01316840574145317
-0.019522925838828087
0.02939923107624054
0.017111271619796753
-0.01196257770061493
-0.01592458225786686
0.024741800501942635
-0.038331288844347
-0.012134838849306107
0.01638394594192505
-0.0441754050552845
0.009251059964299202
-0.018055517226457596
0.004293767735362053
-0.00849821511656046
-0.032053329050540924
0.028990907594561577
0.012287959456443787
-0.009653002955019474
0.032589249312877655
-0.006185450125485659
-0.01119697280228138
-0.015962863340973854
-0.01050792820751667
0.01281112339347601
-0.007738990243524313
-0.01239003986120224
-0.04593629762530327
0.02239394560456276
-0.012677142396569252
-0.015809742733836174
0.02109241671860218
0.002559991553425789
0.03664695844054222
0.018336238339543343
8.518352115061134e-05
0.0021660239435732365
0.01469961553812027
-0.027842501178383827
0.011720135807991028
0.009920964017510414
0.01569490134716034
-0.00946798175573349
-0.002864638576284051
-0.004622339736670256
-0.0025727516040205956
-0.033278293907642365
0.006360901053994894
-0.006284340750426054
-0.005930248182266951
0.0034069421235471964
0.0069223446771502495
-0.04376708343625069
-0.008440794423222542
0.0014570419443771243
0.032589249312877655
0.027893541380763054
-0.016651907935738564
-0.004660620354115963
-0.026285769417881966
0.0173919927328825
-0.02993515320122242
-0.010316526517271996
0.022266345098614693
-0.00604189932346344
-0.009416940622031689
0.016766749322414398
-0.15883751213550568
0.0073817078955471516
0.00011573793744901195
0.00255839666351676
0.0069733853451907635
0.000210940110264346
0.0038599250838160515
0.018974242731928825
-0.014559254050254822
0.004086416680365801
0.0006360103725455701
0.00873427651822567
-0.03965833783149719
-0.03202780708670616
0.00957644172012806
-0.014674095436930656
-0.0197908878326416
0.006000428926199675
0.018872162327170372
0.016664667055010796
0.00027533865068107843
0.00032837275648489594
-0.008804457262158394
0.008389754220843315
0.019191164523363113
-0.004501119256019592
-0.02047993242740631
-0.0035632529761642218
0.002569561591371894
-0.006236490327864885
-0.00993372406810522
0.008128172717988491
0.015184498392045498
-0.003623863449320197
-0.007681569550186396
0.022279104217886925
0.0028710186015814543
-0.011937057599425316
-0.002698757452890277
0.018987003713846207
0.0013222636189311743
0.01885940134525299
0.01001028437167406
0.0013852664269506931
0.00784745067358017
0.008517354726791382
0.016486026346683502
0.005958958528935909
0.03138980269432068
-0.009684902615845203
0.023299910128116608
-0.007439128123223782
0.026183689013123512
-0.005362424533814192
0.02224082313477993
0.012868543155491352
0.009072418324649334
-0.02286606840789318
0.01393401063978672
-0.01693262904882431
-0.010565347969532013
-0.006491692271083593
0.013500167056918144
0.008415274322032928
0.0033782317768782377
-0.01235175970941782
-0.024843880906701088
0.028557064011693
-0.02641337178647518
0.004255487583577633
0.011241632513701916
-0.015171738341450691
0.003706804011017084
-0.008128172717988491
-0.012045517563819885
-0.0041916873306035995
-0.016766749322414398
0.047441985458135605
0.010227206163108349
-0.0016811408568173647
-0.025762606412172318
0.027306577190756798
-0.030420036986470222
-0.005608056206256151
0.0006870506913401186
-0.019267724826931953
-0.006954244803637266
0.014916536398231983
-0.011777556501328945
0.007821930572390556
-0.005936628673225641
-0.03539646789431572
-0.01288768369704485
-0.0028726134914904833
0.009027758613228798
0.023210590705275536
-0.0053177643567323685
0.004944532178342342
0.013257726095616817
-0.00282795331440866
-0.0029715043492615223
-0.0031948057003319263
-0.009589201770722866
-0.0003939675516448915
0.010188926011323929
-0.03149188309907913
0.006003618706017733
-0.001827881787903607
0.009531782008707523
-0.015720421448349953
-0.029297148808836937
-0.0006958232843317091
0.014482693746685982
0.005413465201854706
0.01558006089180708
0.0013382136821746826
0.012492121197283268
-0.004536209162324667
0.013034424744546413
-0.0012799957767128944
0.054306913167238235
0.002300004940479994
-0.00789211131632328
-0.0022744848392903805
-0.01647326722741127
-0.035983432084321976
-0.10708261281251907
-0.011815836653113365
0.02046717330813408
0.03039451688528061
0.009487121365964413
0.04200619086623192
0.0053145745769143105
-0.00020456007041502744
-0.019063564017415047
-0.0015032972441986203
-0.029730992391705513
-0.01143303420394659
-0.004124696832150221
0.005914298351854086
0.0029555540531873703
0.022649146616458893
0.009455220773816109
-0.013717088848352432
-0.034120459109544754
0.011362853460013866
-0.001254475675523281
0.01570766232907772
0.0024611009284853935
-0.006360901053994894
-0.013059944845736027
0.0030161645263433456
-0.02832738310098648
0.023644432425498962
0.018757320940494537
-0.0019491026178002357
-0.02092653512954712
-0.011375613510608673
-0.0036653338465839624
-0.028429463505744934
0.01725163124501705
-0.0018087417120113969
-0.02162834070622921
-0.010169785469770432
0.01546522043645382
-0.018833881244063377
0.019573966041207314
0.022304624319076538
0.0195484459400177
-0.026362331584095955
-0.0005905525758862495
-0.020301291719079018
-0.0009482336463406682
0.009257439523935318
0.014980336651206017
-0.023669952526688576
-0.028276342898607254
-0.03779536485671997
-0.04693158343434334
0.010418607853353024
0.013742608949542046
-0.009410561062395573
-0.013219445943832397
0.01485273614525795
-0.02848050370812416
-0.03754016384482384
-0.0005434997729025781
-0.004829691257327795
-0.009372280910611153
0.012377279810607433
0.019063564017415047
-0.013627768494188786
-0.016881588846445084
-0.005301814526319504
0.006781984120607376
0.010278246365487576
-0.00037243490805849433
-0.014916536398231983
0.01335980650037527
7.730815559625626e-05
-0.0230957493185997
0.026438891887664795
-0.016371186822652817
-0.016970910131931305
-0.012504881247878075
-0.0014522569254040718
0.0039524356834590435
-0.01500585675239563
-0.025826407596468925
-0.012740942649543285
0.013640528544783592
0.0016986860428005457
0.004252297338098288
-0.0057962676510214806
-0.0025153313763439655
-0.028506023809313774
-0.0029970244504511356
0.018068276345729828
0.005608056206256151
0.0011755225714296103
0.004051326308399439
0.023414751514792442
0.025724327191710472
-0.011688236147165298
-0.0154269402846694
0.010035805404186249
-0.03542198985815048
0.007617769297212362
-0.0649743378162384
0.009168119169771671
0.006743703503161669
0.0005080107948742807
-0.007164786569774151
0.00523163378238678
0.019739847630262375
-0.015082417987287045
0.02379755489528179
0.021870780736207962
-0.010782269760966301
0.014355093240737915
-0.015452460385859013
0.010871590115129948
-0.026898253709077835
-0.017902396619319916
0.023593392223119736
-0.0054453653283417225
-0.0035249728243798018
0.00849821511656046
0.01847659982740879
-0.00048288938705809414
0.01208379864692688
0.025762606412172318
-0.011643575504422188
-0.0023031949531286955
-0.011898777447640896
-0.007113745901733637
-0.004443698562681675
0.02008436992764473
0.018795602023601532
-0.026119889691472054
-0.005528305657207966
0.03399286046624184
-0.0006898419815115631
-0.01725163124501705
0.011343713849782944
0.04412436485290527
0.011796696111559868
0.06293272972106934
-0.019420845434069633
-0.0008932058117352426
0.030266916379332542
-0.005710137076675892
-0.03378869965672493
0.00869599636644125
-0.001063074334524572
0.002464290941134095
0.009608342312276363
-0.007432748097926378
0.02993515320122242
0.02101585641503334
-0.0014123816508799791
-0.0213220976293087
-0.011477693915367126
0.014763415791094303
0.0009314860217273235
0.003783364547416568
0.002142098965123296
0.0040449462831020355
0.033354856073856354
-0.000319799582939595
-0.01146493386477232
0.007528448943048716
0.003633433487266302
-0.012581441551446915
-0.0015096772694960237
-2.0598063201759942e-05
0.001695496030151844
0.006794744171202183
0.00800695177167654
0.006239680573344231
0.0008868257282301784
0.01131819374859333
0.01901252381503582
-0.01737923175096512
0.007726230192929506
-0.021181738004088402
-0.028965387493371964
0.03672351688146591
-0.009601961821317673
0.0033016714733093977
-0.005046612583100796
0.016817789524793625
0.00788573082536459
0.011369233950972557
-0.012817502953112125
-0.0015455649700015783
-0.011905157007277012
-0.0040289959870278835
-0.009053278714418411
0.015388659201562405
0.011139552108943462
0.011171452701091766
-0.0030608249362558126
-0.020582012832164764
0.013104604557156563
-0.022304624319076538
0.020211970433592796
0.011203352361917496
0.022891588509082794
0.0022027092054486275
0.0171495508402586
-0.026362331584095955
-0.007113745901733637
0.025430845096707344
-0.04894767701625824
-0.028199782595038414
-0.006577822379767895
0.02909298799932003
0.006153549998998642
0.0021915442775934935
0.00993372406810522
0.004134266637265682
-0.03322725370526314
-0.00789211131632328
0.01746855303645134
-0.013819169253110886
-0.01722611114382744
0.03161948546767235
-0.012766462750732899
0.021296577528119087
0.01840003952383995
0.007394467946141958
-0.0013940390199422836
0.00010063518129754812
0.021730421110987663
-0.011420274153351784
0.021870780736207962
0.011120411567389965
0.0005267521482892334
-0.0006663155509158969
-0.0156183410435915
-0.028684666380286217
-0.006775604095309973
-0.0029220590367913246
0.028659146279096603
0.013500167056918144
-0.03253820911049843
0.07094606012105942
0.01288768369704485
-0.009850784204900265
0.021258298307657242
-0.006239680573344231
0.01023358665406704
0.006775604095309973
-0.009359520860016346
0.005072132684290409
0.010080465115606785
0.004622339736670256
-0.01335980650037527
0.011324573308229446
-0.02848050370812416
-0.008262153714895248
-0.0018486169865354896
-0.007649669423699379
0.04019426181912422
0.00777089037001133
0.006424701772630215
0.054613154381513596
0.0017688664374873042
0.005145503208041191
0.011375613510608673
-0.018183117732405663
0.005158263258635998
0.03223196789622307
0.0019347475608810782
-0.011592535302042961
-0.01401057094335556
-0.0010686569148674607
0.014431653544306755
-0.03593239188194275
-0.017685474827885628
-0.007394467946141958
-0.021960102021694183
-0.0014626245247200131
-0.02002056874334812
-0.011764796450734138
0.019038043916225433
-0.012855783104896545
0.011649955064058304
-0.033201735466718674
-0.03595791384577751
-0.017672713845968246
-0.011841356754302979
0.001171535113826394
0.0016093654558062553
-0.023759273812174797
