-0.009832805953919888
-0.031742364168167114
0.023433873429894447
-0.02149740606546402
-0.018828220665454865
0.010336549021303654
-0.045559320598840714
-0.011769273318350315
-0.02047683484852314
-0.010558981448411942
0.0016240811673924327
-0.0012111099204048514
0.007601942867040634
-0.007301005534827709
-0.013293587602674961
-0.011036556214094162
0.03265826031565666
-0.00429163035005331
-0.005858468357473612
-0.008432792499661446
-0.009329062886536121
-0.0047528501600027084
0.0021556285209953785
0.0003078885201830417
-0.026927364990115166
0.002098384778946638
0.0192207470536232
-0.02107870951294899
-0.0035098472144454718
0.008609429933130741
0.01987496018409729
0.009806637652218342
-0.04173872247338295
-0.014588926918804646
-0.014929116703569889
-0.030721794813871384
0.00641127722337842
-0.0008578354609198868
0.01479827519506216
0.004589296877384186
0.008458960801362991
-0.0019920754712074995
0.022596482187509537
-0.007693532854318619
-0.016708573326468468
0.051551904529333115
-0.023132935166358948
0.0017712789122015238
-0.02486005425453186
0.017729144543409348
0.020332908257842064
0.02000580169260502
0.006777636241167784
0.015661833807826042
-0.02288433536887169
-0.017245028167963028
-0.013044986873865128
0.007569232489913702
-0.01023841742426157
-0.02703203819692135
0.010663654655218124
0.005132292862981558
-0.026273151859641075
-0.011128145270049572
-0.0008594709797762334
-0.0010066686663776636
-0.03331247344613075
-0.0042327516712248325
-0.02486005425453186
0.01143562514334917
0.024899307638406754
0.003344658762216568
-0.011958994902670383
-0.007477642968297005
0.02671801671385765
-0.0035392867866903543
-0.0195216853171587
-0.04569016396999359
0.010545897297561169
0.023617051541805267
-0.000175819470314309
-0.013987052254378796
-0.02432360127568245
0.027476903051137924
-0.006375295575708151
0.026037637144327164
0.019848791882395744
0.006237911060452461
-0.003621063195168972
-0.013156202621757984
-0.0026642782613635063
0.02678343839943409
0.0012528159422799945
0.014235652051866055
0.01197862159460783
0.030224593356251717
-0.002422219840809703
0.010892629623413086
-0.028968505561351776
-0.01699642650783062
-0.006597727537155151
0.004330883268266916
-0.016616983339190483
-0.006038376595824957
-0.03770877793431282
-0.005904262885451317
-0.013437514193356037
0.010918797925114632
0.010172995738685131
-0.02654792182147503
-0.0051126666367053986
0.029099348932504654
-0.020031969994306564
-0.009754300117492676
0.010375801473855972
-0.014209483750164509
0.01585809886455536
-0.015936603769659996
-0.009060835465788841
-0.02106562629342079
0.033233966678380966
0.009754300117492676
0.0011620440054684877
-0.020699266344308853
0.014091725461184978
0.018697377294301987
-0.02432360127568245
-0.004075740464031696
-0.007706617005169392
-0.021091794595122337
0.005881365388631821
-0.02480771765112877
-0.0009077191352844238
0.001123609021306038
0.018422609195113182
-0.0008701019105501473
-0.01270479615777731
0.003944898024201393
-0.011612262576818466
-0.018174009397625923
0.008851488120853901
0.009551494382321835
-0.007660822011530399
-0.035458289086818695
-0.004029945936053991
0.023316115140914917
0.03739475458860397
0.02703203819692135
0.011213192716240883
0.02708437480032444
0.013987052254378796
-0.042314428836107254
0.011265530250966549
-0.0021490862127393484
0.0264301635324955
-0.008962703868746758
0.014261821284890175
0.011298241093754768
0.005518278107047081
-0.0010303838644176722
-0.006195387337356806
-0.016616983339190483
0.006322958506643772
0.026155395433306694
0.0062575372867286205
0.014745937660336494
0.006182303186506033
0.0022292272187769413
0.0096038319170475
0.02209928072988987
0.011900115758180618
0.015033790841698647
-0.015086128376424313
0.011906658299267292
-0.00320563861168921
0.01868429407477379
-0.010526270605623722
0.01560949720442295
-0.0027476903051137924
-0.01122627779841423
-0.028602147474884987
0.0009101724135689437
0.02132730931043625
0.027241386473178864
-0.040508806705474854
0.036060165613889694
-0.008400081656873226
0.020345991477370262
0.0007478460320271552
0.008825319819152355
0.012246848084032536
-0.0007094111060723662
-0.004101909231394529
0.004357051569968462
-0.6431165337562561
0.006558475084602833
-0.007974843494594097
-4.428708416526206e-05
0.020031969994306564
0.010702908039093018
0.04940608888864517
0.006309874355792999
-0.005685102194547653
-0.050243478268384933
-0.01171039417386055
0.03977608680725098
-0.005109395366162062
-0.0021523574832826853
-0.008982330560684204
-0.023316115140914917
-0.0015316738281399012
-0.014628179371356964
0.01818709261715412
-0.00828886590898037
-0.029230190441012383
0.005636035930365324
-0.0048248134553432465
0.004033216740936041
-0.00468088686466217
-0.013234708458185196
0.02114413119852543
-0.008831861428916454
-0.0017990829655900598
-0.003313583554700017
0.005452856887131929
0.04516679421067238
0.0008676486322656274
0.019547853618860245
0.049458425492048264
0.029230190441012383
-0.03195171430706978
0.043204158544540405
0.00837391335517168
0.013620693236589432
-0.018108587712049484
-0.013424430042505264
0.0039906930178403854
0.004429014865309
0.02815728262066841
-0.0018661395879462361
0.01356835663318634
-0.02106562629342079
-0.006941189058125019
0.003037179121747613
-0.011690767481923103
-0.018448777496814728
0.029047012329101562
0.002773858839645982
-0.003408444346860051
-0.032448913902044296
0.01706184819340706
0.01656464673578739
-0.02425817959010601
0.019783370196819305
-0.013352466747164726
-0.007065489422529936
-0.0061855739913880825
0.0018759528174996376
-0.03650502860546112
-0.00468415766954422
-0.003621063195168972
-0.026168478652834892
0.030355434864759445
-0.017572132870554924
-0.005034161265939474
0.028026441112160683
0.004183685407042503
-0.017310447990894318
0.005348182749003172
0.02389182150363922
0.018540367484092712
0.007314089685678482
-0.006967357359826565
0.020254403352737427
-0.006895394064486027
-0.01723194308578968
0.005694915074855089
0.01477210596203804
0.016917921602725983
-0.04498361423611641
-0.013908546417951584
0.0044977073557674885
0.028418967500329018
0.015059959143400192
0.0063295005820691586
0.02186376415193081
0.016316046938300133
-0.025867540389299393
-0.005580428056418896
0.028837664052844048
-0.008655223995447159
-0.012416942976415157
0.018540367484092712
-0.004576212726533413
0.004716868512332439
-0.03357415646314621
0.010186080820858479
-0.0016404364723712206
0.02552735060453415
-0.012501990422606468
-0.012207595631480217
-0.012829096987843513
0.035876985639333725
-0.0035981659311801195
-0.005426688119769096
-0.009394483640789986
-0.010094490833580494
-0.022609565407037735
-0.008779524825513363
-0.03093114122748375
0.015988940373063087
0.008818777278065681
0.020790856331586838
-0.03859850764274597
0.011900115758180618
-0.007556148339062929
0.017859986051917076
0.00579631794244051
-0.018108587712049484
0.043622855097055435
-0.011030013673007488
-0.012044042348861694
-0.006097255740314722
-0.014615095220506191
-0.004559857305139303
-0.015936603769659996
0.022557228803634644
-0.0071767051704227924
0.03595548868179321
-0.004451912362128496
0.007078573573380709
0.008629055693745613
0.015177717432379723
-0.0021229179110378027
-0.03268443048000336
-0.022779660299420357
0.023708641529083252
-0.017886154353618622
-0.02954421192407608
-0.016486141830682755
-0.02107870951294899
-0.00466780224815011
-0.02533108741044998
0.0015856462996453047
0.001996982144191861
-0.01317582931369543
-0.012488906271755695
-0.007229042239487171
0.020319823175668716
-0.007412221748381853
0.004972010850906372
-0.006479969713836908
-0.029858233407139778
-0.007811291143298149
0.0165123101323843
0.00912625715136528
-0.02875915728509426
0.006816888693720102
-0.022256290540099144
0.011082351207733154
0.015256223268806934
-0.011801984161138535
0.01354218740016222
-0.04718176648020744
0.015818845480680466
0.01826559752225876
0.015753423795104027
0.01585809886455536
0.013280503451824188
-0.021994605660438538
0.007713159080594778
-0.006264079827815294
-0.0234077051281929
-0.00969542097300291
-0.0020771229173988104
0.004615465644747019
-0.02792176604270935
-0.015504823997616768
0.006986984051764011
0.010729076340794563
-0.011363661848008633
0.0130580710247159
0.0050864978693425655
0.007085115648806095
-0.019116073846817017
-0.00999635923653841
-0.012645917013287544
0.00027252017753198743
0.013673029839992523
-0.00786362774670124
0.0015177717432379723
0.00027333793696016073
0.021536657586693764
0.02233479730784893
0.0049687400460243225
0.004864065907895565
0.043439675122499466
-0.031245164573192596
-0.0013444055803120136
-0.005482296459376812
0.002968486864119768
-0.0070196944288909435
0.04275929555296898
0.01198516320437193
0.017794566228985786
-0.0234077051281929
-0.021929185837507248
0.004167330451309681
0.011180482804775238
0.03799663111567497
0.007058947347104549
-0.017990829423069954
-0.007072031497955322
-0.003477136604487896
-0.02107870951294899
-0.014942201785743237
0.03268443048000336
-0.0013558543287217617
-0.03273676708340645
-0.015256223268806934
0.004092095885425806
-0.001254451461136341
-0.0006685228436253965
0.014811359345912933
0.008118770085275173
-6.123015191406012e-05
-0.013084239326417446
0.03352181985974312
0.005488838534802198
0.0043505094945430756
0.019901128485798836
-0.01051318645477295
0.008125312626361847
0.010343091562390327
0.008472044952213764
0.03038160316646099
0.0009878600249066949
0.003800971433520317
0.02996290847659111
-0.005492109339684248
0.017192689701914787
-0.009204762056469917
-0.014274905435740948
0.010964592918753624
-0.017820734530687332
-0.00495565589517355
-0.02629932202398777
-0.03556296229362488
0.00750381126999855
-0.03250125050544739
0.005753794219344854
0.014785190112888813
0.003275966504588723
0.020620761439204216
0.01297302357852459
0.02745073474943638
7.937430927995592e-05
0.01504687499254942
-0.012659001164138317
0.008210360072553158
0.006434174720197916
-0.0018056250410154462
-0.04003777354955673
-0.0036145211197435856
0.0032596110831946135
-0.010637486353516579
0.005230424925684929
0.005289303604513407
-0.0027967561036348343
-0.0012438205303624272
-0.008746813982725143
0.009858974255621433
-0.006934646982699633
-0.007314089685678482
-0.025893710553646088
-0.029387202113866806
-0.007458016276359558
0.02408808469772339
0.009944021701812744
0.0014858789509162307
0.00408555381000042
-0.006738383322954178
-0.0336264967918396
0.0009592383285053074
0.01179544162005186
0.009342147037386894
0.02270115539431572
0.012626291252672672
0.004150975029915571
-0.006316416431218386
0.027424566447734833
-0.002840915462002158
0.009584205225110054
-0.00017653501708991826
-0.004294901620596647
0.011762730777263641
-0.020097391679883003
-0.009682336822152138
0.050400491803884506
0.017284279689192772
-0.036478858441114426
-0.0031156844925135374
-0.010133743286132812
-0.013489850796759129
0.008544008247554302
0.010572065599262714
0.011396372690796852
0.00913279876112938
0.0072748372331261635
0.004049572162330151
-0.0017320262268185616
-0.008799150586128235
0.020031969994306564
0.007484185043722391
0.013803872279822826
-0.0035425578244030476
-0.0035556419752538204
0.003761718748137355
0.044224727898836136
0.0009526961948722601
-0.007183247245848179
0.022674987092614174
-0.01992729678750038
-0.006479969713836908
-0.02479463443160057
-0.04676306992769241
0.012122548185288906
0.010794497095048428
0.02865448407828808
-0.011101976968348026
0.007981386035680771
-0.008753356523811817
0.0030306370463222265
0.007366426754742861
-0.002098384778946638
-0.0023224526084959507
0.0061136106960475445
0.009872058406472206
0.005636035930365324
-0.0195216853171587
-0.004265462048351765
0.005390706472098827
0.04147703945636749
-0.0042425645515322685
0.02467687614262104
0.021693669259548187
0.006388379726558924
-0.015988940373063087
0.015596413053572178
0.0051813586615026
0.024389022961258888
-0.0020296925213187933
-0.02012355998158455
0.012744049541652203
0.004582754801958799
0.03789195790886879
0.01131786685436964
0.014837527647614479
0.02209928072988987
0.019260000437498093
0.00615286361426115
0.0033757337369024754
0.005688372999429703
-0.02365630492568016
0.011252446100115776
0.015949686989188194
-0.008786066435277462
-0.0017827276606112719
0.027189049869775772
0.031559184193611145
0.00864868238568306
-0.008184191770851612
-0.006008937023580074
-0.014117894694209099
0.010382344014942646
0.012089837342500687
0.00777858030050993
-0.01574034057557583
0.002145815175026655
-0.03676671162247658
0.01597585715353489
-0.024585286155343056
0.010637486353516579
-0.012619748711585999
-0.010519728064537048
-0.010892629623413086
-0.024820802733302116
0.008393539115786552
0.008576719090342522
-0.030774131417274475
-0.03176853433251381
0.0019184766570106149
-0.00047757473657839
0.016473056748509407
0.017859986051917076
0.007072031497955322
-0.006869225762784481
0.02017589658498764
-0.00921784620732069
-0.004222938325256109
0.016904836520552635
-0.01837027259171009
-0.018697377294301987
0.010244959034025669
-0.004245835822075605
-0.007915965281426907
0.011481420136988163
0.010611318051815033
-0.026377826929092407
0.0025972214061766863
0.008720645681023598
-0.008334660902619362
-0.02551426738500595
0.028968505561351776
0.020084306597709656
0.022177785634994507
-0.0012176519958302379
-0.00925055705010891
-0.012397317215800285
-0.03307695686817169
-0.019495517015457153
0.010382344014942646
0.013699199073016644
0.024951644241809845
0.0033986312337219715
0.013411344960331917
-0.01698334328830242
-0.003122226567938924
0.010421596467494965
0.012482364661991596
-0.010853376239538193
0.013097323477268219
0.024362854659557343
0.007353342603892088
-0.004147703759372234
0.035275109112262726
0.005672017578035593
-0.008151480928063393
0.00753652211278677
-0.02648250013589859
0.012423485517501831
0.019600190222263336
-0.030643288046121597
0.027817092835903168
-0.011854320764541626
-0.030643288046121597
-0.006260808557271957
0.013424430042505264
0.014759021811187267
0.037080734968185425
-0.017258111387491226
-0.023460041731595993
-0.020071223378181458
-0.014078641310334206
-5.535246600629762e-05
0.008707561530172825
-0.01860578916966915
-0.01723194308578968
-0.004540231078863144
0.007549606263637543
-0.0025677820667624474
-0.024637622758746147
0.020568424835801125
-0.029099348932504654
-0.01488986425101757
-0.013764619827270508
-0.024585286155343056
0.031323667615652084
0.0009723225375637412
0.010696365498006344
-0.0016592451138421893
-0.0046416339464485645
-0.014065557159483433
-0.006672962103039026
-0.01639455184340477
-0.007379510905593634
-0.006303332280367613
-0.007052404806017876
0.016289878636598587
0.007516895420849323
0.001616721274331212
-0.00047634809743613005
0.004693971015512943
-0.0016437076264992356
-0.010506643913686275
-0.01147487759590149
-0.03854617103934288
0.01970486529171467
0.0040266746655106544
0.01321508176624775
-0.00029848419944755733
-0.0003790340560954064
-0.020764688029885292
0.02865448407828808
-0.013038444332778454
-0.030460109934210777
-0.007994470186531544
-0.010172995738685131
-0.004746307618916035
-0.006479969713836908
-0.025370340794324875
-0.006587914656847715
-0.008419708348810673
0.010009443387389183
0.022491807118058205
0.002118011238053441
0.0020885716658085585
0.007268295157700777
0.0420527458190918
-0.022020775824785233
0.01138328853994608
0.015635665506124496
0.015504823997616768
0.013437514193356037
-0.02815728262066841
-0.03205638751387596
0.0036112500820308924
0.03331247344613075
0.004592568147927523
-0.015125380828976631
-0.02029365487396717
0.007817832753062248
-0.028026441112160683
0.029151685535907745
-0.00432434119284153
-0.020817024633288383
0.01615903526544571
-0.013463682495057583
-0.023316115140914917
-0.017205774784088135
0.0053056590259075165
-0.0022046943195164204
-0.00434069661423564
-0.003725737100467086
-0.0014466262655332685
-0.0008030451717786491
-0.014366494491696358
0.0069477311335504055
0.005806131288409233
-0.03621717542409897
0.04678924009203911
0.004981824196875095
0.020097391679883003
0.0021131045650690794
0.007150536868721247
-0.01891981065273285
0.006372024770826101
0.032161060720682144
-0.02959655039012432
0.015478654764592648
0.015138464979827404
-0.005923889577388763
0.0036472317297011614
0.03310312703251839
0.029570380225777626
-0.0291255172342062
-0.0029030656442046165
0.002665913663804531
0.015177717432379723
0.014484252780675888
-0.015753423795104027
0.00617248984053731
-0.006555203814059496
0.028314294293522835
0.0020247860811650753
0.021824510768055916
0.0007539793150499463
-0.008537466637790203
-0.007798206526786089
0.042314428836107254
0.008413165807723999
0.00653230631724
-0.016669321805238724
0.017676807940006256
-0.015805760398507118
-0.017846902832388878
-0.0031075067818164825
-0.012246848084032536
-0.004785560537129641
0.017559049651026726
-0.00517808785662055
0.02059459313750267
0.006234640255570412
-0.01584501378238201
0.026377826929092407
0.0021474508102983236
0.000778103363700211
0.03014608845114708
0.003513118252158165
0.00019176588102709502
0.02857597917318344
0.0004526328993961215
-0.02000580169260502
0.012659001164138317
0.006188845261931419
-0.013489850796759129
-0.006286976858973503
0.003657044842839241
-0.034385379403829575
-0.012573953717947006
-0.028628315776586533
-0.017964661121368408
0.010467391461133957
-0.014588926918804646
-0.01585809886455536
-0.019652526825666428
0.011003845371305943
-0.024480611085891724
-0.012711338698863983
-0.004550044424831867
-0.004553315229713917
0.026822689920663834
-0.004651447292417288
0.006689317524433136
0.004556586500257254
0.0035229313652962446
-0.040927499532699585
-0.008144939318299294
0.010258044116199017
-0.007889796048402786
0.014837527647614479
0.018945978954434395
0.007556148339062929
-0.019469348713755608
0.02119646780192852
-0.005443043541163206
-0.008086060173809528
0.0010246594902127981
-0.002011701697483659
-0.008694477379322052
-0.009178593754768372
0.009904769249260426
0.030852636322379112
-0.0022145074326545
0.0022652088664472103
0.013620693236589432
-0.02234788052737713
0.0074645583517849445
-0.008838403970003128
-0.022557228803634644
-0.004893505480140448
-0.01778148114681244
0.011599178425967693
-0.0035392867866903543
0.014837527647614479
-0.006869225762784481
-0.03799663111567497
-0.005999123677611351
0.006731841247528791
0.02713671326637268
-0.026207732036709785
0.0017892697360366583
0.0036472317297011614
-0.0017205774784088135
-0.029675055295228958
-0.003607979044318199
-0.03127133101224899
8.126539614750072e-05
0.004726681392639875
0.005730896722525358
0.009826263412833214
0.031742364168167114
-0.016721658408641815
0.008779524825513363
-0.02024131827056408
-0.005799589212983847
-0.019560938701033592
-0.0007151354802772403
-0.011801984161138535
0.04896122217178345
-0.0038369533140212297
-0.0396452471613884
-0.008328118361532688
0.004010319244116545
-0.030826468020677567
-0.002364976331591606
0.008779524825513363
0.03339098021388054
-0.011402914300560951
-0.009446821175515652
0.0130580710247159
0.016800163313746452
-0.014745937660336494
0.016368383541703224
-0.019678695127367973
-0.04063964635133743
-0.0004967921995557845
-0.008825319819152355
-0.022138532251119614
-0.010604776442050934
-0.04275929555296898
-0.006339313928037882
0.04396304488182068
-0.006790720392018557
0.00817110762000084
0.022203953936696053
-0.017402037978172302
-0.006352398078888655
0.0062117427587509155
0.007052404806017876
-0.013280503451824188
0.01393471471965313
-0.014026304706931114
-0.016224456951022148
0.0025612397585064173
-0.010068322531878948
-0.01716652140021324
-0.02107870951294899
0.0017565591260790825
0.02414042130112648
-0.004121535457670689
0.02750307135283947
-0.02574978396296501
-0.018828220665454865
0.023224525153636932
-0.03386201336979866
0.002937411656603217
-0.0038663926534354687
-0.011141229420900345
0.00801409687846899
0.014078641310334206
-0.021876847371459007
-0.0004882056964561343
0.004723410587757826
-0.013378635048866272
0.0051977140828967094
-0.007085115648806095
-0.025056319311261177
0.001270806766115129
0.01891981065273285
-0.02480771765112877
-0.020267486572265625
-0.02257031388580799
-0.012384232133626938
-0.010617860592901707
-0.02996290847659111
-0.010460849851369858
0.01748054474592209
-0.018147839233279228
0.008956162258982658
-0.017022594809532166
-0.00678417831659317
-0.03009374998509884
-0.022243207320570946
0.017755312845110893
-0.0066206250339746475
-0.018867474049329758
-0.0027591390535235405
-0.022020775824785233
-0.0035425578244030476
-0.0016150857554748654
0.015086128376424313
-0.021575910970568657
0.01306461263448
0.2083010971546173
-0.022831996902823448
-0.007196331862360239
0.011056181974709034
-0.012024415656924248
0.015373981557786465
0.030041413381695747
-0.004693971015512943
-0.009394483640789986
-0.004550044424831867
0.006093984469771385
-0.011180482804775238
-0.0011980256531387568
0.00010130063310498372
0.01766372285783291
-0.010369259864091873
-0.037499431520700455
-0.027189049869775772
0.004729952663183212
-0.008576719090342522
0.0048346263356506824
0.003372462699189782
0.0015038697747513652
-0.0023518919479101896
0.01897214725613594
0.011101976968348026
0.006993526127189398
0.011697310023009777
0.018331019207835197
0.004353780765086412
-0.007883254438638687
0.01008794829249382
-0.010316922329366207
0.024729212746024132
-0.0009011770016513765
0.0035621842835098505
0.01686558499932289
-0.025448845699429512
-0.0019201121758669615
0.004644905216991901
0.020686183124780655
-0.021052541211247444
-0.0042065829038619995
-0.013411344960331917
-0.005655662622302771
0.06081554293632507
0.004422472789883614
-0.009708506055176258
0.01970486529171467
-0.004419201985001564
-0.01020570658147335
0.01734970137476921
0.01717960648238659
0.009087004698812962
-0.0028997946064919233
0.026521753519773483
0.006614082958549261
0.0016845958307385445
0.0010123930405825377
0.0033757337369024754
-0.004654718097299337
0.008674850687384605
0.007582316640764475
0.017912324517965317
-0.01597585715353489
0.017009511590003967
-0.019914211705327034
-0.0044617257080972195
-0.0008099962142296135
-0.013437514193356037
0.017820734530687332
-0.02029365487396717
-0.01830485090613365
0.023263778537511826
-0.035275109112262726
-0.03195171430706978
0.016054362058639526
0.01432724203914404
0.01850111410021782
0.03268443048000336
-0.012750591151416302
-0.003840224351733923
-0.02444135956466198
-0.0008300314657390118
-0.001970813609659672
-0.01233843807131052
0.018762798979878426
-0.005498651415109634
-0.006986984051764011
-0.030276929959654808
-0.0103627173230052
0.02012355998158455
0.008635598234832287
-0.013555272482335567
0.003169656964018941
0.033783506602048874
-0.0033103125169873238
-0.004972010850906372
-0.013437514193356037
0.0065388488583266735
-0.019076820462942123
0.023276861757040024
0.015831930562853813
0.008969246409833431
-0.0198226235806942
0.01825251430273056
-0.019861875101923943
-0.020856278017163277
0.017807649448513985
-0.03802280128002167
-0.0026201189029961824
-0.019717948511242867
0.005472483113408089
-0.01432724203914404
0.0061855739913880825
0.017127269878983498
0.010454307310283184
-0.004147703759372234
0.029020842164754868
0.005351454019546509
0.020450666546821594
-0.005573885980993509
-0.0006897847633808851
0.020031969994306564
-0.0007314907852560282
-0.017912324517965317
-0.049693942070007324
0.03548445552587509
-0.02258339710533619
-0.026731101796030998
0.022858167067170143
-0.005266406573355198
0.026757270097732544
0.008864572271704674
-0.005155190359801054
-0.004059385042637587
-0.0018448777263984084
-0.015059959143400192
-0.01131786685436964
0.0019315608078613877
0.033050790429115295
-0.027241386473178864
0.010964592918753624
0.005982768256217241
-0.012626291252672672
-0.01988804340362549
0.0048346263356506824
-0.004177143331617117
-0.0044257440604269505
-0.022648818790912628
0.010251501575112343
-0.02216470241546631
-0.017284279689192772
-0.012488906271755695
0.015530992299318314
0.02173292078077793
-0.03252742066979408
-0.008799150586128235
-0.011958994902670383
0.0032694244291633368
-0.036897554993629456
0.0013623964041471481
0.03943589702248573
-0.012050584889948368
-0.00432434119284153
-0.005799589212983847
-0.1651754379272461
0.019744116812944412
0.007032778579741716
-0.020071223378181458
0.006843056995421648
-0.011252446100115776
0.02246563881635666
0.019979633390903473
-0.0011481420369818807
-0.014902948401868343
-0.0033413877245038748
-0.0006738383090123534
-0.03558913245797157
-0.031663861125707626
0.003715923987329006
-0.024833885952830315
-0.011658057570457458
0.018108587712049484
0.037499431520700455
-0.0024843700230121613
0.004736494738608599
-0.007366426754742861
-0.012122548185288906
-0.009106630459427834
0.011285156942903996
-0.018514199182391167
-0.017820734530687332
-0.014301073737442493
0.0008864572155289352
-0.015151549130678177
0.019770285114645958
0.011278614401817322
0.03176853433251381
-0.012887976132333279
0.0025988570414483547
-0.014013220556080341
0.0013092417502775788
-0.01676090992987156
0.008386997506022453
0.01634221524000168
0.006676233373582363
0.030041413381695747
-0.003204003209248185
0.009198220446705818
0.004049572162330151
0.022596482187509537
0.02865448407828808
-0.013516019098460674
0.010166454128921032
0.002062403131276369
0.02449369616806507
-0.022374048829078674
0.017192689701914787
0.006578101310878992
0.0013337746495380998
-0.012659001164138317
0.017990829423069954
-0.010951508767902851
0.009924395941197872
-0.004739765543490648
0.0044257440604269505
-0.014013220556080341
0.007870170287787914
0.02047683484852314
-0.0007433483260683715
-0.026076888665556908
-0.01928616873919964
0.011206651106476784
-0.046501386910676956
0.007229042239487171
-0.0018759528174996376
-0.00024369395396206528
-0.0006382655701600015
-0.012436569668352604
0.011173940263688564
0.024297432973980904
-0.035405952483415604
0.04184339940547943
-0.006790720392018557
-0.0165123101323843
-0.01766372285783291
0.04937991872429848
-0.010650570504367352
-0.018174009397625923
-0.014248737134039402
-0.004360322840511799
-0.018291765823960304
-0.005711270496249199
0.01572725549340248
0.03548445552587509
0.02624698355793953
-0.0372115783393383
-0.02750307135283947
-0.006973899435251951
0.014301073737442493
0.013908546417951584
0.0006419455166906118
-0.0022243207786232233
0.011736562475562096
-0.025919878855347633
-0.0001972858008230105
-8.780751522863284e-05
-0.006836514919996262
0.008929993025958538
0.03598165884613991
-0.0015414869412779808
0.013372092507779598
0.018160924315452576
0.017925407737493515
0.000647669832687825
-0.027005869895219803
0.020450666546821594
0.02564510889351368
-0.0007691079517826438
0.013116950169205666
0.031663861125707626
-0.0034346128813922405
-0.0031647502910345793
0.03778728470206261
-0.007785122375935316
0.06913711875677109
-0.003464052453637123
-0.01765063963830471
0.002314274897798896
-0.013516019098460674
-0.02360396832227707
-0.09132798761129379
-0.031977880746126175
0.02474229596555233
0.034568559378385544
0.004913131706416607
0.03260592371225357
0.012894517742097378
0.01872354745864868
-0.03234424069523811
0.024755381047725677
-0.0123122688382864
-0.03289377689361572
-0.009276725351810455
0.015360897406935692
0.0064047351479530334
0.020568424835801125
-0.012076753191649914
-0.010179538279771805
-0.023525461554527283
0.016250625252723694
-0.0011694038985297084
0.007974843494594097
-0.017611386254429817
-0.016473056748509407
-0.010251501575112343
0.0047528501600027084
-0.03373116999864578
0.028994673863053322
0.017035679891705513
-0.005070142913609743
-0.026704933494329453
-0.01218796893954277
-0.0036505027674138546
-0.024716127663850784
0.010572065599262714
-0.012868349440395832
-0.022792745381593704
-0.00516173243522644
0.025553518906235695
-0.017336616292595863
0.008511297404766083
0.022544143721461296
0.008910367265343666
-0.03668820858001709
0.01008794829249382
-0.021942269057035446
-0.015059959143400192
0.016355298459529877
0.012469280511140823
-0.022046944126486778
-0.026770353317260742
-0.023931073024868965
-0.04961543530225754
-0.009708506055176258
0.009021583013236523
-0.019979633390903473
0.013908546417951584
0.029047012329101562
-0.015269307419657707
-0.018645040690898895
0.012560869567096233
0.0036374186165630817
0.0033986312337219715
0.020921699702739716
0.016185203567147255
0.011370204389095306
0.007562690414488316
-0.026822689920663834
-0.00789633858948946
-0.011658057570457458
-0.0016829603118821979
-0.0031353109516203403
0.010807582177221775
0.00976084265857935
-0.006823430769145489
0.02805260941386223
-0.0210263729095459
-0.009904769249260426
-0.0005883818957954645
0.0011898480588570237
0.008929993025958538
-0.017912324517965317
-0.015125380828976631
0.005027619190514088
0.013581440784037113
0.02521332912147045
0.014929116703569889
-0.005498651415109634
-0.004599110223352909
-0.022020775824785233
-0.03056478314101696
0.032396577298641205
-0.01354218740016222
-0.008877656422555447
0.016250625252723694
-0.0021278243511915207
0.008426249958574772
-0.015059959143400192
-0.012783301994204521
0.00716362101957202
-0.024781549349427223
-0.016656236723065376
-0.06275200843811035
0.022007690742611885
0.03511809930205345
-0.021366562694311142
-0.0013419523602351546
0.012632832862436771
0.026691848412156105
0.01246273797005415
0.003817326854914427
-0.01051318645477295
-0.009538410231471062
-0.01444500032812357
-0.024532949551939964
0.0018972146790474653
-0.016316046938300133
-0.012142173945903778
0.03831065446138382
-0.008864572271704674
0.013110407628118992
0.0022799286525696516
0.012626291252672672
0.007529979571700096
0.010853376239538193
0.019600190222263336
-0.008504755795001984
-0.013594524934887886
-0.006676233373582363
-0.007294463459402323
-0.009571121074259281
0.005073413718491793
0.02017589658498764
-0.014405747875571251
0.007039320655167103
0.02060767635703087
0.008740272372961044
-0.031009647995233536
0.019377758726477623
0.02786942943930626
0.012207595631480217
0.05662858858704567
-0.017716059461236
-0.00984589010477066
0.031140489503741264
-0.014301073737442493
-0.027372227981686592
0.005155190359801054
-0.01087300293147564
0.016787078231573105
0.008642139844596386
0.0056327651254832745
0.02954421192407608
0.013143118470907211
-0.004193498753011227
-0.020254403352737427
-0.019417012110352516
0.011671141721308231
-0.0013902004575356841
0.005171545781195164
-0.006417819298803806
-0.015596413053572178
0.025906793773174286
-0.010552438907325268
-0.007117826025933027
-0.006162676960229874
-0.007045862730592489
-0.00976084265857935
0.018998315557837486
0.008635598234832287
-0.003725737100467086
-0.01820017769932747
0.00030502633308060467
-0.002386238193139434
0.01826559752225876
0.02101328782737255
0.014431916177272797
-0.0016690583433955908
0.0060416474007070065
0.005151919089257717
0.007209416013211012
0.040744323283433914
-0.005501922685652971
0.004854253027588129
-0.027947936207056046
0.026207732036709785
0.031506847590208054
0.010794497095048428
-0.006417819298803806
0.01584501378238201
-0.011101976968348026
0.009558036923408508
-0.010159911587834358
0.01572725549340248
-0.00702623650431633
0.00605146074667573
-0.0032874152529984713
0.017559049651026726
0.014549674466252327
-0.012554327957332134
0.029989076778292656
0.03111432120203972
0.030276929959654808
0.009047751314938068
0.005573885980993509
-0.028916168957948685
-0.008125312626361847
0.01957402192056179
-0.018474945798516273
-0.03807513788342476
-0.025252582505345345
0.03148068115115166
0.010761787183582783
-0.010244959034025669
0.0303292665630579
0.002754232380539179
-0.014013220556080341
-0.00308460951782763
0.023394620046019554
-0.01194591075181961
-0.02954421192407608
0.016407636925578117
-0.006519222166389227
0.017009511590003967
0.03472557291388512
-0.0023077328223735094
0.026731101796030998
-0.011396372690796852
0.016250625252723694
-0.021340394392609596
0.014000136405229568
-0.009427194483578205
-0.0010696365498006344
-0.0040626563131809235
-0.025566603988409042
-0.02173292078077793
-0.013162745162844658
-0.0072748372331261635
0.0222301222383976
0.007765496149659157
-0.029884403571486473
0.08462885767221451
-0.008452418260276318
-0.016002025455236435
0.021471237763762474
0.003925271797925234
0.010310380719602108
0.007078573573380709
-0.0010115752229467034
-0.005851926282048225
0.008995414711534977
0.014641263522207737
-0.02991057187318802
0.002481098985299468
-0.015387065708637238
-0.010696365498006344
-6.158792530186474e-05
-0.003918729722499847
0.04126768931746483
-0.018108587712049484
0.01120010856539011
0.0207123514264822
-0.007732785306870937
-0.00019176588102709502
-0.01138328853994608
-0.012724422849714756
-0.014706685207784176
0.04430323466658592
0.017794566228985786
-0.021968437358736992
-0.040875162929296494
0.004510791506618261
-0.003213816322386265
-0.052336957305669785
-0.020306739956140518
-0.012541243806481361
-0.02660025842487812
-0.009054293856024742
-0.014458084478974342
-0.012436569668352604
-0.004491165280342102
-0.0025923149660229683
0.003935085143893957
-0.038336820900440216
-0.039671413600444794
-0.009512241929769516
-0.007104741875082254
-0.01699642650783062
0.014876780100166798
-0.008053349331021309
