-0.019978148862719536
-0.009214676916599274
0.014576890505850315
-0.012572567909955978
-0.041960619390010834
0.005944638047367334
-0.02821669541299343
-0.014173422940075397
-0.01608663983643055
-0.008557415567338467
-0.005329675506800413
0.02129267156124115
0.017713524401187897
0.006627929862588644
-0.009865431115031242
-0.0024956418201327324
0.043105948716402054
0.00030585439526475966
-0.003409951226785779
-0.0010729307541623712
0.001482092309743166
-0.0007231504423543811
0.014837192371487617
-0.018195083364844322
-0.03482835739850998
0.027670061215758324
0.02617332711815834
-0.034672174602746964
-0.026433628052473068
0.018767746165394783
-0.004073720425367355
-0.02455945685505867
-0.010568245314061642
-0.023739507421851158
-0.010776487179100513
-0.00688497768715024
-0.0002958897384814918
0.01405628677457571
0.01759638823568821
0.009442441165447235
0.00500104483217001
-0.013418547809123993
-0.00045268077519722283
-0.0045813084580004215
0.0024370739702135324
0.010451110079884529
-0.0033741595689207315
-0.004112765658646822
-0.03680664673447609
0.028164634481072426
0.028034484013915062
0.020368602126836777
-0.019288349896669388
-0.008485832251608372
-0.0007186764851212502
-0.01953563652932644
-0.015709202736616135
-0.0012673435267060995
-1.025700203172164e-05
-0.013691864907741547
0.002868198323994875
-0.005101911723613739
-0.027123428881168365
0.018546489998698235
0.010177792981266975
-0.0023931479081511497
-0.032798003405332565
0.002788481069728732
-0.023218903690576553
0.018442369997501373
0.005593230947852135
0.03987820819020271
-0.009956536814570427
-0.02327096462249756
0.02509307488799095
-0.012435909360647202
-0.025808904320001602
-0.029960716143250465
0.019952118396759033
0.029205841943621635
0.013613774441182613
-0.0045064715668559074
-0.011947844177484512
0.01240337174385786
0.0001793640840332955
0.011069325730204582
0.005983683280646801
0.014602920971810818
0.02631649374961853
-0.017648449167609215
0.009104048833251
0.02143583819270134
-0.004382828250527382
0.013255859725177288
-0.008153948001563549
0.024832773953676224
-0.014160407707095146
0.0010233107022941113
-0.016021564602851868
-0.020472722128033638
-0.016542168334126472
0.014928297139704227
-0.020056240260601044
-0.0073730433359742165
-0.04565690457820892
-0.007093219086527824
-0.013548699207603931
-0.004701697733253241
0.013060633093118668
0.006455480121076107
0.0201082993298769
0.042741525918245316
-0.00429823063313961
-0.03711900860071182
-0.008010782301425934
0.004063958767801523
0.020889203995466232
-0.013197291642427444
-0.006543331779539585
-0.01306714117527008
0.018871866166591644
0.021409807726740837
0.016919605433940887
0.011407718062400818
0.036416195333004
0.01884583756327629
-0.022073576226830482
-0.02492387965321541
-0.0015471677761524916
-0.026381568983197212
0.009722265414893627
0.004874147940427065
0.014108347706496716
0.006247238721698523
-0.01353568397462368
0.01542287040501833
-0.027383729815483093
0.005524901673197746
-0.039513785392045975
-0.007756988052278757
0.01835126429796219
0.009214676916599274
-0.013262366876006126
-0.04534454271197319
-0.00906500406563282
0.01910613849759102
0.04464172571897507
0.019002018496394157
0.010132240131497383
0.007197339553385973
0.03810815513134003
-0.039435695856809616
0.002972319023683667
-0.0001500801445217803
0.03407347947359085
0.0009574219002388418
0.027904333546757698
0.03519277647137642
-0.010021612048149109
-0.00011459372035460547
0.0058470251969993114
-0.003940315917134285
0.01285239215940237
0.011010758578777313
0.0030178718734532595
0.022268803790211678
0.005446811206638813
-0.010926160030066967
0.011563898995518684
-0.0029479158110916615
0.02645965851843357
0.028372876346111298
-0.02333603985607624
0.02194342575967312
-0.024507397785782814
0.032980214804410934
-0.003468519076704979
0.02774815261363983
-0.007301460485905409
-0.0025607170537114143
-0.022034531459212303
0.008225531317293644
0.004701697733253241
0.012149577960371971
-0.02286749705672264
0.010333973914384842
-0.006260253954678774
0.008355681784451008
-0.01046412531286478
0.011947844177484512
0.013255859725177288
0.008407741785049438
-0.023687446489930153
-0.00883073266595602
-0.6426326036453247
0.01637297123670578
0.009644174948334694
-0.0037873885594308376
0.028034484013915062
-0.0018709178548306227
0.03170473501086235
0.012748271226882935
0.002972319023683667
-0.029674384742975235
-0.0006108953384682536
0.018182067200541496
0.006012967322021723
-0.011973874643445015
-0.029023630544543266
-0.007581284735351801
0.019900059327483177
-0.023752521723508835
0.010529200546443462
-0.029388051480054855
-0.010835054330527782
0.009702743031084538
0.019704831764101982
0.0076854052022099495
-0.008700581267476082
-0.020941264927387238
0.014876237139105797
0.009774325415492058
-0.005629022605717182
0.005651799030601978
-0.01491528283804655
0.026915187016129494
-0.00604875897988677
0.007535731885582209
0.05794313922524452
0.015214629471302032
-0.025535589084029198
0.028815388679504395
0.015709202736616135
0.011342642828822136
-0.006335090380162001
-0.0010891995625570416
0.026485688984394073
0.006156133022159338
0.024103930220007896
0.003533594310283661
0.018728701397776604
-0.03886302933096886
-0.005303645506501198
0.017336087301373482
0.00016146834241226315
-0.01766146533191204
0.017544329166412354
0.016971664503216743
-0.005069374106824398
-0.010210330598056316
0.012793824076652527
0.009403395466506481
-0.00721686240285635
0.018182067200541496
-0.01400422677397728
-0.011485808528959751
-0.016021564602851868
-0.017284026369452477
-0.017765585333108902
0.023726491257548332
-0.0005445997812785208
-0.010568245314061642
0.009123571217060089
-0.01835126429796219
-0.012546537443995476
0.03048131987452507
-0.01423849817365408
-0.017205936834216118
0.006335090380162001
0.008505355566740036
0.006240731105208397
-0.012364326976239681
-0.01992608793079853
0.0053231678903102875
-0.010509677231311798
-0.007067188620567322
-0.03183488920331001
-0.008733118884265423
0.022385938093066216
-0.026837095618247986
0.00030117708956822753
0.010184301063418388
0.006078042555600405
0.024325186386704445
0.00597066804766655
0.011804678477346897
0.02897156961262226
-0.022411968559026718
-0.01281985454261303
0.025145135819911957
-0.02312779799103737
-0.008843746967613697
0.005957653280347586
-0.0307676512748003
-0.01792176626622677
-0.036494284868240356
0.024676593020558357
0.0015593693824484944
0.019041063264012337
-0.00820600800216198
-0.024142974987626076
-0.011726588010787964
0.0615353025496006
-0.01500638760626316
-0.008303621783852577
-0.009091033600270748
-0.013431563042104244
-0.013112694025039673
-0.016529152169823647
-0.027045337483286858
0.029414081946015358
0.008433772251009941
0.023362070322036743
-0.022568149492144585
0.02269829995930195
0.006253746338188648
-0.00700211338698864
0.008648521266877651
-0.006309060379862785
0.04422524571418762
-0.005160479340702295
0.008466309867799282
-0.012071487493813038
-0.02269829995930195
-0.021774230524897575
-0.013171262107789516
0.009930506348609924
-0.011700557544827461
0.025913026183843613
-0.017583373934030533
0.0036247000098228455
-0.0036214462015777826
0.027800211682915688
-0.007958722300827503
-0.01855950430035591
-0.030403228476643562
0.01472005620598793
-0.02280242182314396
-0.021787244826555252
-0.051149267703294754
-0.03227740153670311
-0.0049457307904958725
-0.027279609814286232
0.01310618594288826
-0.016776438802480698
0.014785131439566612
-0.02215166762471199
-0.016177745535969734
0.006292791571468115
-0.005371974781155586
-0.01066585909575224
0.006741811987012625
-0.027852272614836693
-0.015240659937262535
0.013327443040907383
0.002424058737233281
-0.026381568983197212
0.01690658926963806
-0.03191297873854637
-0.004968507215380669
0.016464076936244965
0.005824248772114515
-0.009793847799301147
-0.037717703729867935
-0.012396864593029022
0.00023040760424919426
0.010906637646257877
0.021696139127016068
0.020121315494179726
0.008010782301425934
0.0018172306008636951
-0.01565714180469513
-0.016711363568902016
-0.00026050498127005994
-0.00606828136369586
0.020954279229044914
-0.024286139756441116
0.0069565605372190475
0.012468446977436543
-0.011336135677993298
0.014160407707095146
0.008056335151195526
0.0055151404812932014
0.005176748149096966
0.004880655091255903
0.020693978294730186
0.004262438975274563
0.01704975590109825
0.002672972157597542
-0.004037928767502308
-0.0008850254816934466
0.0006841052090749145
0.01737513206899166
0.03370906040072441
0.011518346145749092
-0.0020026955753564835
0.027800211682915688
-0.016711363568902016
0.010561738163232803
-0.011030280962586403
0.004503217991441488
-0.010626813396811485
0.05414273589849472
0.017752569168806076
0.00513444934040308
-0.03055940940976143
-0.02639458328485489
-0.020017193630337715
-0.0005100284470245242
0.017713524401187897
0.009383873082697392
-0.011479301378130913
-0.026706945151090622
0.006390404421836138
0.0023069230373948812
-0.023648401722311974
0.0088697774335742
-0.010581260547041893
-0.006162640638649464
0.00838171225041151
0.024038854986429214
0.013900105841457844
-0.008258068934082985
0.00028836537967436016
0.005925115663558245
-0.004688682965934277
-0.004428381100296974
0.03389127179980278
0.019691817462444305
-0.009325304999947548
0.019808953627943993
-0.009045480750501156
0.035166747868061066
0.011323120445013046
0.012208146043121815
0.03881097212433815
0.006455480121076107
-0.0049457307904958725
0.021552974358201027
-0.00641643488779664
0.017257997766137123
0.0003770306066144258
0.01784367486834526
-0.011336135677993298
-0.005127941723912954
0.004607338458299637
-0.01777859963476658
-0.005391497164964676
-0.01770051009953022
-0.029179811477661133
-0.006608407013118267
0.019080108031630516
0.018910912796854973
0.017440207302570343
-0.004747250583022833
0.016750408336520195
0.0001423524518031627
0.007360028102993965
0.014850206673145294
-0.003071559127420187
0.0151365390047431
-0.018806790933012962
-0.03607780486345291
-0.011791663244366646
-0.01996513456106186
-0.001820484409108758
-0.01500638760626316
-0.00020305559155531228
0.002004322363063693
-0.0028112574946135283
-0.004148556850850582
0.013080156408250332
0.008466309867799282
-0.018103977665305138
-0.038004036992788315
-0.05518394336104393
0.011323120445013046
0.019913073629140854
0.0005116553511470556
-0.010711411014199257
-0.003839448792859912
-0.026303477585315704
-0.02725357934832573
0.008967390283942223
-0.0039663459174335
0.014707040973007679
-0.0001168306844192557
0.007106233853846788
-0.022060561925172806
-0.000373370130546391
0.010210330598056316
0.0007593486225232482
0.028841419145464897
-0.007561761885881424
0.006826409604400396
-0.008251560851931572
-0.0146679962053895
-0.0008850254816934466
0.028711268678307533
0.02480674348771572
-0.0506286658346653
-0.0016618630615994334
-0.011310105212032795
-0.020628903061151505
0.014069302007555962
0.0013608894078060985
0.010822040028870106
0.007828570902347565
0.0037418357096612453
0.010587767697870731
0.0011916933581233025
0.008720103651285172
0.018012871965765953
-0.015045433305203915
0.0038231799844652414
-0.011498823761940002
-0.014654980972409248
0.0016244447324424982
0.05648545175790787
-0.006273268721997738
0.004971760790795088
0.018156036734580994
-0.027123428881168365
-0.0037125516682863235
-0.010822040028870106
-0.04760916531085968
-0.003894762834534049
0.007756988052278757
0.0008329651900567114
0.006598645821213722
0.008199500851333141
0.00016614563355688006
0.0026274193078279495
-0.009019451215863228
0.006247238721698523
0.009038973599672318
0.018624581396579742
0.012644151225686073
0.017062770202755928
-0.015878397971391678
-0.008056335151195526
0.02868523821234703
0.02915378101170063
-0.0047212205827236176
0.03425569087266922
0.025626694783568382
0.02111046016216278
-0.039045240730047226
0.020811114460229874
0.002324818866327405
0.02492387965321541
0.007867616601288319
-0.0416482575237751
-0.008082364685833454
0.008960883133113384
0.04901479557156563
-0.003673506435006857
0.009091033600270748
0.0035628783516585827
0.023349054157733917
0.013874076306819916
-0.011362165212631226
0.005785203538835049
-0.017583373934030533
0.014381663873791695
0.010926160030066967
0.004330768249928951
-0.02225578762590885
0.023856643587350845
0.004392589908093214
0.015513976104557514
0.015461916103959084
0.010887115262448788
-0.005108419340103865
0.005616007372736931
0.025080060586333275
-0.01283286977559328
-0.023075738921761513
0.00818648561835289
-0.040268659591674805
0.016177745535969734
-0.017466237768530846
0.007223370019346476
-0.020121315494179726
-0.010366511531174183
0.0007951401057653129
-0.014342619106173515
-0.005863294005393982
0.014069302007555962
-0.038394488394260406
-0.03386523947119713
0.0007288445485755801
-0.0016724378801882267
0.00038963896804489195
0.009950029663741589
-0.014173422940075397
-0.01209751795977354
0.04862434044480324
-0.0011518346145749092
-0.009774325415492058
0.002762450836598873
-0.007991259917616844
0.005404512397944927
0.009429425932466984
0.00868756603449583
-0.02478071302175522
0.01024937629699707
0.010041134431958199
-0.012670180760324001
-0.004246170166879892
0.012045457027852535
0.013418547809123993
-0.021526943892240524
0.014277543872594833
0.014381663873791695
7.53451167838648e-05
0.006653959862887859
-0.010880607180297375
-0.0015390332555398345
-0.042533282190561295
0.00418434850871563
0.002578612882643938
0.014329603873193264
-0.004005391150712967
0.008876284584403038
0.01185023132711649
-0.02172216959297657
-0.012357818894088268
0.011134401895105839
0.007047666236758232
-0.0018855598755180836
-0.0051181805320084095
0.04503218084573746
-0.009774325415492058
-0.021696139127016068
0.03763961419463158
-0.0003497802827041596
0.007561761885881424
0.002389894099906087
-0.03199106827378273
-0.00641643488779664
0.029934685677289963
-0.012266713194549084
-0.007867616601288319
-0.0006633623852394521
-0.014082317240536213
-0.011192969046533108
0.004584562033414841
-0.00478304224088788
0.039149362593889236
-0.017817646265029907
-0.014863221906125546
-0.02782624214887619
0.003082947339862585
-0.006780857220292091
0.023453176021575928
0.016399001702666283
-0.004822087474167347
-0.009728772565722466
0.01576126366853714
-0.01425151340663433
-0.029388051480054855
0.009019451215863228
-0.023726491257548332
-0.021592019125819206
-0.02125362679362297
-0.0149022676050663
0.01215608511120081
0.0020726516377180815
0.020186390727758408
0.0107699790969491
0.016646288335323334
-0.0042006173171103
-0.005443557631224394
-0.008947867900133133
-0.02445533685386181
0.005271107889711857
0.0012128428788855672
0.007438118569552898
0.008778671734035015
-0.015032418072223663
0.0041290344670414925
-0.01788272149860859
-0.004815579857677221
-0.007770003285259008
0.006852440070360899
-0.03303227573633194
0.029752474278211594
0.010958697646856308
0.0011615959228947759
-0.0007528410642407835
-0.009162616916000843
-0.008915330283343792
0.02492387965321541
-0.01073744148015976
-0.029986746609210968
-0.0034001898020505905
-0.008472817949950695
0.005931622814387083
-0.020811114460229874
-0.02021242119371891
0.027956392616033554
0.0014975477242842317
-0.008746134117245674
0.05695399269461632
0.01802588626742363
0.01400422677397728
0.0040444363839924335
0.04203870892524719
-0.04336624965071678
0.004623607266694307
0.0043014842085540295
0.022424984723329544
0.01348362397402525
-0.0034034436102956533
-0.02196945622563362
-0.008101888000965118
0.003605177393183112
-0.010945683345198631
-0.01005414966493845
-0.004942476749420166
-0.0004270573263056576
-0.0027461820282042027
0.03844654932618141
-0.027045337483286858
-0.014707040973007679
0.011134401895105839
0.0010989608708769083
-0.029882624745368958
-0.017791615799069405
-0.004812326282262802
-0.01827317290008068
-0.017218951135873795
0.0010257510002702475
-0.005781949497759342
0.020095285028219223
-0.01788272149860859
0.018728701397776604
-0.0019799191504716873
-0.028242725878953934
0.03993026912212372
0.026628855615854263
0.03482835739850998
0.005108419340103865
-0.018195083364844322
-0.027045337483286858
0.009910983964800835
0.020915234461426735
-0.01258558314293623
0.013926136307418346
-0.01371789537370205
0.005524901673197746
-0.0017310057301074266
0.019874028861522675
0.0021767723374068737
-0.0350365974009037
-0.010841562412679195
0.008271084167063236
0.0003601516946218908
0.007301460485905409
-0.036962829530239105
0.02031654119491577
-0.010893622413277626
0.013112694025039673
-0.01792176626622677
0.030871771275997162
-0.012787316925823689
-0.026732975617051125
-0.010711411014199257
0.04961348697543144
-0.0005055545479990542
0.0010224973084405065
0.0016773184761404991
-0.006562854629009962
-0.0036832678597420454
-0.027097398415207863
-0.015357795171439648
-0.01572221703827381
0.0030471556819975376
0.01996513456106186
0.007516209036111832
0.0003686928248498589
-0.0008842120296321809
-0.014550860039889812
0.01809096150100231
-0.012344803661108017
-0.011596436612308025
0.029179811477661133
-0.0015308988513424993
0.009051988832652569
0.02735769934952259
0.012982542626559734
-0.008707089349627495
0.009474978782236576
0.004822087474167347
-0.00597066804766655
0.007190831936895847
0.016633274033665657
-0.03433378413319588
0.0011859992519021034
-0.04024263098835945
-0.0012502612080425024
-0.000997280585579574
-0.03446393460035324
-0.01698468066751957
-0.012910960242152214
0.003546609543263912
-0.015110508538782597
0.00908452644944191
-0.008505355566740036
0.0037288207095116377
0.029648354277014732
-0.0004591883043758571
0.010574753396213055
0.0003568979154806584
0.016164729371666908
-0.03816021606326103
0.005215793382376432
0.005596484523266554
0.008882792666554451
-0.0072884452529251575
0.009494501166045666
0.015084479004144669
-0.0274357907474041
0.018767746165394783
-0.0050661200657486916
-0.020511766895651817
-0.007399073336273432
0.017570359632372856
0.007093219086527824
-0.016203776001930237
-0.006728796754032373
0.02043367736041546
-0.010041134431958199
-0.0034717728849500418
0.006078042555600405
-0.021422822028398514
0.011336135677993298
-0.008726611733436584
-0.01723196730017662
-0.016307896003127098
-0.02053779736161232
0.004330768249928951
-0.01992608793079853
0.0137309106066823
-0.007190831936895847
-0.037535492330789566
0.02164408005774021
-0.010776487179100513
0.022893527522683144
-0.0374053418636322
-0.008720103651285172
0.0064522260800004005
-0.006071534939110279
-0.030247047543525696
0.012754779309034348
-0.01500638760626316
-0.016724377870559692
-0.012897945009171963
0.015787292271852493
-0.013548699207603931
0.007796033285558224
-0.010373019613325596
-0.005137702915817499
-0.013021588325500488
-0.02821669541299343
-0.02355729602277279
-0.004015152342617512
-0.036676496267318726
0.04060705006122589
0.0010704903397709131
-0.024507397785782814
-0.022854480892419815
-0.006562854629009962
-0.04971760883927345
0.0023296994622796774
0.0274618212133646
0.020733023062348366
-0.0062992991879582405
-0.007483671419322491
0.015032418072223663
0.034021422266960144
0.01008668728172779
-0.0016464077634736896
-0.024572473019361496
-0.015097493305802345
-0.024871818721294403
-0.033735089004039764
-0.016073625534772873
-0.027852272614836693
-0.020837144926190376
-0.002249981975182891
0.043392278254032135
-0.013229829259216785
-0.007281937636435032
0.004350290633738041
-0.03094986267387867
-0.01376995537430048
0.011544376611709595
0.011147416196763515
0.002347595291212201
-0.01348362397402525
0.010841562412679195
-0.0014105093432590365
-0.011212492361664772
-0.015253674238920212
-0.014889252372086048
-0.027565941214561462
-0.012956513091921806
0.02194342575967312
-0.009312290698289871
0.018208097666502
-0.003068305319175124
-0.004073720425367355
5.1526501920307055e-05
-0.020941264927387238
0.02157900296151638
-0.004259184934198856
-0.014082317240536213
0.008219023235142231
0.014563875272870064
-0.041596196591854095
-0.013848045840859413
-0.012930482625961304
-0.016711363568902016
-0.00038963896804489195
0.011427240446209908
-0.0025330600328743458
0.0014690771931782365
0.012045457027852535
-0.009923999197781086
-0.01261812075972557
-0.01956166699528694
-0.015071463771164417
0.001890440471470356
-0.011895784176886082
-0.006683243904262781
0.03456805273890495
-0.04370464012026787
0.007841586135327816
-0.009019451215863228
-0.005905592814087868
-0.0004791176470462233
-0.009650682099163532
0.023856643587350845
-0.024142974987626076
-0.006396912038326263
-0.0012868661433458328
-0.02100634016096592
0.017336087301373482
-0.011498823761940002
0.015123523771762848
-0.04958745837211609
0.0009069884545169771
0.18346057832241058
-0.016346940770745277
-0.0144337248057127
0.029778504744172096
0.0015032418305054307
0.031158102676272392
0.04039881005883217
0.009923999197781086
-0.007509701419621706
0.009520531632006168
0.004252677783370018
-0.004740742966532707
0.0014080690452829003
0.009253722615540028
-0.005219047423452139
-0.01859855093061924
-0.03888906165957451
-0.0030064836610108614
0.0045487708412110806
-0.03870685026049614
0.02139679342508316
0.0029137511737644672
-0.003527086926624179
2.8623009711736813e-05
0.022711316123604774
-0.007145279087126255
0.008043319918215275
-0.0007190831820480525
0.03154855594038963
-0.0047732810489833355
-0.017570359632372856
0.006572615820914507
-0.0013120828662067652
-0.002129592467099428
-0.02229483239352703
-0.00030077039264142513
0.0051507181487977505
-0.01542287040501833
0.023492220789194107
0.02923187054693699
0.019509606063365936
-0.008251560851931572
-0.008941360749304295
-0.010900130495429039
-0.008602968417108059
0.04573499411344528
-0.010639828629791737
-0.010704903863370419
0.015266689471900463
-0.0004612219345290214
-0.016633274033665657
0.010743949562311172
0.042351070791482925
0.025522572919726372
-0.008192993700504303
-0.0027901078574359417
0.01332093495875597
-0.004874147940427065
0.0027494358364492655
0.03055940940976143
-0.0002487100719008595
0.014563875272870064
0.005202778615057468
0.032017096877098083
-0.022594179958105087
0.01641201600432396
-0.013021588325500488
0.01121899951249361
-0.01694563589990139
-0.013353472575545311
-0.0077179428189992905
-0.0114727932959795
-0.013047618791460991
-0.0024142975453287363
-0.019184229895472527
-0.027487849816679955
0.023205889388918877
0.004695190582424402
0.014134377241134644
0.03490644693374634
-0.007509701419621706
-0.013678849674761295
-0.018338248133659363
0.006175655871629715
0.019119152799248695
-0.012995557859539986
0.014772116206586361
-0.006175655871629715
-0.011030280962586403
0.0029804534278810024
-0.0025607170537114143
-0.0002969065390061587
0.015513976104557514
-0.0345420241355896
0.00361819239333272
0.016138700768351555
0.017934780567884445
0.015279704704880714
-0.014576890505850315
0.008199500851333141
-8.058165258262306e-05
-0.004701697733253241
0.016203776001930237
-0.007835078984498978
-0.007594299502670765
0.0030796935316175222
-0.021370762959122658
-0.034411873668432236
0.005193017423152924
-0.041413985192775726
-0.0014812789158895612
-0.023492220789194107
0.011205984279513359
-0.023114783689379692
-0.01731005683541298
0.009130079299211502
0.0017895735800266266
-0.002088920446112752
0.017466237768530846
0.013379503041505814
-0.005726635456085205
-0.025730814784765244
-0.01348362397402525
0.013392518274486065
-0.0007178630330599844
-0.014355634339153767
-0.03511468693614006
0.019444530829787254
-0.029205841943621635
-0.007106233853846788
0.010184301063418388
-0.023218903690576553
0.03334463760256767
0.0274357907474041
-0.016815483570098877
-0.000281451124465093
0.0112385218963027
-0.01580030843615532
0.00795221421867609
0.008661536499857903
0.007639852352440357
-0.019288349896669388
-0.007158294320106506
0.011023773811757565
-0.0002131219516741112
-0.02448136731982231
0.0036930290516465902
-0.009201661683619022
-0.016451062634587288
-0.025795890018343925
0.003914285451173782
-0.03750946372747421
-0.025769859552383423
-0.016203776001930237
0.02243799902498722
0.02850302681326866
-0.011466286145150661
-0.020902220159769058
-0.008941360749304295
0.007444626186043024
-0.03144443407654762
-0.01447276957333088
0.03519277647137642
-0.0008126291213557124
-0.011869753710925579
0.007281937636435032
-0.16305293142795563
0.01751829870045185
0.015396840870380402
-0.0017944542923942208
0.015683172270655632
-0.02075905352830887
0.0049457307904958725
0.025197196751832962
-0.0036930290516465902
0.002173518529161811
-0.008375204168260098
0.0274357907474041
-0.025041015818715096
-0.016320910304784775
0.012878422625362873
0.0027250326238572598
-0.03219930827617645
0.015917444601655006
0.044329363852739334
0.017830660566687584
0.003930554259568453
0.015553021803498268
-0.009891461580991745
0.0059674144722521305
0.0006466868217103183
0.0045617856085300446
-0.009357842616736889
-0.003836194984614849
0.006806887220591307
-0.008271084167063236
0.00274292821995914
0.013561714440584183
0.029075689613819122
0.0038524637930095196
0.002541194437071681
0.011550883762538433
0.003689775476232171
0.0011567153269425035
-0.0011005877749994397
0.011192969046533108
-0.0014243378536775708
0.003302576718851924
0.004132288042455912
-0.0074055809527635574
0.015253674238920212
0.00268436037003994
0.017817646265029907
-0.0021068162750452757
0.028268754482269287
-0.00451623322442174
0.012110532261431217
-0.022385938093066216
0.003439235035330057
0.01145327091217041
0.019080108031630516
0.0028926017694175243
0.01806493289768696
-0.0036539838183671236
0.00956608448177576
-0.016490107402205467
-0.002077532233670354
-0.019952118396759033
0.0005356519250199199
0.006722289137542248
0.00500104483217001
-0.021240612491965294
-0.012123547494411469
0.009266737848520279
-0.04149207845330238
0.0054826028645038605
-0.008004274219274521
0.006243985146284103
0.022424984723329544
-0.013522668741643429
-0.005726635456085205
0.01572221703827381
-0.01939246989786625
0.02606920711696148
-0.013294904492795467
-0.008179978467524052
-0.021422822028398514
0.052398715168237686
-0.009969552047550678
-0.015500960871577263
0.022633224725723267
0.00038231798680499196
-0.0023882673121988773
-0.002240220783278346
-0.0007752107339911163
0.013151738792657852
0.027904333546757698
-0.021019354462623596
-0.008179978467524052
-0.011824200861155987
0.020628903061151505
0.009390381164848804
-0.019991163164377213
0.00032212326186709106
0.0073535204865038395
-0.024728653952479362
0.010587767697870731
0.009266737848520279
-0.009123571217060089
0.006094311363995075
0.013626789674162865
-0.0034847878850996494
0.017140861600637436
-0.0026973753701895475
0.009247214533388615
0.014030257239937782
-0.015540006570518017
0.0063318368047475815
0.029075689613819122
0.006022728513926268
0.018806790933012962
0.011498823761940002
0.015084479004144669
-0.02315382845699787
0.04354846104979515
0.013991211540997028
0.05851580202579498
-0.013353472575545311
-0.019145183265209198
0.017817646265029907
-0.02204754762351513
-0.03258976340293884
-0.11317913979291916
-0.009754803031682968
0.007015128619968891
0.01784367486834526
-0.004942476749420166
0.026043176651000977
-0.008375204168260098
0.02035558596253395
-0.0047732810489833355
0.006969575770199299
-0.020056240260601044
-0.02800845354795456
-0.008277591317892075
0.0019083361839875579
0.0028974823653697968
0.02068096399307251
0.0025948816910386086
0.003927300684154034
-0.00976781826466322
0.02725357934832573
0.002129592467099428
0.018546489998698235
0.009722265414893627
-0.005668067838996649
0.010945683345198631
-0.0073209828697144985
-0.015709202736616135
0.0038199261762201786
0.025288302451372147
0.00020437744387891144
-0.022125637158751488
-0.01878076232969761
-0.013002065941691399
-0.0055151404812932014
0.03183488920331001
-0.005964160896837711
-0.02376553788781166
0.023752521723508835
0.02239895425736904
-0.004275454208254814
-0.0022451013792306185
0.006543331779539585
0.007073696237057447
-0.003917539492249489
0.024182019755244255
-0.019197244197130203
-0.018572520464658737
0.022555135190486908
0.027019307017326355
-0.024364231154322624
-0.013978196308016777
-0.017960811033844948
-0.04034674912691116
-0.013887091539800167
0.015709202736616135
0.012143069878220558
0.019288349896669388
0.026837095618247986
-0.016542168334126472
-0.022424984723329544
0.002869825344532728
-0.014329603873193264
0.007906661368906498
0.012507492676377296
0.030168958008289337
0.0019067092798650265
-0.016138700768351555
-0.014889252372086048
0.006501032970845699
-0.0029300199821591377
-0.005843771155923605
0.004620353691279888
0.0047212205827236176
-0.011778648011386395
-0.02196945622563362
0.01425151340663433
-0.02215166762471199
-0.020563827827572823
0.0029593040235340595
0.0006194364978000522
-0.002692494774237275
-0.0114727932959795
-0.02613428235054016
0.005127941723912954
0.01755734346807003
0.008557415567338467
0.023140814155340195
-0.0037353280931711197
-0.0001664506853558123
-0.0073730433359742165
-0.02904966101050377
0.01301508117467165
-0.017791615799069405
-0.01052269246429205
0.0026941217947751284
0.00711924908682704
0.023114783689379692
-0.008290606550872326
0.0010721172438934445
0.008785179816186428
-0.02459850162267685
-0.008362188935279846
-0.055704545229673386
0.015774277970194817
0.01688055880367756
0.012624627910554409
-0.0025802396703511477
-0.002850302727892995
0.029934685677289963
0.0039663459174335
0.018364278599619865
-0.00021007153554819524
-0.024077899754047394
0.0030276330653578043
0.006488017737865448
0.006448972504585981
-0.022776391357183456
-0.030168958008289337
0.022216742858290672
-0.0003841482393909246
0.00406721280887723
0.006631183438003063
0.014212467707693577
0.005505379289388657
0.007548746652901173
0.018299203366041183
0.0033904286101460457
-0.00698259100317955
-0.0003591348940972239
0.002261370187625289
-0.016789454966783524
0.020121315494179726
0.02049875259399414
-0.014329603873193264
0.004747250583022833
0.018897896632552147
-0.031158102676272392
0.0016952143050730228
0.011811185628175735
0.029309961944818497
0.012364326976239681
0.0615353025496006
-0.030507348477840424
-0.00570060545578599
0.026056190952658653
-0.0269672479480505
-0.016242820769548416
-0.009989074431359768
-0.01784367486834526
0.007015128619968891
0.020277496427297592
0.004652891308069229
0.03131428360939026
0.03376111760735512
0.005069374106824398
-0.015605081804096699
-0.02962232381105423
0.018910912796854973
0.0035628783516585827
0.008251560851931572
-0.01233178935945034
-0.017101816833019257
0.026407599449157715
-0.0023557296954095364
0.0028047498781234026
0.013047618791460991
0.004835102707147598
-0.02915378101170063
-0.006826409604400396
0.01071791909635067
-0.008882792666554451
-0.008681058883666992
0.002398028736934066
0.00011113658547401428
0.005755919497460127
0.004747250583022833
0.010327466763556004
0.0038784940261393785
0.01755734346807003
-0.018689656630158424
-0.00818648561835289
0.04516233131289482
0.008746134117245674
0.010900130495429039
-0.043860822916030884
0.018221113830804825
0.028997600078582764
-0.005049851257354021
0.003943569492548704
0.01357472874224186
-0.021891366690397263
0.009806863032281399
-0.015813322737812996
0.015175583772361279
0.005703859031200409
0.005043343640863895
-0.008824224583804607
0.013613774441182613
0.02753991074860096
-0.006754826754331589
0.02272433042526245
0.02125362679362297
0.02560066431760788
0.010392541997134686
-0.0012152831768617034
-0.026004131883382797
-0.014772116206586361
-0.003927300684154034
-0.035348959267139435
-0.03805609419941902
-0.0149022676050663
0.02847699634730816
0.013613774441182613
-0.005632276181131601
0.0018530221423134208
-0.008225531317293644
-0.012260206043720245
-0.011036788113415241
0.029388051480054855
0.006448972504585981
-0.03285006433725357
0.014498800039291382
-0.006588884629309177
0.033839210867881775
0.03946172446012497
0.00709972670301795
0.017388148233294487
0.002404536120593548
0.007815555669367313
-0.0004014339065179229
0.0025102836079895496
0.020811114460229874
-0.0066441986709833145
0.004975014831870794
-0.018897896632552147
-0.017062770202755928
-0.022503074258565903
-0.016008548438549042
0.030325138941407204
0.011720079928636551
-0.015709202736616135
0.07074997574090958
0.002476119203492999
-0.01491528283804655
0.011602944694459438
-0.0008162895683199167
0.008095379918813705
-0.002622538711875677
0.002952796407043934
-0.009657190181314945
0.022281818091869354
0.02017337456345558
-0.026082221418619156
0.03152252733707428
-0.024116944521665573
-0.015683172270655632
0.005046597681939602
-0.028138604015111923
0.052580926567316055
-0.01218862272799015
0.008739626966416836
0.04550072178244591
-0.005492364056408405
-0.0038427026011049747
0.0086355060338974
-0.034489963203668594
-0.0017261251341551542
0.0274357907474041
0.0010599156375974417
-0.008199500851333141
-0.016138700768351555
0.0007992073078639805
0.009214676916599274
-0.041413985192775726
-0.01845538429915905
-0.00733399810269475
-0.03396936133503914
0.00013381129247136414
-0.018403323367238045
-0.012195130810141563
0.0014227110659703612
-0.02157900296151638
0.011817693710327148
-0.0326678529381752
-0.041700318455696106
-0.011537869460880756
-0.008362188935279846
-0.004363305866718292
0.004460918717086315
-0.029101720079779625
