-0.011942136101424694
-0.0021984977647662163
0.00977616012096405
-0.02744870074093342
-0.034889768809080124
0.01806931011378765
-0.025666486471891403
-0.0011081924894824624
-0.006836157292127609
-0.02989436686038971
0.000397786614485085
0.008689920417964458
0.004257150460034609
0.02125648222863674
-0.0021659755147993565
-0.015649661421775818
0.03939083591103554
0.01229987945407629
-0.0004528710269369185
-0.006078390870243311
0.007837839424610138
0.004039251711219549
-0.0056816209107637405
-0.013555234298110008
-0.03434339538216591
0.019708426669239998
0.02224515564739704
-0.038688357919454575
-0.02458675019443035
-0.009099699556827545
0.0015683809760957956
-0.017939221113920212
-0.015025235712528229
-0.01671638898551464
0.0005955619853921235
-0.004572615027427673
0.0167424064129591
0.02535427361726761
0.035852424800395966
0.012384437024593353
0.014986209571361542
-0.0037660656962543726
-0.0006085708737373352
-0.014361783862113953
-0.004325446672737598
0.0018049796344712377
-0.018290460109710693
-0.019396213814616203
-0.03247012197971344
0.015844793990254402
0.008709433488547802
0.007824830710887909
-0.034993838518857956
0.007297971751540899
-0.010582709684967995
-0.02940003015100956
-0.0250810869038105
0.0177310798317194
0.014309749007225037
0.003016429953277111
0.0025172149762511253
-0.00677111279219389
-0.027943037450313568
0.014752049930393696
0.012865765020251274
0.014413819648325443
0.013425146229565144
0.018602672964334488
-0.014830103144049644
0.015519573353230953
0.007395538501441479
0.02113940194249153
-0.0130348801612854
-0.022050021216273308
0.05484536290168762
-0.014062580652534962
-0.02016373723745346
-0.02264842949807644
0.012839747592806816
0.027344629168510437
0.011064037680625916
-0.00885253120213747
-0.034733664244413376
0.019214089959859848
0.018017275258898735
0.00897611491382122
0.010862399823963642
0.015038245357573032
0.01561063528060913
0.0028034099377691746
-0.022115066647529602
0.014921165071427822
0.0036327247507870197
0.011213639751076698
-0.009873726405203342
0.012410454452037811
-0.02017674595117569
0.019825506955385208
-0.027969054877758026
-0.02065807394683361
-0.014869130216538906
0.008533813990652561
-0.02841135486960411
-0.001631799153983593
-0.02413143962621689
0.0004784822231158614
-0.009151734411716461
0.011649436317384243
0.005964563228189945
-0.04774252697825432
-0.02175081893801689
0.02729259431362152
-0.009548504836857319
-0.007480096071958542
0.019214089959859848
-0.013815412297844887
0.010198947973549366
-0.002785522723570466
-0.003740048035979271
-0.0062117320485413074
0.02830728515982628
-0.004624650813639164
0.012000675313174725
0.02203701250255108
0.034733664244413376
0.005567793268710375
-0.028827639296650887
-0.014765058644115925
-0.029868347570300102
-0.026147814467549324
-0.0027025912422686815
-0.012963331304490566
0.012267357669770718
-0.0011951891938224435
-0.004484805278480053
-0.016651343554258347
-0.009197265841066837
-0.005704386159777641
-0.039781101047992706
-0.023780200630426407
0.031195253133773804
0.012286870740354061
-0.0235070139169693
-0.027526753023266792
-0.014882138930261135
0.021932942792773247
0.02817719615995884
0.021334534510970116
0.008449256420135498
-0.0030099255964159966
0.01549355499446392
-0.021828871220350266
0.003388808574527502
0.007577662356197834
0.01994258537888527
-0.008169565349817276
0.015233377926051617
0.026017725467681885
-0.00639710808172822
-0.025887636467814445
-0.021555684506893158
-0.005434452090412378
-0.009607044979929924
0.010563196614384651
0.007980937138199806
0.011792534030973911
-0.0034018175210803747
0.0010764834005385637
0.01648222841322422
0.011903109028935432
0.01002983283251524
0.020098691806197166
0.0005817400524392724
0.025419317185878754
-0.0034668617881834507
0.006416621617972851
0.0005675115971826017
0.008937088772654533
-0.021685773506760597
-0.016052937135100365
-0.020514976233243942
0.007031290326267481
0.02215409278869629
0.004149827174842358
-0.013945500366389751
0.013151959516108036
-0.0012390941847115755
-0.0022505333181470633
0.005138500593602657
0.006881688255816698
0.023155774921178818
0.013919482938945293
-0.008650893345475197
0.008924080058932304
-0.6285882592201233
0.015454528853297234
0.005587306339293718
-0.024326572194695473
0.026251884177327156
0.015038245357573032
0.015207360498607159
0.006296289619058371
-0.02472984790802002
-0.02028081752359867
-0.013008862733840942
0.03983313590288162
0.006195470690727234
-0.007766291033476591
-0.004159583710134029
-0.01784816011786461
0.0015317935030907393
-0.030414720997214317
0.018290460109710693
-0.02052798494696617
-0.01550656370818615
0.02547135204076767
-0.0026164075825363398
0.02139957807958126
0.00786385778337717
-0.010719303041696548
0.0059287892654538155
-0.0002670882095117122
0.009288327768445015
-0.0034083218779414892
-0.013919482938945293
0.02483391761779785
0.011116072535514832
0.033744990825653076
0.05843580886721611
0.012273862026631832
-0.015818776562809944
0.028385337442159653
0.01069978903979063
0.021113384515047073
0.008273636922240257
-0.01499921828508377
0.02400135062634945
-0.008956601843237877
0.012143773026764393
0.002883089240640402
0.010758329182863235
-0.03064887970685959
-0.0037920833565294743
0.02103533037006855
-0.0021074358373880386
-0.01415364257991314
0.018134353682398796
0.008605362847447395
-0.00978916883468628
-0.0003831516660284251
0.010498152114450932
-0.0020407652482390404
-0.007629697676748037
0.018017275258898735
0.005840979050844908
-0.003704273607581854
-0.003027812810614705
-0.03184569627046585
-0.005499496590346098
0.025809582322835922
-0.014283730648458004
-0.03293843939900398
0.006953237112611532
-0.0007508553098887205
0.013301561586558819
0.04488057643175125
0.008553327061235905
0.0042083668522536755
0.012878773733973503
0.008228105492889881
0.027500735595822334
-0.0009122464689426124
-0.0021741061937063932
0.010368063114583492
-0.008501291275024414
0.0016846476355567575
-0.02141258679330349
0.03158551827073097
0.018537629395723343
-0.02385825291275978
-0.003707525786012411
0.008833017200231552
0.008410229347646236
-0.0006764608551748097
-0.002284681424498558
0.016039926558732986
0.01408859807997942
-0.026668168604373932
0.009971292689442635
0.027500735595822334
-0.006387351546436548
-0.012280366383492947
0.00798744149506092
-0.026381973177194595
-0.015454528853297234
-0.012898286804556847
0.002478188369423151
-0.004566110670566559
0.0007902883808128536
-0.0009081811876967549
-0.020762143656611443
0.013425146229565144
0.04711810126900673
-0.005893014837056398
-0.0022293939255177975
-0.01745789311826229
-0.0116299232468009
-0.004592128563672304
-0.004556354135274887
-0.03049277327954769
-0.005909275729209185
0.01101850625127554
-0.005558036267757416
-0.018303468823432922
0.005053943023085594
-0.01407558936625719
0.02042391337454319
0.010140408761799335
0.009594036266207695
0.01994258537888527
-0.013067401945590973
0.008767973631620407
-0.005759673658758402
-0.024274537339806557
-0.02202400378882885
-0.03176764398813248
0.0039124153554439545
-0.006341820582747459
0.005190535914152861
-0.003652238054201007
0.012228330597281456
0.019162055104970932
0.0027188523672521114
-0.007792308460921049
-0.018511611968278885
-0.02314276620745659
0.025523388758301735
0.014166651293635368
-0.024391617625951767
-0.04316340759396553
-0.009698106907308102
0.015532582066953182
-0.0029172373469918966
0.01806931011378765
-0.01905798353254795
-0.002167601604014635
-0.04243490844964981
0.0053889211267232895
-0.009060672484338284
-0.01770506240427494
-0.020449932664632797
-0.021867897361516953
-0.025029052048921585
-0.02004665695130825
-0.007551644463092089
0.018355505540966988
-0.0018261190271005034
0.024066396057605743
-0.04056163504719734
-0.008189079351723194
0.007753281854093075
0.020736126229166985
-0.018160371109843254
-0.05169722065329552
-0.001670012716203928
0.014231695793569088
-0.007896379567682743
0.018238425254821777
0.016274087131023407
0.007603680249303579
0.009782664477825165
-0.010491647757589817
-0.019292142242193222
0.0008992376388050616
-0.007050803396850824
0.003492879681289196
-0.026850292459130287
0.005369408056139946
0.023689137771725655
-0.0021562189795076847
0.02113940194249153
-0.005099473986774683
-0.00013994690380059183
0.010634745471179485
0.0007244310108944774
-0.001520410762168467
-0.003011551685631275
0.02692834474146366
-0.010927444323897362
-0.009958283975720406
0.009795673191547394
-0.001574885449372232
-0.0026554339565336704
0.029426047578454018
0.019031966105103493
-0.0002664784260559827
0.028073124587535858
0.00679062632843852
0.004897836595773697
-0.0056946296244859695
0.0024163962807506323
-0.0240924134850502
0.04469845071434975
0.0041953581385314465
-0.006940227933228016
-0.019344178959727287
-0.0040782783180475235
-0.02003364823758602
-0.019513294100761414
0.02522418461740017
-0.003574185073375702
0.008215096779167652
-0.00673859054222703
0.0016301730647683144
0.004088034853339195
-0.0036847603041678667
0.02708445116877556
0.01242996845394373
-0.013568243943154812
0.016065945848822594
0.016794441267848015
-0.007675228640437126
0.025276219472289085
-0.0005065326113253832
0.014673996716737747
0.010966471396386623
0.004624650813639164
0.035149946808815
0.024157457053661346
0.019617363810539246
0.006133678834885359
-0.008462265133857727
0.03754357621073723
0.012696649879217148
0.026629140600562096
0.02016373723745346
0.007499609142541885
-0.01597488299012184
0.012098242528736591
0.0041010440327227116
0.008696424774825573
-0.01352921687066555
-0.014348775148391724
-0.014322757720947266
0.005278346128761768
0.01304788887500763
-0.026394981890916824
-0.014426828362047672
0.007805317640304565
-0.017145680263638496
0.005158014129847288
-0.006445891223847866
0.018784796819090843
0.0195523202419281
0.008904566057026386
0.033406760543584824
-0.007785804104059935
0.019864533096551895
-0.017770105972886086
0.0009496469865553081
0.00990624912083149
-0.009990806691348553
-0.015415501780807972
-0.02571852132678032
-0.021698782220482826
-0.00312212691642344
-0.011116072535514832
0.0007102026138454676
0.023949315771460533
0.00824111420661211
0.014673996716737747
-0.0017334308940917253
0.021802853792905807
-0.003263598307967186
-0.035748355090618134
-0.034629590809345245
0.013243022374808788
0.020892232656478882
0.010706293396651745
-0.003541662823408842
-0.0005069391336292028
-0.007603680249303579
-0.026512062177062035
-0.014986209571361542
-0.002535102190449834
-0.02532825618982315
-0.0004187227750662714
-0.00341157428920269
-0.007154874503612518
0.0002514369261916727
0.013711340725421906
0.007148370146751404
0.009646071121096611
-0.0017659530276432633
0.008299654349684715
-0.009899744763970375
-0.026512062177062035
-0.011727489531040192
0.0310131274163723
0.029842330142855644
-0.03223596140742302
-0.010842886753380299
0.0017935968935489655
-0.03551419451832771
0.027266575023531914
-0.021464623510837555
0.0007289028144441545
0.00830615870654583
0.0022863075137138367
0.00673859054222703
0.028827639296650887
0.011337223462760448
0.0175749734044075
-0.011747002601623535
-0.002648929599672556
-0.013262535445392132
0.014491872861981392
0.0015277282800525427
0.013386119157075882
0.001583016011863947
0.00677111279219389
0.010849391110241413
-0.0039351810701191425
0.0029302462935447693
-0.009197265841066837
-0.03824605420231819
0.01783515140414238
-0.0053206249140203
0.013002358376979828
-0.0025968942791223526
-0.0013854438439011574
0.0032766072545200586
-0.009437929838895798
0.023077722638845444
0.0024147701915353537
-0.004201862495392561
0.011896604672074318
0.008475273847579956
0.0038115966599434614
-0.0017822141526266932
0.020358869805932045
0.01470001507550478
0.04037950932979584
0.004088034853339195
0.03702322393655777
0.046311549842357635
-0.004735225811600685
-0.005333633627742529
-0.020957278087735176
-0.005011664237827063
0.01734081283211708
0.00593529362231493
-0.01414063386619091
0.003590445965528488
-0.0096525764092803
0.041628360748291016
0.015220369212329388
0.0047742524184286594
0.010543682612478733
0.014439837075769901
0.015909839421510696
-0.008728946559131145
0.008163060992956161
-0.028853656724095345
0.0167424064129591
-0.013854438439011574
-0.014752049930393696
-0.006049121264368296
0.01562364399433136
0.0339791476726532
-0.0057889437302947044
0.0059775724075734615
0.026147814467549324
0.003658742643892765
-0.007343502715229988
0.015701696276664734
-0.010075364261865616
-0.009320849552750587
0.0004362034087534994
-0.025159139186143875
0.01845957525074482
-0.02215409278869629
-0.006933723576366901
-0.018121344968676567
-0.006078390870243311
0.00034310875344090164
-0.01236492395401001
0.01199417095631361
-0.0026424252428114414
-0.03816800191998482
-0.028853656724095345
-0.006182461977005005
0.003081474220380187
0.002526971511542797
-0.003369295271113515
-0.0028440626338124275
0.00966558512300253
0.026980381458997726
-0.005821465980261564
-0.016170015558600426
-0.024313563480973244
-0.009678593836724758
-0.008345184847712517
0.022934624925255775
0.0016927781980484724
-0.014869130216538906
0.01456992607563734
0.02521117590367794
-0.0012992601841688156
-0.013451163657009602
0.01956532895565033
0.007226422894746065
-0.014608952216804028
0.005158014129847288
0.002522093243896961
0.00041384444921277463
0.008182574063539505
-0.005327129270881414
-0.012091737240552902
-0.022219136357307434
-0.004875071346759796
-0.01033554133027792
-0.007219918537884951
0.023923298344016075
-0.013971518725156784
0.00701177679002285
-0.02202400378882885
-0.03632074221968651
0.018914885818958282
0.013360101729631424
0.005405182484537363
-0.012716162949800491
0.012638109736144543
0.002110688015818596
-0.0022131328005343676
0.04514075443148613
-0.003740048035979271
0.008215096779167652
-0.0003313194611109793
-0.031299322843551636
0.012820233590900898
0.016703380271792412
-0.012839747592806816
0.0024391617625951767
0.009099699556827545
-0.008527309633791447
-0.03962499648332596
0.014869130216538906
-0.0032213195227086544
0.041784465312957764
0.012683641165494919
-0.048288896679878235
-0.03616463765501976
-0.012813729234039783
-0.034265343099832535
0.009138725697994232
0.022076040506362915
-0.01328855287283659
0.0030261867213994265
0.013932491652667522
-0.005317372735589743
-0.024755865335464478
0.05354447662830353
-0.029608171433210373
-0.008260627277195454
-0.0029123590793460608
-0.01771807111799717
0.031299322843551636
-0.005912527907639742
0.004910845775157213
-0.00022155718761496246
0.025887636467814445
-0.02055400237441063
-0.019630374386906624
-0.006062129978090525
0.010263992473483086
-0.005587306339293718
0.014335766434669495
0.010088372975587845
-1.718846760923043e-05
-0.005145004950463772
-4.725875987787731e-05
-0.020215772092342377
-0.0018895373214036226
-0.006592241115868092
0.0007390659884549677
-0.038194019347429276
0.04259101673960686
0.01847258396446705
-0.004296177066862583
0.01957833766937256
-0.013607270084321499
-0.009620053693652153
0.03439543396234512
-0.009099699556827545
-0.03382304310798645
0.008793991059064865
-0.0130348801612854
-0.004013234283775091
-0.007889875210821629
0.004462040029466152
0.029946401715278625
-0.0232598464936018
0.009450938552618027
0.03559224680066109
-0.004614893812686205
-0.004751487169414759
0.0007557335775345564
0.044100042432546616
-0.028983745723962784
-0.010452620685100555
-0.012319392524659634
0.0015537460567429662
0.011590896174311638
-0.016937538981437683
-0.028931710869073868
0.006280028261244297
0.020501967519521713
-0.005665359552949667
-0.012514526024460793
-0.00390591099858284
0.01685948669910431
-0.018498603254556656
0.0179782472550869
0.012865765020251274
-0.011851074174046516
0.017822140827775
-0.011161603964865208
-0.013301561586558819
-0.002891219686716795
0.015233377926051617
-0.00806549470871687
0.008806999772787094
-0.0034018175210803747
0.00040164863457903266
0.022778518497943878
-0.002946507418528199
0.020827189087867737
0.01966940052807331
-0.015415501780807972
0.023220820352435112
0.010992488823831081
0.029113834723830223
0.029608171433210373
-0.008663902059197426
-0.045713141560554504
0.0024895709939301014
0.010686780326068401
-0.003824605606496334
0.03900057077407837
-0.004413256421685219
0.013145455159246922
-0.034733664244413376
0.026173831894993782
0.034135255962610245
-0.03668499365448952
-0.005863744765520096
0.00035367844975553453
0.008085007779300213
-0.0053206249140203
-0.033875077962875366
0.016820458695292473
-0.020228780806064606
0.028333302587270737
-0.012651118449866772
0.02499002404510975
-0.030909057706594467
-0.016872495412826538
-0.01354222558438778
0.06233846768736839
-0.005310867913067341
0.014322757720947266
-0.001678143278695643
0.010185939259827137
-0.030961092561483383
-0.01395850908011198
-0.008592354133725166
-0.025055069476366043
0.003834362141788006
0.011304701678454876
0.0023887522984296083
-0.001601716154254973
0.005109230522066355
-0.0334848128259182
0.009873726405203342
-0.0169895738363266
-0.016326121985912323
0.02593967132270336
0.002042391337454319
-0.002795279258862138
0.01708063669502735
-0.006946732755750418
-0.02212807536125183
0.009437929838895798
0.01796523854136467
-0.018758779391646385
0.008904566057026386
0.008150052279233932
-0.012280366383492947
0.028515426442027092
-0.050864651799201965
-0.01358125265687704
-0.011090055108070374
-0.02618684060871601
-0.010198947973549366
-0.020606039091944695
0.008898061700165272
-0.020697100088000298
-0.01464797928929329
0.015376475639641285
0.009151734411716461
0.014179660007357597
0.006250758655369282
0.002260289853438735
0.0058117094449698925
0.026030734181404114
-0.02913985215127468
-0.0160009004175663
-0.00544095691293478
0.007415051572024822
0.00891757570207119
0.022102057933807373
0.002850566990673542
-0.010159921832382679
0.014843111857771873
-0.008423238061368465
-0.032053835690021515
-0.0024115177802741528
0.021373560652136803
-0.005379164591431618
-0.014752049930393696
0.00040794978849589825
0.02348099648952484
0.0013667435850948095
0.0014911408070474863
-4.448929394129664e-05
0.0006699564401060343
-0.02163373865187168
-0.0031237530056387186
-0.030440738424658775
0.0024554228875786066
-0.0371272936463356
0.019214089959859848
-0.003492879681289196
-0.0035188973415642977
-0.005427947733551264
-0.026225866749882698
0.0007597988587804139
-0.0045400927774608135
0.019617363810539246
-0.05055243894457817
-0.004462040029466152
-0.01456992607563734
-0.011642931960523129
-0.01933117024600506
0.004315690137445927
-0.0057076383382081985
-0.016924530267715454
-0.026720203459262848
-0.009613549336791039
-0.016430193558335304
0.0185636468231678
-0.008345184847712517
-0.00550925312563777
-0.012820233590900898
-0.018160371109843254
-0.03686711564660072
0.0015317935030907393
-0.027266575023531914
0.036711011081933975
0.028125161305069923
-0.02560144104063511
-0.017653025686740875
-0.003740048035979271
-0.02484692819416523
0.0059775724075734615
0.013060897588729858
0.030778968706727028
-0.0005227936781011522
0.007115847896784544
0.015519573353230953
0.028749587014317513
0.016391167417168617
0.026355955749750137
-0.023428961634635925
-0.01611798070371151
-0.014934173785150051
-0.006026355549693108
-0.013490190729498863
-0.010706293396651745
-0.031559500843286514
-0.026746220886707306
0.03668499365448952
-0.012664128094911575
0.007831335067749023
-0.01292430516332388
-0.02557542361319065
-0.016065945848822594
-0.0052458238787949085
0.01309992466121912
0.0025302236899733543
-0.007356511894613504
0.004790513776242733
-0.03064887970685959
0.010862399823963642
0.0003510360256768763
0.01512930728495121
-0.029842330142855644
-0.0032245717011392117
0.02448267862200737
-0.024014359340071678
0.0034668617881834507
-0.006745095364749432
0.0007602053810842335
0.0028164186514914036
-0.028931710869073868
0.01931816153228283
-0.01563665270805359
-0.004156331531703472
-6.524757918668911e-05
0.011467312462627888
-0.011090055108070374
-0.0160009004175663
0.00417909724637866
-0.028255248442292213
0.014556917361915112
-0.0012073850957676768
0.0054116868413984776
0.023819226771593094
0.002369238995015621
-0.019968604668974876
-0.023181792348623276
-0.032782334834337234
-0.016950547695159912
0.007623193319886923
-0.015441520139575005
0.015805767849087715
0.02682427503168583
-0.02435259148478508
-0.009704611264169216
-0.00544095691293478
-0.009203770197927952
-0.016924530267715454
-0.019955595955252647
0.005444209091365337
-0.023546041920781136
-0.010732311755418777
-0.005037682130932808
-0.02349400520324707
0.024300554767251015
0.003190423594787717
0.010452620685100555
-0.03507189452648163
0.017041610553860664
0.20220975577831268
-0.020944269374012947
-0.013138950802385807
0.0070182811468839645
0.0007667098543606699
0.01588382199406624
0.04181048274040222
-0.014270721934735775
-0.009307840839028358
0.009685098193585873
0.026980381458997726
-0.025185158476233482
-0.014491872861981392
0.007603680249303579
-0.009268814697861671
-0.009249301627278328
-0.03137737512588501
0.009685098193585873
0.014296740293502808
0.003440844127908349
0.02052798494696617
-0.002902602544054389
0.007655715569853783
-0.0034831229131668806
0.030414720997214317
0.007486600428819656
0.0007195526850409806
-0.0034180786460638046
0.026355955749750137
0.0049758898094296455
-0.023077722638845444
0.016326121985912323
-0.0022505333181470633
0.002001738641411066
-0.011864082887768745
0.010953462682664394
0.02349400520324707
-0.009145230054855347
0.027500735595822334
0.018147362396121025
0.023689137771725655
-0.02596568875014782
0.0188108142465353
-0.010621735826134682
-0.01969541795551777
0.06389953196048737
0.014895147643983364
-0.012007179670035839
0.009945275261998177
0.015025235712528229
-0.042018625885248184
0.020736126229166985
0.007057307753711939
0.016781432554125786
-0.024287546053528786
0.010933948680758476
0.030310649424791336
0.005610072053968906
0.023051705211400986
0.017444884404540062
-0.018719753250479698
0.025146130472421646
-0.013236518017947674
0.05422093719244003
-0.03920871019363403
0.0010968097485601902
-0.02077515423297882
-0.011590896174311638
-0.004738477990031242
0.015012226998806
0.0009886735351756215
-0.00654996233060956
-0.017054619267582893
0.0026993390638381243
-0.0254843607544899
-0.022466305643320084
0.026876309886574745
0.01512930728495121
0.008833017200231552
0.022856570780277252
-0.008488282561302185
-0.01847258396446705
-0.018056301400065422
0.007336998358368874
-0.011532356962561607
-0.02176382765173912
0.014101606793701649
0.008859035558998585
0.003102613613009453
-0.03280835226178169
-0.015350457280874252
0.009834700264036655
0.004881575703620911
-0.03176764398813248
-0.012475498951971531
0.013516208156943321
0.00482628820464015
-0.0012073850957676768
-0.01231288816779852
0.004588876385241747
-0.01845957525074482
0.045713141560554504
0.009262310341000557
0.004897836595773697
-0.01285926066339016
0.009015141986310482
-0.013138950802385807
-0.0001646434102440253
0.007603680249303579
-0.03551419451832771
0.006985759362578392
-0.035878442227840424
0.0007663033320568502
-0.012904791161417961
-0.007499609142541885
0.011851074174046516
0.00578243937343359
-0.021204445511102676
0.019097009673714638
-0.0004390491230878979
0.009353372268378735
-0.011779525317251682
-0.013620278798043728
0.016339130699634552
-0.022518340498209
-0.017054619267582893
-0.03213189169764519
0.009392398409545422
-0.01316496916115284
-0.008338680490851402
0.010296514257788658
-0.024326572194695473
0.04230482131242752
0.03429136052727699
-0.013386119157075882
-0.011681958101689816
-0.00697925454005599
-0.003671751357614994
-0.009854213334619999
0.02583560161292553
0.020593028515577316
-0.015285413712263107
-0.0005280785262584686
0.017561964690685272
-0.002224515425041318
-0.015298422425985336
0.009366380982100964
0.009502974338829517
-0.017418866977095604
-0.020879223942756653
0.005206797271966934
-0.032652243971824646
0.0006980067701078951
-0.011961649172008038
-0.00031546491663903
0.010654258541762829
-0.029061798006296158
-0.013516208156943321
0.009574523195624352
-0.016534265130758286
-0.022466305643320084
0.007805317640304565
0.0076882378198206425
0.015363466925919056
-0.006475161295384169
0.0011268927482888103
-0.16193431615829468
0.0004992150934413075
0.021958960220217705
-0.024664802476763725
0.005844231694936752
-0.011571383103728294
0.02989436686038971
0.028125161305069923
-0.0005166957853361964
-0.016261078417301178
-0.0044783009216189384
0.003990468569099903
-0.011812047101557255
-0.02005966566503048
0.006624763365834951
-0.009424921125173569
-0.038428179919719696
0.011948640458285809
0.04735225811600685
0.011909613385796547
-0.009210274554789066
-0.005027925129979849
-0.0054799835197627544
0.011278683319687843
0.012377932667732239
0.02003364823758602
-0.025146130472421646
-0.020124711096286774
0.027006398886442184
-0.005753169301897287
0.009021646343171597
-0.008267132565379143
0.029556134715676308
0.0012472247472032905
0.0025416065473109484
0.005281598307192326
-0.008553327061235905
-0.006628015544265509
-0.01979948952794075
0.01806931011378765
0.0020667831413447857
0.026043742895126343
0.007525627035647631
-0.020723117515444756
0.017249751836061478
-0.003538410644978285
0.03025861456990242
-0.0068036350421607494
0.014595943503081799
-0.00794191099703312
0.014765058644115925
-0.005171022843569517
0.002834305865690112
0.010888418182730675
0.019005948677659035
0.007636202499270439
0.0015228500124067068
-0.003279859432950616
0.011389259248971939
0.011226648464798927
-0.009860717691481113
-0.0038115966599434614
-0.0031595274340361357
0.018394531682133675
0.02411843091249466
-0.03247012197971344
0.004510823171585798
0.0045270840637385845
-0.04050959646701813
0.005340137984603643
-0.024404626339673996
-0.011051028966903687
-0.002135079586878419
-0.02129550836980343
0.01119412574917078
0.012468994595110416
0.0017805880634114146
0.02067108266055584
0.013841429725289345
-0.00341157428920269
-0.03554021194577217
0.026499053463339806
-0.01499921828508377
-0.022908607497811317
-0.008761469274759293
0.00867040641605854
0.015285413712263107
0.01284625194966793
0.010862399823963642
0.014309749007225037
0.020866215229034424
-0.032548174262046814
-0.004406752064824104
-0.0160009004175663
0.0052230581641197205
0.0280471071600914
-0.0014838234055787325
0.015818776562809944
0.007512617856264114
-0.009457442909479141
0.015545590780675411
0.019968604668974876
-0.01796523854136467
-0.0010927444091066718
0.02571852132678032
-0.0037530567497015
-0.004966133274137974
0.023064713925123215
0.012267357669770718
0.010062355548143387
-0.039807118475437164
0.004162835888564587
0.007356511894613504
0.020202763378620148
0.013867447152733803
0.01456992607563734
0.010211956687271595
-0.004166088066995144
0.01795222982764244
0.0009333858615718782
0.0722772404551506
-0.006888192612677813
-0.02214108407497406
0.02916586957871914
-0.03181967884302139
-0.04477650299668312
-0.11541462689638138
-0.04795066639780998
0.0346556082367897
0.027604805305600166
0.031793661415576935
0.007616688963025808
-0.0053206249140203
0.005265336949378252
-0.008267132565379143
0.019031966105103493
-0.04222676903009415
-0.034031182527542114
-0.005431199911981821
0.00590277137234807
-0.01857665553689003
0.020892232656478882
-0.017015591263771057
-0.010790851898491383
-0.017679044976830482
0.03559224680066109
0.007649211212992668
0.016157006844878197
0.0084947869181633
-0.003853875445201993
-0.015298422425985336
-0.002309072995558381
-0.02926994115114212
-0.004849053453654051
0.005314120557159185
-0.01021846104413271
-0.018862850964069366
-0.017913203686475754
0.0065434579737484455
-0.013919482938945293
0.035254016518592834
-0.018420549109578133
-0.012547047808766365
-0.009581027552485466
0.028515426442027092
-0.017939221113920212
-0.002640799153596163
0.013711340725421906
0.01769205369055271
0.00027826768928207457
0.01550656370818615
-0.039052605628967285
-0.0014472359325736761
0.008514300920069218
-0.005587306339293718
-0.028879674151539803
-0.027110468596220016
-0.012917800806462765
-0.03658092021942139
0.0007293093367479742
0.01601390913128853
-0.0004666929307859391
0.005450713448226452
-2.0898025468341075e-05
-0.008286645635962486
-0.039911191910505295
-0.007564653642475605
-0.003603454912081361
-0.017548955976963043
0.035618264228105545
0.013008862733840942
-0.005066951736807823
-0.017913203686475754
-0.019955595955252647
0.01609196327626705
0.01672939769923687
0.0005646659410558641
-0.00798744149506092
0.010185939259827137
-0.00728496303781867
-0.0232598464936018
0.020762143656611443
-0.017132671549916267
0.004858809988945723
-0.00012439725105650723
0.0010642876150086522
-0.009236291982233524
0.004959628917276859
-0.0037335434462875128
-0.02765684202313423
0.021464623510837555
0.011786029674112797
0.020371878519654274
-0.00898912362754345
0.0027562526520341635
-0.011857578530907631
-0.01464797928929329
0.010959967039525509
-0.0066865552216768265
0.0015756984939798713
0.0017122915014624596
-0.007363016251474619
-0.0004431143752299249
0.008663902059197426
0.007675228640437126
0.025302236899733543
-0.026720203459262848
-0.02729259431362152
-0.05453315004706383
0.007063812110573053
0.026160823181271553
-0.011812047101557255
-0.002801783848553896
0.0027643833309412003
0.04467243328690529
0.022453296929597855
0.025809582322835922
0.0005862118559889495
-0.018849842250347137
0.004738477990031242
-0.017613999545574188
-0.017379840835928917
-0.02618684060871601
-0.033875077962875366
0.041654378175735474
-0.00013080005010124296
0.010777842253446579
0.0075711579993367195
0.011408772319555283
0.021308517083525658
0.029556134715676308
0.026238875463604927
0.005912527907639742
0.012644614093005657
-0.006436134688556194
-0.0029692729003727436
-0.005278346128761768
0.02521117590367794
-0.008267132565379143
-0.024937989190220833
-0.011733993887901306
0.006875183898955584
-0.015545590780675411
0.003008299507200718
0.010758329182863235
0.017028601840138435
0.017783114686608315
0.06452395766973495
-0.020957278087735176
-0.013295057229697704
0.021373560652136803
-0.024794891476631165
-0.013171473518013954
0.016638334840536118
-0.011486825533211231
-0.005798700265586376
0.002883089240640402
0.001218767836689949
0.02940003015100956
0.02619984932243824
-0.019487276673316956
0.000527672003954649
-0.013685323297977448
0.005447461269795895
0.0009081811876967549
0.017002582550048828
-0.005795448087155819
-0.014817094430327415
0.030596844851970673
-0.02420949377119541
0.005427947733551264
0.008898061700165272
-0.010042841546237469
-0.004523831885308027
0.00016931847494561225
0.0007606119033880532
0.008898061700165272
-0.0044783009216189384
-0.015337448567152023
0.01646921969950199
0.017535947263240814
0.009990806691348553
0.02841135486960411
0.007213414181023836
-0.007493104785680771
-0.002920489525422454
-0.004234384745359421
0.04149826988577843
0.0160009004175663
0.002390378387644887
-0.025055069476366043
0.030206577852368355
0.017548955976963043
0.007382529322057962
-0.0003658742643892765
0.006045868620276451
-0.014049571938812733
0.004351464565843344
-0.004305933602154255
0.01284625194966793
-0.00017612779629416764
0.008507795631885529
-0.006530448794364929
0.013347093015909195
0.01499921828508377
-0.020397895947098732
0.01966940052807331
0.0231037400662899
0.02446966990828514
-0.008397220633924007
0.02016373723745346
-0.026251884177327156
-0.015220369212329388
0.00596781587228179
-0.02422250248491764
-0.03632074221968651
-0.010602222755551338
0.01451789028942585
0.014101606793701649
-0.01721072569489479
0.02077515423297882
-0.012677136808633804
-0.03309454768896103
0.004426265601068735
0.011012001894414425
-0.03358888253569603
-0.022076040506362915
0.002227767603471875
-0.004943367559462786
0.020475950092077255
0.01408859807997942
0.008312663063406944
0.015285413712263107
0.025068078190088272
0.04251296445727348
-0.006325559224933386
0.0031806668266654015
0.015350457280874252
-0.011701472103595734
0.009099699556827545
-0.0430593341588974
-0.018771788105368614
-0.009418416768312454
-0.020736126229166985
0.0280471071600914
0.009398902766406536
-0.015415501780807972
0.08424539119005203
-0.015246386639773846
-0.024014359340071678
-0.006153191905468702
-0.015181342139840126
0.0023188297636806965
-0.024014359340071678
0.0018326235003769398
-0.020892232656478882
-0.002369238995015621
0.023298872634768486
-0.008221601136028767
0.0169895738363266
-0.015259395353496075
-0.011408772319555283
-0.003512392984703183
-0.012677136808633804
0.023780200630426407
0.0010894922306761146
0.013132446445524693
0.048887304961681366
0.000779312162194401
-0.009262310341000557
-0.0030798481311649084
-0.007323989644646645
0.01456992607563734
0.021984977647662163
-0.008410229347646236
-0.017002582550048828
-0.042148713022470474
-0.0032457110937684774
0.002522093243896961
-0.052451733499765396
-0.03012852557003498
0.0020456435158848763
-0.03874039277434349
-0.008156556636095047
-0.01957833766937256
-0.010452620685100555
0.020371878519654274
-0.015259395353496075
0.017496919259428978
-0.028957728296518326
-0.042981281876564026
-0.03725738078355789
0.009971292689442635
-0.008579344488680363
0.003068465506657958
-0.01917506381869316
