-0.03465118259191513
-0.015426192432641983
0.010356852784752846
-0.016080714762210846
-0.032392438501119614
0.01800578087568283
-0.045405879616737366
-0.015246519818902016
0.00257637957111001
-0.026796912774443626
-0.0008041159599088132
0.0022443055640906096
-0.0035196617245674133
0.021907247602939606
-0.00011389971768949181
0.005605149548500776
0.037910960614681244
0.008027523756027222
-0.0023245166521519423
-0.008284199051558971
-0.0053580994717776775
-0.02601405419409275
0.01393747515976429
-0.02007201686501503
-0.03495919331908226
0.020149020478129387
0.034574177116155624
-0.020521199330687523
0.0008775090682320297
-0.006359133403748274
0.011069127358496189
-0.008553707972168922
-0.0054511441849172115
-0.006063956767320633
-0.009253148920834064
-0.008399702608585358
0.0017726646037772298
0.0239093154668808
0.03311112895607948
0.0017598308622837067
0.016799405217170715
0.009490573778748512
0.009137644432485104
-0.002111155306920409
-0.007758014369755983
0.014604831114411354
-0.023139288648962975
-0.02654023841023445
-0.036037229001522064
0.021252725273370743
0.004318563733249903
0.02141956426203251
-0.02144523151218891
0.0050083789974451065
-0.017299922183156013
-0.006388009525835514
0.0008951555355452001
0.009278816170990467
0.018352292478084564
-0.009034974500536919
-0.011755733750760555
-0.014848672784864902
-0.03506186231970787
-0.002156073460355401
0.009907671250402927
0.02539803273975849
-0.00428968807682395
0.006615808699280024
-0.003149086609482765
0.01305194478482008
0.014322488568723202
0.012622013688087463
-0.007052157074213028
-0.010741866193711758
0.04027237370610237
-0.006545223295688629
-0.0025122107472270727
-0.03544687479734421
0.01863463595509529
-0.002034152625128627
0.0046394080854952335
0.0026052554603666067
-0.024474000558257103
0.011935406364500523
0.007212579250335693
-0.016581231728196144
0.006975154392421246
0.010619944892823696
0.0233959648758173
-0.010286266915500164
-0.015208018012344837
0.01809561625123024
0.013770636171102524
0.010311935096979141
-0.036370906978845596
0.0020678413566201925
-0.023010950535535812
0.022959616035223007
-0.04191509634256363
-0.01335995551198721
-0.019802508875727654
0.0025218359660357237
-0.035729218274354935
-0.0011839153012260795
-0.025231193751096725
-0.007064990699291229
-0.012570678256452084
0.0038533397018909454
0.02120138891041279
-0.03857831656932831
-0.012025243602693081
0.022292260080575943
-0.015836874023079872
-0.0014919257955625653
0.005848991218954325
-0.015618698671460152
0.010151512920856476
-0.0063655502162873745
0.002895619487389922
-0.018454961478710175
0.025847215205430984
0.00020614244567696005
0.013821970671415329
0.018390793353319168
0.019096650183200836
0.0005602742894552648
-0.02538519911468029
0.007392251864075661
-0.002454458735883236
-0.010068093426525593
-0.012211333028972149
-0.022292260080575943
-0.018865643069148064
-0.02579587884247303
-0.010106594301760197
-0.014951342716813087
0.0016988704446703196
0.006750563625246286
-0.020559700205922127
-0.02099604904651642
0.0027592608239501715
0.0171587523072958
-0.012179248034954071
-0.03975902125239372
-0.004180600866675377
0.024589505046606064
0.015978043898940086
0.012686182744801044
-0.0005638838047161698
0.00027392079937271774
0.013513960875570774
-0.02797762118279934
0.009689496830105782
-0.005361307878047228
0.008200779557228088
-0.00021877569088246673
-0.0009144061477854848
0.030826717615127563
-0.009997507557272911
-0.012211333028972149
-0.005316389724612236
-0.02974868007004261
0.010151512920856476
0.0013130551669746637
-0.0035774135030806065
0.013295786455273628
0.010735449381172657
0.003760294755920768
0.012512926943600178
0.002358205383643508
0.0406060516834259
0.024294327944517136
-0.02027735859155655
0.009214647114276886
-0.012455174699425697
0.03108339197933674
0.014989844523370266
-0.0004100790829397738
-0.011146130040287971
0.008053191006183624
-0.008649961091578007
0.015670035034418106
0.024268660694360733
0.013526794500648975
-0.003760294755920768
0.014591997489333153
-0.0003998521715402603
-0.021766075864434242
-0.003429825184866786
-0.006471429020166397
0.020983215421438217
0.004604115150868893
-0.025013018399477005
0.003599872812628746
-0.6316268444061279
-0.0011622583260759711
0.006086415611207485
-0.023229125887155533
0.021291226148605347
0.002938933437690139
-0.001512780785560608
0.0014060999965295196
-0.0006035882979631424
-0.021393895149230957
0.0012456778204068542
0.014181316830217838
-0.013449791818857193
-0.027002254500985146
-0.0071676610969007015
-0.015554530546069145
0.017851775512099266
-0.017761938273906708
-0.000545034185051918
-0.018262455239892006
-0.03565221652388573
0.020341526716947556
0.002213825471699238
0.022702939808368683
-0.005634025204926729
-0.012044494040310383
-0.00879754964262247
0.012942858040332794
0.009766499511897564
0.009221063926815987
-0.005512104369699955
0.03673025220632553
0.03049303963780403
0.03382981941103935
0.06211544945836067
0.018223954364657402
-0.04879399761557579
0.03370148316025734
0.0022218464873731136
0.01663256622850895
-0.005313181318342686
-0.016465727239847183
0.03442017361521721
-0.0008001053938642144
0.03028769977390766
0.005492853932082653
0.021971415728330612
-0.02713059075176716
0.01171081606298685
0.037294939160346985
0.003741044085472822
-0.03164807707071304
0.0234087985008955
0.003728210460394621
-0.0119546577334404
-0.0027576563879847527
0.004963460844010115
0.0077965157106518745
0.002515419153496623
0.019006814807653427
-0.012833770364522934
0.004308938514441252
-0.006994405295699835
-0.03524153307080269
-0.02121422253549099
-0.0020181103609502316
-0.006509930361062288
-0.019532999023795128
0.0036736668553203344
-0.01663256622850895
0.018596133217215538
0.032418105751276016
-0.005159175954759121
-0.002990268636494875
0.012307586148381233
0.01590104214847088
0.036986928433179855
0.012897939421236515
-0.01746676117181778
0.009753665886819363
-0.016619732603430748
-0.006474637426435947
-0.0020084851421415806
-0.0019940470810979605
0.04407116770744324
-0.028798982501029968
-0.0051014237105846405
-0.001220010337419808
0.0036640416365116835
0.00904139131307602
0.008553707972168922
0.0030785007402300835
0.026168059557676315
-0.011165380477905273
0.02569320984184742
0.03878365457057953
-0.008207196369767189
-0.017222920432686806
0.01190973911434412
-0.01800578087568283
-0.006070373579859734
-0.02349863387644291
0.012942858040332794
-0.0031218146905303
0.006115291733294725
0.0004166965081822127
-0.014168483205139637
0.005338848568499088
0.030621377751231194
-0.0027079256251454353
0.0011855196207761765
-0.03459984436631203
-0.01216641440987587
0.021188555285334587
-0.00935581885278225
-0.02621939405798912
-0.0030929388012737036
0.006436136085540056
0.012288335710763931
-0.012718266807496548
0.014604831114411354
-0.017133083194494247
0.024820512160658836
0.000292970915324986
-0.014874340035021305
0.023113621398806572
-0.021676238626241684
-0.00027111341478303075
0.0030448120087385178
-0.023344628512859344
-0.0028394716791808605
-0.008175112307071686
0.018249621614813805
-0.005823323503136635
0.02892731875181198
0.013719300739467144
0.018852809444069862
-0.0029934770427644253
0.00043113448191434145
-0.013667966239154339
-0.023768143728375435
-0.03819330036640167
0.023434465751051903
-0.010934372432529926
-0.036678917706012726
-0.031365737318992615
-0.024615172296762466
0.010741866193711758
0.006115291733294725
0.015118181705474854
-0.01964850351214409
-0.0069174026139080524
-0.05698194354772568
-0.01253217738121748
-0.014977010898292065
-0.01570853590965271
-0.016914909705519676
-0.015323522500693798
-0.016491396352648735
-0.02132972702383995
-0.0012023638701066375
0.000634068506769836
-0.018429294228553772
0.011672314256429672
-0.03868098556995392
-0.004709993954747915
0.010267016477882862
0.0007624062127433717
-0.02266443893313408
-0.051951102912425995
0.007514172699302435
0.01342412456870079
-0.011941824108362198
0.009702330455183983
0.024191657081246376
-0.011268050409853458
0.010517274960875511
0.0006392822251655161
-0.010793201625347137
-0.012333253398537636
-0.015413358807563782
0.030852384865283966
-0.03724360466003418
-0.004517487250268459
0.009317317977547646
0.01642722636461258
0.012500092387199402
0.008451038040220737
-0.005723861977458
0.0033720731735229492
-0.006622225511819124
0.004209476988762617
-0.01103062555193901
0.011499058455228806
-0.0032373187132179737
0.006731312721967697
-0.0037314188666641712
-0.021265558898448944
0.009342985227704048
0.021381061524152756
0.049564022570848465
0.002525044372305274
0.052490122616291046
0.005775196943432093
-0.004957044031471014
0.0032677988056093454
-0.007328083273023367
-0.0031170020811259747
0.06108874827623367
0.006301381625235081
-0.006590141449123621
-0.025205526500940323
-0.004543154966086149
-0.01424548588693142
-0.0033720731735229492
0.015759870409965515
-0.01579837128520012
0.0009440842550247908
-0.016799405217170715
0.034907855093479156
-0.0007439576438628137
-0.026270728558301926
0.026694243773818016
-0.013141781091690063
-0.00905422493815422
0.011171797290444374
0.013526794500648975
0.012820936739444733
0.013860472477972507
-0.00826494861394167
0.012609180063009262
0.01560586504638195
-0.015516028739511967
0.02661724016070366
0.026078222319483757
0.010786783881485462
0.0030945430044084787
0.0024143531918525696
0.04255678504705429
0.004828706383705139
0.028413968160748482
0.02487184852361679
0.011441306211054325
-0.013757802546024323
0.012506509199738503
0.0034939940087497234
0.027104923501610756
-0.028131624683737755
-0.016080714762210846
-0.00311860628426075
-0.006516347173601389
-0.000711873231921345
-0.02140672877430916
-0.02089337818324566
-0.003619123250246048
-0.03151974081993103
-0.0025571289006620646
0.009869169443845749
0.0197511725127697
0.030108027160167694
0.0014550287742167711
0.042300108820199966
0.009817834943532944
0.021098719909787178
0.004071513656526804
-0.008759048767387867
0.008688462898135185
-0.008662795647978783
-0.049461353570222855
-0.013898973353207111
-0.014733169227838516
-0.021342560648918152
0.004411608912050724
-0.005078964866697788
0.014104314148426056
0.01683790795505047
0.0017903110710904002
-0.009535491466522217
0.027900617569684982
0.0006942267646081746
-0.04083705693483353
-0.03339347243309021
-0.0002947756729554385
0.03264911472797394
0.001642722636461258
0.003038395196199417
-0.020534032955765724
-0.012089411728084087
-0.026193726807832718
-0.0009256357443518937
0.004693951457738876
-0.010395354591310024
0.0006829972262494266
-0.01070336438715458
-0.002141635399311781
-0.017312757670879364
0.01425831951200962
7.910816202638671e-05
0.03400949388742447
-0.003157107625156641
0.004623366054147482
-0.013950308784842491
-0.014117147773504257
-0.015477527864277363
0.024782011285424232
0.029697345569729805
-0.0306983795017004
-0.004729244392365217
0.008149444125592709
-0.04386582970619202
0.01414281502366066
-0.0019314824603497982
0.003994510974735022
0.010042425245046616
0.009959005750715733
0.013398456387221813
0.02061103656888008
0.0033207382075488567
0.030672712251544
-0.02068803831934929
-0.014874340035021305
0.005489645525813103
-0.006201919633895159
-0.02008485049009323
0.030133694410324097
0.00915047898888588
-0.013642298057675362
0.013821970671415329
-0.01623472012579441
0.019738338887691498
0.0026052554603666067
-0.03683292120695114
0.014591997489333153
0.011941824108362198
0.003914299886673689
0.007244663778692484
-0.01570853590965271
0.0004088759305886924
-0.013911807909607887
0.01891697756946087
0.005499270744621754
-0.010087343864142895
0.024833345785737038
0.013796303421258926
-0.011370721273124218
0.012352504767477512
0.017633600160479546
0.02402481809258461
0.029260996729135513
0.019186487421393394
0.020572533831000328
0.018069949001073837
-0.008085276000201702
-0.005919576622545719
-0.010421021841466427
0.03159674257040024
0.035318538546562195
0.0042704371735453606
-0.028542306274175644
0.01601654663681984
-0.006031872238963842
0.01171081606298685
0.010331185534596443
-0.005172009579837322
0.016709569841623306
0.012063744477927685
0.01673523709177971
0.01632455736398697
0.027002254500985146
-0.004671492613852024
-0.0013242847053334117
0.00678264768794179
-0.013552461750805378
-0.01674807071685791
0.029055656865239143
0.01790311001241207
0.0005979735287837684
0.001401287387125194
0.019956514239311218
-0.01477167010307312
-0.008245698176324368
0.010119427926838398
-0.005733487196266651
-0.030672712251544
-0.013706467114388943
-0.022946782410144806
0.032289765775203705
0.0001644326839596033
-0.012243417091667652
-0.011056293733417988
-0.021291226148605347
0.005172009579837322
-0.02371680922806263
0.00884888507425785
-0.013475459069013596
-0.05277246609330177
-0.017210086807608604
-0.018685970455408096
0.0011341845383867621
0.0176721028983593
0.018031448125839233
-0.00852804072201252
0.008181529119610786
0.02475634403526783
-0.011768567375838757
-0.013590963557362556
-0.007026489358395338
-0.023344628512859344
-0.01934049278497696
0.01882714219391346
-0.000494902313221246
-0.007090658415108919
0.004376315977424383
0.015965210273861885
-0.010337602347135544
0.00738583505153656
0.01342412456870079
0.005592315457761288
-0.033958155661821365
0.019841009750962257
0.024884682148694992
0.004065096843987703
0.015657199546694756
-0.008181529119610786
-0.010459523648023605
-0.030929388478398323
-0.017543764784932137
-0.010177180171012878
0.004081139340996742
0.010337602347135544
0.0015248124254867435
0.01724858768284321
-0.004559196997433901
-0.020559700205922127
0.020418528467416763
0.004806247074157
0.008200779557228088
-0.009028557687997818
0.024153156206011772
-0.005011587403714657
-0.003923925571143627
0.04545721784234047
0.0010114616015926003
-0.013244451023638248
-0.0023405589163303375
-0.04553421959280968
-0.006314215250313282
0.0021047384943813086
-0.01045310590416193
0.0016403163317590952
-0.0004042637883685529
-0.023857979103922844
-0.013552461750805378
-0.0013154614716768265
-5.313983274390921e-05
0.023652639240026474
-0.019892344251275063
-0.028028955683112144
-0.014425158500671387
-0.014489327557384968
-0.026360565796494484
0.022343594580888748
0.0090991435572505
-0.01966133713722229
0.004106806591153145
0.01759509928524494
0.007520589511841536
-0.026386233046650887
0.03349614143371582
-0.032726116478443146
-0.018429294228553772
-0.008592209778726101
-0.0019844218622893095
0.04461018741130829
0.00652918079867959
0.00213201018050313
-0.013270119205117226
0.006756980437785387
-0.006943069864064455
-0.00509500689804554
0.014707501046359539
-0.0055538141168653965
0.009464905597269535
-0.0014213401591405272
0.010921538807451725
-0.004902500659227371
-0.004790205042809248
0.020623870193958282
-0.0011526329908519983
-0.012076578103005886
-0.008438204415142536
-0.026155224069952965
-0.043121468275785446
0.02559053897857666
0.03341913968324661
-0.014001644216477871
0.009837085381150246
-0.006323840469121933
0.006099249701946974
0.02589854970574379
-0.01632455736398697
-0.04753628745675087
0.007032906170934439
-0.012288335710763931
-0.0007997043430805206
-0.01216641440987587
-0.0001360580208711326
0.009843502193689346
-0.0436861552298069
-0.015426192432641983
0.025924216955900192
0.004976294469088316
-0.024512501433491707
0.004957044031471014
0.02633489854633808
-0.009907671250402927
-0.007636093534529209
0.02163773775100708
0.012204916216433048
0.0012657305924221873
-0.025038687512278557
-0.02018752135336399
0.01528502069413662
0.018429294228553772
-0.02403765358030796
-0.01113329641520977
-0.013911807909607887
-0.0039271339774131775
-0.029902685433626175
0.022702939808368683
0.008399702608585358
-0.007860684767365456
-0.0007483692606911063
-0.0343175046145916
-0.022240925580263138
-0.0006051925010979176
0.0059965793043375015
0.0031137936748564243
0.005232970230281353
0.013462625443935394
-0.003264590399339795
0.029158327728509903
0.008130193687975407
0.01113329641520977
0.01330862008035183
-0.024101821705698967
0.016927743330597878
0.01076111663132906
0.032084427773952484
0.03662758320569992
-0.0037923792842775583
-0.037397608160972595
0.008720546960830688
0.01528502069413662
-0.014322488568723202
0.025256861001253128
-0.01170439925044775
-0.01107554417103529
-0.03608856350183487
0.02102171629667282
0.022112587466835976
-0.022933948785066605
-0.0025908173993229866
0.0016748070484027267
0.00595807796344161
0.0171587523072958
-0.009439238347113132
0.011402805335819721
-0.022831277921795845
0.02143239788711071
-0.0059131598100066185
0.026463234797120094
-0.03377848491072655
-0.003169941483065486
-0.016465727239847183
0.04566255584359169
-0.008457454852759838
0.012718266807496548
-0.001156643615104258
0.0012480842415243387
-0.02705358900129795
-0.008957971818745136
-0.01414281502366066
-0.01706891506910324
0.0011590499198064208
0.02746426872909069
-0.01581120491027832
0.009432821534574032
0.0013298995327204466
-0.010369686409831047
0.020546866580843925
-0.016786571592092514
-0.002560337306931615
0.023280460387468338
-0.015105348080396652
0.023164955899119377
0.01055577676743269
-0.017120249569416046
-0.010125844739377499
0.015195184387266636
0.00821361318230629
-0.03049303963780403
0.00397846894338727
0.018185453489422798
-0.018249621614813805
0.021791743114590645
-0.03690992295742035
-0.002908453345298767
-0.010992124676704407
-0.023973483592271805
-0.014681833796203136
-0.0244611669331789
0.022022750228643417
-0.013590963557362556
-0.021355394273996353
0.007488505449146032
-0.00853445753455162
0.023883648216724396
0.010491607710719109
0.0032469439320266247
-0.0037121681962162256
0.017145918682217598
-0.02725892886519432
-0.002263556234538555
-0.007886352017521858
0.01727425493299961
-0.02484617941081524
0.02049553208053112
-0.008829634636640549
-0.005232970230281353
0.03203309327363968
-0.022497599944472313
-0.01903248205780983
-0.025629039853811264
0.027541272342205048
-0.009246732108294964
0.008457454852759838
0.00033969388459809124
0.013616630807518959
0.010619944892823696
0.024076154455542564
-0.005489645525813103
-0.02484617941081524
-0.004148516338318586
0.008746215142309666
-0.02766961045563221
-0.0068917348980903625
-0.024512501433491707
0.03621689975261688
0.015220852568745613
0.017030414193868637
-0.008990056812763214
-0.020367193967103958
0.0026421525981277227
0.0028186168055981398
0.027233261615037918
-0.026257894933223724
0.0031009598169475794
-0.022536100819706917
-0.008258531801402569
-0.034394506365060806
-0.005476811900734901
-0.018454961478710175
-0.018762972205877304
0.0025571289006620646
-0.01529785431921482
-0.007212579250335693
0.024294327944517136
-0.007308832369744778
-0.013552461750805378
-0.0008414140902459621
-0.017338424921035767
-0.02674557827413082
0.00340736610814929
-0.019584333524107933
0.03275178372859955
0.02674557827413082
-0.034343171864748
0.006025455426424742
0.005393391940742731
-0.024679340422153473
-0.004495028406381607
0.03939967602491379
0.029466338455677032
0.001280970755033195
0.01830095797777176
0.003171545686200261
0.021060217171907425
-0.011499058455228806
0.002237888751551509
0.0009970235405489802
-0.022202422842383385
-0.02319062314927578
1.915979282784974e-06
-0.012981358915567398
-0.0024384164717048407
-0.014168483205139637
-0.02008485049009323
0.03362447768449783
-0.005906742997467518
0.01892981119453907
-0.010395354591310024
-0.0027480311691761017
-0.0049891285598278046
0.004142099525779486
0.02100888267159462
0.003920717164874077
-0.011152546852827072
-0.0015167912933975458
-0.015593031421303749
0.004077930469065905
0.013071195222437382
-0.010587860830128193
-0.010382520966231823
-0.0015986065845936537
0.02538519911468029
-0.03485652059316635
0.007308832369744778
-0.007295998744666576
0.01019643060863018
0.008412537164986134
-0.009747249074280262
0.0015544905327260494
-0.015362023375928402
-0.007244663778692484
0.00936865247786045
0.03090371936559677
-0.01164664700627327
0.0009505011257715523
0.014527828432619572
-0.01623472012579441
0.016671068966388702
0.007257497403770685
-0.021766075864434242
0.016491396352648735
-0.013552461750805378
-0.01253859419375658
-0.036858588457107544
-0.020957548171281815
-0.03580622002482414
0.011171797290444374
-0.015323522500693798
0.02736159972846508
0.008643544279038906
-0.031571075320243835
-0.0032694030087441206
-0.017120249569416046
-0.010844536125659943
-0.01190973911434412
-0.017826108261942863
-0.0014967385213822126
-0.029902685433626175
-0.01569570228457451
-0.005001962184906006
-0.013385622762143612
-0.009965422563254833
-0.009022140875458717
0.001471873139962554
-0.01694057695567608
-0.0008374035242013633
0.21396462619304657
-0.028670644387602806
-0.0076745948754251
0.006936653051525354
0.0037217934150248766
0.009285232983529568
0.03382981941103935
-0.006516347173601389
-0.004960252437740564
0.0008566541946493089
0.014181316830217838
-0.02507718838751316
-0.020354360342025757
0.006330257281661034
-0.015464694239199162
-0.004299313295632601
-0.028234295547008514
-0.013007027097046375
0.024319995194673538
-0.006943069864064455
0.024615172296762466
0.015644365921616554
-0.026257894933223724
-0.009330151602625847
0.03547254204750061
-0.005277888383716345
-0.00142374646384269
0.0021977832075208426
0.008752631954848766
-0.0004106806591153145
-0.010145096108317375
0.012365338392555714
-0.0004066701221745461
0.008354784920811653
-0.014938509091734886
0.013398456387221813
0.015118181705474854
-0.03211009502410889
0.020675204694271088
0.007058573886752129
0.02831129916012287
-0.03108339197933674
0.006092832889407873
-0.009849919006228447
-0.031032057479023933
0.0530291423201561
-0.010401771403849125
-0.0054415189661085606
0.01419415045529604
0.0068275658413767815
-0.028465304523706436
0.0437118224799633
0.04045204445719719
0.029183994978666306
0.0022940365597605705
0.012910773046314716
0.015464694239199162
-0.006509930361062288
0.025449367240071297
0.021188555285334587
-0.016594065353274345
0.01945599727332592
0.02380664460361004
0.03372715041041374
-0.0395023450255394
0.010113011114299297
-0.024165989831089973
0.0035421208012849092
-0.010806035250425339
-0.007141993381083012
0.014219817705452442
-0.010664863511919975
-0.01749243028461933
0.009599660523235798
-0.029286665841937065
-0.019610002636909485
0.03570355102419853
-0.0011397992493584752
-0.008919470943510532
0.02227942645549774
-0.0033720731735229492
-0.0025057937018573284
0.0032068383879959583
-0.013347121886909008
-0.010729032568633556
-0.013128947466611862
0.0035806221421808004
0.009195396676659584
-0.002690279157832265
-0.02466650679707527
0.001232844078913331
-0.005216927733272314
0.005345265381038189
-0.014989844523370266
0.02578304521739483
0.015580197796225548
0.003962426912039518
-0.0035164530854672194
-0.013693633489310741
-0.005419059656560421
-0.004796621855348349
0.024204492568969727
0.0006681581726297736
-0.0017309548566117883
-0.006949486676603556
0.0023886854760348797
-0.03216142952442169
-0.011569644324481487
0.007276747841387987
-0.024191657081246376
0.0008614668622612953
-0.020354360342025757
0.0037795454263687134
-0.016170552000403404
-0.007770847994834185
0.014758836477994919
0.016902076080441475
-0.00795052107423544
0.009452071972191334
0.0014823005767539144
0.011819902807474136
0.010549359954893589
-0.0005578679847531021
0.02944066934287548
0.006763397250324488
-0.007180494721978903
-0.05703327804803848
0.018685970455408096
-0.01170439925044775
-0.014643332920968533
0.017710603773593903
-0.001371609279885888
0.03467684984207153
0.016414392739534378
0.0026020470540970564
-0.0008630710653960705
0.008284199051558971
-0.00121599982958287
-0.011037043295800686
0.0025555246975272894
0.013539628125727177
-0.014412324875593185
-0.013963142409920692
-0.014810171909630299
0.011069127358496189
-0.028952986001968384
-0.007924853824079037
0.014746002852916718
-0.01642722636461258
-0.007007238920778036
-0.0009280420490540564
-0.029594674706459045
-0.01419415045529604
-0.007302415557205677
0.006756980437785387
0.029800016433000565
-0.03454850986599922
-0.010344019159674644
-0.009753665886819363
0.0056436508893966675
-0.012936441227793694
0.000171451159985736
0.02692525088787079
-0.01368079986423254
-0.010472357273101807
-0.0009424800518900156
-0.15934409201145172
0.006323840469121933
0.026668576523661613
-0.02620656043291092
0.008893802762031555
-0.02453817054629326
0.036858588457107544
0.030672712251544
-0.009817834943532944
0.0035196617245674133
-0.00016483374929521233
0.0017774772131815553
-0.027695277705788612
-0.017954444512724876
-0.014527828432619572
-0.008547291159629822
-0.010286266915500164
0.015131015330553055
0.023678306490182877
-0.003535703755915165
0.008688462898135185
0.009548325091600418
-0.0027384059503674507
0.0007074616150930524
0.003843714250251651
-0.005881075281649828
-0.0192378219217062
0.013218783773481846
-0.004215893801301718
-0.008919470943510532
-0.0096189109608531
0.013116113841533661
0.032007426023483276
0.023845145478844643
0.0028041789773851633
0.0008374035242013633
0.0074371700175106525
-0.004469360690563917
-0.023023784160614014
0.03945101052522659
-0.0008710921974852681
0.022407764568924904
0.017620766535401344
-0.007879935204982758
0.02317778952419758
0.024178823456168175
0.011158963665366173
0.003311112755909562
0.033547475934028625
-0.021586403250694275
0.03077538311481476
-0.0013619839446619153
0.011248799972236156
0.008444621227681637
0.02882464975118637
-0.002356601180508733
0.007366584613919258
-0.004437276162207127
-0.010376103222370148
-0.009131227619946003
-0.015310688875615597
-0.0024993768893182278
0.003346405690535903
-0.005489645525813103
0.021073050796985626
-0.011781401932239532
-0.015272187069058418
0.013513960875570774
-0.0332907997071743
-0.0030111235100775957
-0.005030838306993246
-0.03305979445576668
-0.00452711246907711
-0.003834089031443
0.009638161398470402
0.017428260296583176
5.81530221097637e-05
0.03737194091081619
0.015195184387266636
-0.03264911472797394
-0.016157716512680054
0.03963068500161171
-0.0011959470575675368
-0.02299811691045761
-0.00883605144917965
-0.002202595816925168
-0.015156683512032032
0.002061424544081092
0.004735661204904318
0.008303449489176273
0.020726539194583893
-0.043942831456661224
-0.011563227511942387
-0.009766499511897564
-0.001835229224525392
0.019173653796315193
0.012057327665388584
-0.01160172838717699
0.032187096774578094
0.003171545686200261
0.01139638852328062
0.027926284819841385
-0.02141956426203251
0.02286977879703045
0.017120249569416046
0.009830668568611145
0.003301487537100911
0.013411290012300014
-0.0008185539627447724
0.0070008221082389355
-0.02204841747879982
-0.005338848568499088
0.0124872587621212
0.028465304523706436
0.026976585388183594
0.003088126191869378
0.009888420812785625
-0.006590141449123621
0.02089337818324566
-0.01913515292108059
0.06647893041372299
-0.014219817705452442
-0.03519019857048988
0.03264911472797394
-0.019314825534820557
-0.046252910047769547
-0.10934372991323471
-0.033444806933403015
0.029286665841937065
0.02715625986456871
0.020931880921125412
0.03508752956986427
-0.001609034021385014
-0.004726035986095667
-0.018185453489422798
0.006516347173601389
-0.035113196820020676
-0.01582403853535652
0.0035421208012849092
0.012358921580016613
-0.020559700205922127
0.02808029018342495
0.002356601180508733
7.38443122827448e-05
0.007443586830049753
0.013334288261830807
0.01602938026189804
0.007007238920778036
-0.001966775394976139
-0.009516241028904915
0.0025651499163359404
0.0010050446726381779
-0.03305979445576668
0.005630816798657179
0.024204492568969727
-0.011357886716723442
-0.02695091813802719
-0.006577307358384132
0.013135364279150963
-0.018801474943757057
0.035831887274980545
-0.0039367591962218285
-0.020521199330687523
0.004337814636528492
0.012930024415254593
-0.01253859419375658
0.011563227511942387
0.012897939421236515
0.01560586504638195
0.0007587966974824667
0.006660726852715015
-0.038013629615306854
-0.0015729389851912856
0.012115079909563065
-0.002932516625151038
-0.016067881137132645
-0.025847215205430984
-0.006002996116876602
-0.04486686363816261
-0.014784503728151321
-0.003251756774261594
0.0027255720924586058
0.005861824844032526
0.008515207096934319
-0.0013595776399597526
-0.048100974410772324
0.001429361174814403
0.007783682085573673
0.005598732735961676
0.03467684984207153
0.018339458853006363
-0.008297032676637173
-0.009631744585931301
-0.010575027205049992
0.029877018183469772
8.667808288009837e-05
0.01222416665405035
0.006789064966142178
0.013193116523325443
-0.0014221422607079148
-0.022099753841757774
0.028208628296852112
-0.022536100819706917
-0.018750138580799103
0.014129981398582458
0.0006601370987482369
0.0002801371447276324
-0.0004419629694893956
-0.012545011006295681
-0.024602338671684265
0.01747959665954113
0.0022683690767735243
0.013257285580039024
-0.006872484460473061
0.003904674667865038
-0.011178214102983475
-0.03352180868387222
0.01632455736398697
-0.004703577142208815
0.00790560245513916
0.010202847421169281
-0.005573065020143986
0.017338424921035767
-0.020200354978442192
-0.008566541597247124
0.03036470152437687
-0.02165057137608528
0.004308938514441252
-0.05744395777583122
0.0017020788509398699
0.010029591619968414
0.0023533927742391825
-0.009137644432485104
-0.006314215250313282
0.04327547550201416
0.0005434299819171429
0.029312333092093468
0.0053677246905863285
-0.02370397374033928
0.002260347828269005
-0.008226446807384491
-0.0064585949294269085
-0.0322640985250473
-0.033547475934028625
0.037602949887514114
0.004613740369677544
0.0233959648758173
0.022933948785066605
0.013154614716768265
-0.010209264233708382
0.016517063602805138
0.021098719909787178
0.003301487537100911
0.013180282898247242
-0.003238922916352749
0.01368079986423254
-0.01170439925044775
0.010151512920856476
0.0025683583226054907
-0.032289765775203705
-0.017723437398672104
0.010895871557295322
-0.020020682364702225
-0.013398456387221813
0.003452284261584282
0.012339670211076736
0.007995438762009144
0.039682019501924515
-0.01673523709177971
-0.007578341756016016
0.01799294725060463
0.0008983639418147504
-0.02601405419409275
0.01538769155740738
7.800526509527117e-05
0.002311683027073741
0.0244483333081007
-0.017312757670879364
0.03277745097875595
0.019687004387378693
0.007026489358395338
-0.002871556207537651
-0.013084029778838158
0.001518395496532321
0.012403839267790318
-0.00538055831566453
-0.007790098898112774
-0.012339670211076736
0.020315859466791153
-0.02859364077448845
-0.008919470943510532
-0.0030207487288862467
-0.022189589217305183
0.013193116523325443
0.0040201786905527115
0.0024672923609614372
-0.0031218146905303
-0.012692599557340145
0.007854267954826355
0.03175074979662895
0.008951555006206036
-0.013783469796180725
0.024730676785111427
0.011203882284462452
-0.007225412875413895
0.008855301886796951
-0.009278816170990467
0.01727425493299961
0.003907883074134588
0.007469254545867443
-0.044661521911621094
0.031237397342920303
0.02111155353486538
-0.010177180171012878
-0.0030031022615730762
0.020469864830374718
-0.006112083327025175
0.005823323503136635
-0.008816800080239773
0.012307586148381233
-0.019892344251275063
0.021689072251319885
-0.0030448120087385178
0.013154614716768265
0.016144882887601852
-0.018236787989735603
0.013552461750805378
0.015246519818902016
0.021612070500850677
0.004873624537140131
0.011255216784775257
-0.02507718838751316
-0.028362633660435677
0.012615596875548363
-0.021150054410099983
-0.023562803864479065
-0.00764892715960741
0.0017486013239249587
0.015259353443980217
-0.006705645006150007
0.00458165630698204
0.0071869115345180035
-0.014232652261853218
0.003474743338301778
0.02412748895585537
-0.00013345116167329252
-0.025552038103342056
0.00993975531309843
-0.005239387042820454
0.02609105594456196
0.02849097177386284
-0.006163418292999268
0.008572959341108799
0.029081324115395546
0.029646011069417
0.0027785112615674734
0.001966775394976139
0.007007238920778036
-0.014206984080374241
-0.011049876920878887
-0.037705618888139725
-0.0254878681153059
-0.005836157128214836
-0.016196219250559807
0.01337278913706541
0.0071869115345180035
-0.01790311001241207
0.0831628367304802
-0.006750563625246286
-0.002786532510071993
-0.010036008432507515
-0.003984885755926371
0.002059820108115673
-0.0017822899390012026
0.007995438762009144
-0.020765041932463646
9.469919314142317e-05
0.003933550789952278
-0.0058939093723893166
-0.019404660910367966
-0.022638771682977676
-0.005502479150891304
0.006201919633895159
-0.012391005642712116
0.030980722978711128
0.0004632189229596406
-0.008630710653960705
0.03288011997938156
0.004495028406381607
-0.01419415045529604
-0.0027688860427588224
-0.025757377967238426
0.00198763026855886
0.015272187069058418
0.005836157128214836
-0.006987988017499447
-0.013924641534686089
0.0030528332572430372
0.012397422455251217
-0.0416070856153965
-0.018480630591511726
0.008643544279038906
-0.0024753136094659567
-0.00016032186977099627
-0.009586826898157597
-0.0045527801848948
0.007212579250335693
-0.005309972446411848
0.031571075320243835
-0.029774347320199013
-0.044353511184453964
-0.04199209809303284
0.0020919046364724636
-0.020136186853051186
0.008900219574570656
-0.006853233557194471
