0.014282748103141785
-0.014022588729858398
0.014412827789783478
-0.025794800370931625
-0.03673449903726578
0.009521831758320332
-0.04573601484298706
-0.002489399863407016
-0.02362246811389923
-0.02401270717382431
0.00281297299079597
-0.011284411884844303
0.01869244873523712
0.004572300706058741
-0.008552738465368748
-0.00662105530500412
0.03759302571415901
0.00982751976698637
-0.0009731585741974413
0.014217708259820938
-0.005170667078346014
0.008494202978909016
0.018276194110512733
-0.0054926141165196896
-0.03296218812465668
0.033378444612026215
0.018497329205274582
-0.025404561311006546
-0.002331678057089448
-0.0009056797134689987
0.0023121661506593227
0.005310502834618092
-0.04253605380654335
-0.0063804080709815025
-0.009131593629717827
-0.0010560844093561172
-0.0003760115650948137
0.022933047264814377
0.045866094529628754
0.00943728070706129
0.024819202721118927
0.01218846533447504
0.006585283670574427
-0.006842190865427256
-0.003121912246569991
0.018042050302028656
-0.02587284706532955
-0.015362409874796867
-0.0318174883723259
0.018484322354197502
0.004504008684307337
0.0068356869742274284
-0.012058385647833347
-0.005515378434211016
-0.022165575996041298
-0.027446812018752098
-0.02288101427257061
0.0190826877951622
-0.010139710269868374
0.010445398278534412
-0.009040537290275097
0.0027934610843658447
-0.025963902473449707
0.0011495791841298342
-0.008266563527286053
0.024494003504514694
-0.009684431366622448
0.015830695629119873
-0.008247051388025284
0.0049560354091227055
0.02176233008503914
0.00821453146636486
-0.012409601360559464
-0.005687733646482229
0.041105177253484726
-0.0027706969995051622
-0.02705657295882702
-0.02268589474260807
0.0009325086721219122
0.021697290241718292
0.012435616925358772
-0.023011093959212303
-0.02250378392636776
0.015622569248080254
0.008806394413113594
-0.0010503933299332857
0.01010068692266941
0.016025815159082413
-0.00519993482157588
-0.006510487757623196
-0.0005788545240648091
0.02626308612525463
0.005746269598603249
0.018211154267191887
-0.00208452669903636
0.021983465179800987
-0.012253505177795887
0.028669560328125954
-0.021307051181793213
-0.039023902267217636
-0.011824242770671844
0.005476354155689478
-0.01799001917243004
-0.0027690711431205273
-0.043784819543361664
0.0068617030046880245
-0.01551850512623787
-0.006250328384339809
0.012832360342144966
-0.04820752888917923
0.006016185041517019
0.04591812565922737
-0.018666433170437813
-0.005440582521259785
0.010809620842337608
-0.01667621359229088
0.006887718569487333
-0.015648584812879562
-0.010341334156692028
-0.021020876243710518
0.01987617462873459
0.008741354569792747
0.004930019844323397
0.000794705527368933
0.019043663516640663
0.005479606334120035
-0.030672786757349968
-0.0026780152693390846
-0.01585671305656433
-0.010334829799830914
0.005658465903252363
-0.005853585433214903
0.002370702102780342
0.0032080900855362415
-0.012721791863441467
0.0053885504603385925
-0.030308565124869347
-0.006582031492143869
-0.02682242915034294
-0.01870545744895935
0.013255119323730469
0.008377131074666977
-0.01718352548778057
-0.015609560534358025
-0.01683231070637703
0.04365473985671997
0.035849958658218384
0.03311828523874283
-0.011186852119863033
0.0014414454344660044
0.012149441987276077
-0.0226989034563303
0.01590874418616295
-0.008760865777730942
-0.0008845417760312557
-0.01836724951863289
-0.010699053294956684
0.014790059067308903
0.010751085355877876
0.006224312353879213
0.017352629452943802
-0.02081274800002575
-0.00794786773622036
0.0068356869742274284
0.013762429356575012
0.017131492495536804
0.010829132981598377
0.0017414416652172804
0.01870545744895935
0.023375317454338074
0.027759002521634102
0.026926493272185326
-0.025209441781044006
0.02474115416407585
0.006045452784746885
0.029007768258452415
0.010451901704072952
0.008533226326107979
-0.004887743853032589
0.0018617653986439109
-0.017118485644459724
-0.0007589336019009352
0.026406174525618553
0.00016869707906153053
-0.01521932240575552
0.03650035709142685
0.004656852222979069
0.012025865726172924
0.006474715657532215
0.005775537341833115
0.010380358435213566
0.0019690811168402433
-0.017131492495536804
0.009307201020419598
-0.637286365032196
-0.011310427449643612
0.004328401293605566
-0.00632512429729104
0.02592488005757332
0.01930382288992405
0.02265987917780876
0.00482920790091157
-0.0034568672999739647
-0.027706971392035484
-0.009424271993339062
0.021268026903271675
0.006536503788083792
-0.02232167311012745
-0.024819202721118927
-0.022243624553084373
0.021489161998033524
-0.03933609277009964
0.031245138496160507
-0.02666633389890194
-0.02947605401277542
0.008208027109503746
0.007902340032160282
-0.01624695211648941
0.013918525539338589
0.004790184088051319
0.012077897787094116
-0.0042178332805633545
-0.010360846295952797
-0.0022243624553084373
-0.011473027057945728
0.040376730263233185
0.010536453686654568
0.021996473893523216
0.04781728982925415
0.017885955050587654
-0.013307150453329086
0.013274630531668663
0.026926493272185326
-0.002855248749256134
-0.015232330188155174
-0.020565597340464592
0.019017647951841354
-0.004143037833273411
0.015791673213243484
0.009593375958502293
0.020461533218622208
-0.013274630531668663
-0.007856812328100204
0.02063063718378544
-0.0028162249363958836
-0.006588535383343697
-0.0023674501571804285
0.003014596411958337
0.012155945412814617
-0.018081074580550194
0.009781991131603718
-0.0025137898046523333
-0.013255119323730469
0.0282012727111578
-0.0076747010461986065
0.0045202686451375484
-0.02039649337530136
-0.027472827583551407
-0.020461533218622208
0.019629022106528282
-0.010712061077356339
-0.0052844868041574955
0.02003226988017559
0.00029003701638430357
0.013489262200891972
0.044721391052007675
0.018653424456715584
-0.001412990503013134
0.018029043450951576
0.017521731555461884
0.032832108438014984
0.01642906293272972
-0.008786882273852825
0.014373804442584515
0.0030032144859433174
-0.011902290396392345
-0.006686095148324966
0.007863316684961319
0.018003027886152267
-0.04576202854514122
0.0004987742286175489
-0.005138147156685591
0.010653525590896606
0.014803066849708557
0.004793435800820589
0.005791797302663326
0.0026763894129544497
-0.0211899783462286
-0.0016585158882662654
0.029059799388051033
-0.004224337637424469
-0.006634063553065062
0.015947768464684486
-0.008793385699391365
-0.005115383304655552
-0.025287488475441933
0.002559317508712411
-0.002625983441248536
0.01154457125812769
-0.00250240764580667
0.0060519566759467125
0.001251203822903335
0.035069480538368225
-0.023739540949463844
0.0028032169211655855
-0.013424222357571125
-0.018406273797154427
0.002759315073490143
0.0021690786816179752
-0.03402884304523468
0.00850721076130867
0.014386812224984169
-0.002455253852531314
-0.03176545724272728
0.02479318529367447
0.01665019802749157
0.018419282510876656
0.017326612025499344
-0.0105949891731143
0.03611011803150177
-0.01145351491868496
0.0074470615945756435
-0.037358883768320084
-0.01623394340276718
-0.003964178264141083
-0.010822628624737263
0.011804730631411076
0.005242210812866688
0.0205916129052639
0.005677977576851845
-0.003912146203219891
-0.0030568724032491446
-0.007310477551072836
-0.012832360342144966
-0.02723868377506733
-0.027290714904665947
0.020331453531980515
-0.002562569687142968
-0.03598003834486008
-0.02438993938267231
-0.02648422122001648
0.0056909858249127865
-0.011121812276542187
0.01021775882691145
0.004855223931372166
0.007382021751254797
-0.036188166588544846
0.010367349721491337
0.002206476405262947
-0.010699053294956684
-0.00889744982123375
0.0008142174920067191
-0.018757488578557968
6.879995635244995e-05
-0.004100761841982603
-0.007622668985277414
-0.01220797747373581
0.012695776298642159
-0.01852334477007389
-0.0031267902813851833
0.004591812379658222
0.019017647951841354
-0.014230716042220592
-0.057391151785850525
-0.0008780378266237676
0.012916911393404007
-0.005398306529968977
0.0381653755903244
0.035433702170848846
-0.020149340853095055
-0.004312141332775354
0.006539755500853062
-0.02705657295882702
-0.017144501209259033
-0.005986916832625866
0.012175457552075386
-0.02100786752998829
0.0065787797793745995
0.013918525539338589
0.016858326271176338
0.013294142670929432
0.020942827686667442
-0.006705607287585735
0.004393441136926413
0.011603106744587421
0.011902290396392345
-0.017508724704384804
0.02739477902650833
-0.017625795677304268
-0.011043764650821686
0.002523545641452074
-0.002370702102780342
-0.001274780835956335
0.015011194162070751
0.019746094942092896
-0.010542958043515682
0.042249877005815506
-0.01570061594247818
0.006494227796792984
-0.014321772381663322
-0.005590173881500959
-0.012318545021116734
0.03777513653039932
0.0166632067412138
0.010471413843333721
-0.021450137719511986
-0.022985078394412994
-0.024520019069314003
0.017898963764309883
0.019004641100764275
-0.004250353202223778
0.0027625670190900564
-0.015362409874796867
-0.0004674738447647542
-0.020513564348220825
-0.009430776350200176
0.030906930565834045
-0.002799964975565672
-0.0046503483317792416
-0.004608072340488434
0.0024503758177161217
-0.0024633838329464197
0.03142724931240082
-0.020344460383057594
0.02342734858393669
0.005190179217606783
-0.003508899128064513
0.04024665057659149
0.018601393327116966
0.010816125199198723
0.014425835572183132
-0.015440457500517368
0.0401165708899498
0.019030656665563583
0.014907130971550941
0.02342734858393669
0.00036097108386456966
0.0010690923081710935
0.018276194110512733
0.0025690735783427954
0.012637240812182426
-0.0005467411247082055
-0.02081274800002575
-0.005983665119856596
-0.011505546979606152
0.013372190296649933
-0.023388326168060303
-0.025378543883562088
0.010425886139273643
-0.019394880160689354
0.007440557237714529
0.012220985256135464
-0.009671423584222794
0.0059186252765357494
0.003632474923506379
0.05785943940281868
-0.015960775315761566
0.01029580645263195
-0.003274755785241723
-0.0031056522857397795
0.007460069376975298
-0.016520118340849876
-0.03478330373764038
-0.015141273848712444
-0.0183282271027565
-0.0177948996424675
0.0012585208751261234
0.0033251617569476366
0.014725019223988056
-0.004019462037831545
0.008175507187843323
-0.00868281815201044
0.011986842378973961
-0.00831209123134613
-0.02497529797255993
-0.01426974032074213
0.01069254893809557
0.03210366517305374
0.019420895725488663
-0.003993446007370949
0.0016357519198209047
0.0030292305164039135
-0.02687446027994156
-0.020526573061943054
0.02001926116645336
-0.014777051284909248
0.014764043502509594
-0.005554402247071266
-0.03134920075535774
-0.014529899694025517
0.036006055772304535
-0.007785268593579531
0.01680629327893257
-0.012897400185465813
-0.004126777872443199
-0.0012918537249788642
-0.009794999845325947
-0.0027072832453995943
0.03103701025247574
0.03207764774560928
-0.015960775315761566
0.012955935671925545
0.01909569650888443
-0.044903505593538284
0.009183624759316444
-0.024494003504514694
0.014803066849708557
0.004825955722481012
0.012396592646837234
-0.013866493478417397
0.02664031647145748
-0.003421095432713628
0.03587597608566284
-0.01069254893809557
0.00516091100871563
0.011323435232043266
-0.005261722952127457
0.005788545589894056
0.024715138599276543
-0.0003973527636844665
-0.017313605174422264
0.019733086228370667
0.004507260862737894
-0.011394979432225227
0.0068356869742274284
-0.03608410060405731
0.0026454953476786613
-0.0007077147020027041
0.00993158295750618
-0.0046503483317792416
0.01218846533447504
-0.00887793768197298
-0.008357618935406208
-5.386111661209725e-05
0.001589411054737866
-0.01570061594247818
0.005258470773696899
-0.0008028355077840388
0.026900475844740868
-0.009092569351196289
0.004565796814858913
-0.007095846347510815
0.008708834648132324
0.01775587536394596
0.024246850982308388
0.04381083324551582
-0.010438893921673298
-0.008292579092085361
0.012487648986279964
-0.007095846347510815
0.04183362424373627
0.004474740941077471
-0.014126652851700783
-0.002385335974395275
-0.0026357395108789206
0.04833760857582092
0.01702743023633957
0.0060487049631774426
0.023310277611017227
0.014334780164062977
0.014646971598267555
0.0004577178624458611
0.005040587391704321
-0.016936372965574265
0.014699003659188747
0.009476304054260254
-0.011407987214624882
0.004858475644141436
0.022464759647846222
0.018289202824234962
0.0036714987363666296
-0.006299108266830444
0.005248714704066515
0.0013650235487148166
0.01520631369203329
-0.00936573650687933
-0.02530049718916416
-0.03418494015932083
-0.018588384613394737
-0.022815974429249763
0.046984776854515076
-0.013463246636092663
-0.0009129967074841261
-0.010907180607318878
0.0032893898896872997
-0.03064677119255066
-0.016936372965574265
0.005258470773696899
-0.010386861860752106
-0.0434466116130352
-0.04120923951268196
-0.011616114526987076
0.011804730631411076
0.02250378392636776
-0.011538066901266575
-0.018289202824234962
-0.023297268897294998
0.017053445801138878
-0.016884341835975647
-0.005759277381002903
0.006829183083027601
-0.016194919124245644
-0.020734699442982674
0.03689059615135193
0.007538117002695799
-0.015934759750962257
0.005791797302663326
0.005378794390708208
-0.03233780711889267
0.0013829095987603068
0.023882627487182617
0.003102400340139866
-0.01774286851286888
0.024051731452345848
0.010985228233039379
0.001034133369103074
0.0017154257511720061
-0.030906930565834045
-0.008786882273852825
-0.0177948996424675
-0.00331052765250206
0.01220797747373581
0.004978799726814032
0.03041262738406658
0.0036487348843365908
-0.003117034211754799
-0.007382021751254797
-0.0028861428145319223
0.008806394413113594
0.002214606385678053
0.007063326425850391
-0.0006804792792536318
0.0038763743359595537
-0.001370714628137648
0.001372340600937605
0.04958637058734894
-0.00963240023702383
-0.011915298178792
0.0008520218543708324
-0.043420594185590744
0.006546259857714176
0.011557579040527344
-0.027082588523626328
0.01871846430003643
-0.009027529507875443
-0.01642906293272972
-0.015934759750962257
0.0008869807934388518
0.010308814235031605
0.012903903611004353
-0.015232330188155174
-0.0431344211101532
-0.0162859745323658
-0.008513715118169785
-0.020552588626742363
0.019915198907256126
-0.009235656820237637
-0.023544421419501305
-0.0065787797793745995
-0.012461632490158081
0.01793798804283142
-0.014946154318749905
0.04362872242927551
-0.023947667330503464
-0.02419481985270977
-0.01399657316505909
-0.019056672230362892
0.02514440193772316
-0.0028601267840713263
0.004874735604971647
-0.019420895725488663
0.003681254805997014
-0.009378744289278984
-0.023115158081054688
-0.0023349302355200052
-0.0010414504213258624
0.021059898659586906
0.024246850982308388
0.005651962012052536
-0.010855148546397686
-0.002185338642448187
-0.020344460383057594
-0.017924979329109192
0.007993396371603012
0.005121887195855379
-0.021606234833598137
-0.04107915982604027
0.02513139322400093
0.04009055718779564
-0.004328401293605566
0.02116396278142929
-0.008637290447950363
-0.021242011338472366
0.047661192715168
0.009203136898577213
-0.0249622892588377
8.460260141873732e-05
-0.016377031803131104
-9.070008673006669e-05
0.020006254315376282
-0.017521731555461884
0.021437130868434906
-0.016220934689044952
0.011225876398384571
0.0012666508555412292
0.011102300137281418
0.00047519730287604034
0.008025916293263435
0.03062075562775135
-0.02289402298629284
0.007245437707751989
0.014998186379671097
0.010458406060934067
0.0007548686116933823
-0.0133136548101902
-0.01663719117641449
0.025768782943487167
0.03920601308345795
0.010087679140269756
-0.003255243878811598
-0.01265675202012062
0.020305437967181206
-0.022802967578172684
0.0003733693156391382
-0.0005215381970629096
-0.0023463121615350246
0.002040624851360917
-0.015154282562434673
-0.016585158184170723
-0.023310277611017227
0.008344611153006554
-0.01814611442387104
0.01739165186882019
4.794147389475256e-05
0.0007182836998254061
0.021515177562832832
-0.00907305721193552
0.008806394413113594
-0.0011739690089598298
-0.032233744859695435
0.034887369722127914
0.007505597081035376
0.028409400954842567
0.03179147094488144
0.015362409874796867
-0.039258044213056564
-0.005303998943418264
0.003921902272850275
-0.010172230191528797
0.018042050302028656
-0.009027529507875443
0.00870233029127121
-0.03473127260804176
-0.008429163135588169
0.025989919900894165
-0.017534740269184113
-0.017300596460700035
0.002380457939580083
0.006334880366921425
0.014542907476425171
-0.028773624449968338
0.006643819622695446
-0.018445298075675964
0.01286488026380539
0.004539780784398317
0.011921802535653114
-0.022763943299651146
-0.01019824668765068
-0.013033983297646046
0.047739241272211075
0.013697389513254166
0.03436705097556114
0.0008780378266237676
0.0022211105097085238
-0.014412827789783478
-0.007811284624040127
-0.010705557651817799
-0.02004527859389782
0.009866543114185333
0.013983565382659435
0.003980438224971294
0.010471413843333721
-0.0037235307972878218
-0.028435416519641876
0.003398331580683589
0.004364172928035259
0.004910507705062628
0.026978524401783943
0.0011487661395221949
0.009775487706065178
0.007232429925352335
0.017456691712141037
-0.012370577082037926
0.007479581516236067
0.007661692798137665
-0.02025340497493744
0.020552588626742363
0.007817788049578667
-0.007141374051570892
0.016936372965574265
-0.03046466037631035
-0.014347787946462631
0.0019495690939947963
-0.007603156846016645
0.010705557651817799
0.005037335213273764
0.004104013554751873
-0.014204700477421284
-0.02290702983736992
-0.007238933816552162
0.008669810369610786
0.0034991432912647724
0.010660029016435146
0.012364072725176811
-0.0011951070046052337
0.01426974032074213
-0.055674102157354355
-0.014568923972547054
0.001399982487782836
0.0003786538145504892
0.001370714628137648
0.022789958864450455
0.0007886080420576036
-0.012233993038535118
0.02385661192238331
-0.008955985307693481
-0.008103963918983936
-0.004048729781061411
-0.008390138857066631
0.008533226326107979
-0.017469700425863266
-0.014438844285905361
0.02515740878880024
0.0029398007318377495
0.013775437138974667
-0.0007695025997236371
-0.008754362352192402
-0.008715338073670864
-0.0018324974225834012
-0.015986792743206024
0.01757376454770565
-0.024650098755955696
0.030750835314393044
-0.010536453686654568
0.01540143322199583
-0.014217708259820938
-0.011616114526987076
-0.009417768567800522
-0.032988205552101135
0.01540143322199583
-0.012734800577163696
-0.01152505911886692
-0.010725068859755993
0.006900726817548275
-0.02757689170539379
0.010751085355877876
-0.00652349554002285
-0.01623394340276718
-0.0097299600020051
-0.00030080924625508487
0.0075251092202961445
0.01856236904859543
-0.023960676044225693
0.0029267927166074514
-0.008227539248764515
-0.02025340497493744
-0.01267626415938139
0.007934859953820705
-0.001751197618432343
0.053020477294921875
0.021242011338472366
-0.03595402091741562
-0.011212867684662342
0.0010601493995636702
-0.026510238647460938
0.020695677027106285
0.004523520823568106
0.013112030923366547
-0.005372290499508381
-0.003811334492638707
0.005778789520263672
0.022451752796769142
-0.011420994997024536
0.017846930772066116
-0.006156020797789097
-0.03291015699505806
-0.008090956136584282
0.0021690786816179752
0.0053137545473873615
-0.00963890366256237
-0.015531512908637524
-0.027134619653224945
0.037514977157115936
-0.021463146433234215
0.01969406194984913
-0.0013154307380318642
-0.00916411355137825
-0.010848645120859146
0.010926692746579647
0.03798326477408409
0.000662999867927283
0.011973833665251732
0.01813310757279396
-0.02476716972887516
-0.0015162412310019135
-0.0034438592847436666
-0.017274580895900726
-0.006640567444264889
0.00154713517986238
0.01856236904859543
0.0005707246018573642
0.027082588523626328
0.010068167001008987
-0.003834098344668746
0.008533226326107979
-0.0032991457264870405
0.016390038654208183
-0.022789958864450455
0.013463246636092663
0.01757376454770565
-0.012442121282219887
-0.030308565124869347
-0.01134945172816515
0.014139660634100437
-0.020305437967181206
-0.009255168959498405
0.01521932240575552
-0.0005235706921666861
0.020513564348220825
-0.0013219347456470132
-0.023349301889538765
-0.028019161894917488
-0.02572976052761078
-0.008286075666546822
-0.02251679264008999
-0.0228549987077713
0.02079973928630352
0.022256633266806602
0.005964152980595827
-0.017430676147341728
-0.0017528235912322998
-0.02799314633011818
-0.05744318291544914
-0.010243774391710758
0.02265987917780876
-0.02345336601138115
-0.01869244873523712
-0.013879501260817051
-0.011902290396392345
0.006468211766332388
0.006214556284248829
0.019967230036854744
-0.03553776815533638
0.015843704342842102
0.20625433325767517
-0.026796413585543633
-0.004647096153348684
0.031115058809518814
-0.01774286851286888
0.018822528421878815
0.021879401057958603
-0.0107836052775383
0.0005443021655082703
0.018302209675312042
0.0081429872661829
-0.005408062599599361
-0.025430576875805855
0.005290990695357323
-0.015531512908637524
0.003625971032306552
-0.026185039430856705
-0.016728246584534645
-0.0010609623277559876
0.02267288789153099
0.0025739516131579876
-0.003736538579687476
-0.01684531755745411
-0.0047251442447304726
0.020162349566817284
0.02288101427257061
0.00572350574657321
-0.01012670248746872
0.026419181376695633
0.0017203036695718765
-0.0010081174550577998
-0.0059478930197656155
-0.012520168907940388
0.01983715035021305
-0.014568923972547054
0.001882903277873993
-0.003827594453468919
-0.010061662644147873
0.027863066643476486
0.0276029072701931
0.021307051181793213
-0.013827469199895859
-0.0032178459223359823
-0.017846930772066116
-0.036578405648469925
0.06467561423778534
0.002304036170244217
-0.012448624707758427
0.013814461417496204
-0.0009544595959596336
-0.014751034788787365
0.015154282562434673
0.029528087005019188
0.004933271557092667
-0.017105476930737495
0.012364072725176811
0.02210053615272045
0.01776888407766819
0.01906968094408512
0.010738077573478222
-0.015388425439596176
0.01585671305656433
0.0006361709092743695
0.036006055772304535
-0.015570537187159061
0.005804805550724268
-0.03465322405099869
0.0029316707514226437
0.003557679010555148
0.00443896884098649
0.004253605380654335
-0.004422708880156279
-0.02042250894010067
0.009547848254442215
-0.02135908231139183
-0.013632349669933319
0.005980412941426039
0.02040950022637844
-0.0052552190609276295
0.02194444090127945
-0.007986892014741898
-0.010803117416799068
-0.04178159311413765
0.006451951805502176
-0.007928356528282166
-0.01549248956143856
0.012858375906944275
-0.0141006363555789
-0.003674750914797187
-0.04381083324551582
-0.013092519715428352
0.0032080900855362415
-0.0008642168249934912
-0.009905567392706871
-0.004045478068292141
-0.0007971444865688682
-0.002847118768841028
0.001674775849096477
-0.025794800370931625
0.016871333122253418
-0.026770396158099174
0.03611011803150177
0.01532338559627533
0.02762892283499241
-0.01756075583398342
0.020370477810502052
-0.02742079459130764
-0.00515765929594636
0.016207927837967873
-0.03454916179180145
-0.003117034211754799
-0.01019824668765068
0.004917011596262455
-0.01493314653635025
-0.021046891808509827
0.011414491571485996
0.0008406398701481521
-0.009203136898577213
0.035589799284935
-0.017807908356189728
0.0017040437087416649
-0.022946054115891457
-0.022386712953448296
0.016741253435611725
0.0015926630003377795
-0.011303924024105072
-0.040376730263233185
0.021424122154712677
-0.012929920107126236
-0.006321872118860483
0.02569073624908924
-0.010334829799830914
0.015622569248080254
0.009209641255438328
0.0027219171170145273
0.0003979625180363655
-0.017898963764309883
-0.022035496309399605
-0.012513664551079273
0.023986691609025
0.007973884232342243
-0.02853948064148426
0.003977186046540737
0.009651911444962025
-0.0007089342107065022
-0.004780428018420935
-0.02004527859389782
-0.00309427035972476
-0.0037820665165781975
-0.008689322508871555
0.012058385647833347
-0.0333264134824276
-0.016975397244095802
-0.01701442152261734
0.004500756971538067
0.020747708156704903
-0.023791572079062462
-0.014152668416500092
-0.008318595588207245
-0.00400970596820116
-0.014620955102145672
0.004104013554751873
0.011264899745583534
0.005986916832625866
0.004760915879160166
0.01296244002878666
-0.16265162825584412
0.015466473065316677
0.022217608988285065
-0.018796512857079506
-0.0051056272350251675
-0.022191593423485756
0.0190826877951622
0.030022388324141502
-0.006143012549728155
-0.016923366114497185
-0.008845417760312557
-0.0037007667124271393
-0.02271191030740738
-0.04105314612388611
0.004705632105469704
-0.007759252563118935
-0.04505959898233414
0.011017748154699802
0.041313305497169495
0.006881214678287506
0.008468186482787132
-0.005092619452625513
-0.006461707875132561
-0.007967379875481129
0.025040337815880775
-0.00023312716803047806
-0.025118384510278702
-7.941974035929888e-05
0.007655188906937838
-0.013931533321738243
0.021502170711755753
-4.6747383748879656e-05
0.029345974326133728
-0.01756075583398342
0.007206413894891739
-0.007258445955812931
-0.017703844234347343
-0.021476155146956444
-0.006731623318046331
0.0282012727111578
-0.007154382299631834
0.018029043450951576
0.01739165186882019
0.0014251854736357927
0.028331352397799492
-0.005271479021757841
0.030386611819267273
0.001530062174424529
0.03465322405099869
-0.009086064994335175
0.03855561465024948
-0.02020137384533882
0.004094257950782776
0.007082838099449873
0.02571675181388855
0.006972270552068949
-0.01739165186882019
-0.0017495716456323862
0.02117697149515152
-0.005310502834618092
-0.004796687979251146
0.013554302044212818
0.012331552803516388
0.01426974032074213
0.01341121457517147
-0.027889082208275795
-0.02060461975634098
0.016116872429847717
-0.027837051078677177
-0.011694163084030151
-0.004959287587553263
-0.023921651765704155
0.015336393378674984
0.0004495878820307553
-0.0055674100294709206
0.009794999845325947
-0.01853635348379612
0.01758677139878273
-0.008481195196509361
-0.014581931754946709
-0.035901989787817
0.03158334642648697
-0.003824342507869005
-0.021710297092795372
-0.025625696405768394
-0.013372190296649933
-0.001674775849096477
0.023375317454338074
0.002274768427014351
0.009502320550382137
0.0077527486719191074
-0.034523144364356995
-0.028669560328125954
-0.017300596460700035
0.005287738982588053
0.04334254935383797
0.0077527486719191074
-0.004539780784398317
0.005203187000006437
-0.0033625594805926085
0.027472827583551407
0.020565597340464592
-0.004559292457997799
-0.0021837125532329082
0.012494152411818504
-0.011440507136285305
0.008611274883151054
0.0006243824609555304
0.017508724704384804
-0.009209641255438328
-0.012884391471743584
-0.010438893921673298
0.0017560756532475352
0.012533176690340042
0.0010032395366579294
0.01607784815132618
-0.0019804630428552628
0.007336493581533432
0.004806444048881531
-0.03220772743225098
0.06014884263277054
-0.00529749458655715
-0.0015764030395075679
0.009684431366622448
-0.017612788826227188
-0.03179147094488144
-0.10989131033420563
-0.04040274769067764
0.01969406194984913
0.0031560580246150494
0.024494003504514694
0.007037310395389795
-0.00552838621661067
0.00032479269430041313
-0.031297169625759125
0.02687446027994156
-0.016923366114497185
-0.016884341835975647
-0.006582031492143869
0.018224162980914116
-0.006575527600944042
0.009411264210939407
-0.0037332866340875626
-0.006195044610649347
-0.03028254769742489
-0.0017593275988474488
-0.005290990695357323
0.014373804442584515
-0.014308764599263668
0.00936573650687933
-0.0204355176538229
0.0022292404901236296
-0.026614300906658173
0.021632250398397446
0.02079973928630352
-0.016324998810887337
-0.02323222905397415
-0.010607997886836529
-0.011167339980602264
-0.02173631452023983
0.016116872429847717
-0.008546235039830208
-0.02535252831876278
0.0009316956857219338
0.03220772743225098
0.0008967367466539145
0.0037137747276574373
0.020838763564825058
0.028019161894917488
-0.015921752899885178
0.006699103396385908
-0.024806194007396698
-0.010718565434217453
0.0226989034563303
-0.0035804430954158306
-0.028799640014767647
-0.022152569144964218
-0.014581931754946709
-0.04089704900979996
-0.016416054219007492
0.0011463271221145988
-0.0068356869742274284
-0.011590098962187767
0.03023051656782627
0.006673087365925312
-0.027264699339866638
-0.0011081162374466658
-0.008461683057248592
-0.023544421419501305
-0.00014613638631999493
0.01852334477007389
-0.01399657316505909
-0.01969406194984913
-0.020344460383057594
-0.0023349302355200052
6.948591817490524e-06
-0.005047091282904148
0.004936523735523224
0.008175507187843323
0.007310477551072836
-0.014998186379671097
0.032988205552101135
-0.01718352548778057
0.004094257950782776
-0.0035414190497249365
-0.010926692746579647
0.0025869596283882856
-0.012695776298642159
-0.008208027109503746
-0.012025865726172924
0.020552588626742363
0.013918525539338589
0.01360633410513401
0.00868281815201044
0.021215995773673058
-0.01551850512623787
-0.02327125333249569
0.019017647951841354
0.007655188906937838
0.0006812923238612711
0.010770597495138645
-0.006032445002347231
0.011512051336467266
-0.015622569248080254
-0.0007312916568480432
0.01836724951863289
-0.033170316368341446
-0.013281134888529778
-0.05385298654437065
0.014998186379671097
0.023479381576180458
0.006016185041517019
-0.02739477902650833
-0.002173956483602524
0.026419181376695633
0.0012056760024279356
0.02042250894010067
-0.00878037791699171
-0.012162449769675732
-0.010263286530971527
-0.022191593423485756
-0.014282748103141785
-0.014438844285905361
-0.03028254769742489
0.0431344211101532
0.01701442152261734
-0.015102250501513481
0.005216194782406092
0.0006121874903328717
-0.002440619980916381
0.02531350404024124
0.01209090556949377
0.003599955001845956
-0.005915373098105192
-0.0005898300441913307
-0.014646971598267555
-0.025417568162083626
0.008812897838652134
0.020721692591905594
-0.013866493478417397
-0.016207927837967873
0.021411115303635597
-0.005811309441924095
-0.019707070663571358
0.008182011544704437
0.024702129885554314
0.002580455504357815
0.04365473985671997
-0.011199859902262688
-0.019954221323132515
0.050783105194568634
-0.01155107468366623
-0.03369063511490822
-0.0003790603077504784
-0.0313752181828022
-0.013775437138974667
0.005317006725817919
-0.0020292429253458977
0.02550862357020378
0.027889082208275795
-0.007869820110499859
-0.028461432084441185
-0.01567460037767887
0.014204700477421284
-0.013007967732846737
0.00824054703116417
-0.011869770474731922
-0.02210053615272045
0.04045477882027626
-0.010751085355877876
0.005638953763991594
0.010003127157688141
0.0033056498505175114
-0.0016780277946963906
0.006416180171072483
0.003185326000675559
0.0228549987077713
-0.010354341939091682
-0.003055246314033866
0.00821453146636486
0.011492539197206497
0.0226989034563303
0.0298662930727005
-0.005782041698694229
0.006077972706407309
-0.0013016097946092486
-0.00380483060143888
0.02044852450489998
0.025378543883562088
0.0031007742509245872
-0.020149340853095055
0.020721692591905594
0.023791572079062462
0.006614551413804293
-0.0026324873324483633
0.0029463046230375767
-0.006477967835962772
0.0012414478696882725
-0.01799001917243004
0.017313605174422264
-0.018588384613394737
0.027472827583551407
0.011681154370307922
-0.004256857559084892
0.012097409926354885
-0.03163537755608559
0.015557529404759407
0.019616015255451202
0.029788246378302574
-0.015011194162070751
0.04027266800403595
-0.02497529797255993
-0.01774286851286888
0.023167189210653305
-0.03418494015932083
-0.029944341629743576
-0.015791673213243484
0.018211154267191887
0.010842140763998032
-0.0029332966078072786
0.0032422358635812998
-0.003321909811347723
-0.027342747896909714
0.0010699053527787328
0.008955985307693481
-0.014295755885541439
-0.01813310757279396
0.018432289361953735
-0.00764868501573801
0.02587284706532955
0.006881214678287506
0.001591850072145462
-0.0012869758065789938
0.016884341835975647
0.02364848554134369
-0.023544421419501305
0.020084301009774208
-0.0018308714497834444
0.010087679140269756
0.01570061594247818
-0.012273017317056656
-0.015284362249076366
-0.006692599039524794
-0.013944541104137897
0.0189265925437212
0.011733186431229115
-0.018757488578557968
0.07757952064275742
-0.0024389938917011023
-0.013346174731850624
0.005164163187146187
0.00013109591964166611
-0.001476404257118702
0.008526722900569439
-0.008663306012749672
-0.011603106744587421
-0.010230766609311104
0.004835711792111397
-0.0030259783379733562
0.0081429872661829
-0.010842140763998032
-0.002447123872116208
0.016494102776050568
-0.015648584812879562
0.030490675941109657
-0.021489161998033524
-0.0002688990789465606
0.04537178948521614
0.009951095096766949
0.01589573547244072
0.002281272318214178
-0.012071393430233002
0.017326612025499344
0.027732986956834793
-0.005694237537682056
-0.007154382299631834
-0.04295231029391289
-0.014868106693029404
0.01247464120388031
-0.05687083303928375
-0.030542707070708275
0.028487449511885643
-0.027342747896909714
-0.011804730631411076
-0.007811284624040127
-0.017170516774058342
0.016572151333093643
0.0046698604710400105
0.006107240915298462
-0.029085814952850342
-0.03780115395784378
-0.012344561517238617
0.015999799594283104
-0.021606234833598137
0.01341121457517147
-0.02705657295882702
