-0.010251689702272415
-0.01238691434264183
-0.002962868893519044
-0.008906563743948936
-0.02545292116701603
0.017800068482756615
-0.03134274482727051
-0.008194821886718273
-0.015279588289558887
-0.020007118582725525
-0.01777394860982895
0.000809279503300786
-0.01085242535918951
0.010375754907727242
0.00390804884955287
0.00874985009431839
0.03134274482727051
0.00407455675303936
0.0139605812728405
0.01689896360039711
-0.0114858103916049
0.016376584768295288
0.02051643840968609
-0.016846725717186928
-0.023676833137869835
0.010937312617897987
0.014091175980865955
-0.029227109625935555
0.0032681343145668507
-0.012935412116348743
0.010192922316491604
-0.012608925811946392
-0.011041788384318352
-0.011335626244544983
0.0004111694870516658
0.002148284111171961
0.016885904595255852
0.004218211397528648
0.030428582802414894
0.030559176579117775
0.005426212679594755
-0.00039382485556416214
-0.006111835595220327
-0.0038656052201986313
-0.014665793627500534
0.029775608330965042
-0.034424781799316406
-0.010395344346761703
-0.0413985438644886
0.029331587255001068
0.0166377741843462
0.016846725717186928
-0.010702242143452168
0.0008611092926003039
-0.0040614972822368145
-0.018727291375398636
-0.034032996743917465
0.006692982278764248
0.02230558730661869
-0.028678612783551216
-0.0034868805669248104
0.0009247742709703743
-0.025465980172157288
0.030350225046277046
0.013353316113352776
0.018413864076137543
0.005648224148899317
-0.0013867532834410667
0.012765639461576939
0.016115395352244377
0.02465629391372204
0.010003559291362762
-0.025531278923153877
-0.011590286158025265
0.02324586920440197
-0.014025879092514515
-0.024551818147301674
-0.027999520301818848
0.005096461158245802
0.03706279769539833
0.0069933501072227955
-0.0048287417739629745
-0.04252165928483009
0.028234589844942093
0.005151963792741299
0.001443072222173214
-0.0027881984133273363
0.020777627825737
0.008965331129729748
-0.004561022389680147
-0.025021959096193314
0.02464323304593563
0.004211681429296732
0.0256488136947155
-0.02685028500854969
0.0036044158041477203
-0.005308677442371845
0.005292353220283985
-0.021613435819745064
-0.037898603826761246
-0.016676953062415123
-0.01985040493309498
-0.04320074990391731
0.0006256306078284979
-0.05150657892227173
-0.0018446511821821332
-0.0184269230812788
-0.00036525726318359375
0.015214291401207447
-0.039387382566928864
-0.026876404881477356
0.032753169536590576
-0.011936362832784653
-0.012693812139332294
0.010036208666861057
-0.014940042048692703
0.014443782158195972
-0.01215184386819601
-0.001074958243407309
-0.011949421837925911
0.03304047882556915
-0.0058114673011004925
0.023337285965681076
0.009664013050496578
0.010362694971263409
-0.0018283268436789513
-0.025596575811505318
-0.015162053517997265
-0.011714351363480091
-0.02097352035343647
-0.009265699423849583
-0.009664013050496578
-0.01032351702451706
-0.008188292384147644
-0.011688232421875
0.008181762881577015
3.0939740099711344e-05
0.01302682887762785
-0.037376224994659424
-0.021822387352585793
0.013986700214445591
0.028678612783551216
-0.0021368570160120726
-0.03625310957431793
-0.023807426914572716
0.014639674685895443
0.050331227481365204
0.02485218644142151
-0.006647273898124695
0.0016210076864808798
0.0287308506667614
-0.0211041159927845
0.019001539796590805
0.0066864523105323315
0.00767897255718708
0.0007778551080264151
-0.005795143079012632
0.0025531279388815165
0.001584277837537229
-0.00968360248953104
0.00539029948413372
-0.021535078063607216
0.0010472068097442389
0.01636352576315403
0.00541315320879221
0.005138904321938753
0.004897303879261017
0.007776918821036816
0.02290632389485836
0.017421342432498932
0.02210969477891922
0.021665673702955246
-0.040980640798807144
0.04374925047159195
-0.0003640329232439399
0.029906203970313072
0.019275788217782974
0.013686331920325756
0.003617475274950266
-0.00828623864799738
-0.008710671216249466
0.0025286413729190826
-0.0067321606911718845
0.014809447340667248
-0.00921999104321003
0.008462541736662388
0.014352365396916866
0.0003487288486212492
0.02558351680636406
0.004322687163949013
0.02116941288113594
0.005680872593075037
-0.03155169636011124
-0.000368318083928898
-0.6318697333335876
-0.00427697878330946
-0.0005040141986683011
-0.031081555411219597
0.020855985581874847
0.005155228544026613
0.007221891079097986
0.007744269911199808
-0.0016120292712002993
-0.019667573273181915
-0.0012928883079439402
0.02089516445994377
-0.012177962809801102
-0.02465629391372204
-0.011969011276960373
-0.01990264281630516
0.0139605812728405
-0.03152557834982872
0.038447100669145584
-0.012034308165311813
-0.022005219012498856
0.006503619719296694
0.0011288286186754704
0.014600495807826519
-0.010969961062073708
0.0023996790405362844
0.005498040001839399
-0.0027490200009196997
0.007470021024346352
0.0032681343145668507
-0.01352961827069521
0.021091056987643242
0.0028649228624999523
0.02705923654139042
0.06205863505601883
0.02357235737144947
-0.021678732708096504
0.035365063697099686
0.012687282636761665
0.02009853534400463
-0.010212511755526066
-0.023298107087612152
0.019732870161533356
0.002043808111920953
0.02758161723613739
-0.0048091528005898
0.0114858103916049
-0.026954760774970055
0.005612310487776995
0.029174871742725372
0.002998782554641366
-0.0043683950789272785
-0.002293570665642619
0.0008341741049662232
0.003287723520770669
-0.012883174233138561
-0.007626734673976898
0.015344886109232903
0.003051020437851548
0.025100314989686012
0.002300100401043892
-0.006075921934098005
0.006967231165617704
-0.014535197988152504
-0.035234469920396805
0.02464323304593563
-0.015018398873507977
-0.010813247412443161
0.008462541736662388
-0.033824045211076736
0.011479280889034271
0.026954760774970055
0.008997979573905468
-0.004028848838061094
0.018805647268891335
-0.0077050914987921715
0.021064937114715576
0.006921523250639439
-0.0045316386967897415
0.005484980531036854
0.002877982333302498
-0.0165594182908535
-0.021195532754063606
0.015449361875653267
0.021482840180397034
-0.00855395756661892
0.005517629440873861
-0.013366375118494034
0.008651903830468655
0.004985455423593521
0.015749730169773102
-0.003960286732763052
0.023363405838608742
-0.025896944105625153
0.007483080495148897
0.033771809190511703
-0.006637479644268751
-0.008390714414417744
0.019341086968779564
-0.017329925671219826
-0.008991450071334839
-0.008736790157854557
0.0073002479039132595
0.0001989529700949788
0.020150773227214813
-0.006343641318380833
-0.018870944157242775
-0.012021249160170555
0.05662589520215988
0.010447582229971886
-0.024277567863464355
-0.01749970018863678
-0.011120145209133625
-0.0118906544521451
-0.01928884908556938
-0.035704612731933594
0.016872845590114594
-0.004064762499183416
0.010297398082911968
-0.01610233634710312
0.017003439366817474
0.00031016257707960904
0.019314967095851898
-0.004874450154602528
-0.022958561778068542
0.03434642404317856
-0.023951081559062004
0.003930902574211359
-0.026367085054516792
-0.01215184386819601
-0.008482130244374275
-0.013882224448025227
0.006206516642123461
0.0033856695517897606
0.013712450861930847
0.0036533887032419443
0.013013768941164017
0.0016316184774041176
-0.0013353315880522132
0.011531518772244453
-0.0211824718862772
-0.0037774539086967707
0.007796508260071278
-0.012380384840071201
-0.04374925047159195
-0.032021839171648026
-0.027764448896050453
0.01195595134049654
-0.021051878109574318
0.02157425694167614
-0.015462420880794525
0.010976490564644337
-0.02191380225121975
-0.012576276436448097
0.010943842120468616
-0.005116050131618977
-0.0135557372123003
-0.008011989295482635
-0.006928052753210068
-0.010055797174572945
0.0004913628217764199
0.0030673446599394083
-0.017865365371108055
0.015083696693181992
-0.022893264889717102
0.021156353875994682
0.012295497581362724
0.008671493269503117
-0.011263798922300339
-0.060282547026872635
0.0005044222925789654
0.019119074568152428
-0.011061377823352814
0.028704730793833733
0.023271989077329636
-0.00897839106619358
-0.014404603280127048
-0.0016136616468429565
0.008762909099459648
-0.0029498094227164984
-0.006268549244850874
0.013451261445879936
-0.021613435819745064
-0.0029204257298260927
-0.010192922316491604
0.01756499707698822
0.007992399856448174
0.008671493269503117
-0.00034934101859107614
0.01904071867465973
0.021091056987643242
0.02618425153195858
0.0161545742303133
0.018675053492188454
-0.009370175190269947
-0.011871065013110638
-0.00945506151765585
0.007248010020703077
0.009794607758522034
0.02818235196173191
0.02504807710647583
0.0046850875951349735
0.039230670779943466
-0.00036893022479489446
-0.01577584818005562
0.004721001256257296
-0.01757805608212948
-0.028417423367500305
0.04168585315346718
0.007581026758998632
0.008913093246519566
-0.003846016013994813
-0.02323281019926071
-0.038499340415000916
-0.003516264259815216
0.004472870845347643
-0.0021221651695668697
0.0032762964256107807
0.0016422292683273554
0.004567552357912064
-0.009298347868025303
-0.03421583026647568
0.018792588263750076
-0.016337405890226364
-0.00878902804106474
0.015109815634787083
-0.005935532506555319
-0.0032975180074572563
0.01238691434264183
-0.007541848346590996
0.025296207517385483
0.0043324814178049564
-0.014966160990297794
0.03962245583534241
0.024799948558211327
0.020738450810313225
0.009370175190269947
-0.012863585725426674
0.03612251579761505
0.03126439079642296
0.03233526647090912
0.0161545742303133
-0.001790780806913972
-0.00971625093370676
0.021992160007357597
0.020020179450511932
0.013170482590794563
0.01262851431965828
-0.004835271742194891
-0.0005676791770383716
-0.018870944157242775
0.004851595964282751
-0.024290628731250763
-0.00304775545373559
-0.012674222700297832
-0.03533894568681717
0.01098955050110817
0.020020179450511932
0.018178792670369148
0.03306659683585167
0.0023049977608025074
0.03241362422704697
0.012177962809801102
0.02670663222670555
-0.0030183717608451843
-0.0007631632033735514
-0.00550783472135663
-0.009265699423849583
-0.03857769817113876
-0.013777748681604862
-0.00814911350607872
-0.01443072222173214
-0.014496020041406155
-0.005690667312592268
0.0009582391357980669
0.008064227178692818
0.0032126314472407103
-0.011113615706562996
0.011825356632471085
0.0031473340932279825
-0.019994059577584267
-0.021587315946817398
0.011805767193436623
0.03486880660057068
0.007045587990432978
-0.0018120025051757693
-0.012478331103920937
-0.005063812248408794
-0.04087616503238678
0.0019834081176668406
-0.004237800370901823
-0.0037807186599820852
-0.010506349615752697
0.010421463288366795
-0.018009020015597343
-0.02490442432463169
0.029305467382073402
-0.011172383092343807
0.0035293237306177616
-0.013934462331235409
0.009768488816916943
-0.0032093666959553957
-0.016585536301136017
-0.005093196406960487
0.042443301528692245
0.030559176579117775
-0.01657247729599476
-0.0030281662475317717
0.01218449231237173
-0.020803747698664665
0.0073198373429477215
-0.002259289612993598
0.007927102968096733
-0.0002683314378373325
0.012615455314517021
0.018884005025029182
0.015371005050837994
-0.016520239412784576
0.03045470081269741
-2.9128756068530492e-05
-0.010473701171576977
0.004544698167592287
0.006160808261483908
0.001247180043719709
0.04314851388335228
-0.01011456549167633
-0.00965095404535532
0.014065057039260864
-0.013242309913039207
-0.017199331894516945
-0.004231270868331194
-0.023676833137869835
0.00964442454278469
-0.015501599758863449
0.0069933501072227955
0.004907098598778248
-0.009285288862884045
0.006973761133849621
0.0061738681979477406
0.016807546839118004
0.008155643939971924
-0.0005913494387641549
0.005798407830297947
0.006771339103579521
0.01735604554414749
-0.004714471288025379
0.004613260272890329
0.01676836982369423
0.02805175818502903
0.016520239412784576
0.0467529296875
0.03058529645204544
0.003320372197777033
-0.01443072222173214
0.011394393630325794
0.017747830599546432
0.030689772218465805
-0.00394069729372859
-0.005125844851136208
-0.002105840714648366
-0.0023670303635299206
0.03552177920937538
0.00965095404535532
0.009363645687699318
0.035286709666252136
0.005919208284467459
0.003379139816388488
-0.008991450071334839
0.010284338146448135
-0.0206992719322443
0.024395104497671127
0.008906563743948936
-0.003295885631814599
-0.010930782184004784
0.017186272889375687
0.023924963548779488
-0.018479160964488983
0.003878664691001177
-0.0010798554867506027
0.0068758148699998856
-0.0040810867212712765
0.019066836684942245
0.011374805122613907
-0.03873440995812416
-0.018074316903948784
-0.028234589844942093
0.02371601015329361
-0.027816686779260635
0.008096875622868538
-0.01082630641758442
-0.003072242019698024
-0.0018707701237872243
-0.028077876195311546
0.01597174070775509
0.0040582325309515
-0.04118959233164787
-0.047458142042160034
-0.0033415937796235085
-0.016454940661787987
0.025152552872896194
-0.007359015755355358
-0.017081797122955322
-0.0019409648375585675
0.01983734592795372
-0.013686331920325756
-0.004698147065937519
-0.006719101220369339
-0.026340965181589127
0.014809447340667248
0.02250147983431816
-0.004564287140965462
-0.022749610245227814
0.015018398873507977
0.02136530540883541
-0.023389523848891258
-0.026197312399744987
-0.0012732991017401218
0.009781548753380775
-0.03371956944465637
0.028103996068239212
0.0038329565431922674
0.0011239312589168549
0.0158280860632658
-0.004603466019034386
0.00924610998481512
-0.01749970018863678
-0.0011451529571786523
0.000998233794234693
-0.0048385364934802055
0.005635164678096771
-0.001945862197317183
0.017447462305426598
-0.02384660579264164
-0.023898843675851822
0.014038938097655773
0.00971625093370676
0.021665673702955246
-0.006239165551960468
0.004482665564864874
-0.0003909681108780205
0.013183542527258396
0.028756968677043915
0.014065057039260864
-0.01682060770690441
-0.0068758148699998856
-0.03045470081269741
-0.0010994448093697429
0.01743440330028534
-0.02891368232667446
0.01649411953985691
-0.009696662425994873
-0.005292353220283985
-0.007515729404985905
-0.00036648157401941717
-0.021077996119856834
0.023624595254659653
-0.016141513362526894
-0.026354026049375534
-0.011009139940142632
-0.0017858835635706782
-0.0185052789747715
0.007946692407131195
0.009768488816916943
-0.01863587461411953
-0.010212511755526066
0.017134035006165504
-0.004655703902244568
-0.01682060770690441
0.050122275948524475
-0.030689772218465805
-0.033693451434373856
-0.013098656199872494
-0.042182113975286484
0.024016378447413445
-0.014953101985156536
-0.007541848346590996
-0.007417783141136169
0.0007966281264089048
-0.015606075525283813
-0.02805175818502903
-0.008769439533352852
-0.008436422795057297
0.008932682685554028
0.0022968356497585773
0.016324346885085106
-0.01082630641758442
-0.012909293174743652
-0.022462300956249237
-0.0038166323211044073
-0.015553837642073631
0.01055858749896288
-0.029618894681334496
-0.04863349348306656
0.017813127487897873
0.030350225046277046
-0.01443072222173214
0.008442952297627926
-0.022893264889717102
-0.016507180407643318
0.02771221101284027
-0.012524038553237915
-0.036357585340738297
-0.013066006824374199
-0.006477500777691603
-0.0013565531698986888
0.00674522016197443
-0.006500354968011379
0.01509675569832325
-0.032465860247612
0.005530688911676407
0.024421222507953644
0.0020421757362782955
-0.0007954037864692509
0.02156119793653488
0.019550038501620293
-0.020398903638124466
0.007796508260071278
0.0225667767226696
0.008671493269503117
-0.009115515276789665
0.008723731152713299
-0.0368538461625576
0.008397243916988373
0.03941350430250168
-0.0073002479039132595
-0.0016332508530467749
-0.009657483547925949
0.012302028015255928
-0.03183900564908981
0.01012109499424696
0.003286090912297368
-0.0034248479641973972
0.008214411325752735
-0.03721950948238373
-0.010643473826348782
-0.005997565109282732
0.007287188433110714
-0.01569749228656292
0.002845333656296134
0.00781609769910574
0.007659383583813906
0.02250147983431816
-0.015841146931052208
0.0019491270650178194
0.01610233634710312
-0.029227109625935555
0.048920802772045135
0.0006293035694397986
0.03667101263999939
0.010832836851477623
-0.007783448789268732
-0.03306659683585167
-0.007130474783480167
0.008854325860738754
-0.005442537367343903
0.034633733332157135
-0.004192092455923557
0.013856105506420135
-0.026027537882328033
0.0014496019575744867
0.025061137974262238
-0.012458741664886475
-0.0037154213059693575
0.00281268497928977
0.010454111732542515
0.013216190971434116
-0.012726460583508015
0.008390714414417744
-0.02350705862045288
0.027424901723861694
0.01563219539821148
0.006683187559247017
-0.003744805231690407
-0.002350705908611417
-0.02344176173210144
0.052603576332330704
0.014339306391775608
0.004701411817222834
0.010173332877457142
0.003428112715482712
-0.012765639461576939
-0.00017824146198108792
0.0026722955517470837
-0.007692032027989626
0.000654606323223561
0.01058470644056797
0.010525939054787159
0.002513949293643236
-0.007548377849161625
-0.024329805746674538
0.027346545830368996
-0.0030444907024502754
0.013333726674318314
0.024682411924004555
0.0033562856260687113
0.008762909099459648
0.016729190945625305
0.034032996743917465
-0.01621987111866474
0.025087255984544754
-0.004263919312506914
-0.017591116949915886
0.019249670207500458
0.014652733691036701
-0.0278428066521883
0.007652853615581989
-0.037976961582899094
-0.014691912569105625
-0.004005994647741318
-0.003398729022592306
0.014757209457457066
-0.018675053492188454
0.015619135461747646
-0.014038938097655773
-0.005755964666604996
-0.00191158102825284
-0.0051193153485655785
0.007829156704246998
0.008880444802343845
0.0055502778850495815
-0.014247889630496502
0.020673152059316635
-0.04014483466744423
-0.03178676962852478
0.006477500777691603
0.01816573366522789
0.002768609207123518
0.029488300904631615
-0.001697732019238174
-0.008730260655283928
0.036958321928977966
-0.006242430303245783
-0.029566656798124313
-0.0073002479039132595
0.0035195292439311743
0.0016830401727929711
-0.020020179450511932
-0.005347855854779482
0.022410063073039055
0.003304047742858529
-0.009494240395724773
0.004077821969985962
-0.016180692240595818
-0.006914993282407522
0.001816899748519063
-0.009990500286221504
0.014600495807826519
-0.01235426589846611
0.03243974223732948
-0.0052956179715693
0.021339185535907745
-0.007535318378359079
-0.010885074734687805
-0.017669472843408585
-0.005902883596718311
0.017264628782868385
-0.03079424798488617
-0.010441051796078682
-0.016350464895367622
-0.01535794511437416
-0.04186868295073509
-0.0017271159449592233
-0.02277572825551033
0.0036207400262355804
0.010486760176718235
-0.015005339868366718
0.002487830352038145
0.00971625093370676
-0.030141273513436317
0.0036142102908343077
-0.009944791905581951
-0.02472159080207348
-0.030742010101675987
0.014966160990297794
-0.006467706058174372
0.03340614214539528
0.012785227969288826
-0.03071589022874832
-0.021286947652697563
-0.001014558132737875
-0.03834262490272522
0.013190072029829025
0.005674343090504408
0.0347382090985775
0.0046850875951349735
0.0020176891703158617
0.012615455314517021
0.026902522891759872
-0.015423242934048176
0.025270089507102966
-0.01577584818005562
-0.02644544094800949
-0.01710791513323784
-0.004472870845347643
-0.011831886135041714
-0.01897541992366314
-0.02097352035343647
-0.005377240013331175
0.05137598514556885
-0.01790454424917698
0.0019997325725853443
0.011583756655454636
-0.02644544094800949
-0.015122874639928341
0.018661992624402046
0.021926863119006157
0.022932441905140877
0.014613554812967777
0.021717911586165428
-0.029827846214175224
-0.0094158835709095
0.010774068534374237
-0.007483080495148897
-0.028548017144203186
-0.0021515488624572754
0.01863587461411953
-0.0049462770111858845
0.04615219309926033
-0.005344591103494167
-0.014848626218736172
-0.006546062882989645
-0.01576278917491436
0.02156119793653488
-0.00497566070407629
0.0028747175820171833
0.013647153973579407
0.009722781367599964
-0.0068954043090343475
-0.004054967779666185
0.014718031510710716
-0.023076096549630165
-0.005925737787038088
0.004355335608124733
0.0001847711973823607
0.021665673702955246
0.00965095404535532
-0.022214170545339584
-0.017656413838267326
-0.03398076072335243
-0.006026948802173138
0.01730380766093731
-0.014169532805681229
-0.0034444371704012156
0.019079895690083504
-0.012040838599205017
0.0189101230353117
0.0017826186958700418
-0.00925263948738575
-0.02436898462474346
-0.018818706274032593
0.0215089600533247
-0.018061257898807526
-0.01577584818005562
0.002218478824943304
-0.02137836441397667
0.0014463370898738503
0.013399023562669754
0.016611656174063683
-0.03719339147210121
0.009899083524942398
0.20853373408317566
-0.024865245446562767
0.004554492887109518
0.00971625093370676
-0.009298347868025303
0.005958386696875095
0.025740230455994606
-0.0071370042860507965
-0.014926983043551445
0.004192092455923557
0.009624835103750229
-0.013085596263408661
-0.023324226960539818
0.00698029063642025
-0.007620205171406269
-0.011322567239403725
-0.018596695736050606
0.015566897578537464
0.021495899185538292
0.01657247729599476
0.03434642404317856
0.010173332877457142
-0.011831886135041714
-0.006000829860568047
0.029775608330965042
0.01682060770690441
0.004518579225987196
-0.004567552357912064
0.019249670207500458
0.0015834616497159004
-0.0009313040063716471
0.01238691434264183
-0.009631364606320858
0.009069806896150112
0.0005966548924334347
0.008893503807485104
0.021482840180397034
0.006043273024260998
0.022749610245227814
0.008606195449829102
0.027398783713579178
0.00516175851225853
0.008247059769928455
-0.03183900564908981
-0.012648103758692741
0.05871541053056717
-0.002995517570525408
-0.014757209457457066
0.006960701663047075
0.0043683950789272785
-0.016794487833976746
0.020085476338863373
0.008188292384147644
0.009748900309205055
-0.007019469048827887
0.01008844655007124
0.007261069491505623
0.005409888457506895
0.02410779520869255
0.004515314474701881
0.0013451261911541224
0.027085356414318085
0.003976610954850912
0.018648933619260788
-0.022122755646705627
0.0043324814178049564
-0.04936482384800911
-0.008469071239233017
0.015606075525283813
-0.0028388039208948612
-0.003395464038476348
-0.006026948802173138
-0.011002609506249428
0.0013810397358611226
-0.02597529999911785
-0.0368538461625576
0.00482547702267766
0.005919208284467459
0.016115395352244377
0.014678852632641792
-0.013314137235283852
-0.005403358954936266
-0.0345814973115921
0.0061379545368254185
0.00574290519580245
-0.027607735246419907
0.016925083473324776
-0.004864655435085297
-0.011995130218565464
-0.018688112497329712
-0.012053897604346275
0.0035456481855362654
-0.009278758428990841
-0.023467881605029106
0.0024160032626241446
0.0058571756817400455
0.0018332242034375668
0.024329805746674538
-0.022083576768636703
-0.004038643557578325
-0.026014478877186775
0.03818591311573982
-0.00382316205650568
0.012347736395895481
-0.0020307486411184072
0.018466101959347725
-0.01962839439511299
-0.011400924064218998
-0.01392140332609415
-0.03092484176158905
0.0008496822556480765
-0.03228302672505379
-0.01034963596612215
-0.008645374327898026
-0.03304047882556915
0.012008189223706722
0.008064227178692818
-0.00677786860615015
0.0301935113966465
0.0035782968625426292
-0.0005758413462899625
-0.015070636756718159
-0.018596695736050606
0.006258754525333643
0.0012945206835865974
-0.02284102514386177
-0.05871541053056717
0.012060427106916904
-0.020464200526475906
-0.009193872101604939
0.015540777705609798
-0.007274128962308168
0.03186512365937233
-0.0016561049269512296
-0.01038228441029787
0.0004913628217764199
-0.018466101959347725
-0.020751509815454483
0.02638014405965805
0.019275788217782974
0.00992520246654749
-0.024734649807214737
-0.006441587116569281
0.02504807710647583
0.009468121454119682
-0.0074439020827412605
-0.015109815634787083
0.006004094611853361
-0.009840316139161587
0.007835686206817627
0.008044637739658356
-0.029018158093094826
-0.008886974304914474
-0.0037676591891795397
0.01239344384521246
0.03157781809568405
-0.03507775813341141
0.006284873466938734
-0.0017711916007101536
0.0090110395103693
-0.010845895856618881
-0.016337405890226364
0.00694764219224453
0.004880979657173157
-0.009605245664715767
0.009272228926420212
-0.16340018808841705
0.0003450558870099485
0.025217851623892784
-0.022161932662129402
0.012811347842216492
-0.0049560717307031155
0.03627922758460045
0.013568797148764133
0.006327316630631685
-0.01172741036862135
0.00575922941789031
-0.003405258757993579
-0.02097352035343647
-0.030271869152784348
-0.0013655315851792693
0.010023148730397224
-0.023324226960539818
0.021939922124147415
0.033432263880968094
0.0037839836440980434
0.004916893318295479
-0.005915943067520857
-0.014691912569105625
0.00201279204338789
0.009794607758522034
-0.013790808618068695
-0.011694761924445629
0.010721830651164055
-5.205936395213939e-05
-0.018831767141819
0.005014839116483927
0.003467291360720992
0.021730970591306686
-0.01985040493309498
0.015488539822399616
0.000963952683378011
-0.015579956583678722
0.0016879374161362648
-0.011557637713849545
0.03432030603289604
0.0030265338718891144
0.0017826186958700418
0.01975899003446102
-0.009167753159999847
0.006764809135347605
-0.006500354968011379
0.02004629746079445
0.0009206931572407484
0.015109815634787083
-0.007502669934183359
0.027999520301818848
-0.0008186660124920309
-0.009892554022371769
0.008338476531207561
0.01008191704750061
0.00474059022963047
0.0027571821119636297
-0.0010349636431783438
-0.0006884793401695788
-0.02123470976948738
-0.003797043114900589
0.008057697676122189
-0.002318057231605053
0.022619014605879784
0.008867384865880013
-0.03371956944465637
-0.010969961062073708
0.026236489415168762
-0.04709247499704361
-0.002778403926640749
-0.005063812248408794
-0.03361509367823601
0.0015655048191547394
-0.006386084482073784
-0.010721830651164055
0.01119197253137827
-0.010969961062073708
0.02771221101284027
0.00964442454278469
-0.033432263880968094
-0.03526058793067932
0.04354029893875122
-0.021861564368009567
-0.0027196360751986504
-0.012275909073650837
-0.02412085421383381
-0.014496020041406155
0.013366375118494034
0.017682531848549843
0.02089516445994377
0.00596165144816041
-0.043383583426475525
-0.008710671216249466
-0.010963431559503078
0.027372663840651512
0.026406263932585716
0.009814197197556496
0.007796508260071278
-0.005906148813664913
0.0003162842185702175
0.015723610296845436
0.022227231413125992
-0.011185442097485065
0.00017314009892288595
0.014900864101946354
-0.023285048082470894
0.023076096549630165
0.007927102968096733
0.03199572116136551
0.010186392813920975
-0.0264585018157959
-0.012974590994417667
-0.0015344886342063546
0.012843996286392212
0.0021841975394636393
0.016180692240595818
0.004894039127975702
-0.0025857766158878803
0.011766589246690273
-0.003183247521519661
0.04455893859267235
0.0005452331970445812
-0.01102219894528389
0.007104355841875076
-0.012288968078792095
-0.03975304961204529
-0.11335626244544983
-0.030480820685625076
0.040301546454429626
0.020660093054175377
0.020007118582725525
0.018688112497329712
0.0034607616253197193
0.014443782158195972
-0.03285764530301094
0.018923182040452957
-0.02404249832034111
-0.00023588680778630078
-0.006999880075454712
0.022632073611021042
-0.004662233404815197
-0.004218211397528648
-0.010023148730397224
-0.0007305145263671875
-0.03071589022874832
0.030950961634516716
0.011975540779531002
0.011100555770099163
0.008044637739658356
0.010421463288366795
-0.015227350406348705
0.006484030745923519
-0.029305467382073402
0.02344176173210144
0.022397004067897797
-0.009827257134020329
-0.0009117147419601679
-0.009970910847187042
-0.0034248479641973972
-0.021887684240937233
0.012517509050667286
-0.005896354094147682
-0.017460521310567856
-0.011635994538664818
0.03886500373482704
-0.02022913098335266
0.006497090216726065
0.012243259698152542
0.00706517742946744
-0.028339065611362457
0.017395224422216415
-0.04118959233164787
0.0079140430316329
0.03147334232926369
-0.011107085272669792
-0.032831527292728424
-0.027999520301818848
-0.011812297627329826
-0.04813723266124725
0.004433692432940006
-0.026419322937726974
0.008704141713678837
-0.005530688911676407
0.007006409578025341
-0.01836162619292736
-0.030297987163066864
-0.003617475274950266
0.007613675203174353
0.0013165585696697235
0.014678852632641792
0.02938382513821125
-0.009526888839900494
-0.030141273513436317
0.0016544725513085723
0.011629465036094189
0.009278758428990841
0.0035978860687464476
0.01302029937505722
0.007731210440397263
-0.0025270089972764254
-0.009729310870170593
0.011609875597059727
-0.011642524041235447
0.0025368034839630127
-0.004179032985121012
-0.0052531748078763485
-0.00560904573649168
-0.012465271167457104
-0.01041493285447359
-0.02998455986380577
0.018609754741191864
0.010447582229971886
0.006190192420035601
0.011080966331064701
0.007600615732371807
-0.011498870328068733
-0.03280540555715561
0.024551818147301674
0.003979875706136227
-0.01676836982369423
0.005187877453863621
-0.011603346094489098
0.015423242934048176
-0.014600495807826519
-0.009794607758522034
0.015449361875653267
-0.037663534283638
-0.0003846424224320799
-0.06179744750261307
0.016807546839118004
0.01675530895590782
-0.004515314474701881
-0.02011159434914589
-0.0033056801185011864
0.019889583811163902
0.0004436141171026975
0.01985040493309498
-0.011329096741974354
-0.004570817109197378
-0.015122874639928341
0.0029938851948827505
-0.006346906069666147
-0.014012819156050682
-0.033092714846134186
0.021665673702955246
0.0036305347457528114
0.010493289679288864
-0.012693812139332294
-0.006412203423678875
-0.0035358534660190344
0.028025638312101364
0.013816927559673786
-0.005883294623345137
0.006490560248494148
-0.005354385823011398
-0.0031065233051776886
-0.001443072222173214
0.02244924195110798
0.019249670207500458
-0.025896944105625153
-0.022266408428549767
0.02405555732548237
0.007718150969594717
-0.010343106463551521
0.004995250143110752
0.021926863119006157
0.011505399830639362
0.05793184041976929
-0.012458741664886475
-0.008116465061903
0.02250147983431816
-0.02163955383002758
-0.020921282470226288
0.005553542636334896
-0.003499940037727356
-0.00417576776817441
0.01085242535918951
-0.008090346120297909
0.025792468339204788
0.020477261394262314
-0.010127624496817589
-0.014770269393920898
-0.013399023562669754
0.001578564289957285
-0.00915469415485859
0.003473821096122265
-0.006030213553458452
-0.012641574256122112
0.031107675284147263
-0.02371601015329361
0.014287068508565426
0.013477380387485027
-0.003992935176938772
-0.011498870328068733
-0.0008292768034152687
-0.0032322206534445286
-0.0011541313724592328
0.0017173213418573141
0.012008189223706722
0.016076216474175453
0.0150575777515769
0.015801968052983284
0.01445684116333723
0.0012055530678480864
0.004280243534594774
-0.01145969144999981
-0.012256319634616375
0.030271869152784348
0.006738690193742514
-0.00023384626547340304
-0.031682293862104416
0.03434642404317856
0.007489610463380814
0.00019048471585847437
-0.025596575811505318
0.022592896595597267
-0.020059356465935707
-0.0026135279331356287
0.005086666438728571
0.016180692240595818
-0.013790808618068695
0.010747949592769146
-0.008247059769928455
0.0038264268077909946
0.01041493285447359
-0.02745102159678936
0.012726460583508015
0.02597529999911785
0.02545292116701603
0.007737740408629179
0.019341086968779564
-0.04048437997698784
-0.004123529884964228
0.01443072222173214
-0.026262609288096428
-0.03787248581647873
-0.030506938695907593
0.006999880075454712
0.010173332877457142
-0.006549328099936247
0.019693691283464432
-0.0008358065388165414
-0.024081677198410034
0.008214411325752735
0.013464321382343769
-0.023493999615311623
-0.027294307947158813
0.016245989128947258
-0.01305947732180357
0.015619135461747646
0.033693451434373856
-0.004450017120689154
0.02758161723613739
-0.020020179450511932
0.03183900564908981
-0.003134274622425437
0.0018903593299910426
-0.004107205662876368
-0.016415763646364212
-0.0057233162224292755
-0.0378202460706234
-0.00942241307348013
-0.0039472272619605064
-0.007456961553543806
0.026197312399744987
0.02191380225121975
-0.03768965229392052
0.0696331337094307
0.0143654253333807
-0.006921523250639439
0.0019230080069974065
0.002590673742815852
0.014012819156050682
-0.0004132100148126483
0.007143534254282713
-0.022357825189828873
0.004139854572713375
0.002869820222258568
-0.016193751245737076
0.009605245664715767
-0.035704612731933594
-0.0026527063455432653
0.0025368034839630127
-0.004381454549729824
0.028234589844942093
-0.001988305477425456
0.0064448523335158825
0.04534250497817993
-0.005710256285965443
0.010251689702272415
0.01192330289632082
-0.018270209431648254
0.008495190180838108
0.03144722059369087
-0.019393324851989746
0.0009566067019477487
-0.017395224422216415
0.0002285408554598689
0.0049560717307031155
-0.05918555334210396
-0.021130234003067017
0.007450432050973177
-0.016454940661787987
0.008880444802343845
-0.03465985134243965
0.00032567072776146233
0.008710671216249466
0.00032567072776146233
0.012243259698152542
-0.024473460391163826
-0.05061853304505348
-0.033118836581707
0.0059943003579974174
-0.012491390109062195
0.005393564235419035
-0.03774188831448555
