-0.004437647759914398
-0.018659237772226334
0.0009710353915579617
-0.0105902049690485
-0.03327436000108719
0.004156095441430807
-0.05236872285604477
-0.008753716014325619
-0.021679526194930077
-0.02193548157811165
-0.0013309743953868747
0.013335339725017548
-0.011038129217922688
0.011735610663890839
-0.008075430989265442
0.0061813523061573505
0.018006548285484314
-0.01275943685323
0.009675160050392151
0.0026251550298184156
-0.005151126999408007
0.030638007447123528
0.012938606552779675
-0.021206006407737732
-0.023931942880153656
0.02600519172847271
0.010692588053643703
-0.02307448908686638
0.011204500682651997
0.0034234197810292244
-0.008625738322734833
-0.022946510463953018
-0.013514509424567223
-0.009553580544888973
-0.0027803287375718355
0.0036089883651584387
0.018224110826849937
0.01860804669559002
0.01860804669559002
0.019235139712691307
0.02984454110264778
0.00500075239688158
-0.0016573191387578845
-0.0035865921527147293
-0.020617306232452393
0.02912786230444908
-0.025992393493652344
0.011991566978394985
-0.020156582817435265
0.022037863731384277
0.0032586476299911737
0.025454886257648468
-0.022281022742390633
-0.0016429214738309383
-0.01279143150895834
-0.0016149262664839625
-0.0017437044298276305
0.01837768405675888
0.016470808535814285
-0.03148266300559044
0.01892799139022827
-0.0028923097997903824
-0.04105544090270996
0.008702524937689304
-0.009886324405670166
0.012785033322870731
-0.02731057070195675
-0.009067263454198837
-0.025621257722377777
0.027284976094961166
0.025019759312272072
0.016150861978530884
0.00442484999075532
0.008516956120729446
0.029153458774089813
0.002450784668326378
0.0003113472193945199
-0.03780479356646538
0.0025483679492026567
0.014640718698501587
-6.233942986000329e-05
-0.018172919750213623
-0.024264687672257423
0.017968153581023216
-0.0033626300282776356
-0.003519403515383601
0.014896675013005733
0.016957126557826996
-0.0014709506649523973
0.0014525537844747305
-0.02290811762213707
0.02453344129025936
-9.04346743482165e-05
-0.00011408066347939894
-0.007877064868807793
0.00010378241131547838
-0.004549629054963589
0.0029690966475754976
-0.021103622391819954
-0.028436779975891113
-0.022920913994312286
-0.0027995253913104534
-0.011198101565241814
0.006312530022114515
-0.03744645416736603
-0.006062972359359264
-0.003676177002489567
0.014141603372991085
0.031098728999495506
-0.025211727246642113
-0.029076671227812767
0.036576200276613235
-0.01886400207877159
0.006974817719310522
0.017955357208848
-0.01850566267967224
0.0218970887362957
-0.021756311878561974
0.005759024061262608
-0.029895732179284096
0.02105243131518364
0.014282379299402237
0.028334397822618484
-0.002845917595550418
0.022562576457858086
0.002140437252819538
-0.022703351452946663
0.010692588053643703
-0.03363269940018654
-0.026773061603307724
-0.011985168792307377
-0.014487144537270069
-0.006402114871889353
0.0003501406463328749
0.004184890538454056
-0.012241125106811523
-0.01576692797243595
0.03893100097775459
-0.04154175892472267
-0.012868219055235386
0.022101853042840958
0.01743064634501934
-0.0014893475454300642
-0.025134939700365067
-0.015498173423111439
0.0017501033144071698
0.03647381812334061
0.023701582103967667
0.005490269511938095
-0.009393608197569847
0.004811984486877918
-0.034554142504930496
0.03217374533414841
0.0016317233676090837
0.011050926521420479
0.0100334994494915
0.008836901746690273
0.018748821690678596
0.006514095701277256
0.012029960751533508
-0.01225392334163189
-0.012311513535678387
0.0037305676378309727
0.00728196557611227
0.004402454011142254
0.010334248654544353
0.007525124587118626
0.00026715471176430583
0.007345954887568951
0.015037450939416885
0.023995932191610336
0.019657468423247337
-0.040031615644693375
0.016202053055167198
0.002881111577153206
0.03130349516868591
0.012202731333673
0.014512740075588226
-0.005762223154306412
-0.013808859512209892
-0.01046222634613514
-0.003249049186706543
-0.009463995695114136
0.026696274057030678
-0.03301840275526047
0.0005323097575455904
0.013642488047480583
0.0025147737469524145
0.017059508711099625
0.012202731333673
0.015421385876834393
0.007953851483762264
-0.012036359868943691
-0.013021793216466904
-0.6347724199295044
0.018915193155407906
-0.013744870200753212
-0.014807090163230896
0.0054550752975046635
0.016893137246370316
0.033453527837991714
0.004735197406262159
-0.018326492980122566
-0.02935822308063507
0.004418450873345137
0.03217374533414841
0.013796061277389526
-0.024418260902166367
-0.006549289915710688
-0.03780479356646538
0.0048311809077858925
-0.027873676270246506
0.005339894909411669
0.0104302316904068
-0.02571084164083004
0.029332628473639488
0.006821244023740292
0.011006134562194347
0.00323785119690001
-0.01785297319293022
0.01919674687087536
-0.005487069953233004
0.007845070213079453
-0.020668497309088707
-0.009470394812524319
0.046968039125204086
-0.011646025814116001
0.01945270225405693
0.05369969829916954
0.035603564232587814
-0.03411901742219925
0.023292051628232002
0.027259379625320435
0.015395790338516235
0.007224375382065773
-0.019567882642149925
-0.00320585654117167
-0.015600555576384068
0.03278804197907448
-0.0017421047668904066
0.007992245256900787
-0.031789813190698624
-0.010673390701413155
-0.008209808729588985
-0.004015319515019655
-0.013271350413560867
0.011428463272750378
0.0028155227191746235
0.020911656320095062
-0.0067828502506017685
0.028923097997903824
0.0002811523445416242
0.00037233688635751605
0.027873676270246506
0.011639626696705818
0.0015349398599937558
-0.02265216037631035
-0.01570293866097927
-0.009963111020624638
0.026926636695861816
0.00481518404558301
-0.03355591371655464
-0.0015685341786593199
-0.01740504987537861
0.0006506897043436766
0.015421385876834393
0.0022492187563329935
-0.01700831763446331
-0.011556440964341164
0.03158504515886307
0.01928633078932762
-0.0015357397496700287
-0.0011502050328999758
0.012785033322870731
-0.01091654971241951
-0.008107425644993782
-0.010660593397915363
-0.008171414956450462
0.008612940087914467
-0.05067940801382065
-0.004312869161367416
-0.024725409224629402
-6.968819070607424e-05
0.03145706653594971
0.014691909775137901
0.014768696390092373
0.014717505313456059
-0.02874392829835415
-0.0009478393476456404
0.02101403847336769
0.007825873792171478
-0.01337373349815607
0.0017517030937597156
-0.01677795685827732
-0.00010488222324056551
-0.011946775019168854
-0.0031338687986135483
-0.015370194800198078
0.021090826019644737
0.0007842670893296599
-0.0014501542318612337
0.007832271978259087
0.02984454110264778
-0.024136709049344063
-0.0033370342571288347
-0.008689726702868938
-0.025915607810020447
0.000959837285336107
-0.04796626791357994
-0.028718331828713417
-0.007185982074588537
0.012631459161639214
0.008401775732636452
-0.022511383518576622
0.01432077307254076
-0.006379718426615
0.0023723978083580732
0.003896939568221569
-0.03173862025141716
-0.0034746110904961824
-0.006648472975939512
-0.0016653176862746477
-0.017200283706188202
-0.016022883355617523
0.010794970206916332
-0.0021660327911376953
0.006776451598852873
-0.02297210693359375
0.0011294085998088121
-0.012804229743778706
-0.011121314950287342
-0.0007098796777427197
0.005192719865590334
0.00080546346725896
-0.0009518386796116829
-0.010302253998816013
0.013744870200753212
-0.01648360677063465
-0.03181540593504906
-0.030484432354569435
-0.01194037590175867
-0.0023851958103477955
-0.010942145250737667
0.012906611897051334
-0.02825761027634144
-0.010423833504319191
-0.03273685276508331
0.008107425644993782
-0.004907967988401651
-0.0019820639863610268
-0.002020457526668906
-0.00990552082657814
-0.030945153906941414
-0.016074076294898987
0.004344863351434469
-0.002046053297817707
-0.03258327767252922
0.015600555576384068
-0.03219934180378914
0.010628598742187023
0.004690404981374741
-0.0012101948959752917
-0.025070950388908386
-0.04102984443306923
0.005301501601934433
0.024187900125980377
-0.006987615488469601
0.030484432354569435
0.025301311165094376
0.0057430267333984375
0.002837918931618333
0.006744456943124533
-0.01282342616468668
-0.013719274662435055
0.005195919424295425
0.024290282279253006
-0.03593630716204643
-0.01275943685323
0.011402866803109646
0.038828618824481964
0.015958894044160843
0.0009782342240214348
-0.004895170219242573
0.012413895688951015
0.0006438908749260008
-0.015011855401098728
-0.008516956120729446
0.004604019690304995
-0.011511649005115032
0.017840176820755005
0.003797756275162101
0.003912936896085739
0.0019676664378494024
0.037779197096824646
0.00822900515049696
0.013719274662435055
0.02674746699631214
0.016905933618545532
0.023317648097872734
0.0026843450032174587
0.018326492980122566
-0.018288100138306618
0.0625046044588089
0.018006548285484314
0.00411450257524848
-0.024904578924179077
-0.004991154186427593
-0.006930025294423103
0.022524181753396988
0.014179996214807034
-0.011409265920519829
0.013271350413560867
-0.01641961745917797
0.02176911011338234
-0.021871492266654968
-0.0014453550102189183
0.02020777389407158
-0.030356453731656075
-0.010986938141286373
0.03470771759748459
0.026926636695861816
0.0004619217070285231
0.01769939996302128
-0.014307974837720394
-0.006174953188747168
-0.0055574579164385796
-0.010084690526127815
0.021065229550004005
0.018620843067765236
0.004949560854583979
0.01305378694087267
-0.005525463260710239
0.04202807694673538
0.008836901746690273
-0.0007942653610371053
0.014333570376038551
0.005439077969640493
-0.02495577000081539
0.022920913994312286
0.018006548285484314
0.03552677854895592
-0.009713553823530674
-0.005429479759186506
-0.0012309913290664554
-0.022792937234044075
-0.00043312658090144396
-0.019004778936505318
0.0007010811823420227
0.006018179934471846
-0.03173862025141716
0.01479429192841053
0.004668009001761675
0.020028606057167053
0.030228476971387863
0.001293380744755268
0.007435539737343788
0.0020012608729302883
0.02489178068935871
-0.005922195967286825
0.000556705635972321
0.006936424411833286
0.0030890763737261295
-0.010692588053643703
-0.0038521471433341503
0.014384761452674866
0.006037376821041107
-0.016841946169734
0.007416342850774527
0.00790266040712595
-0.00490476842969656
0.031073132529854774
0.004469642415642738
0.0018124927300959826
0.008056234568357468
-0.030817177146673203
-0.038009557873010635
-0.03268565982580185
0.022626563906669617
-0.0020828470587730408
0.005413482431322336
-0.010481423698365688
-0.012868219055235386
-0.019337521865963936
0.005595851689577103
0.0006878834101371467
-2.3058591978042386e-05
0.006373319774866104
-0.0012829825282096863
0.001020626979880035
-0.012753038667142391
0.02754093147814274
-0.006981216836720705
0.0011630029184743762
-0.0004543229879345745
0.008958481252193451
-0.028897501528263092
-0.02147476002573967
-0.030279668048024178
0.035731542855501175
0.030970750376582146
-0.02684984914958477
-0.007685097400099039
0.016317233443260193
-0.0330439992249012
0.0031674630008637905
-0.006942823063582182
0.003145067021250725
0.029690967872738838
-0.01377046573907137
0.0003277444338891655
0.021525951102375984
-0.005259908270090818
0.03672977536916733
-0.0006186951068229973
-0.010692588053643703
0.009988706558942795
-0.019926222041249275
0.0017613014206290245
0.03626905381679535
0.0036633790004998446
-0.016304437071084976
0.01730266772210598
-0.013322541490197182
-0.0019004779169335961
-0.03463093191385269
-0.024738207459449768
0.018492866307497025
0.004661609884351492
0.011972370557487011
-0.012145141139626503
0.010692588053643703
-0.006744456943124533
-0.0020428537391126156
0.012932208366692066
0.019068768247961998
0.018300898373126984
0.01860804669559002
-0.0010854160645976663
-0.011428463272750378
-0.021589940413832664
0.012119545601308346
0.002193228341639042
0.02564685232937336
-0.0029195051174610853
0.02114201709628105
0.035501182079315186
-0.0019132756860926747
-0.04067150503396988
0.009368011727929115
0.017507432028651237
0.01101253367960453
0.0013573699397966266
-0.0049239653162658215
0.021206006407737732
0.0022396203130483627
0.05067940801382065
-0.004255278501659632
0.0031290696933865547
0.020681293681263924
0.023611998185515404
0.0002735536254476756
0.0011302083730697632
0.005503067281097174
-0.010091089643537998
0.012330709956586361
0.008888093754649162
-0.0012213930021971464
-0.029255840927362442
-0.003245849860832095
0.01662438176572323
0.0015061447629705071
0.009438400156795979
0.00481518404558301
-0.0008214607369154692
-0.0308939628303051
0.01311777625232935
-0.01890239678323269
-0.031431473791599274
-0.026145968586206436
-0.029255840927362442
0.03701132535934448
-0.01583091728389263
-0.010423833504319191
-0.012081151828169823
0.004763992503285408
9.758346277521923e-05
-0.025467682629823685
0.0316106416285038
0.011358074843883514
-0.03301840275526047
-0.034656524658203125
-0.010302253998816013
-0.0020540517289191484
0.007339555770158768
0.014077614061534405
-0.020438136532902718
-0.020450932905077934
0.02310008369386196
-0.01805773936212063
-0.024776600301265717
-0.002657149685546756
-0.023970337584614754
-0.008689726702868938
0.014154400676488876
-0.008907290175557137
0.012317911721765995
0.02056611329317093
0.018236909061670303
-0.013130574487149715
0.002242819871753454
0.01425678376108408
-0.007397145964205265
-0.015562161803245544
0.017980951815843582
0.017520230263471603
8.103626169031486e-05
0.008401775732636452
-0.021909886971116066
0.01926073618233204
-0.019593479111790657
0.006680467631667852
-0.0071411896497011185
0.011780403554439545
-0.0043928553350269794
-0.0003411421785131097
0.018940789625048637
-0.013098579831421375
0.0012181935599073768
0.014986259862780571
-0.00819701049476862
0.012746639549732208
-0.008747316896915436
-0.017993750050663948
0.008299393579363823
-0.00680204713717103
0.043487027287483215
0.0012477885466068983
0.0035513979382812977
0.007857868447899818
-0.04067150503396988
0.0013557701604440808
-0.001078217290341854
-0.033351145684719086
0.01987503096461296
-0.0218970887362957
-0.030228476971387863
-0.0017804981907829642
0.003314638277515769
-0.018070537596940994
0.03639703243970871
0.0035354008432477713
-0.02244739606976509
0.004293672274798155
-0.03314638137817383
0.002929103560745716
0.020284561440348625
0.008996875025331974
0.005099935457110405
0.009534384123980999
0.024367069825530052
0.023535210639238358
-0.025006961077451706
0.0064245108515024185
-0.02459743060171604
-0.017328262329101562
0.0030106897465884686
-0.017353858798742294
0.02581322379410267
-0.004661609884351492
0.015536566264927387
0.006981216836720705
-0.00677005248144269
-0.004360860679298639
-0.023381637409329414
-0.012426693923771381
-0.0058134146966040134
0.005403884220868349
-0.0009654363384470344
0.01590770296752453
0.0006894831312820315
-0.00289550912566483
-0.007819474674761295
-0.012477885000407696
-0.00022036264999769628
-0.018032142892479897
-0.010116685181856155
-0.04581623524427414
0.030049307271838188
0.03388865664601326
-0.0104302316904068
0.01039823703467846
0.005170323420315981
0.007537922356277704
0.030765986070036888
-0.017814580351114273
-0.020553316920995712
-0.0029339026659727097
-0.026542700827121735
-0.007429140619933605
0.01088455505669117
0.005944592412561178
0.009067263454198837
-0.0329672135412693
-0.0014669513329863548
0.018224110826849937
0.01117890514433384
-0.014986259862780571
0.02345842309296131
0.018531259149312973
-0.003375427797436714
0.02596679888665676
0.004543229937553406
0.012708245776593685
0.018352089449763298
0.004351262468844652
-0.04425489902496338
0.013693679124116898
0.019823839887976646
-0.0059157973155379295
0.0050263479351997375
-0.009687958285212517
0.010986938141286373
-0.01563894934952259
0.01707230694591999
-0.008990475907921791
-0.012637858279049397
0.02876952290534973
-0.023714380338788033
-0.023803966119885445
-0.02525012008845806
0.008606540970504284
0.009380809962749481
-0.004869574680924416
-0.014525538310408592
0.01013588160276413
0.010084690526127815
-0.01841607876121998
0.007358752656728029
0.02069409191608429
-0.02828320674598217
0.0603545680642128
0.026926636695861816
0.045150745660066605
0.018428876996040344
0.0005759024061262608
-0.02248578891158104
0.0036793763283640146
0.002169232349842787
-0.007921856828033924
0.030023710802197456
-0.0036281850188970566
0.006453305948525667
-0.014947866089642048
0.0076659005135297775
0.012196333147585392
0.011191703379154205
-0.00728196557611227
-0.014410356990993023
0.00670606316998601
0.0008982477593235672
-0.025954000651836395
0.01717468909919262
-0.02486618608236313
0.01987503096461296
0.007115594111382961
0.0032954413909465075
-0.02522452361881733
-0.0029355024453252554
-0.005688635632395744
0.049118075519800186
-0.013104978948831558
0.014218389987945557
-0.015203823335468769
-0.0025819623842835426
-0.016573190689086914
-0.015395790338516235
-0.020156582817435265
0.0013693679356947541
0.010353445075452328
0.020476529374718666
0.01071818359196186
-0.014525538310408592
0.007710692938417196
-0.006168554536998272
0.005874204449355602
-0.02379116788506508
0.008440169505774975
0.02638912759721279
0.007627507206052542
-0.002305209171026945
0.03411901742219925
0.002837918931618333
0.012145141139626503
0.0014693510020151734
0.007371550425887108
-0.03757443279027939
0.014052018523216248
0.0061813523061573505
-0.038111940026283264
0.013924039900302887
-0.011997966095805168
-0.014167198911309242
0.005147927440702915
-0.03481009975075722
-0.0005343094235286117
-0.00409850524738431
0.008005043491721153
-0.03271125629544258
-0.012932208366692066
-0.010116685181856155
-0.016138063743710518
0.024136709049344063
0.003864944912493229
0.0003765361907426268
0.003717769868671894
0.025954000651836395
-0.033120784908533096
-0.019055970013141632
0.009355214424431324
0.012676251120865345
0.008862498216331005
0.02733616717159748
0.0030778783839195967
-0.012701846659183502
0.029639776796102524
-0.0003511404793243855
-0.014602324925363064
-0.019631871953606606
0.022293820977211
-0.0141927944496274
-0.02423909120261669
-0.005019949283450842
0.019247937947511673
0.007825873792171478
-0.00016027282981667668
0.004818383138626814
-0.004821582697331905
-0.000681084580719471
-0.0017533028731122613
-0.034758906811475754
-0.018339291214942932
-0.005144727881997824
0.022037863731384277
-0.03112432360649109
0.0006726859719492495
0.002629954135045409
-0.024328676983714104
-0.017955357208848
0.007857868447899818
0.024917377158999443
-0.019414309412240982
0.005051943473517895
-0.030612410977482796
-0.016995519399642944
-0.024226292967796326
0.014960664324462414
-0.01366808358579874
-0.017520230263471603
0.0003377427638042718
-0.021820301190018654
0.007390747312456369
0.01981104165315628
-0.03173862025141716
-0.016611583530902863
0.00757631566375494
-0.01217073667794466
-0.03332555294036865
0.000976634444668889
-0.02743854932487011
0.04105544090270996
0.014602324925363064
-0.007345954887568951
-0.020578911527991295
-0.0007714692619629204
-0.045048363506793976
-0.0055574579164385796
0.018134526908397675
0.015344599261879921
0.007179582957178354
0.024418260902166367
0.008542551659047604
0.028539162129163742
-0.010603003203868866
0.010500620119273663
-0.03237851336598396
0.002175631234422326
-0.026568297296762466
0.0032442500814795494
-0.023279253393411636
-0.030868368223309517
-0.008702524937689304
-0.006795648019760847
0.02626114897429943
-0.011530845426023006
0.010353445075452328
0.0030826774891465902
-0.009291225112974644
-0.009918319061398506
0.00813302118331194
0.01583091728389263
0.00930402334779501
0.005960589740425348
0.0208604633808136
-0.01928633078932762
0.00849136058241129
0.015485375188291073
-0.010347045958042145
-0.010609401389956474
-0.032404106110334396
0.027745697647333145
-0.01563894934952259
0.014167198911309242
-0.001414160244166851
-0.007339555770158768
-0.008920088410377502
-0.010379040613770485
0.010212669149041176
-0.009655963629484177
-0.004703202750533819
0.026645082980394363
-0.0020284561906009912
-0.0012397898826748133
-0.003162663895636797
0.014077614061534405
-0.017507432028651237
0.015063046477735043
0.005391085986047983
-0.020310157909989357
0.013796061277389526
0.008478563278913498
-0.013821656815707684
-0.009444799274206161
-0.038111940026283264
-0.02522452361881733
0.01812172867357731
-0.019337521865963936
-0.010148679837584496
0.0028171224985271692
0.0016589188016951084
0.018940789625048637
-0.007441938389092684
-0.013143371790647507
-0.016803551465272903
-0.010129483416676521
-0.011818796396255493
-0.02075808122754097
-0.011658824048936367
0.007461135275661945
-0.012836224399507046
0.0258388202637434
0.014768696390092373
0.02063010260462761
-0.020348550751805305
0.02613317035138607
0.2002604603767395
-0.008049835450947285
-0.012484284117817879
0.00888169463723898
0.0033466327004134655
0.020617306232452393
0.043128687888383865
-0.002628354588523507
-0.00563744455575943
0.01951669156551361
0.021295590326189995
0.005151126999408007
-0.01681634970009327
0.007467534393072128
0.0011646025814116001
-0.00037753599463030696
-0.03516843914985657
-0.024379868060350418
0.009719952009618282
0.012554671615362167
0.03196898102760315
0.019119959324598312
-0.015050249174237251
-0.027003422379493713
0.01668837107717991
0.01938871294260025
-0.018518460914492607
0.016675572842359543
0.02626114897429943
0.023548008874058723
-0.018812811002135277
0.015050249174237251
0.004079308360815048
-0.0070963972248137
-0.012708245776593685
-0.001482148771174252
0.029742158949375153
-0.005800616927444935
0.015203823335468769
0.022140247747302055
0.020054200664162636
-0.022767340764403343
0.006053374148905277
-0.025915607810020447
-0.006386117544025183
0.0315338559448719
-0.0035609963815659285
0.008126622997224331
0.0051191323436796665
0.006520494818687439
-0.02059170976281166
0.01711069978773594
0.030817177146673203
0.02558286301791668
0.019375916570425034
0.008811306208372116
-0.006635675206780434
-0.01461512316018343
0.02244739606976509
-0.017507432028651237
-0.010858959518373013
0.008939284831285477
0.007729889824986458
0.001448554452508688
-0.015319003723561764
0.0030570817179977894
-0.01455113384872675
-0.004085707478225231
-0.025070950388908386
-0.014768696390092373
0.0005958990077488124
-0.013744870200753212
-0.024226292967796326
-0.0005431079189293087
-0.017123498022556305
-0.04044114425778389
0.023701582103967667
0.0020940450485795736
0.007710692938417196
0.02674746699631214
-0.021039633080363274
-0.014679111540317535
-0.025570066645741463
-0.0036569801159203053
0.025045353919267654
-0.021525951102375984
0.02238340675830841
-0.017213081941008568
0.01366808358579874
-0.02874392829835415
-0.01968306303024292
0.004367259796708822
-0.002413990907371044
-0.0007018810138106346
-0.0002975495590362698
0.023599199950695038
-0.0013333739480003715
0.01892799139022827
-0.007173184305429459
-0.002881111577153206
-0.02792486734688282
0.030484432354569435
0.013296945951879025
0.019363118335604668
0.003239450976252556
0.031559452414512634
-0.009342416189610958
-0.01574133150279522
0.00608536833897233
-0.03468212112784386
-0.010142280720174313
-0.022856926545500755
0.0074227419681847095
-0.008862498216331005
-0.029870137572288513
0.01599728874862194
0.008171414956450462
-0.013514509424567223
0.023995932191610336
0.012548273429274559
0.01850566267967224
0.003890540450811386
-0.017187487334012985
0.005861406680196524
0.007224375382065773
-0.027259379625320435
-0.05014190077781677
0.03831670433282852
-0.03355591371655464
-0.02984454110264778
0.006280535366386175
-0.004556027706712484
0.022409001365303993
0.005624646786600351
-0.0017357057658955455
-0.020911656320095062
0.0012637857580557466
0.006866035982966423
0.00534309446811676
0.006949222180992365
0.01848006807267666
-0.01521662063896656
-0.013514509424567223
-0.00038793424027971923
0.014448750764131546
-0.011805999092757702
0.0027483340818434954
-0.011594834737479687
-0.0038105540443211794
-0.016010086983442307
-0.008811306208372116
-0.026145968586206436
-0.007537922356277704
-0.015037450939416885
-0.002433187561109662
0.030817177146673203
-0.02661948837339878
-0.003752963850274682
-0.02414950728416443
-0.004863175563514233
-0.02958858385682106
-0.0038329502567648888
0.040876273065805435
-0.008088229224085808
-0.00764030497521162
-0.0005811015143990517
-0.15889786183834076
0.006846839562058449
0.017507432028651237
-0.010929347015917301
0.0016861142357811332
-0.0033946246840059757
0.014525538310408592
0.025019759312272072
0.0023755973670631647
-0.009291225112974644
-0.0003261447127442807
-0.007358752656728029
-0.015485375188291073
-0.01354010496288538
-0.005023148376494646
0.019017577171325684
-0.018620843067765236
0.006987615488469601
0.03616666793823242
0.027003422379493713
0.011805999092757702
-0.014730303548276424
-0.025557268410921097
0.0034650126472115517
-0.0016181257087737322
0.01677795685827732
-0.010878155939280987
0.023279253393411636
-0.006629276555031538
-0.017968153581023216
0.02362479642033577
-0.005957390181720257
0.014755899086594582
-0.001507744425907731
-0.00461041834205389
-0.007371550425887108
-0.02320246770977974
-0.01567734219133854
-0.02219143882393837
0.028129631653428078
-0.011166106909513474
0.011050926521420479
0.015408588573336601
-0.008069031871855259
0.020092593505978584
0.02027176320552826
0.04213045910000801
-0.022498587146401405
0.040876273065805435
-0.023189669474959373
0.01101253367960453
-0.012068354524672031
-0.0008878494845703244
0.007832271978259087
0.012356305494904518
0.01377046573907137
-0.0003773360513150692
-0.0003133468853775412
0.014653516001999378
-0.010641396045684814
-0.0005075139924883842
-0.038342300802469254
-0.003031486179679632
0.005135129671543837
0.014704708009958267
-0.02779688872396946
-0.010500620119273663
0.014781494624912739
-0.023637592792510986
-0.00036793763865716755
0.00037093713763169944
-0.019478298723697662
0.006974817719310522
-0.008120223879814148
0.004639213439077139
0.004021718166768551
-0.004808784928172827
0.04079948365688324
0.0037049720995128155
-0.027848079800605774
-0.0190303735435009
0.02202506735920906
0.023970337584614754
-0.016969922930002213
0.002706741215661168
-0.00849136058241129
-0.01883840747177601
0.001687713898718357
0.003359430469572544
0.01964467018842697
0.007032407913357019
-0.035987500101327896
-0.024431059136986732
-0.008888093754649162
0.004700003191828728
0.010500620119273663
0.007198779843747616
-0.008382579311728477
-0.0024267886765301228
0.01377046573907137
0.03184100240468979
0.010251061990857124
-0.023970337584614754
-0.0037401660811156034
0.005839010234922171
0.0060021826066076756
0.0038617453537881374
0.035603564232587814
0.013066585175693035
0.019529489800333977
-0.006578085012733936
0.013296945951879025
0.012343508191406727
0.010507019236683846
0.02864154614508152
0.017161890864372253
0.006187750957906246
-0.008017840795218945
0.003497007302939892
0.0050967358984053135
0.04614897817373276
0.010238264687359333
-0.016074076294898987
0.003042684169486165
-0.004546429496258497
-0.03780479356646538
-0.09772423654794693
-0.05856287479400635
0.023304849863052368
0.03271125629544258
0.007832271978259087
0.02754093147814274
0.002722738543525338
0.019299129024147987
-0.02672187052667141
0.012081151828169823
-0.01805773936212063
-0.038367897272109985
0.004101704806089401
0.0034330179914832115
-0.011313281953334808
0.02610757388174534
-0.006898030638694763
0.006814844906330109
-0.025800427421927452
0.019503893330693245
0.004168893210589886
0.007211577612906694
-0.014845483936369419
-0.0020188577473163605
-0.003967327531427145
0.00641171308234334
-0.04727518558502197
0.015754129737615585
0.021487558260560036
0.003213855205103755
-0.009950313717126846
-0.009444799274206161
-0.010455828160047531
-0.01688033901154995
0.006328527349978685
-0.010091089643537998
-0.03363269940018654
-0.0004927164991386235
0.0298189464956522
-0.0005934993969276547
0.02404712326824665
0.005643843207508326
0.017955357208848
-0.03319757431745529
-0.005090337246656418
-0.012599464505910873
-0.007230774499475956
0.017622612416744232
0.0003525402571540326
-0.034298185259103775
-0.014768696390092373
-0.01821131259202957
-0.061378397047519684
0.004584822803735733
-0.006936424411833286
0.016790753230452538
-0.004664809443056583
0.0010414235293865204
-0.007793879136443138
-0.009214438498020172
-0.001730906660668552
-0.008363381959497929
0.0006654871976934373
0.025429289788007736
0.0065172952599823475
5.903999408474192e-05
-0.02050212398171425
-0.007038807030767202
0.011204500682651997
0.006229344289749861
0.01160123385488987
0.015894906595349312
0.006184551864862442
-0.014116006903350353
-0.010551811195909977
0.011498850770294666
-0.03649941459298134
-0.0028251211624592543
-0.006296532694250345
0.004763992503285408
0.0009038468124344945
-0.011050926521420479
0.009393608197569847
-0.015984490513801575
0.008427371270954609
0.02626114897429943
-0.002716339658945799
-0.0015661345096305013
0.0018060938455164433
-0.027745697647333145
-0.0022492187563329935
0.012970601208508015
0.016445212066173553
0.009655963629484177
0.01970865949988365
-0.017315465956926346
-0.005611849017441273
-0.0034234197810292244
-0.02176911011338234
0.006034177262336016
-0.056719984859228134
-0.0037241687532514334
-0.07878344506025314
0.009911919943988323
0.014154400676488876
-0.014832685701549053
-0.004047314170747995
0.009700755588710308
0.03504046052694321
0.0009902321035042405
0.0113068837672472
0.0022236229851841927
-0.026145968586206436
-0.010155078954994678
-0.019401511177420616
-0.002434787340462208
-0.03281363844871521
-0.010187073610723019
0.03289042413234711
0.01082056574523449
0.00959837343543768
-0.00629013404250145
0.008484961465001106
-0.020476529374718666
5.394085746956989e-05
0.03294161707162857
-0.01039823703467846
0.003249049186706543
-0.022396203130483627
-0.00838897842913866
-0.003487408859655261
0.010487821884453297
0.022639362141489983
-0.011249293573200703
-0.0082609998062253
0.018556853756308556
-0.00560544990003109
-0.013565700501203537
0.02114201709628105
0.016611583530902863
0.01991342380642891
0.05989384651184082
-0.014679111540317535
-0.017801782116293907
0.007256370037794113
-0.003289042506366968
-0.014333570376038551
-0.011070123873651028
0.01586931012570858
-0.001602928270585835
-0.006629276555031538
-0.006597281899303198
0.017379453405737877
0.01544698141515255
0.011345276609063148
-0.024725409224629402
-0.02381676249206066
0.011070123873651028
0.005778220482170582
0.006386117544025183
0.0035258023999631405
-0.0017884968547150493
0.04233522340655327
-0.00534309446811676
0.0019036773592233658
0.014576729387044907
-0.002706741215661168
-0.005688635632395744
-0.002458783332258463
0.004412052221596241
-0.007377949543297291
-0.004264877177774906
0.004981555510312319
0.007051604799926281
0.025749236345291138
0.025800427421927452
0.014512740075588226
-0.006680467631667852
0.0038073547184467316
-0.015408588573336601
-0.0068532382138073444
0.01456393115222454
0.0012389899929985404
0.011166106909513474
-0.026773061603307724
0.02254977822303772
0.032864827662706375
0.009508788585662842
-0.009348815307021141
0.0045816232450306416
-0.018390482291579247
0.0049399626441299915
-0.0045656259171664715
0.041234612464904785
-0.01734106056392193
0.009451198391616344
-0.012765835970640182
0.002201227005571127
0.014730303548276424
-0.019107161089777946
0.027131401002407074
0.03173862025141716
0.028846310451626778
-0.011402866803109646
0.00023615997633896768
-0.04213045910000801
-0.013527306728065014
0.005023148376494646
-0.0351940356194973
-0.01778898388147354
-0.011620430275797844
-0.0032586476299911737
0.01746903918683529
-0.010334248654544353
0.023228062316775322
0.003289042506366968
-0.014295176602900028
-0.009323219768702984
0.015319003723561764
-0.016675572842359543
-0.02446945197880268
0.019081566482782364
-0.024379868060350418
0.0071411896497011185
0.031047537922859192
0.015139834024012089
0.019503893330693245
-0.008510557003319263
0.018224110826849937
-0.008811306208372116
-0.004101704806089401
-0.009534384123980999
-0.006309330463409424
0.0031930587720125914
-0.02153874933719635
-0.016022883355617523
-0.015651747584342957
-0.02661948837339878
0.00046312151243910193
0.009489591233432293
-0.0033114387188106775
0.09014791995286942
0.01305378694087267
-0.005240711849182844
0.008107425644993782
-0.01360409427434206
0.003218654543161392
0.014474346302449703
-0.024661419913172722
-0.0009574377327226102
-0.00956637877970934
0.0208604633808136
-0.0066740685142576694
-0.005663040094077587
-0.0031642636749893427
0.005243910942226648
-0.005749425385147333
-0.03982684761285782
0.045278724282979965
-0.016803551465272903
0.03496367484331131
0.034298185259103775
-0.018684832379221916
0.004629615228623152
0.01449994184076786
-0.00382015248760581
-0.00026515504578128457
0.021909886971116066
0.00712839188054204
-0.008753716014325619
-0.01078857108950615
-0.021385176107287407
0.027412952855229378
-0.044459663331508636
-0.023906348273158073
-0.009521585889160633
0.0033722284715622663
0.01597169227898121
-0.03826551511883736
-0.012913011014461517
0.011319681070744991
0.005701433401554823
0.02010539174079895
-0.014064815826714039
-0.05687355995178223
-0.031329087913036346
0.0069556208327412605
-0.01991342380642891
0.006654872093349695
-0.014743100851774216
