0.002664276398718357
-0.0022510159760713577
0.02201550081372261
-0.012335192412137985
-0.041000425815582275
0.014263739809393883
-0.03574075177311897
-0.013737772591412067
-0.021013658493757248
-0.02785123698413372
-0.002107001142576337
0.008546973578631878
-0.01616724207997322
0.028251973912119865
0.0051626223139464855
-0.008684726431965828
0.03824535757303238
-0.018721941858530045
0.0024232077412307262
-0.0004109121800865978
-0.0054663061164319515
-0.007025424391031265
0.008941449224948883
-0.010638320818543434
-0.011064103804528713
0.02812674269080162
0.022165777161717415
-0.027700960636138916
-0.013863002881407738
-0.0033467819448560476
-0.0036535963881760836
-0.00025848334189504385
-0.025872595608234406
-0.00609871931374073
0.00576685881242156
0.023518266156315804
0.011320826597511768
0.021902794018387794
0.03907188028097153
-0.0009713181061670184
0.01525306049734354
0.011633901856839657
0.005024868994951248
-0.0102000143378973
-0.01501512248069048
0.01645527221262455
-0.025634659454226494
-0.014414017088711262
-0.03105713427066803
0.01912267878651619
0.009805538691580296
0.027425453066825867
0.000628108624368906
-0.016918623819947243
-0.0128611596301198
-0.02840225026011467
-0.023944048210978508
-0.001148988725617528
0.003891533939167857
-0.029879968613386154
-0.0014197994023561478
-0.007225792855024338
-0.03135768696665764
0.015866689383983612
0.003431312507018447
0.010456737130880356
-0.018659327179193497
0.025346629321575165
-0.0150025999173522
0.003572196699678898
0.017594868317246437
0.008321559056639671
-0.002910041017457843
0.012673314660787582
0.02604791894555092
-0.00419208686798811
-0.01728179305791855
-0.024344785138964653
0.002564091933891177
0.022666698321700096
-0.006468148902058601
-0.0010104526299983263
-0.028226926922798157
0.016104627400636673
-0.002283889101818204
0.00038175698136910796
0.02041255123913288
0.003913449589163065
0.018659327179193497
-0.006568333599716425
-0.018158404156565666
0.011984547600150108
0.009911984205245972
0.030731534585356712
-0.01589173451066017
0.021301686763763428
-0.003853964852169156
0.021915316581726074
-0.028226926922798157
-0.04029913619160652
-0.019786400720477104
-0.0029554369393736124
-0.016780870035290718
-0.0018643672810867429
-0.0371934212744236
0.009511247277259827
-0.004887115675956011
-0.0061175040900707245
0.015716413035988808
-0.027776097878813744
0.00019684650760609657
0.0409252867102623
-0.009561339393258095
-0.000273941463092342
0.005222106818109751
-0.01726926863193512
0.004492640029639006
-0.018183451145887375
-0.006818794179707766
-0.028802987188100815
0.023305373266339302
0.009623955003917217
0.009780492633581161
-0.005923396907746792
0.02624828740954399
0.00782689917832613
-0.026949577033519745
0.002002120716497302
-0.02967960014939308
-0.01698124036192894
0.00464291637763381
-0.00397919537499547
-0.004392455797642469
-0.0005760597414337099
-0.010788597166538239
0.003378089517354965
-0.006202034652233124
0.019197817891836166
-0.020650489255785942
-0.01483980007469654
0.011264472268521786
0.02045012079179287
-0.01193445548415184
-0.022616606205701828
-0.008659680373966694
0.013762818649411201
0.04182694852352142
0.029379047453403473
0.018358774483203888
0.006568333599716425
0.02013704553246498
-0.01619228720664978
0.023155096918344498
-0.010037214495241642
0.00784568302333355
-0.011896885931491852
-0.003907187841832638
0.019823968410491943
0.0036817730870097876
-0.005738682113587856
0.004965384490787983
-0.012022116221487522
0.017419544979929924
-0.004210871644318104
0.009204433299601078
0.024595245718955994
0.027751052752137184
0.007062993478029966
0.028026558458805084
0.008027267642319202
0.020525259897112846
0.05209583789110184
-0.03684277832508087
0.039698030799627304
-0.011458579450845718
0.028602618724107742
0.03766929730772972
0.011896885931491852
-0.01062579732388258
-0.013362081721425056
-0.012698360718786716
0.0026000957004725933
0.0054130833595991135
0.007607745472341776
-0.02915363200008869
0.03048107400536537
0.013236851431429386
-0.005297244992107153
0.009580124169588089
0.0005905395373702049
0.029779784381389618
0.01643022522330284
-0.022153254598379135
0.0003236422489862889
-0.6439847350120544
0.0044832476414740086
0.004276617430150509
-0.008772388100624084
0.01236023847013712
0.00242633861489594
0.016304995864629745
0.009680308401584625
-0.005804427899420261
-0.01860923506319523
-0.004727446939796209
0.0097116157412529
0.004007372073829174
-0.013612542301416397
-0.03163319453597069
-0.04107556492090225
-0.0009415759122930467
-0.020512735471129417
0.03210907056927681
-0.018997449427843094
-0.03644204139709473
0.017682529985904694
-0.015578659251332283
0.0024341654498130083
0.008108667097985744
-0.0010871562408283353
0.011414749547839165
0.0009533162810839713
0.007037947420030832
0.002369984984397888
-0.013725250028073788
0.01526558306068182
0.011909409426152706
0.0392722487449646
0.04986673593521118
0.024219555780291557
-0.012040900997817516
0.02153962478041649
0.02359340339899063
0.012297622859477997
0.0025891379918903112
-0.03108217939734459
0.009267047978937626
-0.014025802724063396
0.00651197973638773
0.018696894869208336
0.023167619481682777
-0.02071310393512249
-0.0014691088581457734
0.029829876497387886
-0.0068438402377069
-0.012510514818131924
0.017068900167942047
0.02046264335513115
-0.002985179191455245
-0.022666698321700096
0.01219743862748146
0.00023852473532315344
-0.004210871644318104
0.03403761610388756
0.0007838638848625124
-0.0005365338874980807
-0.004949730820953846
-0.02256651408970356
-0.03711828589439392
0.019222863018512726
-0.01699376292526722
-0.010982704348862171
0.011508671566843987
-0.0236434955149889
0.030706489458680153
0.0283521581441164
0.005682328715920448
-0.006198904011398554
0.016367610543966293
0.00808362103998661
0.03416284918785095
0.01775766722857952
-0.006906455382704735
0.022666698321700096
0.0012656095204874873
-0.014814754016697407
-0.023681065067648888
0.021689901128411293
0.029354000464081764
-0.0471617616713047
-0.016054535284638405
-0.017895421013236046
0.003825788153335452
0.007313454058021307
-0.005820082034915686
0.0027096723206341267
-0.005159491673111916
-0.028302066028118134
0.006220818962901831
0.042352914810180664
-0.0017062639817595482
-0.004426893778145313
0.0103690754622221
-0.031983837485313416
0.012754714116454124
-0.03919710963964462
-0.010325244627892971
-0.005863912403583527
0.009185648523271084
0.0007541216909885406
0.008759865537285805
0.010719720274209976
0.0504678413271904
-0.014739615842700005
-0.015603705309331417
-0.027926374226808548
-0.018734464421868324
-0.014702046290040016
-0.03556542843580246
-0.02817683480679989
-0.0057981666177511215
0.004489508923143148
0.0015732066240161657
-0.021714948117733
0.00903537217527628
0.0013196151703596115
-0.005059307441115379
-0.0008093013311736286
-0.019548462703824043
0.014013279229402542
-0.027250129729509354
0.003063448239117861
-0.016906101256608963
-0.008108667097985744
0.013863002881407738
0.0037819575518369675
0.018008127808570862
-0.0040731183253228664
0.015428382903337479
0.0018455827375873923
0.006327264942228794
-0.010018430650234222
-0.011615118011832237
-0.004887115675956011
-0.00010703284351620823
-0.007676622364670038
0.008390435017645359
-0.004583431873470545
-0.050292521715164185
-0.02416946366429329
-0.03656727075576782
0.00013628587475977838
-0.02679930068552494
0.013449742458760738
-0.018458958715200424
0.007895775139331818
-0.036742594093084335
0.0016749562928453088
0.011220642365515232
-0.0048464154824614525
-0.0003827353357337415
0.0035127121955156326
-0.036266718059778214
-0.006045496556907892
-0.0033874816726893187
-0.004586562514305115
-0.02121402695775032
0.01339965034276247
-0.024557678028941154
0.013762818649411201
0.01834625005722046
0.015741458162665367
-0.02126411907374859
-0.045809272676706314
-0.003227812936529517
-0.0014581512659788132
-0.022203346714377403
0.019222863018512726
0.021326733753085136
0.01271714549511671
-0.014125986956059933
0.001889413339085877
-0.002333981217816472
-0.02494589239358902
0.004013633821159601
0.026398563757538795
-0.028828034177422523
-0.004893376957625151
-0.004918423015624285
0.022729314863681793
0.0159042589366436
0.02126411907374859
0.013637588359415531
0.01313666719943285
0.017907943576574326
0.00750756124034524
-0.003625419456511736
0.005247152876108885
-0.0030384021811187267
-0.0009133990970440209
0.01313666719943285
-0.012416591867804527
0.0008335647289641201
0.01888474076986313
0.02280445210635662
-0.01128325704485178
0.030931903049349785
-0.01194697804749012
0.004752492997795343
0.005278460681438446
0.0013697072863578796
-0.012986390851438046
0.04347998648881912
0.02577241137623787
0.014401493594050407
-0.02305491268634796
-0.04054959863424301
-0.009548816829919815
0.001621733419597149
0.02577241137623787
-0.008471835404634476
-0.001504329964518547
-0.0008891356992535293
-0.002562526613473892
-0.007989698089659214
-0.029303908348083496
0.012504253536462784
-0.025334106758236885
-0.017394499853253365
0.026724163442850113
0.015866689383983612
-0.00696280924603343
0.004348624963313341
-0.01062579732388258
0.004968515131622553
0.011633901856839657
-0.004783800337463617
0.019711261615157127
0.023493219166994095
0.008283989503979683
0.018421389162540436
-0.013725250028073788
0.03764425218105316
-0.003825788153335452
-0.0051093995571136475
0.03025566041469574
0.0013430957915261388
-0.007614007219672203
0.020600397139787674
0.013211805373430252
0.027926374226808548
-0.0013102228986099362
-0.005500744562596083
0.006749917287379503
-0.013737772591412067
-0.0058388663455843925
-0.03108217939734459
-0.018922310322523117
-0.006411795504391193
-0.034889183938503265
0.007207008544355631
0.029404092580080032
0.0077642835676670074
0.018897265195846558
-0.004035548772662878
0.010669628158211708
0.008121190592646599
0.02388143353164196
-0.007495038211345673
0.009229479357600212
0.006555810570716858
0.0002657232107594609
-0.026323426514863968
-0.01807074435055256
-0.007388592232018709
-0.00849062018096447
-0.010763551108539104
0.010093568824231625
0.01671825535595417
-0.00716943945735693
0.010844950564205647
-0.004664831794798374
0.013637588359415531
0.008359127677977085
-0.02127664163708687
-0.02282949909567833
-0.009492462500929832
0.016367610543966293
-0.013286943547427654
-0.014238693751394749
0.0035565427970141172
-0.019172770902514458
-0.00887257233262062
0.0012288230936974287
-0.0007196833612397313
-0.01619228720664978
0.02260408364236355
-0.0006077587022446096
-0.03185860812664032
-0.030105384066700935
0.012372761964797974
-0.014163555577397346
0.012873683124780655
-0.007570176385343075
0.006549548823386431
-0.01114550419151783
-0.0022416238207370043
0.013286943547427654
0.040524549782276154
0.03744388371706009
-0.0254468135535717
-0.01723170094192028
0.02206559292972088
-0.019172770902514458
-0.012416591867804527
-0.017970560118556023
0.007607745472341776
-0.005572752095758915
0.0006891584489494562
0.0040981643833220005
0.0257223192602396
0.010462998412549496
0.02390647865831852
-0.01775766722857952
0.0035690658260136843
-0.004621000960469246
-0.016818439587950706
0.003443835536018014
0.03053116612136364
-0.008071097545325756
-0.009317140094935894
0.03874627873301506
0.003075971268117428
-0.008935187943279743
-0.004930946044623852
-0.02895326353609562
0.008828741498291492
-0.004495770670473576
-0.005582144018262625
0.0021367433946579695
-0.011590071953833103
0.001543464488349855
-0.00023030649754218757
0.02046264335513115
-0.00596722774207592
0.0013430957915261388
0.017169084399938583
0.0201245229691267
0.001350922742858529
-0.01314918976277113
0.021426917985081673
0.007557653356343508
0.001575554721057415
0.020663011819124222
0.042853835970163345
0.028226926922798157
-0.01019375305622816
-0.01988658495247364
0.0023543310817331076
0.009774231351912022
0.04325457289814949
0.01595435105264187
-0.024520108476281166
-1.9151442756992765e-05
0.008396697230637074
0.03877132385969162
-0.0036410733591765165
0.0007952129235491157
0.017920468002557755
-0.0019285478629171848
0.004993561189621687
0.014614385552704334
-0.004220264032483101
-0.016805917024612427
0.03458863124251366
0.019147725775837898
0.00096897006733343
-0.0013430957915261388
0.008966495282948017
0.016856009140610695
0.025371674448251724
-0.01676834747195244
0.013074051588773727
0.003944756928831339
0.006026712246239185
0.000526358955539763
-0.009767970070242882
-0.022917158901691437
-0.001939505455084145
-0.042077407240867615
0.025384198874235153
-0.01804569736123085
0.00045474281068891287
-0.005325421690940857
-0.0044175018556416035
-0.013111621141433716
-0.03343651071190834
-0.008922664448618889
0.015478475019335747
-0.05091867223381996
-0.03271017596125603
-0.007576438132673502
0.013574972748756409
0.014902414754033089
0.0011552502401173115
-0.013111621141433716
-0.011759133078157902
0.015290629118680954
-0.026173150166869164
-0.016355087980628014
-0.001721917768009007
-0.01501512248069048
-0.0007768197101540864
0.01913520134985447
0.0116839949041605
0.002578180516138673
0.01648031733930111
0.01938566192984581
-0.02787628211081028
-0.01169651746749878
0.0039009263273328543
0.006524502765387297
-0.019460801035165787
0.02649874798953533
0.012560606934130192
0.010212537832558155
0.0004230438789818436
-0.02837720327079296
-0.009767970070242882
-0.014977553859353065
-0.0022557121701538563
-0.012228746898472309
0.001900371047668159
0.0008476531365886331
-0.003919710870832205
0.01809578947722912
-0.027425453066825867
-0.01103905774652958
0.020888427272439003
-0.02282949909567833
0.010763551108539104
-0.002550003584474325
-0.006818794179707766
-0.002717499155551195
0.001433105207979679
0.04698643833398819
-0.001555987517349422
-0.0185967106372118
-0.010162445716559887
-0.045082937926054
0.002039689803496003
0.015979396179318428
-0.023468174040317535
0.016918623819947243
-0.005031130742281675
-0.01833372749388218
-0.00015604878717567772
0.001748529146425426
-0.01433887891471386
0.04225273057818413
-0.01367515791207552
-0.034864138811826706
-0.0010949831921607256
-0.0061175040900707245
-0.020274799317121506
0.01649284176528454
0.007344761863350868
-0.006455625873059034
-0.004464462865144014
0.009179387241601944
-0.002396596362814307
-0.020775720477104187
0.01728179305791855
-0.02518382854759693
-0.021289164200425148
-0.0074699921533465385
-0.021865224465727806
0.009580124169588089
-0.011233164928853512
0.0002854861377272755
-0.00418582558631897
-0.00498103816062212
-0.00886631105095148
-0.01987406052649021
-0.009630216285586357
-0.014163555577397346
0.014125986956059933
0.012128562666475773
0.019773876294493675
-0.01721917651593685
0.007989698089659214
-0.009492462500929832
0.00530663738027215
0.001962986309081316
-0.009354709647595882
-0.008165020495653152
-0.042878881096839905
0.022203346714377403
0.017206653952598572
-0.030105384066700935
-0.00940480176359415
-0.023555833846330643
-0.001710960059426725
0.036717548966407776
0.007338500116020441
-0.022992298007011414
-0.005923396907746792
-0.027801144868135452
-0.006493195425719023
0.02890317142009735
-0.03481404483318329
-0.0011529021430760622
-0.012523038312792778
-0.010306459851562977
0.02041255123913288
0.00916060246527195
-0.01937313936650753
9.592842980055138e-05
0.030405936762690544
-0.019548462703824043
0.008359127677977085
0.0013564015971496701
0.020074428990483284
0.011903147213160992
0.005804427899420261
-0.020011814311146736
0.008315296843647957
0.017707575112581253
-0.020262274891138077
0.0033843510318547487
-0.004555255174636841
0.015340721234679222
-0.015791550278663635
0.011746609583497047
-0.002092912793159485
-0.011427272111177444
0.019711261615157127
-0.025822503492236137
-0.010844950564205647
-0.009774231351912022
0.00820885132998228
-0.02545933611690998
0.01182174775749445
0.004120079334825277
0.008590804412961006
0.02547185868024826
-0.01472709234803915
0.00464604701846838
0.02046264335513115
-0.011414749547839165
0.032209254801273346
-0.008597065694630146
0.03163319453597069
0.02043759822845459
0.0074324230663478374
-0.03526487573981285
0.0004735273832920939
0.02338051237165928
-0.02021218277513981
0.022629128769040108
-0.018797079101204872
0.009179387241601944
-0.01913520134985447
0.0030540558509528637
0.02284202165901661
-0.005898350849747658
-0.010450474917888641
-0.00821511261165142
-0.0048182387836277485
0.010832428000867367
-0.01993667706847191
0.019485848024487495
-0.01483980007469654
0.022178299725055695
0.00675617903470993
0.022453807294368744
-0.03739378973841667
-0.006007927469909191
-0.01352488063275814
0.05810689553618431
0.006468148902058601
0.013900572434067726
0.0030446636956185102
-0.00584512809291482
-0.0051626223139464855
-0.005359860137104988
-0.00887883361428976
-0.013374604284763336
0.00796465203166008
0.03105713427066803
-0.008396697230637074
-0.010970180854201317
-0.012817329727113247
-0.016242381185293198
0.0201245229691267
-0.018170928582549095
0.01446410920470953
0.02892821840941906
-0.015616228803992271
0.012698360718786716
0.033060818910598755
0.004711793269962072
-0.0017626176122575998
0.024770569056272507
0.00476814666762948
-0.02707480825483799
0.01724422350525856
0.009097986854612827
-0.030080337077379227
0.0014659781008958817
-0.004890246316790581
-0.03316100314259529
-0.004840154200792313
-0.0013462265487760305
-0.017958035692572594
-0.008409219793975353
0.010782335884869099
-0.028277019038796425
-0.01959855481982231
-0.024632815271615982
0.0012530864914879203
0.018759511411190033
-0.0050937458872795105
0.003343651071190834
-0.004157648421823978
0.01803317479789257
-0.035139646381139755
-0.009987122379243374
0.002701845485717058
0.017194131389260292
-0.0037036885041743517
0.03233448415994644
-0.004877723287791014
-0.02014956809580326
0.019323047250509262
0.0024044231977313757
-0.024257125332951546
-0.04034923017024994
0.011583809740841389
0.0039009263273328543
-0.0079521294683218
-0.009730400517582893
0.02704976126551628
-0.006148811429738998
0.008678465150296688
0.016530409455299377
-0.01966116949915886
0.005616582464426756
-0.024507585912942886
-0.022115685045719147
-0.007595222443342209
-0.023180143907666206
0.023956570774316788
0.004667962435632944
-0.0009987122612074018
-0.026398563757538795
-0.011464841663837433
-0.010300198569893837
0.007263361942023039
0.016117149963974953
-0.007983436807990074
0.005957835353910923
-0.016129672527313232
-0.02415694110095501
-0.019260432571172714
0.014990076422691345
-0.009386016987264156
-0.020011814311146736
-0.002631403272971511
-0.019523415714502335
0.018446434289216995
0.007269623689353466
-0.02762582153081894
0.008478096686303616
0.002999267540872097
0.0006085413624532521
-0.03373706340789795
0.007119346875697374
-0.0031933747231960297
0.03639194741845131
0.015791550278663635
-0.004505163058638573
-0.013787864707410336
0.00696280924603343
-0.03313595801591873
0.0071256086230278015
0.007939605973660946
0.02920372411608696
-0.0007678187685087323
-0.004339232575148344
0.007783067878335714
0.033035773783922195
-0.005034261383116245
0.0035784582141786814
-0.014677000232040882
-0.010938873514533043
-0.0136876804754138
0.007995959371328354
0.0036285503301769495
-0.017644960433244705
0.00022678439563605934
-0.014125986956059933
0.031733378767967224
-0.006073673255741596
-0.005704243667423725
0.010112353600561619
-0.01127699576318264
0.0002215012355009094
0.008415481075644493
0.014163555577397346
0.015202968381345272
0.017056377604603767
0.0003119019092991948
-0.006255257409065962
0.0038727493956685066
0.01367515791207552
-0.01721917651593685
-0.029905015602707863
-0.013612542301416397
0.03586598113179207
-0.021940361708402634
0.03055621311068535
0.0017453983891755342
-0.005613451823592186
0.012278839014470577
-0.013036482967436314
-0.004874592646956444
-0.021389348432421684
0.0015473779058083892
0.007075516507029533
0.0018158404855057597
0.000350645073922351
-0.005500744562596083
-0.007200746797025204
-0.03957280144095421
0.0004891811986453831
0.019448278471827507
-0.00046413508243858814
0.02915363200008869
0.00028705151635222137
-0.00784568302333355
-0.02259156107902527
-0.026924531906843185
-0.018746986985206604
0.002025601454079151
-0.015716413035988808
0.007451207377016544
0.026649024337530136
0.010794858448207378
0.0058294739574193954
-0.008697249926626682
-0.00824642088264227
-0.026899484917521477
-0.004257833119481802
0.015603705309331417
-0.03133264183998108
-0.015052692033350468
-0.0012914382386952639
0.0016921755159273744
0.01934809423983097
-0.008941449224948883
0.007670360617339611
-0.04944095388054848
0.0024044231977313757
0.20617929100990295
-0.022704267874360085
-4.923608503304422e-05
0.017194131389260292
-0.00775802182033658
-0.006289695855230093
0.025046076625585556
-0.008609588257968426
0.009185648523271084
0.01755729876458645
0.009398539550602436
-0.010174968279898167
-0.02677425555884838
0.00875360332429409
0.010055999271571636
0.0016608679434284568
-0.027675913646817207
-0.0008719165343791246
0.01595435105264187
-0.01195323932915926
0.025609612464904785
0.025897642597556114
0.0023950310423970222
-0.012009593658149242
0.02151457965373993
0.007044208701699972
0.0011607290944084525
-0.005892089568078518
0.012278839014470577
0.014576816000044346
-0.003522104350849986
0.013574972748756409
-0.012554345652461052
-0.004495770670473576
0.0030133561231195927
0.012447900138795376
0.023192666471004486
-0.010444213636219501
0.011959501542150974
0.013700203970074654
0.0054381294175982475
-0.02785123698413372
0.008703511208295822
-0.009968338534235954
-0.009617692790925503
0.047637637704610825
0.008966495282948017
-0.015353244729340076
0.013236851431429386
-0.0041952175088226795
-0.027124900370836258
0.02649874798953533
0.015440905466675758
0.013049005530774593
0.0063084801658988
0.016054535284638405
0.01301143690943718
0.00025417853612452745
0.02755068428814411
0.005560229066759348
-0.013875526376068592
0.016655640676617622
0.0077893296256661415
0.04505788907408714
-0.0007192919729277492
0.008979017846286297
-0.03025566041469574
-0.015202968381345272
-0.003406266216188669
-0.002194662345573306
0.005331683438271284
0.0009587950771674514
-0.014414017088711262
0.01351235806941986
-0.028452342376112938
-0.021689901128411293
0.03025566041469574
-0.00019860755128320307
0.005835735704749823
0.01695619337260723
-0.016267426311969757
-0.003127628704532981
-0.02390647865831852
0.003766303649172187
-0.003378089517354965
-0.01302395947277546
0.02624828740954399
-0.010162445716559887
0.001721917768009007
-0.017432069405913353
-0.017670007422566414
-0.005388037301599979
-0.0066372100263834
0.011007750406861305
0.014401493594050407
0.009849369525909424
0.01152119506150484
0.015591182745993137
-0.021689901128411293
0.004076248966157436
-0.03003024496138096
0.03363687917590141
0.016267426311969757
0.017832806333899498
-0.004821369424462318
0.01829615794122219
-0.01883464865386486
-0.015465951524674892
0.005190799478441477
-0.027951421216130257
-0.00034144846722483635
0.006994116585701704
0.006743656005710363
-0.005265937652438879
-0.03604130446910858
0.011264472268521786
0.001595121924765408
-0.012510514818131924
0.04590945690870285
-0.011295780539512634
-0.013199281878769398
-0.005034261383116245
-0.010218799114227295
0.017457114532589912
0.0028114221058785915
-0.021038703620433807
-0.05635366961359978
0.016392657533288002
-0.0025202613323926926
-0.006831317208707333
0.01006226148456335
-0.006662256084382534
0.027650868520140648
0.01885969564318657
-0.011621379293501377
-0.001334486179985106
-0.019009971991181374
0.00775176053866744
0.005234629847109318
0.00020115129882469773
0.011020272970199585
-0.02389395609498024
-0.001184992492198944
-0.007614007219672203
0.006850101985037327
-0.02550942823290825
0.0018299289513379335
0.01272966805845499
-0.03271017596125603
-0.00696907052770257
-0.0010550660081207752
-0.03308586776256561
-0.0024153809063136578
-0.027700960636138916
0.0055070058442652225
0.011045319959521294
-0.026123058050870895
0.0024952152743935585
-0.007244577631354332
0.00045396012137643993
-0.030731534585356712
-0.0034031355753540993
0.018684372305870056
-0.0051500992849469185
-0.002399727236479521
0.008653419092297554
-0.1545843780040741
0.004304794128984213
0.005341075826436281
-0.005591536406427622
-0.016279948875308037
0.010763551108539104
0.03273522108793259
0.01596687361598015
0.013211805373430252
-0.018358774483203888
0.004038679879158735
-0.012548084370791912
-0.04518312215805054
-0.034012570977211
-0.016542933881282806
0.0037287345621734858
-0.016793394461274147
0.0009149644756689668
0.03559047356247902
0.003963541705161333
0.013349558226764202
-0.015753982588648796
-0.022929683327674866
0.010256367735564709
0.016292473301291466
0.0018972402904182673
-0.016868531703948975
0.015353244729340076
0.005125053226947784
-0.003049359656870365
0.008440528064966202
0.0007505996036343277
0.021564671769738197
-0.008903879672288895
-0.007413638290017843
0.01808326691389084
0.0035158428363502026
-0.012660791166126728
-0.007570176385343075
0.020049383863806725
0.016042010858654976
0.00808362103998661
0.00629908824339509
0.00039212763658724725
0.031482916325330734
-0.006261519156396389
0.025647182017564774
0.0005858433432877064
0.03847077116370201
-0.021113842725753784
0.042578328400850296
-0.004326709546148777
0.004492640029639006
0.006295957136899233
0.03396248072385788
-0.0106132747605443
-0.006036104168742895
0.0033467819448560476
0.009442370384931564
-0.00970535445958376
-0.013337035663425922
-0.008396697230637074
-0.003803872736170888
0.009680308401584625
0.022654175758361816
-0.010168706998229027
-0.027400407940149307
0.0006629383424296975
-0.028051605448126793
0.0035408888943493366
0.01550352107733488
-0.04255328327417374
0.023029867559671402
-0.009968338534235954
0.004292271099984646
0.01721917651593685
-0.010174968279898167
0.02682434767484665
-0.0038445726968348026
-0.010788597166538239
-0.01061953604221344
0.038871508091688156
0.0009994949214160442
-0.007545130327343941
-0.016580501571297646
-0.019535940140485764
-0.00617698859423399
-0.0029069101437926292
-0.008709772489964962
0.02356835827231407
-0.004448809195309877
-0.051119040697813034
-0.03902178630232811
-0.00215865857899189
-0.004041810519993305
0.014000756666064262
0.01115802675485611
-0.002153962617740035
0.012310146354138851
0.014651954174041748
0.018746986985206604
0.015353244729340076
-0.01127699576318264
-0.009636477567255497
0.010569443926215172
-0.012936297804117203
-0.0020741282496601343
0.012523038312792778
0.01381291076540947
0.0041826944798231125
-0.03574075177311897
-0.005663543939590454
-0.0010495871538296342
0.030906857922673225
0.01206594705581665
0.017206653952598572
-0.00730093102902174
-0.010588228702545166
0.007820636965334415
-0.0031698939856141806
0.057205237448215485
-0.007213269826024771
0.002867775736376643
0.020650489255785942
-0.022754359990358353
-0.018396342173218727
-0.1017872542142868
-0.05354851111769676
0.017895421013236046
0.03398752585053444
0.02038750611245632
0.018233543261885643
-0.005528921261429787
0.010757289826869965
-0.007451207377016544
0.02469543181359768
-0.02517130598425865
-0.00730093102902174
-0.018221020698547363
0.017695052549242973
-0.02226596139371395
0.018909787759184837
-0.0020209052599966526
-0.01694367080926895
-0.024282170459628105
0.005222106818109751
0.0032309438101947308
0.014501677826046944
0.004940338432788849
0.00354401976801455
-0.0025437420699745417
0.004339232575148344
-0.02467038482427597
0.0318085178732872
0.02520887553691864
-0.0014503243146464229
-0.029253816232085228
0.004508293699473143
-0.023681065067648888
-0.012742191553115845
0.018383819609880447
-0.0136876804754138
-0.008139974437654018
-0.012760975398123264
0.03984830528497696
-0.0128611596301198
0.00642431853339076
0.022516421973705292
-0.0015473779058083892
-0.016367610543966293
0.015102784149348736
-0.005228368565440178
-0.016655640676617622
-4.309686119086109e-05
-0.008672203868627548
-0.016104627400636673
0.004082510247826576
-0.00365046551451087
-0.03431312367320061
0.002809856552630663
0.0036316809710115194
0.015027645975351334
-0.00887883361428976
-0.0009580124169588089
-0.011264472268521786
-0.037819575518369675
-0.006195772904902697
-0.0005404473631642759
-0.007864467799663544
0.02604791894555092
0.02019966021180153
-0.01302395947277546
-0.015991918742656708
-0.021376825869083405
0.029354000464081764
-0.0011967328609898686
0.03190870210528374
0.016279948875308037
0.008759865537285805
0.0006985507206991315
-0.022391192615032196
0.018972402438521385
-0.014075894840061665
-0.005569620989263058
-0.005951573606580496
-0.008484357967972755
0.0021993585396558046
-0.005553967319428921
-0.016367610543966293
-0.018120836466550827
0.026173150166869164
0.0220530703663826
0.0099558150395751
0.005071830470114946
0.014313832856714725
-0.026899484917521477
-0.015979396179318428
0.029905015602707863
0.009924507699906826
-0.0009235740290023386
0.009392278268933296
-0.01073224376887083
-0.012660791166126728
-0.033837247639894485
0.002521826885640621
0.019310524687170982
-0.04493265971541405
0.0038320496678352356
-0.0508936271071434
0.00996207632124424
0.015240537002682686
-0.01140848733484745
-0.008734818547964096
-0.017695052549242973
0.03559047356247902
-0.02760077640414238
0.028727849945425987
0.0194232314825058
-0.00498103816062212
-0.002066301181912422
-0.017469637095928192
-0.0077768065966665745
-0.02098861150443554
-0.04034923017024994
0.024795616045594215
0.002946044784039259
0.008459311909973621
0.003497058292850852
0.011139241978526115
-0.01152119506150484
0.017995605245232582
0.03190870210528374
-0.0023621581494808197
0.013111621141433716
0.003941626287996769
-0.013562450185418129
-0.0092983553186059
0.012836113572120667
0.02418198622763157
-0.03363687917590141
-0.008584542199969292
0.015804074704647064
-0.005231499206274748
-0.034939274191856384
0.01962359994649887
0.02145196497440338
0.008822480216622353
0.06607154756784439
-0.014651954174041748
-0.030906857922673225
0.02393152564764023
0.0029163025319576263
-0.012266315519809723
0.0004476986068766564
-0.014163555577397346
-0.0004778321599587798
0.002437296323478222
-0.003587850369513035
0.02942913956940174
0.02629837952554226
0.011251949705183506
-0.03263503685593605
-0.01804569736123085
0.021589716896414757
-0.0017266138456761837
0.010544397868216038
-0.000497790751978755
0.006227080710232258
0.04265346750617027
0.0009916680864989758
0.013049005530774593
0.0003056403947994113
-0.012241269461810589
-0.017907943576574326
0.004198348615318537
-0.007808114401996136
-0.0045145549811422825
-0.02682434767484665
0.011233164928853512
0.01485232263803482
0.019560985267162323
0.016542933881282806
0.014889892190694809
-0.01086999662220478
-0.004827631171792746
-0.00576059753075242
-0.0072946697473526
0.01073224376887083
0.008352866396307945
-0.0009157471358776093
-0.015365767292678356
0.022341100499033928
0.030355844646692276
0.0008930491749197245
-0.016805917024612427
0.012166131287813187
-0.014038325287401676
0.008409219793975353
-0.00019518328190315515
0.021339256316423416
-0.007939605973660946
0.01525306049734354
0.00994329247623682
0.005538313649594784
0.011997070163488388
-0.03551533445715904
0.01302395947277546
0.004680485464632511
0.018947357311844826
0.0034500970505177975
0.02042507566511631
-0.025008507072925568
-0.004840154200792313
0.010544397868216038
-0.036266718059778214
-0.03448844701051712
-0.009010326117277145
0.018797079101204872
0.014990076422691345
-0.012241269461810589
0.008021005429327488
0.008540712296962738
-0.016780870035290718
-0.006587117910385132
-0.010751028545200825
-0.008002221584320068
-0.009392278268933296
0.02257903665304184
-0.008979017846286297
0.017945513129234314
0.02915363200008869
0.002485823119059205
0.002348069567233324
-0.0032246822956949472
0.03286045044660568
-0.007895775139331818
0.0044582015834748745
0.005090614780783653
-0.003891533939167857
0.001710960059426725
-0.027500592172145844
-0.013900572434067726
-0.009730400517582893
-0.007232054602354765
0.010055999271571636
0.0075012999586761
-0.024607770144939423
0.08134965598583221
0.010832428000867367
-0.024770569056272507
0.006530764512717724
-0.011107934638857841
0.024470016360282898
-0.006083065643906593
-0.0034907967783510685
-0.008822480216622353
0.00838417373597622
0.018659327179193497
-0.0207381509244442
-0.011107934638857841
-0.031157318502664566
-0.003356174100190401
0.0005690155667252839
-0.021051226183772087
0.03078162670135498
-0.01338712777942419
-0.0012374327052384615
0.03904683142900467
-0.01694367080926895
0.005672936327755451
0.016906101256608963
0.0014197994023561478
0.023155096918344498
0.043379802256822586
0.008046051487326622
0.013374604284763336
-0.04425641521811485
-0.010262629948556423
0.004214002285152674
-0.05860781669616699
-0.023994140326976776
-0.007670360617339611
-0.018696894869208336
0.014739615842700005
-0.040499504655599594
-0.011765394359827042
0.00037373442319221795
-0.0006997247692197561
0.02046264335513115
-0.02363097295165062
-0.04823874309659004
-0.02652379497885704
0.01326189748942852
-0.03080667369067669
0.002642360981553793
-0.02126411907374859
