-0.007695549167692661
-0.035118427127599716
-0.005439196713268757
-0.013210377655923367
-0.04174882546067238
0.0012069595977663994
0.002051516203209758
-0.012227162718772888
-0.02316858246922493
-0.024265244603157043
-0.0011636287672445178
-0.007203941699117422
-0.007537982426583767
0.00017489884339738637
-0.0022878660820424557
0.011968753300607204
0.03242088854312897
0.0031324224546551704
0.005461256019771099
0.0039675249718129635
-0.0023808302357792854
-0.002489551203325391
0.0022941685747355223
-0.021794602274894714
-0.011615804396569729
0.03726133331656456
0.02064751833677292
-0.01704239472746849
-0.005196543876081705
-0.009756519459187984
-0.008187157101929188
-0.010872090235352516
-0.019550854340195656
-0.009706097654998302
-0.006037949118763208
0.004626153036952019
0.02387448027729988
0.031664568930864334
0.034891530871391296
0.030580511316657066
0.0074623506516218185
-0.0007890143897384405
0.013777617365121841
0.01050653588026762
-0.003958071116358042
0.0042542964220047
-0.030832618474960327
-0.011464540846645832
-0.029950246214866638
0.01724408008158207
0.022613948211073875
0.016651630401611328
-0.019576065242290497
-0.0044055599719285965
-0.015189412981271744
-0.026168648153543472
-0.027177074924111366
-0.015290255658328533
0.013248194009065628
-0.028135079890489578
-0.012183044105768204
-0.00816824845969677
-0.03476547822356224
0.016979368403553963
-0.0055936118587851524
0.027882972732186317
0.012712467461824417
0.0005140607827343047
-0.001624510856345296
0.008451868779957294
0.035294901579618454
0.015340677462518215
-0.0010470296256244183
0.0039044986478984356
0.03000066615641117
-0.01888277195394039
-0.005508525762706995
-0.02373582124710083
0.010727128945291042
0.03000066615641117
-0.004099880810827017
0.010758642107248306
-0.013222983106970787
-0.00575748085975647
0.000417551287682727
-0.0018624363001435995
0.006510648876428604
0.0004900319036096334
-0.0010911482386291027
-0.010676708072423935
-0.005202846601605415
0.02441650815308094
0.0076766409911215305
0.005401380360126495
-0.018781930208206177
0.0391269214451313
-0.012302794493734837
0.04220261797308922
-0.022664370015263557
-0.04774896055459976
-0.01695415750145912
0.002341438550502062
-0.02886618860065937
-0.008048498071730137
-0.03161414712667465
0.028235921636223793
0.0015370614128187299
-0.0038477745838463306
0.013033903203904629
-0.02534930221736431
-0.0022547768894582987
0.05127844959497452
-0.013664169237017632
-0.04071519151329994
0.009876269847154617
0.0019680059049278498
0.012195649556815624
-0.010317455977201462
-0.007815299555659294
0.007399324327707291
0.03978239744901657
0.007147217635065317
0.018706297501921654
-0.013538115657866001
0.041219402104616165
0.0017552911303937435
-0.0351688489317894
-0.0018844956066459417
0.0032017517369240522
-0.008161946199834347
-0.0011084805009886622
-0.0008989170310087502
-0.011615804396569729
0.01477343775331974
0.003939162939786911
-0.015617994591593742
-0.015630599111318588
0.010588470846414566
-0.021567706018686295
-0.03315199539065361
0.021845024079084396
0.02294168621301651
-0.003059942042455077
-0.029017452150583267
0.00525957066565752
0.009838453494012356
0.03635374829173088
0.04704306274652481
-0.016525577753782272
0.016525577753782272
0.02682412602007389
-0.02021893672645092
0.022765211760997772
-0.0030252772849053144
0.012838521040976048
-0.006308963522315025
-0.011830095201730728
0.022903870791196823
-0.006060008425265551
0.006296358536928892
-0.006529557052999735
-0.003416042309254408
0.007537982426583767
0.008886751718819141
0.02189544402062893
0.028714923188090324
0.011269157752394676
0.026244280859827995
0.011533869430422783
0.0097124008461833
0.00028834675322286785
0.031941886991262436
-0.028261132538318634
0.016084391623735428
-0.0023698005825281143
0.01956346072256565
0.0006263269460760057
0.010683010332286358
-0.015328072011470795
-0.019689513370394707
-0.014697805978357792
-0.022676974534988403
0.017685266211628914
0.009428780525922775
-0.009737611748278141
0.01164101529866457
0.01558017823845148
-0.008319512940943241
0.012756586074829102
0.02194586582481861
0.01692894846200943
0.011433026753365993
-0.03186625614762306
0.0027479601558297873
-0.63974529504776
-0.00727327074855566
0.0039202552288770676
-0.012762888334691525
-0.008848936296999454
0.0027306280098855495
0.014042329043149948
0.009605255909264088
0.004916075617074966
-0.03247131034731865
-0.009649374522268772
0.0070400722324848175
0.005877231247723103
-0.02092483453452587
-0.02257613278925419
-0.023773636668920517
0.02591654285788536
-0.04701784998178482
0.026193859055638313
-0.03660585731267929
-0.03471505641937256
0.010273337364196777
0.008697671815752983
0.006438168231397867
-0.028437606990337372
-0.003816261189058423
0.01454654149711132
0.004944437649101019
-0.0001553015026729554
0.010884695686399937
-0.02555098757147789
0.012006569653749466
0.004815232940018177
0.02008027769625187
0.053043194115161896
0.006019041407853365
-0.018681086599826813
0.028437606990337372
0.030756985768675804
0.0024154947604984045
0.014294435270130634
-0.032143570482730865
-0.007670338731259108
-0.005748027004301548
0.01555496733635664
0.019714724272489548
0.01590791717171669
-0.014067539945244789
-0.0025336698163300753
0.03779075667262077
-0.013651563785970211
0.005981225520372391
0.00626799650490284
0.009914086200296879
-0.006958137731999159
-0.00920188520103693
0.0034759175032377243
0.0001671189966145903
0.0027432332281023264
0.017445765435695648
0.0052658733911812305
0.005376169923692942
-0.0015662112273275852
-0.022588737308979034
-0.0379924401640892
0.024542562663555145
-0.02702581137418747
-0.029597297310829163
0.01740795001387596
-0.02407616563141346
0.015214623883366585
0.012277583591639996
-0.002565182978287339
-0.0032773837447166443
0.0020026706624776125
0.01281961239874363
0.03158893808722496
-0.0053541106171905994
-0.02841239608824253
0.018693692982196808
0.006447622086852789
-0.014962517656385899
-0.02790818363428116
0.013487694784998894
0.02659722976386547
-0.03400915861129761
-0.0014819131465628743
0.020269358530640602
0.012479268945753574
0.009750216268002987
0.004925529472529888
-1.9314209566800855e-05
-0.00947289913892746
-0.008256485685706139
0.004411862697452307
0.018693692982196808
-0.016185233369469643
-0.029622506350278854
0.0033687723334878683
-0.021857628598809242
0.013298614881932735
-0.01763484627008438
0.014798648655414581
0.0034444043412804604
0.01931135356426239
-0.02013069950044155
-0.005395078100264072
0.003187570720911026
0.03423605486750603
-0.011867910623550415
-0.015630599111318588
-0.017281897366046906
-0.0002682570193428546
-0.0010769672226160765
-0.03542095422744751
-0.03244609758257866
0.013386852107942104
0.004969648085534573
0.029647717252373695
-0.02205931395292282
0.023445898666977882
0.010739734396338463
0.004572580568492413
-0.00906322617083788
-0.0033025944139808416
0.012233464978635311
-0.017193660140037537
-0.011716647073626518
-0.027882972732186317
-0.020042462274432182
0.009479202330112457
-0.013462483882904053
0.028034236282110214
0.005193392746150494
0.028992241248488426
0.0011959299445152283
0.029874613508582115
-0.016260866075754166
0.002699114615097642
-0.01849200762808323
-0.015214623883366585
-0.02747960202395916
0.01644994504749775
-0.017647450789809227
-0.0456564761698246
-0.03542095422744751
-0.01931135356426239
-0.009038016200065613
-0.016172628849744797
0.030025877058506012
0.0059749227948486805
0.014080144464969635
-0.03801765292882919
0.0031324224546551704
0.010084257461130619
-0.0062301806174218655
-0.04018576815724373
-0.006605188827961683
-0.012075898237526417
0.01695415750145912
-0.006450773682445288
-0.011042262427508831
-0.016210444271564484
0.01965169794857502
-0.024933326989412308
0.02076096646487713
0.010947722010314465
-0.004723844584077597
-0.017118027433753014
-0.04699264094233513
0.004547370132058859
0.0031198172364383936
-0.02371061034500599
0.019588669762015343
0.031664568930864334
0.002417070558294654
-0.00830690748989582
0.01256120391190052
-0.013374246656894684
-0.02631991356611252
-0.00867876410484314
0.019046641886234283
-0.02795860543847084
-0.010941419750452042
-0.011773371137678623
0.008439263328909874
0.024340877309441566
0.005896139424294233
-0.00403370289131999
0.02931997925043106
0.016399523243308067
0.015529756434261799
-0.009932993911206722
0.0057921456173062325
0.01305911410599947
-0.013185166753828526
0.009138858877122402
0.008899357169866562
0.004559975117444992
0.015151597559452057
0.020861808210611343
-0.021454257890582085
0.02234923653304577
-0.03774033486843109
-0.004326776601374149
-0.005499071907252073
-0.0018750416347756982
-0.014949912205338478
0.04840443655848503
0.01570623181760311
0.022412262856960297
-0.0042070262134075165
-0.022563526406884193
-0.011061170138418674
0.011124196462333202
0.020181121304631233
-0.015012938529253006
0.004755357746034861
-0.022676974534988403
-0.001395251601934433
-0.016122207045555115
-0.000949338311329484
0.016185233369469643
-0.010330061428248882
-0.0034633122850209475
0.0076766409911215305
-0.009069529362022877
0.012788099236786366
-0.016008758917450905
-0.017571819946169853
0.017597028985619545
0.0035704574547708035
-0.006901413667947054
0.019727328792214394
0.0487825982272625
0.012876336462795734
0.01387846004217863
-0.004648212343454361
0.03494195267558098
0.009794334881007671
0.005517979618161917
0.014975123107433319
-0.0056786974892020226
0.0036082735750824213
-0.002736930502578616
0.016714656725525856
0.01684071123600006
0.016298681497573853
-0.02030717395246029
-0.011395211331546307
-0.011659923009574413
-0.020433226600289345
-0.019891198724508286
-0.004071519244462252
-0.012031779624521732
-0.039429448544979095
-0.0016528728883713484
0.012851125560700893
0.017798714339733124
0.009800638072192669
-0.000142499222420156
0.023471109569072723
-0.006334174424409866
-0.010147284716367722
0.002283138921484351
-0.0007669550832360983
0.008596830070018768
-0.014697805978357792
-0.02679891511797905
0.0033372589386999607
-0.01022291649132967
0.002812562510371208
-0.016891131177544594
-0.00024403116549365222
0.000854010577313602
-0.003007944906130433
0.0057039083912968636
-0.004184966906905174
0.00801068264991045
0.009050621651113033
-0.028488028794527054
-0.02205931395292282
0.009403570555150509
0.030605722218751907
0.0015260317595675588
-0.010254429653286934
-0.012428848072886467
-0.022084524855017662
-0.02577788382768631
0.011817489750683308
0.007481258828192949
0.005603065714240074
0.020836597308516502
0.015832284465432167
-0.002062545856460929
-0.010853182524442673
0.036000799387693405
-0.01783653162419796
0.01271876972168684
-0.0028298948891460896
-0.00022079009795561433
-0.016601208597421646
-0.019954225048422813
-0.005716513376682997
0.030303195118904114
0.01373980101197958
-0.02328203059732914
0.0018088637152686715
-0.005603065714240074
-0.03413521125912666
-0.004121940117329359
-0.00880481768399477
0.004799476359039545
0.0020909078884869814
-0.01555496733635664
0.015428914688527584
7.656748493900523e-05
0.0020326082594692707
0.012662045657634735
0.006277450360357761
0.006895111408084631
-0.0014976698439568281
-0.018340744078159332
-0.0024028895422816277
0.024177007377147675
0.00032419312628917396
-0.015290255658328533
0.03859749808907509
-0.02373582124710083
0.0218324176967144
0.0005089399055577815
-0.02677370421588421
0.015832284465432167
-0.009554834105074406
0.0017048697918653488
0.0011888394365087152
0.013147351332008839
0.0009233398595824838
0.0007185033755376935
0.0028724377043545246
-0.004282657988369465
0.005710211116820574
0.02816028892993927
0.01979035511612892
0.009365754202008247
0.010935116559267044
0.02441650815308094
0.0309082493185997
0.02589133195579052
0.01465998962521553
0.036933593451976776
0.029168715700507164
-0.014168381690979004
-0.020458437502384186
-0.0013479816261678934
0.026874545961618423
0.030076298862695694
0.0024501595180481672
-0.009649374522268772
-0.006419260520488024
0.016802893951535225
0.04548000171780586
-0.004991707392036915
0.035093218088150024
0.02836197428405285
0.02954687550663948
0.014382672496140003
-0.009264911524951458
0.012857428751885891
-0.0018088637152686715
0.020723149180412292
0.008874147199094296
0.011773371137678623
-0.0181516632437706
0.0232568196952343
0.03368142247200012
0.0020609700586646795
0.00870397500693798
0.013512905687093735
-0.015063360333442688
0.003507430898025632
0.01610960252583027
-0.013096929527819157
-0.026042595505714417
-0.00423853937536478
-0.019487828016281128
0.03405958041548729
-0.0070400722324848175
0.008811119943857193
-0.006491740699857473
-0.0021901747677475214
-0.0004407923552207649
-0.038748759776353836
0.004771114327013493
0.001627662219107151
-0.06045512482523918
-0.009239701554179192
-0.0040242490358650684
0.006920321844518185
0.03272341564297676
0.01633649691939354
-0.04091687500476837
0.0029449183493852615
0.024378692731261253
0.0048751081340014935
-0.004641910083591938
0.006554767489433289
-0.035773903131484985
-0.010481324978172779
0.023496320471167564
0.008105222135782242
-0.01863066665828228
0.005023221019655466
0.019134879112243652
-0.02546275034546852
-0.018567640334367752
0.007210244424641132
0.01114310510456562
-0.033757053315639496
0.013664169237017632
-0.007525377441197634
0.02348371595144272
-0.014231408946216106
-0.03559742867946625
-0.005256419535726309
-0.023546742275357246
0.002333560260012746
0.016033969819545746
-0.014080144464969635
-0.0008705550571903586
-0.03229483589529991
0.0018687390256673098
-0.02223578840494156
-0.021176941692829132
0.0033845289144665003
0.010550654493272305
0.0125485984608531
0.0009304303675889969
0.02407616563141346
-0.0061167324893176556
0.006324720568954945
0.04386652261018753
0.011666225269436836
-0.0004853048885706812
0.003252173075452447
-0.02863929234445095
0.010128376074135303
0.016071785241365433
-0.024580378085374832
0.013386852107942104
-0.009044318459928036
-0.024819878861308098
-0.0032301137689501047
0.007506469264626503
-0.012353215366601944
0.03184104338288307
-0.016575997695326805
-0.03960592299699783
-0.015466730110347271
-0.004112486261874437
-0.004408711567521095
0.025992173701524734
0.0035736088175326586
-0.005045280326157808
-0.005432893987745047
-0.008224972523748875
0.009548531845211983
-0.004909772891551256
0.013349035754799843
-0.02972334995865822
-0.02112651988863945
-0.009309030137956142
-0.00958634726703167
0.03519405797123909
-0.023382872343063354
-0.0013755557592958212
-0.010897301137447357
0.009012805297970772
-0.0099266916513443
-0.01352551020681858
0.0036114247050136328
-0.010172494687139988
0.03405958041548729
-0.001574877416715026
0.022979501634836197
-0.00686990050598979
0.01271876972168684
0.009731308557093143
0.006573675666004419
0.0005439984379336238
-0.00013875702279619873
-0.020483648404479027
-0.03272341564297676
-0.0013511329889297485
0.0046765743754804134
0.006441319826990366
-0.017987795174121857
-0.013790222816169262
-0.009573741815984249
0.03337889164686203
-0.009334241040050983
-0.005829961504787207
-0.02285344898700714
-0.0025699101388454437
-0.018844956532120705
0.010954025201499462
-0.022752607241272926
0.005555795505642891
-0.0016032394487410784
-0.008489684201776981
0.02314337156713009
0.011704041622579098
0.003983282018452883
0.003349864389747381
0.02997545525431633
-0.0198533833026886
0.018000399693846703
0.011155710555613041
0.0241013765335083
0.02316858246922493
0.027101442217826843
-0.014596963301301003
0.006223877891898155
0.031462885439395905
0.011773371137678623
-0.004210177809000015
0.0068509927950799465
0.012019175104796886
-0.01774829439818859
0.00042306611430831254
-0.0033876802772283554
-0.03287468105554581
0.017710477113723755
-0.007443442940711975
-0.015391098335385323
-0.013802827335894108
-0.0050673396326601505
-0.03272341564297676
-0.007449745200574398
0.007556890603154898
0.008086314424872398
0.00565663818269968
-0.013475089333951473
-0.009138858877122402
0.024378692731261253
-0.023244213312864304
0.03221920505166054
-0.005291083827614784
0.03700922429561615
0.027403971180319786
-0.005555795505642891
-0.032093148678541183
-0.010777550749480724
0.008401446975767612
-0.0010872089769691229
0.030807407572865486
-0.00038367448723874986
-0.00040533990249969065
-0.020269358530640602
0.009038016200065613
0.008842633105814457
0.0023115009535104036
-0.02954687550663948
0.004988556262105703
0.009164068847894669
0.019374379888176918
-0.018013006076216698
0.009000199846923351
-0.016071785241365433
0.0309082493185997
-0.007052677683532238
-0.004818384535610676
-0.030353615060448647
-0.00815564300864935
-0.00587092898786068
0.035068005323410034
-0.004796325229108334
0.010279640555381775
0.012239768169820309
-0.006554767489433289
-0.019361775368452072
-0.01315995678305626
-0.0171558428555727
-0.008653553202748299
-0.011785976588726044
0.01638691872358322
0.011918332427740097
-7.991577149368823e-05
-0.020849203690886497
-0.024088770151138306
0.0075505878776311874
-0.01794997788965702
-0.0005298174219205976
0.027857761830091476
-0.01486167497932911
0.007638825103640556
0.01386585459113121
0.026269491761922836
-0.005117760971188545
0.008943475782871246
-0.0024076164700090885
-0.009964507073163986
0.0002739687915891409
0.012006569653749466
-0.01769787259399891
0.02291647531092167
-0.01387846004217863
-0.028336763381958008
-0.00737411342561245
-0.0010312729282304645
-0.022071918472647667
-0.0055936118587851524
0.010840577073395252
-0.03337889164686203
-0.004266901407390833
-0.010758642107248306
0.00727327074855566
0.010935116559267044
0.0015370614128187299
0.006510648876428604
-0.01464738417416811
0.03040403686463833
-0.03537053242325783
0.005076793488115072
-0.009460294619202614
0.0019522493239492178
0.005817356053739786
0.015038149431347847
-0.012044385075569153
-0.00908843707293272
0.0320427305996418
-0.011861608363687992
-0.029471242800354958
-0.021429046988487244
-0.0147482268512249
0.01486167497932911
-0.008716580457985401
-0.016323892399668694
0.019185300916433334
-0.010941419750452042
0.009277516975998878
0.005634578876197338
-0.018277717754244804
0.012756586074829102
0.007979168556630611
-0.028891397640109062
-0.0011470842873677611
-0.02076096646487713
0.032370466738939285
-0.0008201337768696249
-0.003945465665310621
-0.016172628849744797
-0.020798781886696815
-0.005344656761735678
-0.014029723592102528
0.03537053242325783
-0.020622307434678078
0.0054581044241786
-0.003854077309370041
-0.020937440916895866
-0.027429180219769478
-0.006781663279980421
0.0033057457767426968
-0.015781862661242485
0.0042479936964809895
0.0007445018272846937
0.0037752939388155937
-0.0036649974063038826
-0.026950178667902946
0.007941353134810925
0.009649374522268772
-0.02024414762854576
-0.009346846491098404
0.006318417843431234
-0.010361574590206146
0.0493372306227684
-0.022475289180874825
-0.00790983997285366
-0.01636170782148838
0.0019317655824124813
-0.016651630401611328
0.002076726872473955
0.009107344783842564
0.031488094478845596
0.003450706833973527
-0.013323825784027576
0.01772308349609375
0.012498176656663418
-0.011748160235583782
0.011804884299635887
-0.014420488849282265
-0.021429046988487244
-0.024240033701062202
-0.0009390964987687767
0.008382539264857769
-0.01849200762808323
-0.01222085952758789
-0.02169375866651535
0.03718569874763489
-0.013323825784027576
0.0014842767268419266
0.020395411178469658
-0.007670338731259108
-0.010783853009343147
-0.010966630652546883
0.01570623181760311
0.010859484784305096
0.023382872343063354
0.012170438654720783
-0.01747097633779049
-0.012895244173705578
0.023004712536931038
-0.004903470166027546
-0.012983481399714947
-0.0013338006101548672
0.020155910402536392
0.002005821792408824
0.055009625852108
-0.001204596133902669
-0.011836397461593151
0.009019107557833195
-0.005502223037183285
0.00010123649553861469
-0.0007397748413495719
-0.0009587923414073884
0.023332450538873672
0.0012597444001585245
-0.025601409375667572
-0.006308963522315025
0.0016339648282155395
-0.0331772081553936
0.0028535297606140375
0.00815564300864935
-0.0007984683616086841
0.007802694570273161
-0.0022894416470080614
-0.017937373369932175
-0.015340677462518215
-0.022424867376685143
-0.02337026782333851
0.013475089333951473
-0.009951901622116566
0.013286009430885315
0.03612685203552246
-0.0008201337768696249
0.0021555100101977587
0.012775493785738945
-0.01953824982047081
-0.0246686153113842
-0.010267035104334354
0.00577008631080389
0.00648543843999505
0.014508726075291634
0.021681154146790504
-0.0024564622435718775
0.002001094864681363
0.00596862006932497
0.008874147199094296
-0.0363033264875412
0.0003163148066960275
0.2081390768289566
-0.0476481169462204
0.007752273231744766
0.01656339317560196
-0.004591488745063543
-0.005826810374855995
-0.004011643584817648
-0.0013739800779148936
-0.004966496955603361
0.005820507649332285
0.014811253175139427
-0.006041100714355707
-0.01642473414540291
0.008949778974056244
0.018580244854092598
-0.010771247558295727
-0.024227429181337357
-0.013096929527819157
0.009296424686908722
-0.01352551020681858
0.016941552981734276
0.0010131527669727802
-0.0017757747555151582
-0.00484989769756794
0.02008027769625187
-0.006384595762938261
-0.0072795734740793705
-0.008016984909772873
0.021429046988487244
-0.01962648704648018
-0.01012207381427288
-0.007569496054202318
-0.006334174424409866
-0.011212433688342571
-0.004512705374509096
0.016878526657819748
0.012996086850762367
0.0012455633841454983
0.02909308299422264
0.01181118655949831
0.022197972983121872
-0.02541232854127884
0.03138725087046623
0.004755357746034861
0.0063877468928694725
0.03524447977542877
-0.01593312807381153
-0.013172561302781105
0.008029590360820293
-0.008836330845952034
-0.017092816531658173
0.030958671122789383
0.008231275714933872
0.0030961823649704456
0.0022059313487261534
0.0067690578289330006
-0.003816261189058423
-0.025563593953847885
0.013601142913103104
0.014710410498082638
-0.010430904105305672
0.0297737717628479
-0.0005794509197585285
0.02112651988863945
-0.015340677462518215
0.026244280859827995
-0.03789159655570984
0.004014795180410147
-0.0023020468652248383
-0.015378492884337902
0.011748160235583782
-0.008514895103871822
-0.02044583298265934
-0.005262721795588732
-0.00043055054266005754
-0.010279640555381775
0.03776554390788078
0.016033969819545746
0.012876336462795734
0.011685133911669254
-0.013084324076771736
0.012409939430654049
-0.035773903131484985
0.0020404865499585867
0.016185233369469643
-0.012409939430654049
0.020836597308516502
-0.004682877101004124
-0.012510782107710838
-0.026471177116036415
-0.0021113913971930742
0.006460227537900209
-0.0007173215853981674
-0.020508859306573868
0.006964440457522869
-0.0026171801146119833
-0.0066682156175374985
0.010708221234381199
-0.02055928111076355
-0.0026770553085952997
-0.03499237447977066
0.04265641048550606
0.012882639653980732
-0.0043740468099713326
-0.031034303829073906
0.024933326989412308
-0.020962649956345558
0.013197772204875946
0.015265044756233692
-0.029899824410676956
0.008722882717847824
-0.022651763632893562
0.004380349535495043
-0.023042527958750725
-0.0013763436581939459
0.024945933371782303
0.022765211760997772
0.0003005581384059042
0.019802961498498917
0.0009241277002729475
-0.004704936407506466
-0.023912295699119568
-0.007090493571013212
0.013122140429913998
-0.028261132538318634
-0.01706760562956333
-0.04517747461795807
0.03274862840771675
-0.0061734565533697605
-0.02013069950044155
0.0198533833026886
-0.004121940117329359
0.027101442217826843
0.026874545961618423
-0.02421482466161251
0.012901547364890575
-0.015529756434261799
-0.022538315504789352
-0.008287998847663403
0.007979168556630611
0.00788462907075882
0.018693692982196808
-0.011735554784536362
0.003614576067775488
-0.00525326794013381
-0.01647515594959259
0.016601208597421646
0.017899557948112488
0.022387051954865456
-0.0017852287273854017
0.012668348848819733
-0.03163935989141464
-0.030151929706335068
-0.022676974534988403
-0.008949778974056244
0.013891064561903477
-0.02657201886177063
-0.012189346365630627
0.001681234803982079
-0.003923406358808279
-0.030378825962543488
-0.015945732593536377
0.019576065242290497
-0.022336630150675774
-0.0019806113559752703
0.009296424686908722
-0.15519672632217407
0.005470709875226021
0.008993897587060928
-0.005007464438676834
0.018567640334367752
0.0021161185577511787
0.005079944618046284
0.03110993467271328
0.008117827586829662
-0.019323958083987236
0.012044385075569153
0.009056923910975456
-0.02631991356611252
-0.04684137552976608
-0.0014480364043265581
0.0021822964772582054
-0.004790022503584623
0.02684933692216873
0.03267299383878708
0.009580045007169247
-0.003564154729247093
0.003964373841881752
-0.022525710985064507
-0.007140914909541607
0.007695549167692661
0.011716647073626518
-0.018567640334367752
0.022437473759055138
0.0071220071986317635
-0.01165362074971199
-0.006343628279864788
-0.00484989769756794
0.01829032227396965
-0.00027889275224879384
-0.008363631553947926
-0.002276836195960641
0.005070490762591362
0.025248460471630096
-0.009359451942145824
-0.004411862697452307
-0.005666092503815889
0.010430904105305672
0.01633649691939354
-0.014975123107433319
0.02487030066549778
0.005262721795588732
0.00958634726703167
-0.0016780835576355457
0.026445966213941574
-0.0010816941503435373
0.04316062480211258
0.011199829168617725
0.000258212152402848
0.008382539264857769
0.022071918472647667
0.014962517656385899
-0.0029717045836150646
0.015277650207281113
0.012554900720715523
-0.007916142232716084
0.007292178925126791
-0.018252506852149963
0.005108306650072336
-0.0004407923552207649
0.020155910402536392
-0.029193926602602005
-0.01362635288387537
0.02067272923886776
-0.004912924487143755
-0.004830989520996809
0.0016339648282155395
-0.011735554784536362
0.004219631664454937
0.008054801262915134
-0.006296358536928892
0.01599615439772606
-0.018302928656339645
0.02702581137418747
-0.009107344783842564
-0.0026770553085952997
-0.014231408946216106
0.03221920505166054
-0.01633649691939354
-0.01783653162419796
0.004522159229964018
-0.024819878861308098
-0.0038981959223747253
0.005332051310688257
-0.0075505878776311874
0.013512905687093735
0.0005467558512464166
-0.033757053315639496
-0.011470843106508255
0.009195582941174507
0.0020184272434562445
0.025147616863250732
-0.008287998847663403
0.003434950252994895
0.003252173075452447
-0.011370000429451466
0.00565033545717597
0.012762888334691525
-0.01141411904245615
-0.000262151297647506
0.02745439112186432
-0.01294566597789526
0.007058980409055948
-0.002086180727928877
0.03269820660352707
-0.000991093460470438
-0.030756985768675804
-0.01386585459113121
0.012901547364890575
0.02611822821199894
0.00647283298894763
0.013197772204875946
-0.003728023963049054
-0.009403570555150509
0.012693559750914574
-0.019185300916433334
0.06665694713592529
-0.005606216844171286
-0.011256552301347256
0.018164269626140594
-0.0085085928440094
-0.04512705281376839
-0.11919592320919037
-0.02021893672645092
0.001216413569636643
0.02972334995865822
-0.004726995714008808
0.008993897587060928
0.0011486599687486887
0.0014968820614740252
0.00258409115485847
0.014508726075291634
-0.03320241719484329
-0.006460227537900209
-0.009661979041993618
0.0011478721862658858
-0.02192065492272377
0.02775692008435726
-0.009239701554179192
0.0009958205046132207
-0.027983814477920532
0.009397267363965511
0.014130566269159317
0.0007472592405974865
0.0004246417956892401
-0.004909772891551256
-0.012176740914583206
0.0068509927950799465
-0.013903670012950897
0.01101705152541399
0.023609768599271774
-0.001307802158407867
-0.010077955201268196
-0.009605255909264088
-0.01363895833492279
-0.02795860543847084
0.03789159655570984
-0.016374314203858376
-0.009233398362994194
-0.023950112983584404
0.006195515859872103
-0.020143304020166397
0.008470776490867138
0.029849402606487274
0.02146686427295208
-0.012605322524905205
0.03068135492503643
-0.01222085952758789
-0.006813176441937685
-0.005823658779263496
-0.017344923689961433
-0.023861873894929886
-0.012920455075800419
-0.018819745630025864
-0.061665236949920654
-0.0042227827943861485
-0.005899290554225445
-0.009195582941174507
-0.009800638072192669
0.008048498071730137
-0.00879221223294735
-0.04996749758720398
-0.0015969367232173681
0.011023353785276413
-0.010033836588263512
0.02637033350765705
0.019210511818528175
-0.006750150118023157
-0.011218736879527569
-0.02033238485455513
0.024088770151138306
-0.015315466560423374
0.026244280859827995
0.0031812682282179594
0.009769124910235405
-0.015012938529253006
-0.008218670263886452
0.009788032621145248
-0.024706430733203888
-0.006535859312862158
-0.00816824845969677
0.0034822202287614346
0.006510648876428604
-0.012624230235815048
-0.011451935395598412
-0.02611822821199894
0.027857761830091476
0.01679028943181038
0.011817489750683308
0.007443442940711975
0.007972866296768188
-0.006731241941452026
0.003137149615213275
0.016601208597421646
0.0020672727841883898
0.0055778552778065205
0.008300604298710823
0.003939162939786911
0.0015725139528512955
-0.018353348597884178
0.005032674875110388
0.0009903056779876351
-0.02214755117893219
-0.014168381690979004
-0.05879122391343117
0.008489684201776981
0.009945599362254143
-0.00616715382784605
0.0024296757765114307
-0.017647450789809227
0.01863066665828228
-0.015075964853167534
0.022979501634836197
0.028563659638166428
-0.007890931330621243
0.005105155520141125
0.0038257152773439884
-0.009510715492069721
-0.03499237447977066
-0.03905128687620163
0.02790818363428116
0.006438168231397867
0.0029527966398745775
0.009479202330112457
-0.002804684219881892
0.008830028586089611
0.018441585823893547
0.03786638751626015
-0.022412262856960297
0.008143038488924503
-0.02271478995680809
0.0031135145109146833
-0.0055053746327757835
-0.0005826022243127227
0.004632455762475729
-0.032799046486616135
0.0016434189165011048
0.010317455977201462
-0.015668414533138275
0.0033687723334878683
-0.001079330686479807
0.03342931345105171
0.011748160235583782
0.07043854147195816
-0.010764945298433304
-0.030605722218751907
0.03504279628396034
-0.014685200527310371
-0.009548531845211983
-0.007361507974565029
-0.018643271178007126
-0.013021297752857208
0.004484343342483044
-0.03047966957092285
0.03809328377246857
0.017597028985619545
-0.0007614402566105127
-0.0374378077685833
-0.009334241040050983
0.03559742867946625
0.003709116019308567
0.006447622086852789
-0.002721173921599984
-0.01074603758752346
0.021517284214496613
0.021592916920781136
-0.003176541067659855
0.015227229334414005
-0.03151330351829529
-0.020004646852612495
0.011993964202702045
9.266881534131244e-05
0.0019522493239492178
-0.042101774364709854
0.0015315465861931443
-0.0019238872919231653
0.007739667780697346
0.023660190403461456
0.023698005825281143
-0.005848869681358337
-0.013071718625724316
-0.0011266006622463465
-0.028563659638166428
0.015302861109375954
0.0019601276144385338
0.014244014397263527
-0.011237644590437412
0.01747097633779049
0.02654680795967579
-0.00616715382784605
0.011325881816446781
0.021139124408364296
-0.030756985768675804
0.006548464763909578
-0.020975256338715553
0.015113781206309795
0.006901413667947054
0.025311486795544624
0.0015953610418364406
0.005038977600634098
0.009246003814041615
-0.01192463468760252
0.021517284214496613
0.020836597308516502
0.02092483453452587
-0.0010777550050988793
0.0036082735750824213
-0.029244346544146538
0.0008516470552422106
0.009006503038108349
-0.029672928154468536
-0.022840844467282295
-0.01922311633825302
0.02768128737807274
-0.010475022718310356
0.01386585459113121
0.004068367648869753
-0.0021854478400200605
-0.01763484627008438
-0.008357328362762928
-0.00988257210701704
-0.02881576679646969
-0.01863066665828228
0.028059447184205055
-0.007443442940711975
0.02858887054026127
0.03438732028007507
-0.0026786308735609055
0.007021164521574974
-0.01656339317560196
0.0368579626083374
-0.0052469652146101
0.019298749044537544
-0.0067690578289330006
0.004474889487028122
-0.012441452592611313
-0.02589133195579052
-0.02702581137418747
-0.011269157752394676
0.005086247343569994
0.010027533397078514
0.025399724021553993
-0.035521797835826874
0.07432097941637039
0.009390965104103088
-0.027151864022016525
0.01690373755991459
-0.01576925814151764
0.00445283018052578
0.03675711899995804
-0.011899423785507679
0.007147217635065317
0.008924568071961403
0.02330724149942398
-0.0010084257228299975
0.008924568071961403
-0.031488094478845596
-0.008319512940943241
0.0009611558052711189
-0.012807006947696209
0.0294964537024498
-0.02532409131526947
-0.01142672449350357
0.035572219640016556
-0.02076096646487713
0.00998341478407383
0.013449878431856632
-0.018668482080101967
0.02237444743514061
0.0246686153113842
-0.017823925241827965
0.004704936407506466
-0.03476547822356224
0.0036681487690657377
0.008748093619942665
-0.04159756377339363
-0.01477343775331974
0.002169691026210785
0.009567439556121826
0.005801599472761154
-0.025223249569535255
-0.00739302160218358
-0.023294635117053986
0.0002564395254012197
0.011111591011285782
-0.019664302468299866
-0.030983882024884224
-0.022979501634836197
-0.007544285152107477
-0.018189480528235435
-0.0104939304292202
-0.01797518879175186
