-0.012477212585508823
-0.015540029853582382
0.010732411406934261
-0.016079789027571678
-0.03185831755399704
0.013142497278749943
-0.052268728613853455
0.006160153076052666
-0.004431042354553938
-0.0234732273966074
-0.00647082831710577
0.016431258991360664
-0.0005072006024420261
0.0222807377576828
0.0041266437619924545
0.016820387914776802
0.027565352618694305
-0.002668981207534671
0.00583064928650856
0.022067343816161156
-0.004032499622553587
0.022155212238430977
0.02066146209836006
-0.03494623675942421
-0.017987772822380066
0.014397749677300453
0.0033358342479914427
-0.027841508388519287
-0.015502371825277805
-0.004358865320682526
0.0036433713976293802
-0.004923729225993156
-0.010475085116922855
-0.013431205414235592
-0.0020868577994406223
-0.00522812781855464
0.010613163001835346
0.02516781911253929
0.022443920373916626
0.021326744928956032
-0.015527477487921715
0.0076758707873523235
-2.311920798092615e-05
-0.01891665905714035
-0.020184464752674103
0.029498441144824028
-0.02801724337041378
-0.030703483149409294
-0.02009659819304943
0.020498277619481087
0.0124960420653224
0.022644760087132454
0.0042333402670919895
-0.006395513191819191
-0.00974076148122549
-0.027766192331910133
0.005777301266789436
0.0049990443512797356
0.017648855224251747
-0.04857828468084335
-0.004804480355232954
-0.002199830487370491
-0.02142716571688652
0.002943567931652069
-0.004223925527185202
0.0019848684314638376
0.0034425307530909777
0.018715819343924522
-0.020084045827388763
0.009420672431588173
0.039188992232084274
0.019996177405118942
-0.015966815873980522
0.017899904400110245
0.042603280395269394
-0.002545025199651718
0.009903945028781891
-0.029146971181035042
0.011090158484876156
0.025017188861966133
0.00010914815356954932
-0.007060796953737736
-0.010964632965624332
0.0201468076556921
0.017560986801981926
0.0006931349053047597
0.009138240478932858
0.033063359558582306
0.0015361156547442079
0.0028070590924471617
-0.008968781679868698
0.025331001728773117
-0.006809746380895376
0.01730993576347828
-0.011912349611520767
0.0158412903547287
-0.003571194363757968
0.029071655124425888
-0.010311901569366455
-0.059047091752290726
-0.01825137622654438
-0.0017275416757911444
-0.014159251935780048
0.014573485590517521
-0.03261146694421768
0.00042913955985568464
-0.005827511195093393
-0.005297166761010885
0.007343228906393051
-0.04930632933974266
-0.017912456765770912
0.0341428779065609
0.004572258330881596
-0.01806308887898922
0.019544286653399467
-0.021326744928956032
0.03328930586576462
-0.018879001960158348
-0.0008543564472347498
-0.01705888658761978
0.030778799206018448
-0.015514925122261047
0.01702122762799263
-0.016858045011758804
0.013933306559920311
0.00424275454133749
-0.024113407358527184
0.006188396364450455
-0.00924493744969368
-0.01579108089208603
0.000622134655714035
-0.017096543684601784
-0.009533645585179329
-0.008027342148125172
-0.009546197950839996
-0.014033726416528225
-0.007751185912638903
-0.010920699685811996
-0.02356109581887722
-0.010964632965624332
0.005673742853105068
0.023598752915859222
-0.013682255521416664
-0.03185831755399704
0.004635021090507507
0.02721388079226017
0.032259996980428696
0.03808436915278435
0.008811874315142632
0.006627734750509262
0.006370407994836569
-0.00972193293273449
0.01225754339247942
0.0030157449655234814
0.0053473771549761295
-0.01579108089208603
-0.017862247303128242
0.0075754509307444096
0.005642361473292112
-0.013481414876878262
-0.01061943918466568
-0.006084837950766087
-0.0034425307530909777
0.021113352850079536
0.007606831844896078
0.022079896181821823
0.0008480802061967552
0.001525132218375802
0.03155705705285072
0.004349451046437025
0.0008943676366470754
0.02801724337041378
-0.03125579655170441
0.02460295520722866
-0.016996122896671295
0.024251485243439674
0.015816185623407364
0.003966598771512508
-0.01483708806335926
-0.04200075939297676
-0.019971072673797607
-0.0019958519842475653
0.010481361299753189
0.02067401446402073
-0.028569554910063744
0.01820116676390171
0.020121702924370766
-0.020084045827388763
0.010085956193506718
0.004132919944822788
0.003950908314436674
0.005306581500917673
-0.008253287523984909
0.003800277831032872
-0.6430911421775818
0.0002367328415857628
-0.007970855571329594
-0.01854008436203003
0.020322542637586594
0.016569336876273155
0.02038530632853508
0.009828629903495312
-0.009903945028781891
-0.030603064224123955
-0.008906018920242786
0.037004854530096054
-0.030728589743375778
-0.0012215179158374667
-0.013606940396130085
-0.03710527345538139
0.004685231018811464
-0.02636030875146389
0.038762208074331284
-0.001931520295329392
-0.022556893527507782
0.029699280858039856
0.005033563822507858
0.023335149511694908
-0.006746984086930752
0.009376738220453262
0.020309990271925926
-0.0032730717211961746
0.021590348333120346
0.024489982053637505
-0.020448068156838417
0.025569500401616096
0.0015392537461593747
0.014021174050867558
0.04857828468084335
-0.0002698793541640043
-0.0038724548649042845
0.0378333181142807
0.015351741574704647
0.03507176414132118
0.008516889996826649
-0.03336462005972862
0.011937454342842102
-0.007813949137926102
-0.00021966923668514937
0.01358183566480875
0.01092697586864233
-0.02241881564259529
0.007826501503586769
0.01882879249751568
-0.009025267325341702
0.0022578861098736525
0.0033954589162021875
0.008466680534183979
0.004666402470320463
-0.007431096863001585
0.006367269903421402
-0.010092232376337051
-0.004107814747840166
0.0035366748925298452
0.006382960360497236
0.0048013417981565
0.00561725627630949
-0.023485779762268066
-0.037331219762563705
0.03394203633069992
-0.022983679547905922
-0.020799539983272552
0.01384543813765049
-0.027615562081336975
0.01507558673620224
0.02497953176498413
0.008567100390791893
-0.012665500864386559
-0.012878893874585629
0.0249920841306448
0.029096759855747223
0.034444138407707214
-0.010004364885389805
0.008943676017224789
0.0031334247905761003
0.0030659548938274384
-0.01749822497367859
0.026536043733358383
0.019268130883574486
-0.03296294063329697
-0.020962722599506378
-0.013293127529323101
0.006659116130322218
0.012025321833789349
0.003210308961570263
0.0004326699418015778
0.01355673000216484
-0.026586255058646202
0.011127816513180733
0.03346503898501396
-0.006621458567678928
-0.017862247303128242
0.0018938627326861024
-0.050712212920188904
0.020322542637586594
-0.0240883007645607
-0.0073934393003582954
0.005246956832706928
-0.0014961044071242213
-0.014586037956178188
0.015100691467523575
0.017473118379712105
0.04697155952453613
0.006109943147748709
0.003360939444974065
-0.012357964180409908
-0.014761772938072681
-0.0037186865229159594
-0.02303388901054859
-0.02171587385237217
-0.013004419393837452
-0.01631828583776951
-0.003125579562038183
-0.019569391384720802
0.002636031014844775
-0.01363204512745142
0.011165473610162735
-0.02067401446402073
-0.003630818799138069
0.0277410876005888
-0.021740978583693504
-0.017008675262331963
-0.004142334219068289
-0.01881624013185501
-0.014736668206751347
-0.021979477256536484
0.009696828201413155
0.013180154375731945
-0.001059119589626789
-0.008410193957388401
0.015665555372834206
0.004578534513711929
-0.010224034078419209
0.0058243731036782265
-0.01843966357409954
-0.016293181106448174
0.016556784510612488
-0.009966707788407803
-0.042553070932626724
-0.027841508388519287
-0.02023467607796192
0.006928995717316866
-0.02646072953939438
0.02379959262907505
-0.019230473786592484
-0.00406701909378171
-0.03464497625827789
0.016330840066075325
-0.005196746438741684
0.0055325268767774105
-0.007424820214509964
-0.008090103976428509
-0.001962901558727026
-0.01268432941287756
0.011196855455636978
-0.010198929347097874
-0.025017188861966133
0.008429022505879402
-0.04185012727975845
-0.0021715874318033457
-0.0002426168357487768
0.03276209905743599
0.010311901569366455
-0.03585002198815346
0.008140314370393753
0.00974076148122549
-0.017699064686894417
0.011341209523379803
0.02608415298163891
-0.016242971643805504
-0.004073295276612043
0.0041266437619924545
0.0009963569464161992
-0.007355781272053719
-0.015728317201137543
0.013067182153463364
-0.014473064802587032
-0.014372644945979118
-0.00668422132730484
-0.006276263855397701
0.014987718313932419
0.024615507572889328
-0.01185586303472519
0.030226487666368484
0.026987936347723007
0.011108987033367157
-0.009947878308594227
-0.0008755388553254306
0.011510668322443962
0.005488593131303787
-0.008730283007025719
-0.0004687584878411144
0.0026878099888563156
0.023674068972468376
0.021263983100652695
0.002246902557089925
0.03258636221289635
-0.010255415923893452
0.01589149981737137
0.02100037969648838
-0.0008449420565739274
-0.029523545876145363
0.049231015145778656
0.018803687766194344
0.02465316466987133
-0.014560932293534279
-0.020824644714593887
-0.03313867375254631
0.023222176358103752
0.028946129605174065
-0.0066967736929655075
0.01071358285844326
0.007713528349995613
0.011247064918279648
0.012740815989673138
0.00964661780744791
0.02199202962219715
-0.010701030492782593
-0.019556839019060135
0.020598698407411575
0.018326690420508385
0.0046601262874901295
0.02693772502243519
0.0014011759776622057
0.0008339585619978607
0.023586200550198555
-0.01462369505316019
0.03276209905743599
0.03836052492260933
0.021929265931248665
0.026385413482785225
-0.010776345618069172
0.030552852898836136
-0.0063264742493629456
-0.0031036126893013716
0.03170768544077873
0.022669866681098938
-0.013820333406329155
0.02328494004905224
0.02902144566178322
0.02593352273106575
-0.012646672315895557
-0.024188721552491188
0.011083882302045822
-0.01355673000216484
-0.00745620159432292
-0.019029632210731506
-0.014611142687499523
0.007694699801504612
-0.018979422748088837
0.020397858694195747
0.014397749677300453
0.006665392313152552
0.010355835780501366
0.005949898157268763
0.01768651232123375
0.0027788160368800163
0.012458384037017822
0.010230310261249542
-0.0026846718974411488
7.7129399869591e-05
-0.010431150905787945
-0.02608415298163891
-0.004663264378905296
-0.02796703204512596
-0.008297220803797245
-0.011152921244502068
-0.0008284668438136578
-0.008190524764358997
-0.0016569336876273155
0.022268185392022133
-0.0057176765985786915
0.012464660219848156
-0.008284668438136578
-0.014397749677300453
-0.03504665940999985
0.0015674969181418419
0.04142334312200546
0.008303496986627579
-0.0026093567721545696
0.0014537397073581815
-0.020159360021352768
-0.011924901977181435
0.0056894333101809025
-0.006439446937292814
-0.002108824672177434
-0.0009594838484190404
-0.01816350780427456
-0.004838999826461077
-0.013682255521416664
0.028293399140238762
-0.01985809952020645
0.01729738339781761
-0.009828629903495312
0.013104839250445366
0.006634010933339596
-0.001824823790229857
0.009445777162909508
0.041925445199012756
0.023623857647180557
-0.026962829753756523
0.002105686580762267
0.0041486104018986225
-0.03223489224910736
0.002425776096060872
-0.006885061506181955
0.012891446240246296
0.0055827368050813675
0.0030110375955700874
0.012521146796643734
0.018025429919362068
-0.019280683249235153
0.013644598424434662
0.003960322588682175
-0.0027662634383887053
0.006652839947491884
-0.01315504964441061
-0.019079843536019325
0.030803903937339783
0.017322488129138947
-0.006621458567678928
0.022644760087132454
-0.009251213632524014
-0.015163454227149487
-0.024264037609100342
-0.03532281517982483
0.009972983971238136
-0.02260710299015045
0.0089876102283597
0.018853897228837013
-0.0037657583598047495
0.01228264905512333
0.006200948730111122
0.020987827330827713
0.005905964411795139
-0.015188558958470821
0.01142907701432705
0.02199202962219715
-0.007211427204310894
-0.01900452747941017
0.0016443812055513263
0.013293127529323101
0.023121757432818413
0.006728155072778463
0.031230689957737923
0.022243080660700798
-0.03067837841808796
-0.021690769121050835
-0.015452162362635136
0.02636030875146389
0.018602846190333366
0.013644598424434662
-0.0009924342157319188
0.010996014811098576
0.0040481905452907085
0.031356215476989746
0.0022735765669494867
0.0032919005025178194
0.011761718429625034
-0.005030425731092691
0.021301640197634697
-0.008385089226067066
0.03585002198815346
0.0015188559191301465
0.003878731280565262
0.022029686719179153
-0.010393492877483368
0.015954263508319855
0.01033073104918003
0.03436882048845291
0.008071275427937508
0.006564972456544638
0.009972983971238136
-0.00908175390213728
-0.0006182119832374156
0.028368713334202766
-0.014334986917674541
-0.013820333406329155
-0.004380832426249981
-0.025481631979346275
0.024025538936257362
-0.02352343685925007
0.012332858517765999
-0.012734539806842804
-0.00677836500108242
-0.00689761433750391
-0.028092557564377785
-0.002668981207534671
0.013117391616106033
-0.05693826824426651
-0.00604404229670763
-0.020448068156838417
0.0016349668148905039
0.022443920373916626
0.014209462329745293
0.004864104557782412
0.021929265931248665
0.01272826362401247
0.00720515102148056
-0.004095262382179499
-0.006135048344731331
-0.014711562544107437
-0.014598590321838856
-0.004587949253618717
-0.004399660974740982
-0.007713528349995613
0.012646672315895557
0.02796703204512596
-0.012383068911731243
-0.01419690903276205
0.012753368355333805
0.02043551579117775
-0.026209678500890732
0.020473172888159752
0.02000872977077961
0.006790917832404375
0.0035021554213017225
-0.009703104384243488
0.002843147609382868
-0.014686457812786102
-0.01838945411145687
-0.015502371825277805
-0.0052406806498765945
-0.009376738220453262
-0.002626616507768631
0.020448068156838417
-0.03765758499503136
-0.0036559237632900476
0.008918571285903454
-0.01178054790943861
0.010318177752196789
0.005896550137549639
0.0017636301927268505
-0.00078100262908265
0.0075754509307444096
0.05754078924655914
-0.001939365640282631
-0.010111061856150627
0.009489711374044418
-0.012188504450023174
0.015301532112061977
0.030402222648262978
-0.021113352850079536
-0.007851606234908104
-0.020887406542897224
-0.02413851208984852
-0.01664465293288231
0.00257169920951128
-0.03574959933757782
0.04059487581253052
-0.011322380043566227
-0.03256125748157501
-0.004697783850133419
0.03798395022749901
-0.008661244064569473
0.0001245446183020249
-0.017611196264624596
-0.007738633546978235
0.0012615290470421314
-0.000572709075640887
0.012715711258351803
-0.037331219762563705
0.02475358545780182
-0.029272494837641716
-0.02608415298163891
-0.010914423502981663
0.00582123501226306
0.02536865882575512
-0.03200894594192505
-0.01028679683804512
-0.0073369527235627174
-0.0037940016482025385
-0.007468754425644875
-0.005259509198367596
0.005479178391396999
-0.003693581325933337
0.023310044780373573
0.012552527710795403
-0.005328548140823841
-0.004851552192121744
-0.0027474346570670605
0.0011571862269192934
0.0005064160795882344
-0.004321207758039236
-0.0019126915140077472
-0.0011540480190888047
-0.04478742182254791
0.024012986570596695
0.01725972630083561
-0.016456363722682
-0.0030188830569386482
-0.01754843443632126
-0.017987772822380066
0.044310424476861954
-0.01744801364839077
-0.02834360860288143
-0.022105002775788307
-0.018213719129562378
-6.0801306972280145e-05
0.004270997829735279
0.005315995775163174
-0.007807672489434481
-0.015401951968669891
-0.011906072497367859
0.026862410828471184
-0.01187469158321619
0.005658051930367947
-0.010042022913694382
0.02967417612671852
-0.011033671908080578
-0.006772088818252087
-0.0007390300743281841
-0.00043855395051650703
-0.0031695133075118065
0.015615344978868961
-0.037004854530096054
0.0004330622323323041
0.0015816185623407364
-0.02118866704404354
0.006207225378602743
0.007236532401293516
0.012113189324736595
-0.0026799647603183985
0.010487637482583523
0.007142388727515936
0.006178982090204954
0.00974076148122549
-0.01715930551290512
-0.0076758707873523235
8.061076368903741e-05
-0.0013227226445451379
-0.02480379492044449
0.012201057747006416
0.0031334247905761003
0.011987664736807346
0.027238985523581505
0.012583909556269646
-0.014975165948271751
0.026385413482785225
-0.007035692222416401
0.04044424742460251
0.0016129998257383704
0.062411170452833176
0.01268432941287756
-0.013569283299148083
-0.0549800731241703
0.004239616449922323
0.02118866704404354
-0.004544015042483807
0.020648909732699394
-0.00530971959233284
0.004613053984940052
-0.031130269169807434
0.013142497278749943
0.03637722507119179
-0.006527314428240061
-0.006728155072778463
0.00022378803987521678
0.01811329834163189
-0.0011666006175801158
-0.007343228906393051
0.015427056699991226
-0.018841344863176346
0.024866558611392975
0.008949952200055122
0.0035868848208338022
-0.020636355504393578
-0.009728209115564823
-0.019092395901679993
0.04001745954155922
-0.009044096805155277
0.01164247002452612
-0.01301697175949812
-0.003709272015839815
-0.016280628740787506
0.0018075640546157956
0.01948152296245098
-0.014209462329745293
0.01268432941287756
0.020699119195342064
-0.013719913549721241
-0.005858892574906349
-0.00827211607247591
-0.02115100994706154
0.017950115725398064
-0.022795390337705612
-0.004145472310483456
0.024427220225334167
-0.023096652701497078
0.0025057983584702015
-0.0007327538332901895
0.040419138967990875
-0.012226162478327751
0.013970963656902313
0.0031585299875587225
-0.021351849660277367
0.018188612535595894
0.003235414158552885
-0.01830158568918705
0.024728480726480484
-0.011529496870934963
-0.034444138407707214
-0.002891788724809885
-0.0020413550082594156
-0.020962722599506378
-0.0009524230845272541
0.011918625794351101
-0.026284994557499886
-0.026536043733358383
0.011604811996221542
0.01820116676390171
0.021929265931248665
-0.006197810638695955
-0.016180207952857018
-0.011742889881134033
0.023259835317730904
-0.027941927313804626
0.002264162292703986
0.023310044780373573
0.013594388030469418
-0.013418653048574924
0.016908256337046623
0.0029608276672661304
-0.002962396712973714
0.00810265727341175
-0.012521146796643734
-0.03160726651549339
-0.02067401446402073
0.010443703271448612
0.00514339841902256
-0.011178025975823402
-0.011560878716409206
0.015439609996974468
0.00929514691233635
0.005234404467046261
-0.00014562894648406655
-0.03494623675942421
-0.002598373219370842
0.008880913257598877
-0.017234621569514275
0.0029451369773596525
-0.009734485298395157
0.0371805876493454
-0.0007892402354627848
0.008887190371751785
-0.013745018281042576
-9.880212746793404e-05
-0.02977459691464901
-0.002361444290727377
0.03128090128302574
-0.008705178275704384
-0.00024242070503532887
-0.01152322068810463
-0.028795499354600906
-0.03765758499503136
-0.0034142876975238323
-0.026586255058646202
-0.02393767051398754
-0.008962505497038364
-0.002124515362083912
0.02019701711833477
0.007952027022838593
-0.0004401230253279209
-0.030753694474697113
-0.0032762098126113415
-0.013544177636504173
-0.027941927313804626
-0.0003491171810310334
-0.003693581325933337
0.042553070932626724
0.0049708010628819466
-0.018565189093351364
-0.021602900698781013
-0.007864158600568771
-0.021464822813868523
-0.002934153424575925
0.026159469038248062
0.020410411059856415
0.01358183566480875
0.003464497858658433
-0.006373546086251736
0.04576651751995087
-0.0032573810312896967
0.022632207721471786
-0.002717622322961688
-0.014924955554306507
-0.03710527345538139
0.011811928823590279
-0.004798203706741333
-0.007657042238861322
-0.020937617868185043
-0.010964632965624332
0.036954641342163086
-0.021414613351225853
0.0020036972127854824
0.007870434783399105
-0.018477320671081543
0.0008127762121148407
0.005350515246391296
0.001616138033568859
0.024264037609100342
0.012753368355333805
-0.0071800462901592255
-0.027389615774154663
0.0011995509266853333
0.012320306152105331
0.004522048402577639
-0.013682255521416664
-0.0009045665501616895
0.008077551610767841
-0.003652785671874881
0.027464931830763817
-0.006213501561433077
-0.010355835780501366
0.01315504964441061
-0.01528897974640131
0.005237542558461428
-0.0015392537461593747
-0.004336898680776358
0.032259996980428696
0.020749328657984734
-0.006411203648895025
0.0033860444091260433
-0.0032950385939329863
-0.015590240247547626
0.009282594546675682
0.017560986801981926
-0.028695078566670418
0.036678485572338104
-0.006282540503889322
-0.017473118379712105
-0.029548650607466698
-0.024904215708374977
-0.016468916088342667
-0.0012732971226796508
-0.020837197080254555
0.018552636727690697
0.01872837170958519
0.007085902150720358
0.0037029958330094814
-0.01949407532811165
-0.023096652701497078
-0.03740653395652771
-0.019305787980556488
-0.01384543813765049
-0.02024722844362259
0.00848550908267498
-0.0030941981822252274
-0.019732574000954628
-0.013857991434633732
0.012791026383638382
0.009420672431588173
-0.03228510171175003
0.014749220572412014
0.1981291025876999
-0.030929429456591606
0.009885115548968315
0.013883096165955067
-0.0006437093252316117
-0.005366205703467131
0.03680401295423508
-0.009546197950839996
-0.0023488919250667095
0.012100636959075928
0.004249030724167824
-0.02902144566178322
-0.02688751555979252
0.011221960186958313
0.023912565782666206
-0.013732465915381908
-0.019845547154545784
0.0015078724827617407
0.01934344507753849
-0.015439609996974468
0.03665338084101677
0.00801478885114193
-0.023385360836982727
-0.006903890520334244
0.017899904400110245
0.0005307365790940821
0.006627734750509262
-0.013305679894983768
0.013318232260644436
0.02057359367609024
-0.009182174690067768
0.008504337631165981
-0.008064999245107174
-0.003721824614331126
0.010487637482583523
0.011058777570724487
0.01972002163529396
0.014962613582611084
0.0017903043190017343
0.013456310145556927
0.011623641476035118
-0.027188776060938835
0.019406208768486977
-0.017196964472532272
-0.005253233015537262
0.04200075939297676
-0.00041697928099893034
0.0035492272581905127
-0.01631828583776951
0.008108933456242085
-0.026661569252610207
0.036251701414585114
-0.022167764604091644
-0.004719750490039587
0.007437373045831919
-0.0018483598250895739
0.012219886295497417
-0.02413851208984852
0.01843966357409954
0.00024457817198708653
0.00630450714379549
0.03090432472527027
0.017247173935174942
0.001202689134515822
-0.03394203633069992
-0.0016302595613524318
-0.034444138407707214
-0.005846340209245682
-0.0020994103979319334
-0.019280683249235153
0.010224034078419209
-0.0023128034081310034
-0.008918571285903454
0.006891338154673576
-0.016104893758893013
-0.035398129373788834
0.018037982285022736
0.0033358342479914427
0.020899958908557892
0.020498277619481087
-0.019971072673797607
0.013544177636504173
-0.026385413482785225
-0.007223980035632849
0.014686457812786102
-0.039414938539266586
0.0162053145468235
0.008284668438136578
-0.008767941035330296
-0.0240883007645607
0.0017589230556041002
0.022079896181821823
-0.001421573804691434
-0.027464931830763817
0.009069201536476612
0.011774271726608276
-0.021314192563295364
0.019330892711877823
-0.008805598132312298
0.005177917890250683
-0.025481631979346275
0.02513016201555729
0.013544177636504173
-0.0005895765498280525
-0.02417616918683052
0.0017526467563584447
-0.020309990271925926
-0.0036841670516878366
2.3450182197848335e-05
-0.03587512671947479
0.007468754425644875
-0.015728317201137543
0.005780439358204603
-0.002745865611359477
-0.012678053230047226
0.0025214890483766794
0.010657096281647682
-0.011341209523379803
0.018427111208438873
-0.009307699277997017
0.007550345733761787
-0.02171587385237217
0.013268021866679192
0.015150901861488819
-0.006872509140521288
-0.01910494826734066
-0.04014298692345619
0.017146753147244453
0.0013721482828259468
-0.02844402939081192
0.011385142803192139
-0.014184356667101383
0.03243573382496834
0.018640505149960518
-0.012665500864386559
0.01900452747941017
0.003834797302260995
-0.008196800947189331
-0.0011281584156677127
0.020937617868185043
0.022343499585986137
-0.002792937448248267
-0.011692680418491364
0.013092286884784698
0.00805872306227684
-0.004550291690975428
-0.003193049458786845
0.0032887624111026525
-0.012000217102468014
-0.013519072905182838
0.001900138915516436
-0.029548650607466698
0.0071235597133636475
0.003969736862927675
0.0006958807935006917
0.0034550833515822887
-0.029046550393104553
-0.01512579619884491
0.018891554325819016
-0.021929265931248665
-0.017008675262331963
-0.006558695808053017
0.027464931830763817
-0.024828901514410973
0.004857828374952078
0.004531462676823139
-0.15504883229732513
0.002433621324598789
0.00334211066365242
-0.00881815142929554
0.010198929347097874
-0.018853897228837013
0.019745126366615295
0.012144571170210838
0.018527531996369362
-0.02393767051398754
-0.0004279627464711666
0.007010587025433779
-0.023648962378501892
-0.034494347870349884
-0.014397749677300453
0.0025764063466340303
-0.01754843443632126
0.033013150095939636
0.010814002715051174
0.001059119589626789
-0.0014207892818376422
-0.022556893527507782
-0.01777438074350357
-0.01592915877699852
0.017272278666496277
-0.007255361415445805
-0.005137122236192226
-0.001514933188445866
0.001590248430147767
-0.00351470778696239
-0.006891338154673576
0.005306581500917673
-0.00012022968439850956
-0.019983625039458275
-0.01840200647711754
0.002410085406154394
-0.010010641068220139
-0.028142768889665604
-0.026008838787674904
0.02204223908483982
-0.0063547175377607346
0.0207618810236454
0.011749166063964367
-0.032736994326114655
0.014975165948271751
-0.01166129857301712
0.027038145810365677
0.006411203648895025
0.04697155952453613
-0.02369917370378971
0.010600609704852104
0.0020240952726453543
-0.011152921244502068
0.003219723468646407
0.020397858694195747
-0.0016490883426740766
0.006659116130322218
-0.007079625967890024
0.020561041310429573
-0.02721388079226017
-0.017083991318941116
-0.007726081181317568
-0.016870597377419472
0.013782676309347153
0.016996122896671295
-0.020372753962874413
-0.02588331326842308
0.016945913434028625
-0.027866613119840622
0.0030110375955700874
0.003665338270366192
-0.027515141293406487
0.014598590321838856
-0.011435353197157383
0.0013862698106095195
0.016506575047969818
-0.024238931015133858
0.04162418469786644
-0.006125633604824543
-0.01995852030813694
-0.010945804417133331
0.047097086906433105
-0.020548488944768906
-0.006458275951445103
0.008466680534183979
-0.030301803722977638
-0.004848414100706577
0.003511569695547223
0.00248853862285614
0.0030910600908100605
0.0011862139217555523
-0.03886262699961662
-0.012621566653251648
0.010801450349390507
0.0029137555975466967
0.02180374227464199
0.008592205122113228
0.0036716144531965256
0.017196964472532272
0.0045753964222967625
0.026159469038248062
0.026536043733358383
-0.012452107854187489
0.004136058036237955
0.02507995069026947
-0.009715656749904156
0.03133111074566841
0.015401951968669891
0.02668667398393154
-0.0015447455225512385
-0.02261965535581112
-0.010481361299753189
-0.003724962705746293
0.011134092696011066
-0.0013729328056797385
0.0064833806827664375
0.006853680592030287
-0.0015243476955220103
0.008730283007025719
-0.0010614731581881642
0.043833427131175995
-0.018527531996369362
9.811566269490868e-05
0.015351741574704647
-0.019280683249235153
-0.037908636033535004
-0.1060437560081482
-0.03517218306660652
0.006941548082977533
0.024201273918151855
-0.005595289636403322
0.0038975600618869066
0.005146536510437727
0.008165420033037663
-0.0077825672924518585
0.026335204020142555
-0.020309990271925926
-0.016468916088342667
-0.017849694937467575
0.007531516719609499
-0.015916606411337852
0.024452324956655502
-0.017385251820087433
0.0008920140098780394
-0.008479232899844646
0.017661407589912415
0.013782676309347153
0.020397858694195747
-0.01195000670850277
0.002626616507768631
-0.008454128168523312
7.47758022043854e-05
-0.01806308887898922
-0.006652839947491884
0.025519289076328278
0.006947824265807867
-0.012671777047216892
-0.023573648184537888
-0.007443649228662252
-0.01673251949250698
0.006100528873503208
-0.003310729283839464
-0.022933468222618103
-0.012533699162304401
0.02280794456601143
-0.006119357421994209
0.009075477719306946
0.01664465293288231
0.010631991550326347
-0.02892102487385273
-0.00027301747468300164
-0.023761935532093048
-0.004434180445969105
0.026134364306926727
0.0004507142002694309
-0.020975274965167046
-0.017096543684601784
-0.031883422285318375
-0.04930632933974266
-0.01748567260801792
-0.011843310669064522
0.0029168936889618635
-0.0077825672924518585
0.01422201469540596
0.002133929869160056
-0.03692953661084175
-0.0009037820273078978
-0.006235468201339245
-0.005623532459139824
0.03057795949280262
0.01377012301236391
0.018740924075245857
-0.02318451926112175
-0.023171966895461082
0.007970855571329594
-0.0022688694298267365
0.0055544935166835785
0.018615398555994034
-0.003232276067137718
0.00291532464325428
-0.020598698407411575
0.017335040494799614
-0.01840200647711754
0.007399715483188629
-0.005827511195093393
-0.022017134353518486
0.004926867317408323
-0.015464714728295803
-0.015113243833184242
-0.0341428779065609
0.03346503898501396
0.011548326350748539
0.018891554325819016
-0.004189406055957079
-0.017799485474824905
-0.019644707441329956
-0.008962505497038364
0.008378812111914158
0.0024791243486106396
0.0008221906027756631
0.0030941981822252274
-0.0016349668148905039
-0.012903998605906963
-0.00015798534150235355
-0.00334211066365242
-0.006552419625222683
-0.046343933790922165
0.006916442885994911
-0.05588385462760925
0.012991867028176785
0.015427056699991226
0.0016616409411653876
0.0008676935103721917
-0.005171641707420349
0.03000054322183132
-0.01592915877699852
0.015678107738494873
0.00805872306227684
0.0001539646036690101
0.010462531819939613
-0.0031145960092544556
-0.029548650607466698
-0.01640615426003933
-0.02105058915913105
0.04877912625670433
0.006313921883702278
0.03376629948616028
0.005322271957993507
0.0013996069319546223
0.007192598655819893
0.040845926851034164
0.028946129605174065
-0.0027035006787627935
0.014385197311639786
-0.0037186865229159594
-0.01005457527935505
-0.014611142687499523
0.0065398672595620155
0.022017134353518486
-0.032259996980428696
-0.011152921244502068
0.009470882825553417
-0.011134092696011066
-0.02518037147819996
0.0028541311621665955
0.00827211607247591
0.0125148706138134
0.07084646821022034
-0.004393384791910648
-0.007368334103375673
0.030728589743375778
-0.005858892574906349
-0.027565352618694305
0.006954100448638201
-0.012458384037017822
-0.0014090213226154447
0.026536043733358383
-0.02446487732231617
0.020134255290031433
0.021125905215740204
-0.007161217276006937
-0.008862084709107876
-0.020987827330827713
0.0017353870207443833
0.0004875872691627592
0.02366151474416256
0.00013641067198477685
-0.007468754425644875
0.037858426570892334
0.02091251127421856
-0.0022170902229845524
-0.01187469158321619
-0.01669486239552498
-0.01900452747941017
-0.01323036476969719
-0.0020366476383060217
0.00535679142922163
-0.021678216755390167
-0.01654423214495182
0.016004472970962524
0.03128090128302574
0.012521146796643734
0.01881624013185501
0.009452053345739841
-0.010939528234302998
-0.016330840066075325
-0.014422854408621788
0.030276697129011154
0.013820333406329155
0.016280628740787506
-0.02494187280535698
0.030753694474697113
0.03251104801893234
0.011347485706210136
-0.0007766876951791346
0.023925118148326874
-0.009972983971238136
0.009640341624617577
-0.021063141524791718
0.023008784279227257
-0.005507421679794788
0.01050018984824419
-0.010035746730864048
0.0017510777106508613
0.012106913141906261
0.00368102896027267
0.013180154375731945
0.015678107738494873
0.014824535697698593
-0.006310783326625824
0.024113407358527184
0.0017291107214987278
-0.009226107969880104
0.015489819459617138
-0.020309990271925926
-0.03467008098959923
-0.016820387914776802
0.00874283630400896
0.009759590961039066
-0.005165365524590015
0.011705232784152031
0.005510559771209955
-0.02000872977077961
0.011121540330350399
0.013970963656902313
-0.00817797239869833
-0.01702122762799263
-0.0049519725143909454
0.001860912307165563
0.031029850244522095
0.02346067503094673
-0.005416416097432375
0.006677945144474506
0.002215521177276969
0.03025159239768982
0.0002451665641274303
0.0034927409142255783
0.007468754425644875
0.0038881455548107624
-0.0069352719001472
-0.004832723177969456
-0.009370462037622929
-0.021678216755390167
-0.004217649344354868
0.004063881002366543
0.006477104499936104
-0.03426840156316757
0.08646181225776672
-0.004474976100027561
-0.012828683480620384
-0.0012332858750596642
-0.023623857647180557
0.014849640429019928
0.020171912387013435
0.0013360597658902407
-0.03456966206431389
0.012665500864386559
0.026234783232212067
-0.0201468076556921
-0.00921983178704977
-0.01702122762799263
-0.006398651283234358
0.0031946185044944286
-0.0024477429687976837
0.018075641244649887
-0.012571357190608978
-0.0041486104018986225
0.03143152967095375
-0.006056594662368298
0.0068599567748606205
0.010782621800899506
0.002599942497909069
-0.002334770280867815
0.005080635659396648
-0.007443649228662252
-0.014611142687499523
-0.013079734519124031
0.0022892672568559647
-0.0066967736929655075
-0.050762422382831573
-0.007060796953737736
-0.0029514131601899862
-0.008096381090581417
-0.003972874954342842
-0.02801724337041378
-0.00962778925895691
0.019607048481702805
-0.019042184576392174
0.008843256160616875
-0.011008567176759243
-0.04792555421590805
-0.022694971412420273
0.011203131638467312
-0.007412267848849297
-0.016242971643805504
-0.026987936347723007
