-0.010859780013561249
0.0002034800563706085
0.015076233074069023
0.0017718757735565305
-0.03476159647107124
0.006533892825245857
-0.043464869260787964
-0.016968809068202972
-0.010267545469105244
-0.03777426853775978
-0.02116595022380352
0.0038817115128040314
-0.015758590772747993
0.004956746008247137
0.00471534626558423
0.0033570691011846066
0.03406636416912079
0.003505127737298608
0.0001209011534228921
0.01738079823553562
-0.011806068010628223
0.017445171251893044
0.011806068010628223
0.0020341970957815647
-0.02474510669708252
0.02968897856771946
0.025195719674229622
-0.02770628035068512
-0.00811103917658329
0.008812708780169487
-0.014342376962304115
0.0048440927639603615
-0.02068958804011345
0.012790979817509651
-0.009565876796841621
-0.0059545328840613365
0.011181646957993507
0.014213630929589272
0.029740476980805397
0.018951507285237312
0.012539924122393131
-0.003695029066875577
0.006630452815443277
-0.015977459028363228
0.0020663838367909193
0.0032878676429390907
-0.021861182525753975
-0.011091523803770542
-0.029328487813472748
0.006324679125100374
0.00034117864561267197
0.009347006678581238
-0.024899601936340332
-0.007795609999448061
-0.008683961816132069
-0.020341971889138222
-0.004538319539278746
-0.00923757255077362
0.013840265572071075
-0.01758679375052452
-0.015501096844673157
-0.002116273157298565
-0.032341159880161285
0.0236507598310709
0.008954329416155815
-0.006990943104028702
-0.002925767796114087
0.0025153877213597298
-0.010956340469419956
0.005301143508404493
0.008194724097847939
0.029354237020015717
-0.0007821359322406352
-0.021062953397631645
0.0158358383923769
0.0034085677471011877
-0.010125923901796341
-0.03048720769584179
0.010293294675648212
0.017483795061707497
0.014805865474045277
0.0009543345659039915
-0.03319088742136955
0.019814109429717064
0.0016672691563144326
0.0009149059187620878
-0.02000723034143448
0.006784948520362377
0.0070038181729614735
-0.012469113804399967
-0.01642807386815548
-0.0037079036701470613
0.0044996957294642925
0.010209609754383564
-0.033371131867170334
0.019865607842803
-0.00894145481288433
0.03937072679400444
-0.014110633172094822
-0.040889937430620193
-0.007512367330491543
-0.007795609999448061
-0.01363427098840475
-0.010866217315196991
-0.03519933670759201
0.006549986079335213
-0.01704605668783188
-0.0019134971080347896
0.014870238490402699
-0.029328487813472748
0.00032609113259240985
0.03803176060318947
0.0008939845720306039
-0.006034999154508114
0.02889074943959713
-0.03265015035867691
0.03301064297556877
-0.005603698082268238
0.00772479921579361
-0.01074390858411789
0.026212818920612335
-0.00403942633420229
0.007621801923960447
-0.008014478720724583
0.02889074943959713
0.00951437745243311
-0.029431484639644623
-0.01790865883231163
-0.01590021140873432
-0.03007521852850914
-0.0071325646713376045
-0.0038334315177053213
-0.022028552368283272
0.01918325200676918
-0.002386640990152955
-0.0031736050732433796
-0.003839869052171707
-0.00558116752654314
-0.008323471061885357
-0.02652181126177311
0.014986110851168633
0.031748924404382706
-0.0014693211996927857
-0.04197140783071518
0.01613195613026619
0.028169767931103706
0.013376777060329914
0.026779303327202797
0.011587198823690414
-0.002608729060739279
0.010061550885438919
-0.01693018525838852
0.030203964561223984
0.014368126168847084
0.013415400870144367
0.005684164818376303
-0.00034198330831713974
0.00997786596417427
0.005880503449589014
0.0013035598676651716
-0.0018298118375241756
-0.02531159296631813
0.0034439729060977697
0.004303357098251581
0.032572902739048004
0.0346328504383564
0.0011168771889060736
-0.01891288347542286
0.019286248832941055
0.0017638291465118527
0.008857769891619682
0.03447835519909859
-0.025092722848057747
0.020947080105543137
-0.014496873132884502
0.01493461150676012
0.004110237117856741
0.010756783187389374
-0.020084477961063385
-0.011645134538412094
-0.028581757098436356
0.00016988522838801146
-0.001260912511497736
0.004271170124411583
-0.01022892165929079
0.0099328039214015
0.019440744072198868
-0.008040228858590126
0.020650962367653847
0.00877408403903246
0.01734217442572117
0.009868430905044079
-0.006038218270987272
0.016325075179338455
-0.6369354724884033
-0.005359079223126173
0.013492649421095848
-0.002521825022995472
0.014986110851168633
-0.005130554083734751
0.018835635855793953
0.010055113583803177
0.016891561448574066
-0.026058321818709373
-0.014393876306712627
0.022865405306220055
-0.0024043438024818897
-0.018694013357162476
-0.014509747736155987
-0.02235041931271553
0.0029627822805196047
-0.024384615942835808
0.012887540273368359
-0.024230120703577995
-0.05250288546085358
0.025028349831700325
0.0009342178818769753
0.007139001972973347
0.00558116752654314
-0.0019489024998620152
0.01911887712776661
-0.016453823074698448
-0.009572314098477364
0.010885529220104218
0.00336672505363822
0.02433311752974987
0.0185910165309906
0.024577736854553223
0.04786800593137741
-0.0025894171558320522
-0.01841077208518982
0.035508327186107635
0.024345992133021355
-0.00391389848664403
-0.010164548642933369
-0.022569287568330765
0.007956543006002903
-0.01454837154597044
0.0236507598310709
0.020135976374149323
0.026985298842191696
-0.016775688156485558
-0.004000802058726549
0.03362862765789032
-0.005870847497135401
-0.005130554083734751
0.01375014241784811
0.0086582126095891
-0.004370948765426874
-0.016376573592424393
0.006369740702211857
-0.0037046850193291903
0.015410974621772766
0.01956949196755886
-0.003138199681416154
0.004132767673581839
0.0012914898106828332
-0.034143611788749695
-0.03241840749979019
0.03192916885018349
-0.018539518117904663
-0.007731236517429352
0.03563707321882248
-0.02039347030222416
0.01909312792122364
0.025736456736922264
0.014857363887131214
-0.013080660253763199
0.03525083512067795
0.011342580430209637
0.03066745214164257
0.0023110024631023407
-0.014329502359032631
-0.00040092511335387826
-0.0005765436217188835
-0.01900300569832325
-0.026032572612166405
0.01243048906326294
0.017483795061707497
-0.041301924735307693
-0.0065435487776994705
0.018436521291732788
0.0029145022854208946
0.02184830792248249
-0.01212149765342474
0.002272378420457244
-0.003210619557648897
-0.018011657521128654
0.005529668647795916
0.03368012607097626
-0.008587401360273361
-0.011831817217171192
0.014857363887131214
-0.015282227657735348
-0.0019102784572169185
-0.0046606287360191345
-8.785953104961663e-05
0.0076282392255961895
0.011207396164536476
0.023728007450699806
-0.005468514282256365
0.001503117149695754
0.0523998886346817
-0.018076030537486076
0.008864207193255424
-0.011175209656357765
-0.016505321487784386
0.006092935334891081
-0.018269149586558342
-0.036100562661886215
0.012230931781232357
0.007473743055015802
0.006147652864456177
-0.016325075179338455
0.02285253070294857
0.0009052499081008136
0.018462270498275757
-0.01672418974339962
-0.014483998529613018
0.04691528156399727
-0.02080545946955681
-0.016286451369524002
-0.03169742599129677
-0.025388840585947037
-0.0024091717787086964
-0.01581008918583393
0.02889074943959713
-0.009314820170402527
0.034529853612184525
0.0003162339562550187
0.01569421775639057
0.003920335788279772
-0.002835645107552409
0.007647551130503416
-0.0257879551500082
-0.0110850865021348
0.027809277176856995
-0.01173525769263506
-0.04531882330775261
-0.024590611457824707
-0.02175818383693695
0.01272660680115223
-0.021526440978050232
0.03004946932196617
-0.014175006188452244
0.012662233784794807
-0.028787752613425255
0.006372959353029728
0.010125923901796341
-0.005478170234709978
-0.007840671576559544
0.0038109009619802237
-0.033757373690605164
0.003255680901929736
-0.0010348012438043952
0.012069998309016228
-0.017561042681336403
0.00410058069974184
-0.015642717480659485
0.01977548561990261
0.012321054935455322
0.018578141927719116
-0.019878482446074486
-0.04982495307922363
0.00012130348477512598
0.014883113093674183
-0.022775283083319664
0.009501502849161625
0.027809277176856995
-0.00025648745940998197
-0.02137194387614727
-0.009231135249137878
-0.008336345665156841
-0.02565920725464821
0.005520012695342302
0.011329705826938152
-0.022041426971554756
-0.018011657521128654
-0.0014427672140300274
0.0005117679247632623
0.0027487410698086023
0.01413638237863779
0.008130351081490517
0.013827390968799591
0.009031577967107296
0.015320851467549801
-0.019904233515262604
0.010975652374327183
0.009141012094914913
-0.011387641541659832
0.008671087212860584
0.012069998309016228
0.008040228858590126
0.01633794978260994
0.039859965443611145
-0.009173198603093624
0.041070181876420975
-0.02175818383693695
0.00354053289629519
0.015565470792353153
0.003743309061974287
-0.016762813553214073
0.0384180024266243
0.00486984197050333
0.03445260599255562
-0.019839858636260033
-0.010782532393932343
-0.004152079578489065
0.013775891624391079
0.03306214138865471
-0.020135976374149323
0.007068191189318895
-0.004113455768674612
0.005536105949431658
0.0026827584952116013
0.005326892714947462
0.011233145371079445
-0.022504914551973343
-0.004457852803170681
-0.017509544268250465
0.0033989115618169308
0.001725205103866756
0.0011627431958913803
-0.011658009141683578
0.018488019704818726
0.012842478230595589
-0.02444898895919323
0.01977548561990261
0.0194149948656559
0.011690196581184864
0.03620355948805809
-0.007235561963170767
0.024757981300354004
-0.006105809938162565
0.010956340469419956
0.015269353054463863
0.0027551783714443445
0.013698644004762173
0.03852099925279617
0.02314864844083786
0.03069320134818554
-0.005487826187163591
-0.01722630299627781
0.004280826076865196
-0.011329705826938152
-0.018488019704818726
-0.009675310924649239
-0.018217651173472404
-0.011059337295591831
-0.034735847264528275
0.007608927320688963
0.019723987206816673
0.013196531683206558
0.012533486820757389
0.01542384922504425
0.021771058440208435
-0.012115060351788998
0.020560840144753456
0.017664041370153427
-0.018513768911361694
-0.002438139636069536
-0.012057123705744743
-0.026470312848687172
-0.015076233074069023
-0.03246990591287613
-0.007956543006002903
-0.007171188481152058
0.0014725398505106568
0.011168772354722023
-0.006900820415467024
0.005352641921490431
0.009894180111587048
0.003460066393017769
-0.002040634397417307
-0.02312289923429489
-0.010190297849476337
-0.0006018906133249402
0.032366909086704254
0.003093138337135315
-0.010846905410289764
0.012301743030548096
-0.01375014241784811
-0.041070181876420975
0.018835635855793953
-0.0004449806292541325
0.0019311998039484024
0.012082873843610287
-0.0012890758225694299
-0.010164548642933369
-0.000706497288774699
0.024294493719935417
-0.01761254295706749
0.007377183064818382
-0.008568089455366135
0.018642514944076538
-0.022929778322577477
-0.0010903232032433152
-0.009952116757631302
0.025852328166365623
0.018655389547348022
-0.009861993603408337
0.004802250303328037
0.019762611016631126
-0.03604906424880028
-0.022157298400998116
-0.02226029708981514
-0.00373365287669003
0.005452420562505722
0.002380203688517213
0.010621598921716213
0.019749736413359642
-0.0020004010293632746
0.02483522891998291
-0.002193521009758115
-0.004432103596627712
-0.0358688160777092
-0.03007521852850914
-0.00045624596532434225
0.03525083512067795
-0.01069884654134512
-0.024732232093811035
0.052528634667396545
0.006694825831800699
0.001776703866198659
0.00756386574357748
-0.04889797791838646
0.01758679375052452
-0.004898810293525457
0.012617171742022038
0.006430895533412695
-0.009192511439323425
0.004515788983553648
0.0033087891060858965
0.009186074137687683
-0.0038366501685231924
-0.019286248832941055
0.013299529440701008
0.019260499626398087
-0.006521018221974373
-0.01247555110603571
-0.006221681833267212
0.016582569107413292
0.021603688597679138
0.020535090938210487
0.03839225322008133
0.021423442289233208
-0.006308585871011019
0.001579560455866158
0.00016636481450404972
0.007306372746825218
0.019492242485284805
0.018191901966929436
-0.020251847803592682
-0.009617375209927559
0.006212025880813599
0.033113639801740646
0.0021388037130236626
0.03558557480573654
0.032160915434360504
0.014677118510007858
0.0059867193922400475
-0.002816332969814539
-0.0015513971447944641
-0.024320242926478386
0.025646332651376724
0.008561652153730392
-0.016389448195695877
-0.011001401580870152
0.03306214138865471
-0.012655796483159065
0.007254873868077993
-0.003987927455455065
0.011812505312263966
0.024384615942835808
0.006562860682606697
0.03344837948679924
-0.003955740947276354
-0.02296840213239193
0.01324803102761507
-0.023161523044109344
0.02850450947880745
-0.02101145312190056
0.012115060351788998
-0.0009639905765652657
-0.03643530234694481
-0.013338153250515461
-0.025363091379404068
-0.011181646957993507
0.010132361203432083
-0.04670928418636322
-0.010183860547840595
-0.0075703030452132225
0.0005186076159588993
0.0187970120459795
0.00452222628518939
-0.0230327770113945
-0.0011611338704824448
0.028195517137646675
0.0012134371791034937
0.005046868696808815
-0.01423938013613224
-0.03169742599129677
-0.024191496893763542
0.002067993162199855
0.0017670477973297238
-0.010087300091981888
0.001143431174568832
0.007808484602719545
-0.029148241505026817
0.0050629619508981705
0.019041629508137703
0.013518398627638817
-0.009411380626261234
0.0329848937690258
0.0179730337113142
0.010454228147864342
-0.0029193302616477013
-0.00846509262919426
-0.0010846905643120408
-0.009128137491643429
-0.0021548971999436617
0.008317033760249615
-0.014226505532860756
0.006073623429983854
-0.014677118510007858
0.01642807386815548
-0.02332889288663864
0.0015264524845406413
-0.017651166766881943
-0.012449800968170166
0.003653186373412609
-0.001569099840708077
0.010949903167784214
-0.005075837019830942
-0.0071776257827878
0.046220049262046814
0.0014781724894419312
-0.0021774277556687593
-0.009797620587050915
-0.03723353147506714
0.006453426089137793
0.009141012094914913
-0.021771058440208435
0.0027519597206264734
-0.01936349645256996
-0.03288189694285393
-0.00811103917658329
-0.010183860547840595
-0.015874462202191353
0.02966322936117649
0.008162537589669228
-0.036898791790008545
-0.03221241384744644
-0.0037400901783257723
-0.021423442289233208
0.023689383640885353
-0.0032025729306042194
-0.01847514510154724
0.00021665648091584444
0.011509951204061508
-0.007982292212545872
-0.015913086012005806
0.017805662006139755
-0.02912249229848385
-0.022698035463690758
-0.0001535907358629629
-0.013621396385133266
0.022517789155244827
-0.029817724600434303
-0.017599668353796005
0.01544959843158722
-0.0013590818271040916
-0.00840715691447258
-0.014033385552465916
-0.015217854641377926
-0.0027728809509426355
0.026753554120659828
0.0002005631395149976
0.017213428393006325
-0.019530868157744408
-0.011645134538412094
-0.003546970197930932
-0.009334132075309753
-0.00997786596417427
-0.00200201035477221
-0.011722383089363575
-0.034117862582206726
0.016762813553214073
0.031259685754776
0.005722788628190756
0.0003989134565927088
-0.015784339979290962
0.0010871045524254441
0.023135773837566376
-0.017445171251893044
-0.029173992574214935
-0.011651571840047836
-0.007557428441941738
-0.01443250011652708
0.00836209487169981
-0.026856552809476852
-0.005690602120012045
-0.020032979547977448
-0.01799878291785717
0.03383462131023407
0.01099496427923441
0.0001495674077887088
0.01772841438651085
0.03429810702800751
-0.03998871147632599
0.02258216217160225
0.0029322050977498293
-0.007576740346848965
-0.00281955162063241
-0.004216453060507774
-0.017264926806092262
0.0023190490901470184
0.038495250046253204
0.0026312596164643764
-0.006276399362832308
-0.007930793799459934
0.0011627431958913803
-0.006707700435072184
0.014870238490402699
0.0027616156730800867
0.005046868696808815
0.009527252055704594
-0.030409960076212883
-0.02560770884156227
-0.02296840213239193
-0.011722383089363575
-0.030950695276260376
0.025092722848057747
0.016646942123770714
0.011812505312263966
0.007364308461546898
-0.00785998348146677
0.019440744072198868
0.009726809337735176
-0.02608407288789749
0.018462270498275757
0.0011522825807332993
0.04753326624631882
0.033963367342948914
-0.013994760811328888
-0.060665424913167953
-0.00022993347374722362
-0.0029627822805196047
0.0024268743582069874
0.01615770533680916
-0.026122696697711945
0.0045351008884608746
-0.026096947491168976
0.02590382657945156
0.01838502287864685
0.011818942613899708
-0.009604500606656075
-0.005574730224907398
0.0016238171374425292
0.006604703143239021
-0.026624808087944984
0.0018233745358884335
0.00496640196070075
0.0140462601557374
-0.003839869052171707
0.0024944664910435677
-0.029173992574214935
-0.01672418974339962
0.00430013844743371
0.05778149887919426
0.011973438784480095
0.026753554120659828
0.004081268794834614
-2.3699945813859813e-05
-0.01651819609105587
-0.003601687727496028
-0.014175006188452244
-0.016067583113908768
-0.007377183064818382
0.0009808886097744107
0.0011764225782826543
-0.005069399252533913
-0.01624782755970955
-0.042872633785009384
0.01093702856451273
-0.018101779744029045
0.0069458819925785065
0.02228604629635811
-0.015681343153119087
0.009334132075309753
0.031002193689346313
0.02930273860692978
-0.0012568891979753971
0.012127934955060482
-0.005175615660846233
-0.0125656733289361
0.0049020289443433285
0.0023335330188274384
-0.011007838882505894
0.00647595664486289
-0.01314503327012062
-0.015204980038106441
-0.0027825371362268925
-0.014831614680588245
-0.02453911304473877
-0.00807885266840458
0.00785998348146677
-0.003682154230773449
-0.014818740077316761
0.004940652754157782
-0.004615567624568939
0.03700178861618042
0.021732434630393982
-0.007415807340294123
0.009675310924649239
0.023161523044109344
-0.027629032731056213
0.01055078860372305
0.008072415366768837
-0.0020840864162892103
0.0086582126095891
0.024101372808218002
0.008954329416155815
-0.015552596189081669
0.01344115100800991
-0.0086582126095891
-0.037130534648895264
-0.019170377403497696
-0.0009277805802412331
0.02080545946955681
-0.007493055425584316
-0.012662233784794807
0.013621396385133266
-0.0002399918157607317
0.019247625023126602
-0.013119284063577652
-0.02009735256433487
0.02193843014538288
-0.001062964554876089
-0.0063600847497582436
0.008394281379878521
-0.008188286796212196
0.033113639801740646
0.0037594023160636425
0.0073514338582754135
-0.019286248832941055
-0.01868113875389099
-0.015707092359662056
-0.015166356228291988
0.04668353497982025
-0.011046462692320347
0.00586762884631753
-0.011625822633504868
-0.03324238583445549
-0.022981276735663414
-0.008677524514496326
-0.01454837154597044
0.006395489908754826
-0.006939444690942764
-0.0002005631395149976
0.010685971938073635
0.011870441026985645
-0.005761412903666496
0.003197744954377413
-0.00391389848664403
-0.021886931732296944
-0.014818740077316761
-0.0110850865021348
-4.9587579269427806e-05
0.04356786608695984
-0.0009495065896771848
-0.013260905630886555
-0.020032979547977448
0.007139001972973347
-0.02000723034143448
0.012655796483159065
0.01886138506233692
0.012790979817509651
-0.00840715691447258
-0.0007161532412283123
0.023007027804851532
0.04333612322807312
0.004190703388303518
0.011857566423714161
0.00039368311990983784
-0.03751677647233009
-0.008426468819379807
-0.005220676772296429
0.0065757352858781815
0.0016302545554935932
-0.020032979547977448
-0.015629842877388
0.0329848937690258
-0.03893298655748367
-0.015024734660983086
0.013325278647243977
-0.0208955816924572
-0.008104601874947548
-0.02208005078136921
0.02036772109568119
0.02374088205397129
0.021977053955197334
-0.0033441942650824785
-0.0289164986461401
-0.013672894798219204
0.025491837412118912
-0.01729067601263523
-0.03486459329724312
-0.004770063329488039
0.011368329636752605
-0.006398708559572697
0.03424660861492157
-0.0027889744378626347
-0.013724393211305141
-0.0031880890019237995
-0.016453823074698448
0.003152683610096574
-0.0019392464309930801
-0.01622207835316658
0.012243806384503841
-0.011065774597227573
-0.03993721306324005
-0.0029949690215289593
0.009121700190007687
-0.01586158759891987
0.007190500386059284
0.011619385331869125
-0.0022257077507674694
0.02773202955722809
-0.009804057888686657
-0.016582569107413292
-0.0431043803691864
-0.02128182165324688
-0.0215521901845932
0.004628442227840424
-0.03501908853650093
-0.00746730575338006
0.02770628035068512
-0.002357673132792115
-0.010930591262876987
0.013415400870144367
-0.011548575013875961
-0.026676306501030922
-0.017174802720546722
0.01272660680115223
-0.03192916885018349
0.023251645267009735
0.0032749930396676064
-0.011065774597227573
-0.000505732954479754
0.00637939665466547
0.010331918485462666
-0.05381610244512558
0.002317439764738083
0.20177175104618073
-0.038263507187366486
0.0179730337113142
0.029791975393891335
0.006041436921805143
-0.013518398627638817
0.036512549966573715
-0.012275993824005127
0.021436316892504692
0.01642807386815548
0.012939038686454296
-0.017831411212682724
-0.0039042423013597727
0.003041639691218734
0.008619588799774647
-0.02262078784406185
-0.025169970467686653
0.002143631689250469
0.02305852621793747
0.008574526757001877
0.007808484602719545
0.022105799987912178
-0.009701060131192207
0.0030496863182634115
0.0380060113966465
-0.0011957345996052027
-0.008741897530853748
0.0006320655811578035
0.003730434225872159
-0.00452222628518939
0.0010919325286522508
-0.00132287188898772
0.011715945787727833
0.012108623050153255
-0.0027728809509426355
0.0006574125727638602
0.015668468549847603
-0.004390260670334101
0.03046145848929882
0.022298920899629593
0.01462562009692192
-0.02016172558069229
0.007982292212545872
-0.007048879284411669
0.005700258072465658
0.053919099271297455
-0.0017235957784578204
-0.018603891134262085
0.022221673280000687
0.0037111223209649324
-0.014870238490402699
0.012939038686454296
0.011754569597542286
0.015629842877388
0.01394326239824295
-0.0037594023160636425
0.01544959843158722
-0.00042486394522711635
0.015874462202191353
0.003120497101917863
0.0034536290913820267
0.016209203749895096
0.008046666160225868
0.013930387794971466
-0.046400293707847595
0.009347006678581238
-0.03025546297430992
0.009752558544278145
0.004264732822775841
-0.014612745493650436
0.025646332651376724
-0.009475753642618656
-0.01947936788201332
-0.001136189210228622
-0.006141215562820435
-0.018603891134262085
0.01336390245705843
0.025865202769637108
0.012140809558331966
0.02444898895919323
-0.005806474015116692
0.0016230124747380614
-0.027242792770266533
-0.007190500386059284
-0.002909674309194088
-0.024796605110168457
0.01808890514075756
0.0020309784449636936
-0.020972829312086105
-0.02713979408144951
-0.006842884700745344
0.012089311145246029
0.0012166558299213648
-0.01897725649178028
0.02267228625714779
0.004538319539278746
-0.009076639078557491
8.373561286134645e-05
-0.021719560027122498
-0.005503919441252947
-0.03107944130897522
0.028427261859178543
0.0200716033577919
0.003217057092115283
-0.009321257472038269
0.011600073426961899
-0.04258939251303673
-0.002507341094315052
0.018642514944076538
-0.025491837412118912
0.018101779744029045
-0.025736456736922264
0.012842478230595589
-0.02909674309194088
-0.010042238980531693
0.0006356866215355694
0.00816897489130497
-0.026328690350055695
0.04753326624631882
0.0038366501685231924
0.0022385823540389538
-0.01838502287864685
0.0002267148083774373
0.018578141927719116
-0.012230931781232357
-0.020831208676099777
-0.0417911633849144
0.0238567553460598
0.006041436921805143
-0.012790979817509651
0.0020696024876087904
0.002507341094315052
0.026599058881402016
0.007299935445189476
-0.010183860547840595
0.010570100508630276
-0.014406750909984112
-0.021719560027122498
-0.0010846905643120408
0.01663406752049923
0.0077569857239723206
-0.017573917284607887
0.0035308769438415766
-0.003241196973249316
0.014870238490402699
-0.010357668623328209
0.018642514944076538
-0.0025990731082856655
0.000578555278480053
-0.023959752172231674
0.006849322002381086
-0.03481309488415718
-0.0029595636297017336
-0.019994355738162994
-0.008902831003069878
0.028041021898388863
-0.03517358750104904
-0.003698247717693448
0.007319247350096703
-0.00254918378777802
-0.01590021140873432
0.009411380626261234
0.023316018283367157
-0.0037626209668815136
-0.005207802169024944
0.017149053514003754
-0.16005784273147583
0.007711924612522125
0.004602693021297455
-0.0030770450830459595
0.02287827990949154
-0.005043650045990944
-0.002760006347671151
0.02989497222006321
0.003595250193029642
-0.016299325972795486
0.022839656099677086
0.026753554120659828
-0.0477135106921196
-0.046786535531282425
-0.011310393922030926
-0.0007974245818331838
-0.010190297849476337
0.01454837154597044
0.02205430157482624
-0.011117273941636086
-0.012855353765189648
-0.008587401360273361
-0.013260905630886555
-0.023483389988541603
0.013608520850539207
0.0027455224189907312
-0.013775891624391079
0.005687383469194174
-0.005561855621635914
-0.016003208234906197
-0.002233754377812147
-0.0031188877765089273
0.02214442379772663
-0.015604094602167606
0.0013655192451551557
0.018127528950572014
-0.025800829753279686
0.0005548176122829318
-0.004210015758872032
0.02474510669708252
-0.004731439519673586
0.011394078843295574
-0.006466300692409277
0.01281672902405262
0.02139769308269024
0.001420236541889608
0.012584985233843327
0.012269556522369385
0.02551758661866188
-0.030512956902384758
0.021539315581321716
-0.004721783567219973
0.002043853048235178
0.0037980263587087393
0.028195517137646675
0.019337747246026993
-0.015513971447944641
0.008400718681514263
0.015732841566205025
0.008741897530853748
-0.005072618369013071
-0.004927778150886297
0.0008891565958037972
0.0052496446296572685
0.03362862765789032
-0.02264653705060482
-0.03962821885943413
0.021217448636889458
-0.008445780724287033
-0.014329502359032631
0.027062546461820602
-0.002648962428793311
0.011484201066195965
0.005529668647795916
0.0018298118375241756
0.013415400870144367
-0.002891971729695797
0.0223761685192585
-0.014226505532860756
-0.012462676502764225
-0.02474510669708252
0.03795451298356056
-0.023869629949331284
-0.0067978231236338615
0.008632463403046131
-0.0017992345383390784
-0.013087097555398941
0.014123507775366306
0.008922142907977104
0.020251847803592682
0.0031736050732433796
-0.0350448377430439
-0.005883722100406885
-0.007744111120700836
0.007254873868077993
0.012108623050153255
0.01009373739361763
0.008780521340668201
0.007795609999448061
0.026071196421980858
-0.0026328691747039557
0.014689993113279343
-0.013138595968484879
0.002629650291055441
0.021294696256518364
-0.006002812646329403
0.012848916463553905
0.0061154658906161785
0.018153278157114983
0.011542137712240219
-0.040658194571733475
0.01385314017534256
-0.010293294675648212
0.015114856883883476
0.010975652374327183
0.028787752613425255
-0.01336390245705843
-0.011838254518806934
0.02380525693297386
-0.021912680938839912
0.04766201227903366
0.0009293899056501687
-0.007229124661535025
0.0052721756510436535
-0.01722630299627781
-0.04354211688041687
-0.11896190792322159
-0.018874259665608406
0.01586158759891987
-0.0012737872311845422
0.020496467128396034
0.016273576766252518
0.0011538919061422348
0.017754163593053818
-0.0025346996262669563
0.01503760926425457
-0.04827999323606491
-0.005487826187163591
0.004206797108054161
0.02036772109568119
-0.0002649364760145545
0.02273665927350521
-0.031002193689346313
0.0015353038907051086
-0.011355455033481121
3.6461453419178724e-05
0.009797620587050915
-0.01336390245705843
-0.017960157245397568
-0.008857769891619682
0.0014677118742838502
0.0012794198701158166
-0.01817902736365795
0.023663634434342384
0.015462473034858704
-0.009746121242642403
-0.017071805894374847
-0.02690805122256279
-0.005812911316752434
-0.014715742319822311
0.027448786422610283
-0.016801437363028526
-0.02016172558069229
-0.0065177991054952145
0.02105007693171501
-0.03326813504099846
0.012533486820757389
0.029585981741547585
0.025182845070958138
-0.018153278157114983
0.036074813455343246
-0.014883113093674183
0.011194521561264992
0.011143023148179054
-0.009643124416470528
-0.0011249239323660731
-0.021513566374778748
-0.03321663662791252
-0.04034920036792755
-0.007608927320688963
-0.006134778261184692
0.0014282831689342856
-0.007113252766430378
-0.0020004010293632746
-0.009765434078872204
-0.025826578959822655
-0.015501096844673157
-0.003987927455455065
-0.01474149152636528
0.023406142368912697
0.020741086453199387
0.00018024531891569495
-0.02948298305273056
0.004023333080112934
-0.006784948520362377
-0.009636687114834785
-0.0007036809111014009
0.012765230610966682
0.0014604697935283184
-0.012655796483159065
-0.02362501062452793
-0.002116273157298565
-0.007364308461546898
0.006759199313819408
0.001932809129357338
-0.008806271478533745
0.004293700680136681
-0.0080209169536829
-0.03589456528425217
-0.013711518608033657
0.02524721808731556
-0.014754366129636765
0.0009615765884518623
-0.011194521561264992
0.014522622339427471
-0.020535090938210487
-0.00606074882671237
0.026959549635648727
0.015964584425091743
-0.022337544709444046
0.003324882360175252
0.004992151632905006
-0.014316627755761147
0.004081268794834614
0.011509951204061508
-0.011033588089048862
-0.018694013357162476
-0.009244009852409363
-0.050571683794260025
0.03329388424754143
0.04634879529476166
0.005056524649262428
-0.022273171693086624
-0.007718361914157867
0.02806677110493183
-0.01355702243745327
0.032572902739048004
0.0080209169536829
0.018359273672103882
0.02945723384618759
-0.016659816727042198
-0.010724596679210663
-0.007055316586047411
-0.03025546297430992
0.03818625584244728
-0.0010082472581416368
0.01297766249626875
-0.003910679370164871
0.009823369793593884
0.0024236557073891163
0.012771667912602425
0.026032572612166405
-0.01243048906326294
-0.010988526977598667
0.005977063439786434
-0.005635884590446949
-0.007808484602719545
-0.012687982991337776
0.02713979408144951
-0.018127528950572014
-0.014213630929589272
-0.003604906378313899
-0.014020510949194431
-0.021127326413989067
0.0031285437289625406
0.014689993113279343
0.025968199595808983
0.058450981974601746
-0.010138798505067825
-0.012984099797904491
0.025234343484044075
-0.024371741339564323
-0.023161523044109344
0.020110227167606354
-0.013917513191699982
0.0008505325531587005
0.0179730337113142
-0.021153075620532036
0.030512956902384758
0.024693608283996582
0.0015634672017768025
-0.019942857325077057
-0.0059287832118570805
0.01000361517071724
-0.004898810293525457
0.01237255334854126
-0.018552392721176147
-0.00040615545003674924
0.04928421974182129
0.00269402377307415
0.00044417596654966474
0.007184063084423542
-0.014586996287107468
-0.024577736854553223
0.002317439764738083
0.003017499577254057
-0.00500180758535862
-0.026006823405623436
0.0067978231236338615
-0.0042196717113256454
0.0023431892041116953
0.00827197264879942
0.037697020918130875
-0.012089311145246029
-0.013138595968484879
-0.004016895778477192
0.0022772063966840506
0.03200641646981239
0.00879339687526226
-0.0028179422952234745
-0.018256274983286858
0.016170579940080643
0.015526846051216125
0.004560850095003843
-0.00036652563721872866
0.030538706108927727
-0.008259098045527935
-0.007139001972973347
-0.01906737871468067
0.012765230610966682
0.0023367516696453094
0.016595443710684776
-0.0066690766252577305
0.011200958862900734
-0.01064091082662344
-0.029225490987300873
0.012385427951812744
0.02084408327937126
-0.008922142907977104
0.0017364704981446266
0.010756783187389374
-0.005217458121478558
-0.030564455315470695
0.028762001544237137
-0.01868113875389099
-0.047584764659404755
-0.015410974621772766
0.02027759701013565
-0.0027374757919460535
-0.004020114429295063
0.010331918485462666
0.0008666259236633778
-0.014483998529613018
-0.0008601885638199747
-0.003110840916633606
-0.02009735256433487
-0.004316231701523066
0.020766835659742355
-0.004049082286655903
0.014921736903488636
0.0251313466578722
-0.014007636345922947
0.007447993848472834
0.010705283842980862
0.01693018525838852
-0.0025363091845065355
0.01663406752049923
0.006498487200587988
0.010660222731530666
-0.004338762257248163
-0.011297518387436867
-0.024178622290492058
-0.007235561963170767
0.011670883744955063
0.024178622290492058
0.0036692796275019646
-0.024101372808218002
0.07796896994113922
-0.01445824932307005
0.0002538723056204617
0.018243400380015373
-0.017303550615906715
0.0002080063131870702
-0.00920538604259491
0.0187970120459795
-0.012308180332183838
-0.015475347638130188
-0.0013896592427045107
-0.006817135494202375
0.019196126610040665
-0.035534076392650604
-0.02625144273042679
0.020406344905495644
0.0037046850193291903
0.021526440978050232
-0.01788290962576866
0.015089107677340508
0.0346328504383564
0.004422447644174099
0.007692612707614899
0.00968174822628498
-0.01886138506233692
0.015204980038106441
0.013428276404738426
-0.02030334807932377
-0.003147855633869767
-0.045602064579725266
0.012655796483159065
0.010911278426647186
-0.027191292494535446
-0.018642514944076538
0.0054331086575984955
-0.02444898895919323
-0.0018475145334377885
-0.02565920725464821
-0.017007432878017426
-0.006247431505471468
-0.010711721144616604
0.007332121953368187
-0.00939850602298975
-0.0253373421728611
-0.01909312792122364
-0.01243048906326294
-0.01734217442572117
0.0020164945162832737
-0.004467508755624294
