0.008776349015533924
-0.004435665439814329
0.02237779088318348
-0.009143613278865814
-0.039259281009435654
0.009200602769851685
-0.03244589641690254
-0.017084119841456413
-0.015361777506768703
-0.04776968061923981
-0.0051353671588003635
0.009561534970998764
-0.013601441867649555
0.01661554165184498
0.0023840514477342367
-0.00041356805013492703
0.03789154067635536
-0.002198836300522089
0.005645104683935642
0.01861649751663208
0.004150719381868839
-0.006648749113082886
0.016032984480261803
-0.02175724133849144
-0.03272451087832451
0.015437763184309006
0.01432330533862114
-0.03297779709100723
-0.0064334566704928875
0.006465117447078228
-0.009270256385207176
-0.02626572549343109
-0.037410296499729156
0.01412067748606205
-0.012892241589725018
0.010524020530283451
0.009124617092311382
0.01786930486559868
0.02071877010166645
0.01469056960195303
0.014196663163602352
-0.016374919563531876
0.01218937337398529
-0.022023189812898636
0.0011975663946941495
0.0265696682035923
-0.01943967677652836
-0.0244800616055727
-0.047845665365457535
0.007484592031687498
-0.0013297498226165771
0.021592605859041214
-0.016919484362006187
0.0025676835794001818
-0.01716010458767414
-0.021921876817941666
-0.011784116737544537
-0.019946247339248657
0.003549165790900588
-0.03860073909163475
0.001498343190178275
-0.004470492247492075
-0.029127854853868484
0.0018284061225131154
0.005113204941153526
0.012328680604696274
0.008339431136846542
0.011942420154809952
-0.012581966817378998
-0.004081065766513348
0.013411477208137512
0.012949231080710888
-0.002553436439484358
-0.01966763287782669
0.031230125576257706
-0.01045436691492796
0.0036061550490558147
-0.03685306757688522
0.008149467408657074
0.04138687998056412
-0.0006146135274320841
0.004780767485499382
-0.030166326090693474
0.028216024860739708
0.010707652196288109
-0.003324374556541443
0.002740234602242708
0.0077822026796638966
0.009504545480012894
-0.00719331344589591
-0.04414769634604454
0.028621282428503036
0.013728084042668343
0.015956997871398926
-0.008345763199031353
0.0015727458521723747
-0.0025201926473528147
0.011106577701866627
-0.014475276693701744
-0.03682773932814598
-0.017223427072167397
0.001727091846987605
-0.017957955598831177
0.006015534978359938
-0.03946191072463989
-0.0009157860768027604
0.0031850675586611032
-0.00758590642362833
0.0031169969588518143
-0.02844398282468319
-0.00967551302164793
0.029153183102607727
-0.003549165790900588
0.009339910000562668
0.02760813944041729
-0.026088425889611244
0.011353530921041965
-0.017236091196537018
-0.003837278112769127
0.00498972786590457
0.026113754138350487
-0.014829876832664013
0.022935019806027412
0.016564883291721344
0.025961782783269882
0.004252033308148384
-0.03768891096115112
-0.00449898699298501
-0.014133341610431671
-0.03074888326227665
-0.023403597995638847
-0.011233219876885414
-0.011340866796672344
-0.008858666755259037
-0.013538120314478874
-0.022200491279363632
-0.012486984021961689
0.0013004636857658625
-0.03629583865404129
-0.02038949728012085
0.008301438763737679
0.025227254256606102
-0.01548841968178749
-0.03117946907877922
-0.008782681077718735
0.029102526605129242
0.017590690404176712
0.02864661067724228
0.004961233586072922
-0.0037961192429065704
0.020364169031381607
-0.014297977089881897
0.020009569823741913
0.017502041533589363
-0.0009134114952757955
-0.010068106465041637
-0.006059860344976187
0.005800242070108652
0.0004495820903684944
-0.013044212944805622
-0.012904905714094639
-0.013145526871085167
0.011657473631203175
0.011283877305686474
-0.0005366490804590285
0.017970619723200798
0.021985197439789772
-0.0037834548857063055
0.023340275511145592
-0.0012735520722344518
0.014297977089881897
0.03011566773056984
-0.02710156887769699
0.033408381044864655
0.002946029184386134
0.016818169504404068
0.020326176658272743
0.011226887814700603
0.0037106352392584085
-0.0049580675549805164
-0.020148877054452896
0.008478738367557526
-0.015311120077967644
0.018857119604945183
-0.01756536215543747
0.004122224636375904
0.020566798746585846
0.0074149384163320065
0.023555569350719452
0.00966918095946312
0.009251260198652744
0.006015534978359938
-0.012480651959776878
0.009453888051211834
-0.6358484029769897
0.008827006444334984
-0.006199167110025883
-0.011024259962141514
0.011461177840828896
0.015323784202337265
0.020655447617173195
0.0004234620137140155
-0.010315059684216976
-0.03178735449910164
-0.008694031275808811
0.03890468180179596
-0.006503110285848379
-0.010543016716837883
-0.016273604705929756
-0.023669548332691193
-0.0020199534483253956
-0.0315847247838974
0.016501562669873238
-0.011182563379406929
-0.03776489570736885
0.011011594906449318
0.005148031748831272
0.01149917021393776
0.009884473867714405
-0.009276588447391987
0.01432330533862114
-0.00936523824930191
0.0014698485611006618
0.012448991648852825
-0.009529873728752136
0.03234458342194557
-0.014108012430369854
0.02561984769999981
0.05785045027732849
0.009276588447391987
-0.01598232612013817
0.03538401052355766
0.014943855814635754
0.02501196227967739
-0.008795345202088356
-0.019718291237950325
0.006126347463577986
-0.007984830997884274
0.025784483179450035
-0.004033574368804693
0.022555090487003326
-0.017590690404176712
0.0028842908795922995
0.018375877290964127
-0.015032505616545677
-0.0064429547637701035
-0.008440745994448662
0.01443728432059288
0.000932407914660871
-0.01517181284725666
0.010125095024704933
-0.00024893233785405755
-0.002317564096301794
0.018565841019153595
0.011074916459619999
-0.0011556159006431699
-0.025961782783269882
-0.038448765873909
-0.02488531917333603
0.021301327273249626
-0.015298455953598022
-0.022542426362633705
0.006895702797919512
-0.0035998227540403605
0.01381673477590084
0.01861649751663208
0.003549165790900588
-0.01076464168727398
0.022428447380661964
0.008086145855486393
0.039487238973379135
0.02417611889541149
-0.0033465372398495674
0.0016621872782707214
-0.0023365605156868696
-0.008117806166410446
-0.0028605451807379723
0.027684126049280167
0.024518053978681564
-0.05207553878426552
-0.012866913340985775
-0.013626770116388798
0.0007574825431220233
0.008472406305372715
0.002228914061561227
0.011176231317222118
0.013208848424255848
-0.026822954416275024
0.012360341846942902
0.02801339700818062
-0.00339719420298934
-0.0003255116753280163
0.01695747673511505
-0.01407002005726099
-0.012107055634260178
-0.014639913104474545
0.0060503617860376835
-0.01114457007497549
-0.0011959833791479468
0.0023080657701939344
0.008858666755259037
0.0074782599695026875
0.03464948385953903
-0.01260729506611824
0.004233037121593952
0.0010384713532403111
-0.0048947460018098354
-0.006256156601011753
-0.04202009737491608
-0.03621985390782356
-0.005964878015220165
-0.010080770589411259
-0.01448794174939394
-0.018654491752386093
0.022745054215192795
0.0006438997224904597
0.013044212944805622
-0.006018701009452343
-0.03181268274784088
0.0236442182213068
-0.03257254138588905
0.004207708407193422
-0.023365605622529984
-0.014538598246872425
-0.009510877542197704
-0.012531309388577938
0.016805505380034447
-0.005768581759184599
0.012980891391634941
0.005990206729620695
0.01480454858392477
-0.0076618921011686325
0.0030299301724880934
-0.0047491067089140415
-0.004024076275527477
-0.023821519687771797
0.03386429697275162
0.00032333499984815717
-0.028292011469602585
-0.03974052518606186
-0.03105282597243786
0.001668519456870854
-0.016653534024953842
0.021820561960339546
-0.019705627113580704
-0.009263924323022366
-0.0315847247838974
0.0119867455214262
0.0020088721066713333
0.004204542376101017
0.01296822726726532
0.0004764937038999051
-0.01610896922647953
-0.02103537693619728
0.004451496060937643
-0.020465483888983727
-0.023340275511145592
0.009232263080775738
-0.006021867040544748
0.009789492003619671
0.009390566498041153
0.010334055870771408
-0.011043256148695946
-0.05217685177922249
0.03335772454738617
0.026113754138350487
-0.01344947051256895
0.02854529768228531
0.016463570296764374
-0.004470492247492075
-0.001035305205732584
-0.0022764052264392376
-0.025125941261649132
-0.010169420391321182
0.003777122823521495
0.022542426362633705
-0.018122591078281403
0.001259304815903306
-0.011277545243501663
0.017185434699058533
0.02132665552198887
0.020566798746585846
-0.011125573888421059
0.01995891146361828
0.01769200526177883
0.012727606110274792
-0.012461655773222446
0.01082796324044466
-0.006404961924999952
0.01118889544159174
0.008801677264273167
0.000487574958242476
0.014424620196223259
0.03860073909163475
0.007262967061251402
-0.01187276653945446
0.021921876817941666
0.004460994154214859
0.012335012666881084
-0.00271965516731143
-0.0024062141310423613
-0.026012441143393517
0.05536825209856033
0.006610756274312735
0.004404005128890276
-0.029102526605129242
-0.030470268800854683
-0.029330482706427574
-0.0029792729765176773
0.029229167848825455
-0.008713027462363243
0.022517098113894463
-0.0037866211496293545
-0.0004511651350185275
0.0010930860880762339
0.006423958111554384
0.0310781542211771
-0.013474798761308193
-0.017185434699058533
0.005186024587601423
0.012873245403170586
-0.009586863219738007
0.014158669859170914
-0.02542988397181034
0.015969661995768547
0.011777784675359726
-0.018033940345048904
0.013208848424255848
0.020782090723514557
0.025062618777155876
0.021048041060566902
-0.00036192149855196476
0.023707540705800056
-0.012930234894156456
0.004391340538859367
0.01622294820845127
0.0058667296543717384
-0.00941589567810297
0.029735740274190903
0.02763346955180168
0.01976894773542881
-0.02508794702589512
-0.00012199267803225666
0.005125869065523148
0.00632897624745965
-0.006015534978359938
-0.02152928337454796
-0.0258224755525589
-0.01198041345924139
-0.03356035426259041
0.008896660059690475
0.01621028408408165
0.005445642396807671
0.01077097374945879
0.004008246120065451
0.009149945341050625
0.0009102454641833901
0.01009343471378088
0.008428080938756466
-0.01125221699476242
-0.006439788732677698
-0.007098331581801176
-0.030824868008494377
-0.010808967053890228
-0.01664086990058422
-0.005284172482788563
0.009434891864657402
0.004448330029845238
0.016184955835342407
0.004600301384925842
0.026696311309933662
0.002244744449853897
0.01567838340997696
-0.01913573406636715
-0.020161541178822517
-0.02071877010166645
-0.004410337191075087
0.04123491048812866
-0.002159260446205735
-0.008915656246244907
-0.0068197171203792095
-0.011860102415084839
-0.036143869161605835
-0.008276109583675861
0.007794867269694805
-0.019591648131608963
0.0065727634355425835
-0.003533335402607918
-0.028216024860739708
-0.012505981139838696
0.014044691808521748
0.0024695354513823986
-0.0019297203980386257
0.0024362916592508554
0.005983874201774597
-0.021098697558045387
-0.024112798273563385
-0.004920074716210365
0.04260265454649925
0.03054625354707241
-0.006344806402921677
0.00289062294177711
0.015083163045346737
-0.03198998421430588
-0.003001435426995158
-0.015729041770100594
0.010644330643117428
0.009282920509576797
-0.010061774402856827
0.007972166873514652
0.035409338772296906
-0.004055737052112818
0.04133622348308563
-0.00936523824930191
0.005176526494324207
-0.007832859642803669
-0.017286747694015503
0.0002210313396062702
0.039892494678497314
0.0027101568412035704
-0.009713506326079369
0.024239441379904747
-0.008200123906135559
-0.025062618777155876
0.002472701482474804
-0.038220811635255814
0.01828722655773163
-0.026949597522616386
0.0239734910428524
0.014715898782014847
-0.004049404989928007
-0.0017350069247186184
-0.006066192407160997
0.016691526398062706
0.021212676540017128
-0.006560099311172962
0.005306335166096687
0.009852813556790352
-0.012993555516004562
-0.012581966817378998
0.020009569823741913
0.016362255439162254
0.017413390800356865
0.00784552376717329
0.03920862451195717
0.02323896251618862
-0.01884445548057556
0.004616131540387869
0.006059860344976187
0.009156277403235435
0.04528748244047165
0.007687220815569162
-0.013183520175516605
0.011467509903013706
0.005907888524234295
0.03974052518606186
0.01664086990058422
-0.004682619124650955
0.01873047649860382
0.011391524225473404
0.012480651959776878
0.0006553767016157508
0.023289619013667107
-0.010789969936013222
0.04414769634604454
0.04098162427544594
-0.009618524461984634
0.008029156364500523
0.023276954889297485
0.006170672830194235
0.008561056107282639
-0.005559620913118124
0.006139012053608894
-0.007516252808272839
0.013411477208137512
0.00596171198412776
-0.003224643412977457
-0.01790729910135269
-0.001663770410232246
-0.02864661067724228
0.014551263302564621
-0.02563251182436943
0.005531126167625189
-0.02498663403093815
-0.0042457012459635735
-0.005353826098144054
-0.025809811428189278
0.005331663880497217
0.012524977326393127
-0.051416993141174316
-0.05253145098686218
-0.010441702790558338
0.012613627128303051
0.020161541178822517
0.0068830386735498905
-0.010270734317600727
-0.016298934817314148
0.01083429530262947
-0.005315833259373903
0.0004725361068267375
-0.016602877527475357
-0.00904863141477108
-0.009922467172145844
0.0208074189722538
-0.01612163335084915
0.005816072691231966
0.03632116690278053
0.01988292671740055
-0.017932627350091934
-0.016374919563531876
0.013310163281857967
0.021402640268206596
-0.020984718576073647
0.022732390090823174
0.005170193966478109
0.00525884423404932
0.011746123433113098
-0.011720795184373856
-0.005268342327326536
-0.028393326327204704
-0.010359385050833225
-0.009175274521112442
-0.0037011371459811926
0.030926182866096497
-0.0071489885449409485
0.017299411818385124
-0.01786930486559868
0.00262942211702466
0.00015424702723976225
-0.020022233948111534
0.023682212457060814
-0.0107773058116436
-0.013196184299886227
0.018654491752386093
0.0063796332105994225
0.047440409660339355
0.008459742181003094
-0.011853770352900028
-0.01045436691492796
-0.024657361209392548
0.006129513494670391
-0.0008675034623593092
-0.023340275511145592
0.021833226084709167
-0.013550784438848495
-0.023036332800984383
-0.006398629862815142
0.0047586048021912575
-0.023694876581430435
0.026848282665014267
0.005638772621750832
-0.02061745524406433
-0.0051511977799236774
-0.014918526634573936
-0.016767513006925583
-0.0003826988395303488
0.0032452228479087353
-0.011999409645795822
-0.00431852089241147
0.0030378452502191067
0.004657290410250425
-0.008060816675424576
0.030292969197034836
-0.029355810955166817
-0.03249655291438103
0.010631666518747807
-0.022339798510074615
0.0166282057762146
-0.022314468398690224
0.005499465391039848
0.011049588210880756
-0.016045648604631424
-0.018907776102423668
-0.02636704035103321
-0.0166282057762146
0.005486801266670227
0.010416373610496521
-0.0016542722005397081
0.02374553307890892
-0.0003862606827169657
0.012828920036554337
-0.0030615907162427902
-0.003792953211814165
0.0015347530134022236
-0.0003615257446654141
-0.022099176421761513
-0.04954268038272858
0.02197253331542015
0.022960348054766655
-0.00984014943242073
0.009510877542197704
-0.02102271281182766
-0.01301888469606638
0.04688318073749542
-0.009377902373671532
-0.028950553387403488
-0.011746123433113098
-0.023048996925354004
-0.02174457721412182
0.010131428018212318
-0.0067627280950546265
0.013031548820436
-0.011765120550990105
-0.005224017426371574
0.023390933871269226
-0.009567867033183575
-0.012746602296829224
-0.014601919800043106
0.02814004011452198
-0.0054646385833621025
0.004331185482442379
-0.0018331551691517234
0.015019841492176056
0.008301438763737679
0.011271213181316853
-0.0365997813642025
0.0002740630297921598
0.005730588920414448
-0.024872655048966408
0.0007226557354442775
-0.016070976853370667
0.010581010021269321
-0.03606788069009781
0.019540991634130478
0.01008710265159607
-0.0016447739908471704
0.014766555279493332
-0.02049081213772297
-0.008599049411714077
-0.02479666844010353
0.013120198622345924
-0.0005449599702842534
0.01936369016766548
0.011708131060004234
0.013487462885677814
0.02344159036874771
-0.009092955850064754
0.004489488899707794
0.013968706130981445
-0.008225453086197376
0.020009569823741913
0.010308727622032166
0.04642726853489876
0.02803872525691986
-0.0006921822787262499
-0.04592069610953331
0.02185855433344841
0.02439141273498535
-0.0010867539094761014
0.012949231080710888
-0.02927982620894909
0.0072756316512823105
-0.029837053269147873
0.005730588920414448
0.03951256722211838
0.006642417050898075
-0.0009783159475773573
0.00556911900639534
0.008244449272751808
-0.0009126199875026941
-0.0195536557585001
0.01683083362877369
-0.01161948125809431
0.0007456097519025207
-0.0007804365013726056
0.010549348779022694
-0.02927982620894909
-0.003754960373044014
-0.009485549293458462
0.05678665265440941
0.01474122703075409
0.02583513967692852
-0.017299411818385124
-0.004343849606812
-0.012031069956719875
-0.010422705672681332
-0.03459882363677025
0.018350549042224884
0.0018315721536055207
0.013626770116388798
-0.021200012415647507
-0.01014409214258194
-0.017932627350091934
-0.021187348291277885
0.012126052752137184
-0.010125095024704933
0.0029143684078007936
0.027354855090379715
-0.01344947051256895
0.0034066925290971994
0.022023189812898636
0.0023143980652093887
-0.0006193626904860139
0.01569104753434658
0.007402274291962385
-0.025138605386018753
0.020680775865912437
0.005106872878968716
-0.020110882818698883
0.009973123669624329
-0.026392368599772453
-0.03178735449910164
-0.008092477917671204
-0.031939323991537094
-0.008459742181003094
-0.013006220571696758
-0.00395125662907958
-0.01118889544159174
-0.02501196227967739
-0.008827006444334984
-0.00041277651325799525
0.017856640741229057
0.023682212457060814
0.003682140726596117
0.006522106472402811
0.01150550227612257
-0.02603776939213276
-0.011581487953662872
0.0018711480079218745
-0.004233037121593952
0.014399291016161442
0.029761068522930145
0.0018078265711665154
-0.007060338743031025
0.016286270692944527
-0.015007177367806435
-0.01998424157500267
-0.030191654339432716
0.008814342319965363
0.006218163762241602
-0.031762026250362396
-0.0044926549308001995
0.009928799234330654
-0.017552698031067848
0.00858005229383707
0.005733754951506853
-0.0010376798454672098
0.004293192643672228
0.006414460018277168
-0.02561984769999981
0.006344806402921677
0.0017603355227038264
0.026721639558672905
-0.02259308286011219
0.010239074006676674
-0.020642783492803574
0.003913263790309429
-0.014867870137095451
0.020313512533903122
0.02584780380129814
-0.020148877054452896
-0.010435370728373528
-0.02458137646317482
-0.012949231080710888
-0.010188416577875614
-0.0008849168661981821
-0.016286270692944527
-0.004527481738477945
0.009263924323022366
-0.0016447739908471704
0.010859623551368713
0.00724397087469697
-0.028798582032322884
-0.01695747673511505
0.012708608992397785
-0.020022233948111534
-0.04855486750602722
-0.0015252548037096858
-0.016362255439162254
0.050682466477155685
0.01395604107528925
-0.006101019214838743
-0.0011999409180134535
0.003653645981103182
-0.03305378183722496
-0.003754960373044014
0.01517181284725666
0.008181127719581127
0.009092955850064754
0.0010843793861567974
0.010644330643117428
0.04508485272526741
-0.011568823829293251
0.023872176185250282
-0.007832859642803669
-0.006164340302348137
-0.037384968250989914
-0.010340387932956219
-0.0014318556059151888
-0.010315059684216976
-0.0025391890667378902
-0.011404188349843025
0.025151269510388374
-0.0137027557939291
-0.0026104256976395845
0.003460515756160021
0.0035459997598081827
-0.005898390430957079
0.006044029723852873
0.009295584633946419
0.029659753665328026
0.013487462885677814
-0.0024758675135672092
-0.03125545382499695
-0.006978020537644625
0.008111474104225636
0.0009988953825086355
-0.026291053742170334
-0.011372527107596397
0.03852475434541702
-0.02864661067724228
0.02667098306119442
0.005461472552269697
-0.023910168558359146
0.010707652196288109
-0.027228211984038353
0.01108124852180481
-0.02111136168241501
-0.01598232612013817
0.018071934580802917
0.004242535214871168
0.005641938652843237
-0.016704190522432327
0.0007487758412025869
-0.018654491752386093
0.020123548805713654
0.0017603355227038264
-0.012524977326393127
0.0332564115524292
0.0004935113247483969
-0.012778262607753277
-0.03295246884226799
-0.022213155403733253
-0.012581966817378998
0.00894731655716896
-0.018059270456433296
0.011125573888421059
0.03720766678452492
0.015513748861849308
0.005318999290466309
-0.020997384563088417
-0.006547435186803341
-0.030672896653413773
-0.01956631988286972
-0.009010638110339642
-0.03847409784793854
-0.003957588691264391
0.018857119604945183
-0.004673121031373739
0.008586385287344456
-0.007022345904260874
0.013512791134417057
-0.04384375363588333
0.01674218475818634
0.20303380489349365
-0.012303352355957031
0.0005845358828082681
-0.00017542012210469693
0.00044245843309909105
0.00359349069185555
0.029837053269147873
0.004847255069762468
-0.007262967061251402
0.021617934107780457
0.022010525688529015
-0.023720204830169678
-0.008921988308429718
0.009605859406292439
-0.001852151588536799
-0.021516619250178337
-0.020212197676301003
-0.0036758086644113064
0.03087552636861801
0.023378269746899605
0.02626572549343109
0.010289731435477734
0.010061774402856827
-0.010372049175202847
0.024543384090065956
0.00941589567810297
0.005249346140772104
-0.0041000619530677795
0.016083640977740288
0.012537641450762749
-0.002005706075578928
0.008098809979856014
0.004201376345008612
0.004802929703146219
-0.004790265578776598
0.01852784864604473
0.028494639322161674
-0.021048041060566902
0.01724875532090664
0.01652689091861248
0.024290097877383232
-0.021579939872026443
0.01558973453938961
-0.0023982988204807043
-0.010397377423942089
0.041994769126176834
0.010011116974055767
0.0009031217778101563
0.014335970394313335
0.01301888469606638
-0.024138126522302628
0.026721639558672905
0.004195044282823801
0.004698449745774269
-0.0037581264041364193
0.015323784202337265
0.002227331046015024
-0.014348634518682957
0.020744098350405693
0.00018452257791068405
0.0017350069247186184
0.026924269273877144
0.012936566956341267
0.020034898072481155
-0.0268989410251379
0.0006051153177395463
-0.02644302509725094
-0.01861649751663208
-0.010074438527226448
-0.020098218694329262
0.016476234421133995
-0.0028462980408221483
-0.008409084752202034
0.014715898782014847
-0.03138209506869316
-0.03606788069009781
0.026493683457374573
0.011891762726008892
0.03231925517320633
-0.0002036179503193125
-0.019173726439476013
-0.005885726306587458
-0.01789463311433792
-0.007921510376036167
-0.0013479547342285514
-0.023694876581430435
0.024429405108094215
-0.00899164192378521
-0.010049109347164631
-0.04141221195459366
-0.018173247575759888
0.0042995247058570385
-0.00226215785369277
-0.013462134636938572
0.006534770596772432
0.02113668993115425
-0.011106577701866627
0.009656516835093498
-0.0237328689545393
0.00857372023165226
-0.018350549042224884
0.03128078207373619
0.017919963225722313
0.0017587525071576238
-0.0065537672489881516
0.019743619486689568
-0.019844934344291687
0.009567867033183575
0.008751020766794682
-0.031736698001623154
0.00617383886128664
-0.006031365599483252
0.012373005971312523
-0.015336448326706886
-0.013373484835028648
0.0037391299847513437
0.011594152078032494
-0.010175752453505993
0.02489798329770565
-0.008415416814386845
-0.01818591170012951
-0.013436805456876755
-0.004204542376101017
0.0075985705479979515
-0.006528438534587622
-0.024112798273563385
-0.041792139410972595
0.021086033433675766
0.004223539028316736
-0.002164009492844343
0.011860102415084839
-0.02051614038646221
0.02763346955180168
0.011777784675359726
-0.015665719285607338
0.013512791134417057
-0.012373005971312523
-0.01590634137392044
-0.011784116737544537
0.027785440906882286
0.017020799219608307
-0.016501562669873238
-0.009802156127989292
0.011651141569018364
0.00449898699298501
-0.010258070193231106
-0.021313991397619247
-0.001766667701303959
-0.020148877054452896
-0.01057467795908451
0.002518609631806612
-0.03231925517320633
0.005097374320030212
-8.370300201931968e-05
-0.0053981514647603035
0.008789013139903545
-0.01831255480647087
-0.004068401176482439
0.021731911227107048
0.002330228453502059
-0.02166859060525894
-0.0006276735803112388
0.013854727149009705
-0.011271213181316853
-0.009453888051211834
0.005119537003338337
-0.15602397918701172
0.02393549680709839
0.02112402580678463
0.0021830061450600624
0.004027242306619883
0.014133341610431671
0.017755327746272087
0.0244800616055727
-0.001287007937207818
-0.008250781334936619
0.00510370684787631
-0.00024121504975482821
-0.016982804983854294
-0.03097683936357498
-0.01051135640591383
0.001422357396222651
-0.01296189520508051
-0.0007958711357787251
0.047339096665382385
-0.0028605451807379723
-0.004967565648257732
-0.006094686686992645
-0.01567838340997696
-0.001191234216094017
0.023175640031695366
0.007934174500405788
-0.019642304629087448
0.016134297475218773
0.021567275747656822
-0.010213745757937431
0.0019613809417933226
0.0021830061450600624
0.020237525925040245
0.006623420864343643
-0.014297977089881897
-0.002357139950618148
-0.008054484613239765
-0.009396899491548538
-0.0279120821505785
0.0044293333776295185
0.009764163754880428
0.021706582978367805
0.0022732389625161886
-0.00978315994143486
0.02166859060525894
0.004996060393750668
0.01914839819073677
-0.005230349488556385
0.04214673861861229
-0.020731434226036072
0.019161062315106392
-0.012208370491862297
-0.0005782037624157965
0.012676948681473732
0.025138605386018753
0.022517098113894463
-0.0029365308582782745
0.009453888051211834
0.00867503508925438
-0.012771930545568466
-0.016260940581560135
-0.01057467795908451
0.004302690736949444
0.007294627837836742
0.016476234421133995
-0.030520925298333168
-0.007129992358386517
0.023162975907325745
-0.02968508191406727
-0.001030556159093976
-0.005059381481260061
-0.06195367872714996
0.009555202908813953
-0.013601441867649555
0.0019471336854621768
0.023061662912368774
-0.007649227976799011
0.02344159036874771
-0.004647792316973209
-0.020731434226036072
-0.029963696375489235
0.03305378183722496
0.0008382173255085945
-0.006661413703113794
-0.009897137992084026
-0.012619959190487862
-0.009903470054268837
0.011125573888421059
0.00341302459128201
0.016602877527475357
0.026113754138350487
-0.03201531246304512
-0.019730955362319946
-0.016970140859484673
-0.00011575947428354993
0.012873245403170586
0.012031069956719875
-0.00215609441511333
0.020668111741542816
0.002646835520863533
0.021364647895097733
0.01292390190064907
-0.02069343999028206
0.002556602470576763
0.02616441249847412
-0.018135255202651024
0.006693074479699135
0.020668111741542816
0.020541468635201454
0.01014409214258194
-0.03482678160071373
-0.007167985197156668
-0.002680079312995076
0.01717277057468891
0.017489377409219742
0.016476234421133995
-0.006082022562623024
0.0019281372660771012
0.009111952967941761
-0.009238595142960548
0.033003125339746475
-0.006078856531530619
-0.014867870137095451
0.018451862037181854
-0.01234767772257328
-0.04741508141160011
-0.1096220463514328
-0.01975628361105919
0.028089383617043495
0.006667745765298605
0.018375877290964127
0.0001278301206184551
0.01009343471378088
0.0011856936616823077
-0.014361298643052578
0.029127854853868484
-0.046680551022291183
-0.0022510765120387077
0.009244927205145359
0.017616020515561104
-0.01987026259303093
0.016552219167351723
-0.022783048450946808
0.006189669016748667
-0.032065968960523605
0.019616976380348206
0.0014183998573571444
0.005670433398336172
0.007775870617479086
0.0021750908344984055
-0.0028241353575140238
0.0216432623565197
-0.025239918380975723
0.006465117447078228
0.034066926687955856
-0.01831255480647087
-0.007978498935699463
-0.007142656482756138
-0.016184955835342407
-0.02321363426744938
0.028064053505659103
-0.03178735449910164
-0.008554724045097828
-0.009985788725316525
0.02981172502040863
0.002078525722026825
0.019199054688215256
0.01997157745063305
0.006775392219424248
-0.008611713536083698
-0.00609152065590024
-0.024530718103051186
-0.007307291962206364
0.02667098306119442
-0.018743140622973442
-0.018705148249864578
-0.014108012430369854
-0.017945291474461555
-0.04113359749317169
0.004027242306619883
0.011226887814700603
-0.00801016017794609
-0.0014896364882588387
-0.001500717713497579
-0.0006854544044472277
-0.01933836191892624
-0.018122591078281403
-0.0051986887119710445
-0.007123659830540419
0.022947683930397034
0.02491064742207527
0.0016669364413246512
-0.02195986919105053
-0.018135255202651024
0.010967270471155643
-0.0025091113056987524
-0.0025043622590601444
0.02019953355193138
0.004413503222167492
-0.007744209840893745
-0.03087552636861801
0.018261898308992386
-0.019477669149637222
0.00894731655716896
-0.010796302929520607
0.010492359288036823
0.009574199095368385
0.0017128444742411375
-0.01401936262845993
-0.02583513967692852
0.03814482316374779
0.010068106465041637
0.0033465372398495674
-0.009555202908813953
0.026848282665014267
-0.016780177131295204
-0.009137281216681004
0.02017420530319214
0.020224861800670624
0.001907557831145823
0.014209327287971973
-0.008618045598268509
-0.0057939100079238415
-0.01082796324044466
-0.01338614895939827
0.0013273752992972732
-0.036143869161605835
-0.007250302936881781
-0.05567219480872154
0.01234767772257328
0.016463570296764374
-0.003754960373044014
-0.012132384814321995
-0.015133819542825222
0.04989727959036827
-0.013905384577810764
0.015843020752072334
0.007592238485813141
0.004125390667468309
0.003644147887825966
-0.009181606583297253
-0.012455323711037636
-0.025695832446217537
-0.029254497960209846
0.020212197676301003
0.007110995706170797
0.01695747673511505
-0.012733938172459602
0.011651141569018364
0.002903287298977375
0.011125573888421059
0.035181380808353424
-0.016476234421133995
0.010707652196288109
-0.016134297475218773
-0.004242535214871168
-0.017603354528546333
0.015045169740915298
0.01809726282954216
-0.024315426126122475
-0.008333099074661732
0.006262488663196564
-0.01475389115512371
-0.011283877305686474
0.01217670924961567
0.026645654812455177
0.01218304131180048
0.06367602199316025
0.0015624561347067356
-0.010549348779022694
0.02626572549343109
-0.010669659823179245
-0.007250302936881781
0.015817690640687943
-0.008345763199031353
-0.0042362031526863575
0.0028083049692213535
-0.016476234421133995
0.048149608075618744
0.036017224192619324
-0.002493280917406082
-0.019161062315106392
-0.003003018442541361
-0.0007982456590980291
0.004644626285880804
0.016400247812271118
-0.0028257183730602264
-0.003048926591873169
0.05891425162553787
-0.01333549153059721
0.015665719285607338
-0.008390088565647602
-0.011264881119132042
-0.0004966774140484631
-0.0019819606095552444
0.009542538784444332
-0.006952692288905382
-0.003754960373044014
0.01968029886484146
-0.012050067074596882
0.009536205790936947
0.016691526398062706
0.03545999526977539
-0.002680079312995076
0.004017744213342667
-0.007490924093872309
0.0007254260708577931
0.024442069232463837
0.00648411363363266
0.00679438840597868
-0.029153183102607727
0.024720683693885803
0.014525934122502804
-0.005303169135004282
-0.017590690404176712
0.01590634137392044
-0.013360819779336452
0.014108012430369854
-0.010334055870771408
0.0265696682035923
-0.01181577704846859
0.011670137755572796
-0.018464526161551476
-0.012398334220051765
0.009403231553733349
-0.016387583687901497
0.03333239629864693
0.016273604705929756
0.02416345477104187
0.002664248924702406
0.016260940581560135
-0.035713281482458115
-0.027582811191678047
0.031103482469916344
-0.03001435473561287
-0.05263276770710945
0.0002768333361018449
0.018071934580802917
-0.002040532883256674
-0.010701320134103298
0.010663327760994434
-0.001402569469064474
-0.020858077332377434
-0.00232706218957901
-0.001206273096613586
-0.016792841255664825
-0.009162609465420246
0.013500127010047436
-0.01851518452167511
0.017502041533589363
0.019908254966139793
0.0017809149576351047
0.0006522106705233455
-0.012980891391634941
0.03432020917534828
0.005486801266670227
0.005885726306587458
0.0005172568489797413
0.010321391746401787
-0.004945402964949608
-0.02415079064667225
-0.0239734910428524
-0.004761770833283663
-0.017020799219608307
0.018907776102423668
0.011093913577497005
-0.021997861564159393
0.07406073808670044
0.010448034852743149
-0.009086623787879944
0.0062434920109808445
-0.01050502434372902
0.010422705672681332
-0.02341626212000847
0.006800720933824778
0.0018141587497666478
-0.019920919090509415
0.001796745345927775
-0.015513748861849308
-0.004536979831755161
-0.019705627113580704
-0.005432977806776762
0.006990685127675533
-0.022643741220235825
0.02801339700818062
-0.01631159894168377
0.02059212699532509
0.045236825942993164
-0.0036251514684408903
0.002289069350808859
0.020047562196850777
-0.007756874430924654
0.01790729910135269
0.02050347626209259
-0.004546477925032377
-0.001344788703136146
-0.026924269273877144
-0.014158669859170914
0.016260940581560135
-0.05207553878426552
-0.01609630510210991
-0.0032990460749715567
-0.018059270456433296
0.0033718657214194536
-0.03773956745862961
-0.008599049411714077
0.004774435423314571
-0.006037697661668062
0.014108012430369854
-0.006522106472402811
-0.04906143620610237
-0.034244224429130554
0.021060705184936523
-0.027658797800540924
0.0025755988899618387
-0.02572116255760193
