0.006736165378242731
-0.009110336191952229
0.02220878191292286
-0.006349816918373108
-0.03831076994538307
0.013572033494710922
-0.03938257694244385
-0.007982449606060982
-0.016538189724087715
-0.033599816262722015
-0.006262577138841152
-0.0009160187328234315
-0.009309741668403149
0.00386036466807127
-0.005966584663838148
-0.002327435417100787
0.0341232568025589
0.005676823668181896
0.0077892751432955265
0.02132391929626465
-6.659830251010135e-05
0.013272925280034542
0.021336382254958153
-0.03651612251996994
-0.02542419359087944
0.02121175453066826
0.015453921630978584
-0.03145620971918106
0.020638464018702507
0.02562359906733036
-0.0015103404875844717
-0.010668191127479076
-0.027692431584000587
-0.006480677053332329
0.011272639036178589
-0.0093159731477499
0.012550080195069313
0.016700206324458122
0.02167287841439247
0.027717357501387596
0.006346701644361019
0.01184592954814434
0.008013606071472168
-0.008524582721292973
-0.017697233706712723
0.02682003192603588
-0.010599645785987377
-0.026520924642682076
-0.04501577839255333
0.011191630735993385
0.0021404928993433714
0.02480105124413967
-0.008904699236154556
0.002447390230372548
-0.025673450902104378
-0.011316259391605854
-0.027916762977838516
-0.0009689858416095376
0.006698776502162218
-0.037413448095321655
-0.01737319864332676
-0.005975931882858276
-0.031805168837308884
0.013048593886196613
0.007589869666844606
0.02240818738937378
-0.00811954028904438
0.010761662386357784
-0.0184823926538229
0.008580665104091167
0.017597530037164688
0.006736165378242731
0.00582326203584671
-0.005156500265002251
0.028215870261192322
-0.011291333474218845
-0.012437914498150349
-0.03232860937714577
0.014880631119012833
0.035643722862005234
0.009471758268773556
-0.006966727785766125
-0.0135097187012434
0.008630516938865185
0.016762521117925644
0.014095472171902657
-0.003963183145970106
0.00018733207252807915
0.012836725451052189
-0.02127406746149063
-0.04070363566279411
0.009858106262981892
0.010998456738889217
0.013185684569180012
-0.022246170789003372
0.004982020240277052
-0.0031234994530677795
0.012475303374230862
-0.02323073521256447
-0.04516533389687538
-0.027493026107549667
0.007353075779974461
-0.01124771311879158
-0.0004868296964559704
-0.06017059460282326
-0.0010679096449166536
-0.0017416819464415312
0.005779642146080732
0.01380882691591978
-0.034796249121427536
-0.01686222292482853
0.0401054210960865
0.005368368234485388
0.002145166276022792
0.012406757101416588
-0.015154813416302204
0.015266979113221169
-0.00861805398017168
-0.0013529971474781632
-0.007172364741563797
0.01934232749044895
-0.009048022329807281
0.02187228389084339
-0.009334667585790157
0.02522478811442852
0.00665515661239624
-0.03207935020327568
8.62175365909934e-05
-0.0109486049041152
-0.025523897260427475
-0.008343871682882309
-0.003051837906241417
-0.011783615685999393
0.014456895180046558
-0.007832895033061504
-0.011353647336363792
0.0027792134787887335
0.009110336191952229
-0.028290648013353348
-0.028166018426418304
0.024614108726382256
0.02167287841439247
-0.006935570389032364
-0.022732220590114594
-0.002129587810486555
0.011067002080380917
0.030558884143829346
0.03265264257788658
-0.0001429332041880116
0.014257489703595638
-0.0013389764353632927
-0.020638464018702507
0.02468888647854328
-0.0009495126432739198
-0.005193888675421476
-0.010431397706270218
0.0017728389939293265
0.01030676905065775
0.00420932425186038
0.012275897897779942
-0.0013833752600476146
-0.025773154571652412
0.013821289874613285
0.00808838289231062
6.275234773056582e-05
0.023554768413305283
0.009453064762055874
0.0077892751432955265
0.016874685883522034
0.003888406092301011
0.0176349189132452
0.04344546049833298
-0.028938714414834976
0.021398697048425674
-0.002762076910585165
0.031755317002534866
-0.002205922733992338
0.01220112107694149
-0.013347702100872993
-0.01874411106109619
-0.011042076162993908
0.011833466589450836
-0.012394295074045658
0.010263148695230484
-0.020950034260749817
0.01341001596301794
0.00460813520476222
0.015740567818284035
0.020576149225234985
0.007209753151983023
0.017360735684633255
0.002202806994318962
-0.009428138844668865
0.01028184313327074
-0.6436807513237
0.009970271959900856
0.021934598684310913
-0.017074091359972954
0.016874685883522034
-0.0056892866268754005
0.020601075142621994
0.007465241476893425
-0.01503018569201231
-0.016301395371556282
-0.0029459039214998484
0.01865687221288681
-0.004078464582562447
-0.023417677730321884
-0.019529270008206367
-0.024053281173110008
0.007134975865483284
-0.03716418892145157
0.03183009475469589
-0.0005721222842112184
-0.033176079392433167
0.022732220590114594
0.002029885072261095
-0.0035643724258989096
0.0006063950713723898
0.008867311291396618
0.012250971980392933
-0.012718328274786472
0.009035559371113777
0.01828298717737198
3.057290450669825e-05
0.022134004160761833
0.00011567073670448735
0.03731374442577362
0.05149645730853081
-0.004337068647146225
-0.032802194356918335
0.03507043421268463
0.011042076162993908
0.031356506049633026
-0.012282129377126694
-0.029711410403251648
0.0009315973147749901
-0.011465813033282757
0.020551223307847977
0.0004844929208047688
0.023766636848449707
-0.011652755551040173
-0.004140778910368681
0.021947061643004417
0.0031141522340476513
-0.01224474050104618
0.010020123794674873
0.009228733368217945
0.015391607768833637
-0.0125126913189888
-0.0032091813627630472
0.007814200595021248
-0.00454270513728261
0.01732334867119789
-0.002366381697356701
0.002341456012800336
0.006599073763936758
-0.03028470277786255
-0.03960690647363663
0.035818204283714294
-0.015080036595463753
-0.00914149358868599
0.007708266843110323
-0.01812097057700157
0.02323073521256447
0.025673450902104378
0.013297850266098976
-0.01837022602558136
0.012506459839642048
0.020239653065800667
0.023218272253870964
0.022246170789003372
-0.010724274441599846
0.009266121312975883
-0.0029490196611732244
-0.015827806666493416
-0.005798336584120989
0.028116168454289436
0.015902584418654442
-0.07358060777187347
-0.00420932425186038
-0.005661244969815016
-0.007047736085951328
0.02522478811442852
0.01566579006612301
0.02005271054804325
-0.00582326203584671
-0.00700411619618535
0.018893666565418243
0.042672764509916306
-0.0042217872105538845
-0.005034987349063158
0.0024302538949996233
-0.01854470558464527
-0.00386036466807127
-0.00821924302726984
-0.001323397853411734
0.0011317817261442542
-0.0002718456962611526
0.0020407901611179113
0.007988681085407734
0.002078178571537137
0.04897896200418472
0.0020143066067248583
-0.003794934833422303
-0.0010157214710488915
-0.012737022712826729
-0.004178167320787907
-0.03252801299095154
-0.026396295055747032
-0.0037481992039829493
0.0007695803651586175
-0.0017479133093729615
-0.014444432221353054
0.019604047760367393
-0.005561542697250843
0.008879773318767548
-0.0010414260905236006
-0.020713239908218384
0.024788590148091316
-0.025262176990509033
0.005084838718175888
-0.02451440691947937
-0.018806425854563713
-0.007726960815489292
-0.02343013882637024
0.018382688984274864
-0.0030409330502152443
0.017335811629891396
0.006916876416653395
0.008356334641575813
-0.009876800701022148
-0.0007485493551939726
-0.009770866483449936
-0.0038946375716477633
-0.03307637944817543
0.019491882994771004
-0.014095472171902657
-0.03950720280408859
-0.006262577138841152
-0.025573749095201492
0.0043682255782186985
-0.02706928923726082
0.011590441688895226
-0.007658415473997593
-0.0042685228399932384
-0.03285204619169235
0.01231328584253788
0.012743254192173481
-0.0011644966434687376
0.0011434656335040927
-0.000635215372312814
-0.02252035215497017
-0.01180231012403965
0.0071536703035235405
-0.015678253024816513
-0.018694261088967323
1.7720600226311944e-05
-0.006661388091742992
0.015566087327897549
0.01013852097094059
0.011833466589450836
-0.012294592335820198
-0.05124719813466072
0.01896844245493412
0.0177720095962286
-0.025723302736878395
0.0477825291454792
0.029362451285123825
-0.014220100827515125
-0.008593128062784672
0.0004856612940784544
-0.012936428189277649
-0.018108507618308067
-0.002684184117242694
0.020289504900574684
-0.012275897897779942
-0.023330437019467354
-0.003988109063357115
0.01483078021556139
0.0015781071269884706
0.034023553133010864
-0.0015835596714168787
0.0204764474183321
0.02104973793029785
0.01792156510055065
-0.013123370707035065
0.00670500798150897
-0.002226174809038639
0.007502629887312651
-0.0029661559965461493
-0.006661388091742992
0.0074465470388531685
0.030359478667378426
0.03302652761340141
-0.006686314009130001
0.030334552749991417
-0.012624857015907764
0.0037855878472328186
0.004365109838545322
-0.0036329180002212524
-0.01726103387773037
0.04536473751068115
0.008343871682882309
0.02172273024916649
-0.03205442428588867
-0.018644409254193306
-0.026296593248844147
0.006000857800245285
0.024639034643769264
-3.08406597469002e-05
0.012562543153762817
-0.007726960815489292
-0.007110050413757563
-0.01939217932522297
-0.006848330609500408
0.015491310507059097
-0.023704322054982185
-0.013696661219000816
0.0174853652715683
-0.011926937848329544
0.002243311144411564
0.011864623986184597
-0.014843243174254894
0.017248570919036865
0.009914189577102661
-0.005698633845895529
0.02923782356083393
0.016301395371556282
0.012425451539456844
0.005421335343271494
-0.011708838865160942
0.025498971343040466
0.007658415473997593
-0.002934998832643032
0.016588039696216583
0.017597530037164688
-0.0003721326356753707
0.015104962512850761
0.01757260411977768
0.011808541603386402
-0.009558998048305511
-0.02544911950826645
0.004798193462193012
-0.009097873233258724
0.0010188372107222676
-0.035419393330812454
-0.018071118742227554
0.015379144810140133
-0.03272742033004761
0.014095472171902657
-0.008001143112778664
0.01035038847476244
0.01694946363568306
0.013061056844890118
0.03447221592068672
0.0001443936926079914
0.002078178571537137
0.0006317102233879268
-0.020339354872703552
0.014369654469192028
-0.01030676905065775
-0.016538189724087715
-0.01655065268278122
0.004910359159111977
-0.008331408724188805
0.001323397853411734
-0.0049041276797652245
-0.0019036988960579038
0.011565515771508217
0.01717379316687584
-0.012643551453948021
0.015254516154527664
0.0032839584164321423
-0.0044180769473314285
-0.021087124943733215
-0.00479196198284626
0.03364966809749603
0.002620312152430415
-0.022570203989744186
-0.004041076172143221
-0.012593700550496578
-0.0025813658721745014
-0.014569059945642948
0.005031871609389782
-0.031182026490569115
0.008798765018582344
0.004252944141626358
-0.007415390107780695
-0.019778527319431305
0.02311856858432293
-0.008935856632888317
-0.007901440374553204
-0.006885719485580921
0.0022168278228491545
-0.007141207344830036
-0.023853875696659088
-0.007571175694465637
0.04371964558959007
0.016737595200538635
-0.005792105104774237
0.013995769433677197
0.01799634099006653
-0.029312599450349808
0.004851160570979118
-0.01885627768933773
0.02400343120098114
0.0018772153416648507
-0.011191630735993385
0.007938829250633717
0.028514979407191277
0.0025330723728984594
0.01686222292482853
0.011565515771508217
-0.0028010234236717224
-0.0020143066067248583
-0.017310885712504387
-0.002076620701700449
0.02766750566661358
8.144661114783958e-05
-0.005315401591360569
0.042672764509916306
-0.010400240309536457
-0.016426023095846176
-0.02269483171403408
-0.04040452837944031
0.014706151559948921
-0.01615184172987938
0.013945918530225754
0.005552195478230715
0.0014480262761935592
-0.004062885884195566
0.002561113564297557
0.005817030556499958
0.019977932795882225
-0.002148282015696168
0.012743254192173481
0.011733763851225376
-0.001396617037244141
-0.005418219603598118
0.006661388091742992
0.009415675885975361
0.012400525622069836
0.010618340224027634
0.04454218968749046
0.03529476374387741
-0.01174622680991888
-0.012394295074045658
0.00013942802615929395
0.004816887900233269
0.03454699367284775
0.0054743024520576
-0.007751886732876301
0.022283557802438736
0.006449519656598568
0.04080333933234215
0.011889549903571606
-0.007440315559506416
0.03063366189599037
0.010126058012247086
0.0010577836073935032
-0.013198147527873516
0.013783900998532772
-0.011515664868056774
0.02167287841439247
0.039233021438121796
0.001074919942766428
0.004555168095976114
0.014955407939851284
0.02331797406077385
0.007807969581335783
-0.002399096731096506
0.011877086944878101
-0.01343494188040495
0.011378573253750801
0.02138623408973217
-0.022370798513293266
-0.022881774231791496
-0.014569059945642948
-0.04020512104034424
0.018781499937176704
-0.014045621268451214
-0.007191058713942766
-0.012618625536561012
-0.020513834431767464
-0.0010165004059672356
-0.0260224100202322
0.005178309977054596
0.013572033494710922
-0.05628218501806259
-0.03693985939025879
-0.006580379791557789
0.0016809256048873067
0.019915618002414703
-0.005997742060571909
-0.010213297791779041
-0.006748627871274948
0.017846787348389626
0.008649211376905441
0.005187657196074724
-0.0016933884471654892
-0.01171506941318512
-0.005760947708040476
0.021996913477778435
-0.013048593886196613
0.007134975865483284
2.3416509066009894e-05
0.021909672766923904
-0.02323073521256447
-0.014494283124804497
0.012531385757029057
0.013584495522081852
-0.03574342653155327
0.030359478667378426
0.010032586753368378
-0.0028680111281573772
0.01522959116846323
-0.01584026962518692
-0.0247387383133173
-0.0033119998406618834
-0.0003285126877017319
0.0023554768413305283
-0.004820003639906645
0.022944089025259018
-0.0046611023135483265
0.009864337742328644
-0.013073519803583622
0.016799908131361008
0.022794535383582115
-0.005268665961921215
0.01837022602558136
-0.01874411106109619
-0.0019005831563845277
0.0019114881288260221
0.008954551070928574
0.03656597435474396
0.0013117139460518956
-0.01888120360672474
0.0005989952478557825
-0.03711433708667755
0.0012104533379897475
0.007172364741563797
-0.020090099424123764
0.02280699834227562
-0.011291333474218845
-0.007209753151983023
-0.00494151609018445
-0.014257489703595638
-0.024364853277802467
0.02045152150094509
-0.006935570389032364
-0.03265264257788658
-0.009901726618409157
0.004835581872612238
-0.025299565866589546
0.006165990140289068
-0.0037606621626764536
-0.022669905796647072
-0.0009666490368545055
0.005502344109117985
0.006879488006234169
-0.030010519549250603
0.03429773822426796
-0.029561856761574745
-0.023642007261514664
-0.019068146124482155
-0.02136130817234516
0.017410587519407272
-0.02411559596657753
0.002173207700252533
-0.007215984631329775
-0.004000571556389332
0.004866739269345999
-0.020837869495153427
0.0008918719831854105
-0.0006095108110457659
0.011397267691791058
-0.0016030328115448356
0.010612108744680882
-0.01868179813027382
0.016475874930620193
-0.01581534370779991
-0.0054929968900978565
-0.010275611653923988
-0.0008054110803641379
-0.018382688984274864
-0.04040452837944031
-0.005521038081496954
0.014756002463400364
-0.015354218892753124
-0.0017525869188830256
-0.017510291188955307
-0.022046765312552452
0.037413448095321655
-0.0186319462954998
-0.030135147273540497
0.001493204035796225
-0.011459581553936005
-0.022345872595906258
0.025162475183606148
-0.01311090774834156
0.011085696518421173
-0.011478275991976261
0.01171506941318512
0.043270982801914215
0.0011037403019145131
-0.008991939015686512
-0.0046611023135483265
0.02948708087205887
-0.0023819603957235813
0.012899039313197136
0.02027704194188118
0.006941801868379116
0.016513263806700706
0.012039103545248508
-0.03048410825431347
0.005287359934300184
0.002762076910585165
-0.009515378624200821
-0.0163512472063303
-0.009477989748120308
0.0045613995753228664
-0.020725702866911888
0.010231992229819298
0.004654870834201574
-0.0009495126432739198
0.006792247761040926
-0.008505888283252716
-0.0050505660474300385
-0.026321519166231155
0.019666362553834915
-0.0006297628860920668
0.015080036595463753
0.006349816918373108
0.018818888813257217
0.023479990661144257
0.001983149442821741
0.015877658501267433
0.0288639385253191
-0.02065092697739601
0.026147039607167244
0.01575303077697754
0.036815229803323746
0.00263744848780334
-0.0053964098915457726
-0.029212897643446922
0.01788417622447014
0.017821861431002617
-0.009764635004103184
0.016164304688572884
-0.031206952407956123
-0.0005242181941866875
-0.04057900980114937
0.009789560921490192
0.025037845596671104
0.006817173678427935
-0.008443574421107769
-0.012973817065358162
0.014506746083498001
-0.0037606621626764536
-0.023043790832161903
0.008350103162229061
0.0036298022605478764
0.017585067078471184
0.0019005831563845277
0.010742967948317528
-0.030583810061216354
0.0013662389246746898
-0.01060587726533413
0.053789619356393814
0.0005542069557122886
0.016388634219765663
0.008200548589229584
-0.020339354872703552
-0.008100845851004124
-0.008431111462414265
-0.011384804733097553
0.0024551795795559883
0.02007763646543026
0.017111480236053467
-0.01311090774834156
0.005271781235933304
-0.014780928380787373
-0.032004572451114655
0.012226046063005924
-0.005770294927060604
0.007440315559506416
0.019940543919801712
-0.02016487531363964
-0.002933440962806344
0.029312599450349808
0.018021266907453537
-0.015553624369204044
0.026147039607167244
0.006511833984404802
-0.018694261088967323
0.019068146124482155
-0.007378001231700182
-0.02269483171403408
0.019317401573061943
-0.019728675484657288
-0.019155384972691536
-0.002051695017144084
-0.007483935449272394
-0.005776526406407356
-0.010624571703374386
-0.003689000615850091
-0.015553624369204044
-0.017622455954551697
-0.0026031758170574903
0.016276469454169273
0.008337640203535557
0.012107648886740208
0.011010919697582722
-0.000561606721021235
0.012973817065358162
-0.04656117036938667
-0.017535217106342316
0.009945346973836422
0.0064183627255260944
0.0177720095962286
0.03566864877939224
0.0037855878472328186
-0.020626001060009003
0.032827120274305344
-0.01053733192384243
-0.03345026448369026
-0.020551223307847977
0.00539017841219902
-0.0019442030461505055
-0.022545278072357178
-0.02844020165503025
0.03025977686047554
-0.01224474050104618
0.009677395224571228
0.017647381871938705
-0.007957523688673973
0.01894351653754711
0.0004957873607054353
-0.02377909980714321
0.009820718318223953
-0.008013606071472168
0.02644614689052105
-0.012188658118247986
0.018557168543338776
-0.014394580386579037
-0.00827532634139061
-0.010742967948317528
-0.011116853915154934
0.03676537796854973
-0.013621884398162365
-0.009845644235610962
-0.016251543536782265
-0.011091927997767925
-0.023729247972369194
0.012743254192173481
-0.016787445172667503
-0.011235250160098076
0.024464555084705353
-0.012886577285826206
0.0037481992039829493
0.021598102524876595
-0.007452778518199921
0.005561542697250843
0.005106648895889521
-0.023567231371998787
-0.03342533856630325
-0.00015500657900702208
-0.009914189577102661
0.04887925833463669
0.004502200987190008
-0.018893666565418243
0.004218671470880508
-0.01015098299831152
-0.037039563059806824
-0.004112737253308296
0.018295450136065483
0.007284529972821474
0.0014277740847319365
0.02505030855536461
0.006511833984404802
0.04274754226207733
-0.016101989895105362
0.024302538484334946
-0.007527555339038372
-0.011278870515525341
-0.024040818214416504
-0.004872970748692751
0.005430682562291622
-0.02081294357776642
-0.009160188026726246
-0.016799908131361008
0.02584793046116829
-0.0199031550437212
0.001665347022935748
0.011708838865160942
-0.010618340224027634
-0.015939973294734955
-0.002835296094417572
0.014793391339480877
0.02078801766037941
0.021261606365442276
0.01216996368020773
-0.016077063977718353
0.003296421142295003
0.003011333756148815
0.007402927149087191
-0.018955979496240616
-0.007197290193289518
0.020463984459638596
-0.017049165442585945
0.03150606155395508
0.006187800318002701
-0.005664360709488392
0.006315544247627258
-0.01799634099006653
0.006898181978613138
-0.016700206324458122
-0.0173482745885849
0.012151269242167473
0.0035768351517617702
-0.006630231160670519
-1.1464839190011844e-05
-0.0036858851090073586
-0.026695404201745987
0.017497828230261803
0.006150411907583475
-0.005421335343271494
0.03290189802646637
-0.004196861293166876
-0.013983306474983692
-0.015977362170815468
-0.017672307789325714
-0.009166418574750423
0.004704722203314304
-0.0206135381013155
0.012325748801231384
0.036416418850421906
0.009010633453726768
-0.000781653739977628
-0.010499943047761917
-0.02551143430173397
-0.021710267290472984
-0.012948891147971153
0.009490452706813812
-0.017909102141857147
-0.007982449606060982
0.008237937465310097
-0.008642979897558689
0.012737022712826729
-0.0030985737685114145
0.016588039696216583
-0.04282232001423836
0.01834530010819435
0.20209741592407227
-0.022283557802438736
-0.01655065268278122
0.0005211025127209723
-0.010556025430560112
0.0018398268148303032
0.03247816115617752
0.0001348518271697685
-0.0033805454149842262
0.013023667968809605
0.004436770919710398
-0.024863366037607193
-0.01732334867119789
0.0024115596897900105
-0.007290761452168226
-0.023367825895547867
-0.03222890570759773
-0.01373405009508133
0.012687171809375286
0.018494855612516403
0.028888864442706108
0.009646238759160042
-0.01723610796034336
-0.015266979113221169
0.034173108637332916
0.013970843516290188
-0.002022095723077655
0.0003892690292559564
0.03551909327507019
0.014756002463400364
-0.00801983755081892
0.0027480563148856163
-0.0005826377891935408
-0.010961067862808704
0.0008973245276138186
0.009907958097755909
0.028963640332221985
-0.0059323119930922985
0.016276469454169273
0.013148296624422073
0.005795220844447613
-0.027692431584000587
0.0029007261618971825
-0.005365252960473299
-0.0009090084349736571
0.04519025981426239
0.005583352409303188
-0.008406185545027256
0.007365538738667965
0.01692453771829605
-0.018818888813257217
0.028490053489804268
-0.0027044364251196384
0.01652572676539421
-0.0037793563678860664
0.01331031322479248
0.022084152325987816
-0.01623908057808876
0.014456895180046558
-0.003104805015027523
-0.00894208811223507
0.03551909327507019
0.004788846243172884
0.04135170578956604
-0.00837502907961607
0.008879773318767548
-0.023679396137595177
0.00146827835123986
0.003280842676758766
-0.005517922341823578
0.009708552621304989
0.0030253545846790075
-0.006929339375346899
0.017011776566505432
-0.005144037306308746
-0.027692431584000587
0.005499228369444609
0.002691973466426134
0.021423622965812683
0.012419220060110092
-0.020127486437559128
-0.008107077330350876
-0.02437731623649597
-0.024875828996300697
-0.004735879134386778
-0.023255659267306328
0.012649782933294773
0.006499371025711298
-0.017622455954551697
-0.029013492166996002
-0.003174908459186554
-0.007128744851797819
0.00016211428737733513
-0.008998170495033264
-0.0007306340266950428
0.01393345557153225
-0.006340470165014267
0.0074465470388531685
-0.02169780433177948
0.005605162587016821
-0.02218385599553585
0.030808141455054283
0.004555168095976114
0.020227190107107162
-0.0049072434194386005
0.018208209425210953
-0.015777956694364548
0.008107077330350876
0.012986280024051666
-0.03235353156924248
0.006380974315106869
-0.021735193207859993
0.015117425471544266
-0.010107363574206829
-0.029960667714476585
0.016999313607811928
0.011584210209548473
-0.0004724195459857583
0.024663960561156273
-0.009477989748120308
-0.0019691288471221924
-0.007926366291940212
-0.014768465422093868
0.008829922415316105
-0.015379144810140133
-0.02433992736041546
-0.04274754226207733
0.013945918530225754
-0.012363137677311897
-0.0012525154743343592
0.011042076162993908
-0.02380402572453022
0.020239653065800667
0.0007290761568583548
0.0010936142643913627
0.01570317894220352
-0.0024084439501166344
-0.014569059945642948
-0.02065092697739601
-0.008723988197743893
0.020601075142621994
-0.025698376819491386
0.0024333696346729994
0.0043214899487793446
0.0027496141847223043
-0.026994511485099792
-0.011665218509733677
-0.011509433388710022
-0.02018980123102665
-0.014157786965370178
0.007658415473997593
-0.03474639728665352
-0.010163445957005024
-0.0024068860802799463
-0.0001848005485953763
0.014481820166110992
-0.033375486731529236
0.0008256631554104388
0.01657557673752308
-0.002322761807590723
-0.025773154571652412
-0.014780928380787373
0.025723302736878395
-0.019604047760367393
-0.006979190744459629
0.018108507618308067
-0.15294396877288818
0.012325748801231384
0.009558998048305511
-0.013945918530225754
-0.008755145594477654
0.009901726618409157
0.014257489703595638
0.01570317894220352
0.004854276310652494
-0.022682368755340576
0.01321061048656702
-0.0022853733971714973
-0.03748822212219238
-0.04257306084036827
0.006511833984404802
0.0021669764537364244
-0.023068716749548912
0.004249828401952982
0.03551909327507019
0.018931053578853607
0.000683508871588856
-0.01575303077697754
-0.02249542623758316
-0.0005542069557122886
0.022308483719825745
0.006985421758145094
-0.025798078626394272
0.020974960178136826
0.008107077330350876
-0.012356906197965145
0.001785301836207509
0.00602266751229763
0.012481534853577614
-0.0027246885001659393
-0.0034303967840969563
-0.0010920563945546746
-0.006680082529783249
-0.015067573636770248
-0.016226617619395256
0.027293620631098747
-0.004299679771065712
0.00690441345795989
0.005707981064915657
0.0010889406548812985
0.006985421758145094
0.010556025430560112
0.0140082323923707
-0.012107648886740208
0.03489595279097557
-0.012481534853577614
0.02806631661951542
-0.011116853915154934
-0.008325177244842052
-6.854561797808856e-05
0.0184823926538229
0.013360165059566498
0.002059484366327524
0.0023788446560502052
0.007452778518199921
-0.0010608992306515574
-0.018021266907453537
-0.0059790476225316525
-0.008873541839420795
0.00948422122746706
0.009870569221675396
-0.01586519554257393
-0.028514979407191277
0.01672513224184513
-0.02684495784342289
0.0034584382083266973
0.011440887115895748
-0.030758289620280266
0.012886577285826206
0.00031410250812768936
-0.008748914115130901
0.0016684627626091242
0.002911631017923355
0.03472147136926651
0.0028010234236717224
-0.021448548883199692
-0.018208209425210953
0.032403383404016495
-0.021174365654587746
-0.01544145867228508
-0.0004260733549017459
-0.02826572209596634
-0.023467527702450752
0.005570889450609684
-0.002590712858363986
0.025125086307525635
0.01003881823271513
-0.03531968966126442
-0.024477018043398857
-0.01794648915529251
0.005714212078601122
0.01035038847476244
0.019030757248401642
-0.00529047567397356
0.005555311217904091
0.010126058012247086
0.0268698837608099
0.022632518783211708
-0.016799908131361008
-0.011154241859912872
0.024776127189397812
-0.010917448438704014
0.025773154571652412
0.015591013245284557
0.023268122225999832
0.010213297791779041
-0.03227875754237175
-0.009957809001207352
-0.007222216110676527
0.007988681085407734
0.01797141507267952
0.008424879983067513
0.0005553752998821437
-0.007870283909142017
0.014718614518642426
-0.012899039313197136
0.03813629224896431
-0.0005729011609219015
-0.019778527319431305
0.011665218509733677
-0.02349245361983776
-0.030409330502152443
-0.11017151176929474
-0.03751314803957939
0.03345026448369026
0.020214727148413658
0.01792156510055065
0.015254516154527664
0.011060770601034164
0.007222216110676527
-0.019977932795882225
0.01743551343679428
-0.0537397675216198
-0.012176195159554482
-0.014693688601255417
-0.007564944215118885
-0.017709696665406227
0.01754767820239067
-0.008169392123818398
0.0028430854436010122
-0.03140635788440704
0.00424359692260623
0.01043762918561697
0.008331408724188805
-0.007882746867835522
0.011179167777299881
-0.022931626066565514
0.0088174594566226
-0.02138623408973217
0.007702035363763571
0.02826572209596634
-0.014756002463400364
-0.013858678750693798
-0.005997742060571909
-0.008294019848108292
-0.013484792783856392
0.007758118212223053
-0.02038920670747757
-0.020950034260749817
-0.010661959648132324
0.02764257974922657
0.0027807713486254215
0.005006946157664061
0.026396295055747032
0.005577120929956436
-0.016625428572297096
0.009135262109339237
-0.03437251225113869
-0.016488337889313698
0.018669335171580315
-0.00537459971383214
-0.026919735595583916
-0.01370912417769432
-0.03374937176704407
-0.047084610909223557
0.005411988589912653
0.002230848418548703
0.0035082895774394274
-0.010032586753368378
-0.00112321344204247
0.0018709838623180985
-0.020202264189720154
0.0005947111640125513
-0.014294877648353577
-0.015478847548365593
0.02726869471371174
0.015603476203978062
0.019043220207095146
-0.013522181659936905
0.00033552301465533674
0.012487766332924366
0.013447404839098454
0.00968362670391798
0.01726103387773037
0.007066430523991585
-0.0176349189132452
-0.017198719084262848
0.029985593631863594
-0.01655065268278122
-0.0009915747214108706
-0.004735879134386778
-0.00224642688408494
0.006412131246179342
-0.011197862215340137
-0.023131031543016434
-0.028988566249608994
0.022856848314404488
0.008431111462414265
0.008256631903350353
-0.00695426482707262
0.010007660835981369
-0.019429568201303482
-0.016201691702008247
0.03816121816635132
0.019317401573061943
-0.001445689471438527
0.021286530420184135
0.007627258077263832
-0.009845644235610962
-0.008038531988859177
-0.0051907729357481
0.012275897897779942
-0.05030002444982529
-0.018220672383904457
-0.0585753507912159
-0.001148918061517179
0.02539926767349243
-0.001445689471438527
-0.008063457906246185
-0.012163732200860977
0.036017607897520065
-0.014307340607047081
0.023642007261514664
0.003371198195964098
0.019466957077383995
0.0038821748457849026
-0.031580835580825806
-0.004265407100319862
-0.009596386924386024
-0.0226075928658247
0.036815229803323746
0.020015321671962738
0.009901726618409157
0.00013738333655055612
-0.009914189577102661
-0.0032216443214565516
0.009403212927281857
0.024078207090497017
-0.021685341373085976
0.00039257947355508804
-0.004455465357750654
-0.00807592086493969
-0.015416533686220646
0.005115996114909649
0.029512004926800728
-0.011858392506837845
-0.001662231283262372
0.011521895416080952
-0.017934028059244156
-0.023355362936854362
0.036615826189517975
0.016874685883522034
0.002322761807590723
0.07333134859800339
-0.005860650446265936
-0.012032872065901756
0.04359501600265503
-0.0031437515281140804
-0.03507043421268463
0.010755430907011032
-0.0015352661721408367
-0.018158357590436935
0.002120240591466427
-0.03070843778550625
0.03312623128294945
0.04199977219104767
-0.0017323348438367248
-0.00808838289231062
-0.013061056844890118
-0.002882031723856926
0.010063743218779564
0.023131031543016434
0.003352503990754485
-0.007309455890208483
0.04297187179327011
0.0022386377677321434
0.017821861431002617
-0.0006305418210104108
-0.008748914115130901
-0.005221929866820574
-0.0020703894551843405
-0.0032154128421097994
0.004848044831305742
-0.001883446704596281
-0.00035538568045012653
0.007708266843110323
0.02744317427277565
0.019516807049512863
0.024078207090497017
-0.006686314009130001
-0.0017884175758808851
-0.011260176077485085
-0.01390852965414524
0.01859455741941929
0.01281179953366518
0.012593700550496578
-0.03070843778550625
0.022345872595906258
0.003745083464309573
0.013547107577323914
-0.02280699834227562
0.002612522803246975
-0.002402212470769882
0.007621027063578367
-0.02081294357776642
0.0270194374024868
-0.013584495522081852
0.0048075406812131405
-0.012294592335820198
-0.004327721428126097
0.010686885565519333
-0.0163512472063303
0.002079736441373825
0.02229602076113224
0.029561856761574745
-0.007072662003338337
0.030932769179344177
-0.020688313990831375
-0.0093845184892416
0.013385090045630932
-0.0321292020380497
-0.040030643343925476
-0.001075698877684772
0.015939973294734955
-0.0027714241296052933
-0.006449519656598568
0.01532929390668869
-0.006636462640017271
-0.03708941116929054
-0.015379144810140133
0.020738165825605392
-0.021685341373085976
-0.022757146507501602
0.015092499554157257
0.001274325419217348
0.02343013882637024
0.0226075928658247
-0.005530385300517082
0.01554116141051054
-0.004056654404848814
0.043470386415719986
-0.0013397553702816367
0.016588039696216583
-0.01383375283330679
-0.00948422122746706
-0.006586611270904541
-0.014469357207417488
-0.020127486437559128
-0.017609992995858192
-0.004137663170695305
0.025673450902104378
0.015192202292382717
-0.02187228389084339
0.08449805527925491
0.0041750515811145306
-0.024751201272010803
0.01843254081904888
-0.00964000727981329
0.011129315942525864
0.005683055147528648
-0.00022608370636589825
-0.02227109484374523
-0.018619483336806297
-0.001026626443490386
-0.00572355929762125
-0.0033431570045650005
-0.006742396391928196
-0.010443859733641148
-0.005446261260658503
-0.00871775671839714
0.017784472554922104
-0.00479196198284626
0.03050903230905533
0.043495312333106995
-0.009234964847564697
0.0024832210037857294
0.022308483719825745
-0.0007652962813153863
0.01837022602558136
0.02505030855536461
-0.002620312152430415
-0.016338784247636795
-0.015379144810140133
0.008381260558962822
0.0012875671964138746
-0.049726732075214386
-0.019117996096611023
-0.00015490921214222908
-0.014618911780416965
-0.010612108744680882
-0.04536473751068115
-0.021772582083940506
0.021947061643004417
-0.01005128026008606
0.007247141562402248
-0.020414132624864578
-0.048929110169410706
-0.02642122097313404
0.018407614901661873
-0.014618911780416965
-0.001050773193128407
0.005471186712384224
