-0.010942606255412102
-0.029985666275024414
0.018439022824168205
-0.0025433136615902185
-0.010929889976978302
0.006797005422413349
-0.03319024294614792
-0.009677308611571789
-0.01960894837975502
-0.019774263724684715
-0.014013657346367836
0.003792716423049569
-0.025840066373348236
0.023436633870005608
-0.0023923043627291918
-0.003964390140026808
0.030646927654743195
-0.0027992345858365297
0.00861547514796257
0.024441244080662727
-0.018350007012486458
-0.004676518030464649
0.02267364040017128
-0.02736605331301689
-0.010554751381278038
0.034716229885816574
0.014852951280772686
-0.01658240519464016
-0.0015895710093900561
-0.0050071487203240395
-0.006224759854376316
0.011463985778391361
-0.0008305508526973426
0.0012962950859218836
-0.005709738936275244
0.0020616736728698015
0.0003745426656678319
0.008545533753931522
0.021910646930336952
0.026908257976174355
0.013644876889884472
0.011724676005542278
-0.003319024108350277
0.007083128206431866
-0.0024924473837018013
0.024759158492088318
-0.014077240601181984
0.00041408324614167213
-0.03517402708530426
0.021134935319423676
0.009124137461185455
0.022253993898630142
-0.025433136150240898
-0.0143824378028512
-0.0003985849325545132
0.005906845908612013
-0.0406675823032856
0.009422976523637772
0.020549973472952843
-0.01957079768180847
0.02365281619131565
-0.00626608869060874
-0.018362723290920258
0.02369096502661705
0.019367333501577377
0.02441580966114998
-0.003869015723466873
0.0012899368302896619
-0.022126827389001846
0.014624052681028843
0.025903649628162384
0.023894431069493294
0.002095054602250457
-6.402990402420983e-05
0.009779040701687336
-0.018807804211974144
-0.021796196699142456
-0.040769316256046295
-0.016747720539569855
0.033978670835494995
0.008233977481722832
0.008513742126524448
-0.033012211322784424
0.017497997730970383
0.01304719876497984
-5.777096885140054e-05
0.022826239466667175
0.010433943942189217
0.0036401175893843174
0.007954212836921215
-0.035758987069129944
0.01832457445561886
0.0041805715300142765
0.025814631953835487
-0.014598620124161243
0.010554751381278038
-0.011413119733333588
0.012913675047457218
-0.00877443142235279
-0.022915255278348923
-0.010726424865424633
-0.005503094755113125
-0.013123498298227787
0.003350815735757351
-0.04051498696208
-0.0009712278842926025
-0.01520901545882225
-0.004562068730592728
0.015577795915305614
-0.050891704857349396
-0.017421698197722435
0.03619135171175003
6.209261549372513e-09
0.002080748323351145
0.01286280807107687
-0.02399616315960884
0.021198518574237823
-0.010243195109069347
-0.014814801514148712
-0.03644568473100662
0.03764104098081589
0.007757106330245733
0.03580985590815544
0.0023032883182168007
0.027188021689653397
0.0202956423163414
-0.017052916809916496
0.001870925072580576
-0.013015407137572765
-0.009543783962726593
-0.005236046854406595
0.003967569209635258
-0.025954514741897583
-0.006056265439838171
-0.004053405951708555
-0.0029693185351788998
-0.014064524322748184
0.023080570623278618
-0.03428386524319649
-0.028307080268859863
0.018108392134308815
0.018782371655106544
-0.011635659262537956
-0.03995545580983162
-0.012424087151885033
0.013085348531603813
0.03270701318979263
0.03176598623394966
0.01791764423251152
0.0042282589711248875
0.02838337980210781
-0.024123329669237137
0.006399612873792648
0.0035765348002314568
0.006180251948535442
0.014852951280772686
-0.015387047082185745
0.013148930855095387
-0.008138603530824184
0.01697661727666855
0.022953404113650322
-0.010694633238017559
0.015247165225446224
0.03491969406604767
0.016658704727888107
0.015437913127243519
-0.0029359376057982445
0.008729923516511917
0.014077240601181984
0.009690024890005589
0.015374330803751945
0.0186043381690979
-0.04440625384449959
0.023856282234191895
-0.011222370900213718
0.03347000479698181
0.0033476364333182573
0.007083128206431866
-0.013911925256252289
-0.01897311955690384
-0.00830391887575388
-0.004190109204500914
0.008475592359900475
0.028535978868603706
-0.021580016240477562
0.0010602438123896718
-0.008914314210414886
0.0019488140242174268
0.0010205046273767948
0.00329359108582139
0.023220453411340714
0.013911925256252289
-0.0013018586905673146
-0.009372110478579998
-0.6392872929573059
0.00831663515418768
0.007159427739679813
-0.018108392134308815
0.028917474672198296
-0.007102203089743853
0.026653926819562912
0.0012597349705174565
-0.009016046300530434
-0.025903649628162384
0.007903346791863441
0.006316955201327801
0.00914957094937563
-0.043846726417541504
-0.026145262643694878
-0.01964709721505642
0.013212514109909534
-0.03278331086039543
0.01899855211377144
-0.00949291791766882
-0.014674919657409191
0.01866792142391205
0.011915423907339573
0.0005694638239219785
-0.009429334662854671
0.005757425911724567
0.0038944489788264036
0.010077879764139652
0.011076130904257298
0.010325852781534195
-0.000477268680697307
0.01894768700003624
0.012118889018893242
0.010090596973896027
0.039701126515865326
0.0220123790204525
-0.02168174833059311
0.020143043249845505
0.011273237876594067
0.02632329612970352
0.016111891716718674
-0.022559192031621933
0.027238888666033745
-0.006218401715159416
0.018159259110689163
0.004450798965990543
0.00533142127096653
-0.022419309243559837
-0.006873304955661297
0.025127938017249107
0.005773321725428104
-0.00534095847979188
-0.003999360371381044
0.009085987694561481
0.013352395966649055
-0.009969789534807205
-4.517237812251551e-06
-0.012106172740459442
-0.0059418161399662495
0.01798122748732567
0.015272597782313824
0.015793977305293083
-0.0372086763381958
-0.019469065591692924
-0.020066743716597557
0.031231891363859177
-0.025229670107364655
0.0009887131163850427
0.013212514109909534
-0.030926693230867386
-0.002592590171843767
0.028866609558463097
0.0011119048576802015
-0.021770764142274857
0.006393254268914461
0.007210293784737587
0.0506628081202507
0.012678418308496475
-0.01165473461151123
0.018477173522114754
-0.000135610272991471
-0.024275928735733032
-0.02194879576563835
0.0035097727086395025
0.019558081403374672
-0.043846726417541504
-0.00048521652934141457
-0.01729453168809414
-0.013314246200025082
0.014446021057665348
0.01033856999129057
0.00359243038110435
0.0025274178478866816
-0.013492278754711151
0.015298031270503998
0.02566203474998474
-0.008780790492892265
-0.01523444801568985
-0.002031471813097596
-0.006892379838973284
-0.0023414380848407745
-0.013492278754711151
0.009047837927937508
-0.000513034057803452
0.034639932215213776
0.0002372434682911262
0.0033794278278946877
0.011209654621779919
0.04778886213898659
0.002055315300822258
-0.008176753297448158
0.0006330466712825
-0.007610865868628025
-0.0036941629368811846
-0.005035760812461376
-0.02736605331301689
0.0021045920439064503
0.0023048778530210257
-0.004892699420452118
-0.029298972338438034
0.015183581970632076
-0.01285644993185997
0.012684776447713375
-0.0025258283130824566
-0.0076998816803097725
0.03934505954384804
-0.030290864408016205
0.007566357962787151
-0.021770764142274857
-0.006494986824691296
-0.016048308461904526
-0.021185802295804024
0.01232235413044691
0.0024352227337658405
0.0028198990039527416
-0.014128106646239758
-0.00192656007129699
-0.015743110328912735
0.005655693355947733
-0.010077879764139652
-0.003021774347871542
-0.024428527802228928
0.02267364040017128
0.0016269258921965957
-0.040362387895584106
-0.03311394155025482
-0.005592110566794872
0.013784759677946568
-0.03008740022778511
0.018400873988866806
-0.02063898928463459
-0.014636769890785217
-0.03148622065782547
0.006536315660923719
0.01695118471980095
-0.007585432846099138
-0.011603868566453457
-0.028663143515586853
-0.03929419443011284
-0.009117779321968555
0.009772682562470436
0.0021793018095195293
-0.017332682386040688
0.019558081403374672
-0.009702741168439388
-0.005821009166538715
0.002311236225068569
0.007223010528832674
-0.011902707628905773
-0.03982828930020332
0.010497527197003365
0.03280874341726303
-0.003449368989095092
0.030367163941264153
-0.0035701764281839132
-0.007470983546227217
-0.0018995372811332345
-0.00540136219933629
-0.017129216343164444
0.002797644818201661
-0.004508023150265217
0.04099821299314499
-0.018197407945990562
0.0028612278401851654
0.00223970552906394
0.012131605297327042
-0.0030503866728395224
0.02366553246974945
-0.0084438007324934
-0.004104272462427616
0.01823555864393711
0.02400887943804264
0.0007971698651090264
0.010503885336220264
-0.011095205321907997
0.005471303127706051
-0.011209654621779919
-0.0029613706283271313
-0.012652984820306301
0.020206626504659653
0.027467787265777588
-0.0022253994829952717
0.01233507040888071
-0.003401682013645768
0.003725954331457615
-0.0011166735785081983
-0.010185970924794674
0.0004597834195010364
0.04827209189534187
0.022241277620196342
0.021758047863841057
-0.01618819124996662
-0.03835316747426987
-0.007572716102004051
-5.1710732805076987e-05
0.025509435683488846
-0.0007172938785515726
0.0057510677725076675
-0.01663327030837536
0.011165146715939045
-0.008717207238078117
-0.004622472450137138
0.011107921600341797
-0.01164201833307743
-0.015819409862160683
0.017421698197722435
0.00743919238448143
0.006835155189037323
0.034004103392362595
-0.015628661960363388
0.012309637852013111
0.02673022635281086
-0.021491000428795815
0.04132884740829468
0.021516432985663414
0.030265431851148605
0.024263210594654083
-0.013148930855095387
0.026221562176942825
0.0033635322470217943
0.01555236242711544
0.0373104102909565
-0.009016046300530434
-0.015615945681929588
0.016404371708631516
0.008011437952518463
0.01758701354265213
0.01962166465818882
0.001371799735352397
0.0061452812515199184
-0.008227619342505932
-0.003948494326323271
-0.004113809671252966
-0.030901260673999786
0.0026577627286314964
-0.02439037710428238
0.00414560129866004
0.004037510138005018
0.01370846014469862
0.030697794631123543
0.0025464927311986685
0.013606728054583073
0.00658082403242588
0.005286912899464369
0.018133826553821564
-0.005894129164516926
0.011298670433461666
-0.021058635786175728
-0.018718788400292397
0.007661731913685799
0.0030440285336226225
0.005274196621030569
-0.017993943765759468
0.014293421991169453
0.0005416463245637715
0.007025903556495905
0.013759326189756393
0.006625331938266754
0.006866946816444397
0.012761075980961323
-0.021821631118655205
-0.028001882135868073
-0.0025671571493148804
0.035987887531518936
-0.015615945681929588
-0.013276096433401108
-0.006084877531975508
-0.01826099120080471
-0.027976449579000473
0.0005209819064475596
-0.012786508537828922
-0.011101563461124897
-0.01697661727666855
0.008367501199245453
-0.006981395650655031
-0.02639959566295147
0.024428527802228928
0.002131614601239562
0.013148930855095387
-0.00038884879904799163
0.0073565347120165825
-0.0037323127035051584
-0.019430914893746376
0.007381967734545469
0.02907007373869419
0.02159273251891136
-0.02160544879734516
-0.008590041659772396
0.011692884378135204
-0.02904464118182659
0.0059736077673733234
-0.02606896497309208
0.005315525457262993
0.0003238750796299428
0.009779040701687336
0.0019154329784214497
0.015488780103623867
0.009912564419209957
0.026984557509422302
0.008176753297448158
0.003538385033607483
0.007248443551361561
-0.011355895549058914
0.02061355672776699
0.04763626307249069
0.006727064494043589
-0.021198518574237823
0.01757429726421833
-0.013352395966649055
-0.009066913276910782
-0.01693846844136715
-0.034665364772081375
0.0203337911516428
-0.006383717060089111
-0.010599259287118912
0.0007006034138612449
0.020829739049077034
-0.018121108412742615
0.012144322507083416
0.014293421991169453
-0.012614835053682327
-0.003983465023338795
0.0185661893337965
0.015119999647140503
0.013848342001438141
-0.0053822873160243034
0.00896518025547266
0.008984255604445934
0.01862977258861065
0.0028453320264816284
0.04089648276567459
0.027594951912760735
0.004657443147152662
-0.012106172740459442
0.0019933220464736223
0.003145761089399457
0.017650596797466278
0.006510882638394833
-0.02470829151570797
0.007642657496035099
0.0012184061342850327
0.016747720539569855
-0.007591790985316038
0.008857089094817638
0.02339848503470421
0.0073438179679214954
-0.002276265760883689
-0.0032331873662769794
0.0020219343714416027
-0.022800806909799576
0.028256213292479515
0.003388965269550681
0.002743599470704794
-0.017383547499775887
-0.0025464927311986685
0.03186772018671036
-0.013072631321847439
0.009435693733394146
0.008996971882879734
-0.00540454126894474
0.0032347769010812044
0.010453018359839916
0.0071721444837749004
-0.03858206793665886
-0.01658240519464016
-0.03174055367708206
0.023868998512625694
-0.013886491768062115
0.006599898915737867
-0.007553641218692064
-0.004692413378506899
-0.0040216147899627686
-0.02299155481159687
0.017714178189635277
0.013988224789500237
-0.04598310962319374
-0.05269745737314224
-0.009899848140776157
0.00021816861408296973
0.02305513806641102
0.010294062085449696
-0.006288342643529177
-0.001702430541627109
0.035326626151800156
-0.010891740210354328
-0.025153370574116707
0.005474482662975788
-0.021389266476035118
-0.02165631577372551
0.0073565347120165825
-0.006803364027291536
0.003964390140026808
0.009868056513369083
0.0024908576160669327
-0.01829914189875126
-0.018413590267300606
0.007591790985316038
-0.009518351405858994
-0.02609439752995968
0.03415670245885849
-0.0042250799015164375
0.012392295524477959
0.01593386009335518
-0.018171975389122963
0.006234297528862953
0.002649814821779728
0.003493877127766609
-0.02741692028939724
0.004838654305785894
0.008125887252390385
-0.008475592359900475
0.005976786836981773
-0.03341913968324661
0.002001269953325391
0.024924473837018013
-0.011133355088531971
0.022915255278348923
0.0053632124327123165
0.01756158098578453
-0.0053822873160243034
2.0664423573180102e-05
0.03525032475590706
-0.0009696382912807167
-0.023462068289518356
0.0004931644070893526
-0.01828642375767231
-0.004250512924045324
0.00011951586930081248
-0.02838337980210781
0.023805415257811546
-0.004272766876965761
-0.0007820689352229238
-0.007884272374212742
0.01584484428167343
-0.0019790157675743103
0.036725446581840515
0.0004299789434298873
-0.019443633034825325
-0.010179612785577774
-0.003792716423049569
-0.01992686092853546
0.00796057190746069
0.00030003153369762003
-0.02639959566295147
-0.014929250814020634
0.011158788576722145
-0.009397543966770172
-0.025293253362178802
0.043134599924087524
-0.019163867458701134
-0.023779982700943947
0.001813700539059937
-0.026882823556661606
0.03235094994306564
-0.011839124374091625
0.02099505439400673
-9.507621143711731e-05
-0.006625331938266754
0.0051756431348621845
-0.040438685566186905
-0.008132245391607285
-0.02397073060274124
-0.012455877847969532
0.012258771806955338
-0.006278805434703827
-0.007642657496035099
0.0027356515638530254
0.006777930539101362
-0.01692575216293335
-0.0025083429645746946
-0.007203935645520687
-0.0254204198718071
-0.03802253678441048
0.02305513806641102
0.014344288967549801
-0.001629310310818255
0.017993943765759468
-0.008570966310799122
0.0024018418043851852
0.0220250952988863
-0.02807818166911602
-0.03273244574666023
-0.009670949541032314
-0.01899855211377144
-0.013975508511066437
0.014077240601181984
-0.005325062666088343
0.019710680469870567
-0.017663313075900078
0.01285644993185997
0.016874885186553
0.00031513243447989225
-0.008278485387563705
0.01824827492237091
0.02137655019760132
-0.013123498298227787
0.008901597931981087
0.010872665792703629
0.02161816507577896
0.002376408549025655
0.010656483471393585
-0.03324110805988312
-0.004562068730592728
0.010859948582947254
-0.00015756621723994613
-0.014840235002338886
-0.020422808825969696
0.008424726314842701
-0.02268635667860508
0.010065163485705853
-0.00810681190341711
-0.002171353902667761
0.025827350094914436
-0.003958031535148621
-0.016874885186553
-0.016035592183470726
0.010052447207272053
0.001986963674426079
0.004918132442981005
-0.0010054036974906921
0.024899039417505264
0.0029756769072264433
-0.04132884740829468
-0.0011595920659601688
0.0015450629871338606
-0.03677631542086601
0.046161141246557236
0.00626290962100029
0.03848033398389816
0.0186043381690979
-0.007477341685444117
-0.022915255278348923
0.01422983966767788
0.023093286901712418
-0.01253217738121748
0.019456349313259125
-0.004390395246446133
0.009346676990389824
-0.014458737336099148
0.007318384945392609
0.031994882971048355
-0.0018343649571761489
-0.006606257054954767
0.013314246200025082
0.0010109671857208014
-0.007788897957652807
-0.005197897087782621
-0.004495306871831417
-0.0036210427060723305
0.029604170471429825
0.011311386711895466
0.019507214426994324
-0.023754548281431198
-0.009130495600402355
-0.024097895249724388
0.05269745737314224
-0.00270227063447237
0.012233338318765163
0.009969789534807205
-0.004164676181972027
-0.00686058821156621
-0.007623582612723112
-0.003497056197375059
-0.010300420224666595
0.03347000479698181
-0.00014584313612431288
-0.014484170824289322
0.005471303127706051
0.0032331873662769794
-0.019532648846507072
0.012296921573579311
-0.002058494370430708
0.013466845266520977
0.019456349313259125
0.0024511185474693775
-0.008055945858359337
0.024924473837018013
0.0008369091083295643
-0.0041805715300142765
0.0053663915023207664
0.0015887762419879436
-0.030189132317900658
0.028230780735611916
-0.009372110478579998
-0.024771874770522118
0.018795087933540344
-0.03115559183061123
-0.01523444801568985
0.0067461393773555756
-0.024212345480918884
-0.014217122457921505
0.0034684438724070787
0.007261160295456648
-0.005096164532005787
-0.018133826553821564
0.012595760636031628
-0.008418368175625801
0.0168621689081192
0.006975037511438131
0.0005535680684261024
-0.0073120263405144215
0.012284204363822937
-0.039472226053476334
-0.03675088286399841
-0.003500235266983509
0.013466845266520977
-0.01795579306781292
0.036013320088386536
-0.017103783786296844
-0.008698132820427418
0.0339278019964695
-0.01489110104739666
-0.01922745071351528
0.0071912189014256
0.027823850512504578
-0.006431404035538435
-0.02131296694278717
-0.005836904514580965
0.025178804993629456
-0.0073374598287045956
0.013822909444570541
0.00810045376420021
-0.024606559425592422
0.0028818922583013773
0.0026752480771392584
-0.026119830086827278
0.0011897939257323742
-0.008564608171582222
0.027874717488884926
-0.02431407757103443
0.0026593522634357214
0.0074964165687561035
-0.010605617426335812
-0.0057510677725076675
-0.010370360687375069
0.034029535949230194
-0.01793036051094532
0.0013193439226597548
-0.0077125984244048595
-0.02126210182905197
-0.02772211842238903
-0.007102203089743853
-0.017815912142395973
-0.000491972197778523
-0.004492127802222967
-0.01422983966767788
-0.0007538540521636605
0.010001580230891705
-0.00566841010004282
-0.015348897315561771
0.00808773748576641
-0.029375271871685982
-0.02065170556306839
-0.0013098064810037613
-0.014611336402595043
0.05048477277159691
0.025496719405055046
-0.0010165306739509106
-0.001084882183931768
-0.015603228472173214
-0.0542234443128109
0.00253218668513
0.009143211878836155
0.026552192866802216
0.016366222873330116
0.026221562176942825
0.001316164736635983
0.03817513585090637
-0.002172943437471986
0.006816080305725336
-0.006040369626134634
-0.017370831221342087
-0.0270354226231575
-0.002446349710226059
-0.02600538171827793
-0.012055306695401669
-0.023131437599658966
-0.029883934184908867
0.03555552288889885
-0.016773153096437454
0.015018266625702381
0.011889991350471973
-0.022775372490286827
-0.016874885186553
0.002203145297244191
0.007044978439807892
0.008717207238078117
0.01663327030837536
0.011311386711895466
-0.013937358744442463
0.0021570478565990925
-0.0005440306849777699
-0.0067207058891654015
-0.013568578287959099
0.00037513874121941626
0.02196151204407215
-0.017040200531482697
0.020715288817882538
0.002996341325342655
0.019837845116853714
-0.009937997907400131
-0.017663313075900078
0.00796057190746069
-0.014140823855996132
0.006199326831847429
0.014293421991169453
0.007470983546227217
0.008469234220683575
-0.0009847392793744802
-0.010014297440648079
-0.02645046077668667
0.008335710503160954
0.01081544067710638
-0.015755828469991684
0.03647111728787422
0.002222220180556178
-0.03275787830352783
-0.022152261808514595
-0.03224921599030495
-0.020524540916085243
0.02135111764073372
-0.0035701764281839132
0.0028214885387569666
0.01630263961851597
0.0042282589711248875
0.022851672023534775
-0.01422983966767788
-0.02133840136229992
-0.014840235002338886
-0.016366222873330116
0.015628661960363388
-0.019062135368585587
-0.009518351405858994
-0.018718788400292397
-0.02231757715344429
0.010421227663755417
0.008793506771326065
0.004695592913776636
-0.038709234446287155
0.013950075022876263
0.20407548546791077
-0.008799864910542965
0.010770932771265507
0.0032808745745569468
0.010866307653486729
0.005092985462397337
0.05045934021472931
0.015259881503880024
0.002902556676417589
0.007133994717150927
0.010211404412984848
-0.009130495600402355
-0.021198518574237823
0.006021294742822647
0.004768712911754847
-0.01620090752840042
-0.029171805828809738
-0.01996501162648201
0.016035592183470726
0.012087097391486168
0.019850563257932663
-0.007401042617857456
-0.0026227920316159725
-0.012017156928777695
0.0185789056122303
0.010243195109069347
-0.009200436994433403
0.0021125399507582188
0.035352058708667755
0.01066920068114996
0.0005344932433217764
-0.010274986736476421
0.0034143985249102116
0.007579074241220951
-0.014306139200925827
0.014954683370888233
0.03341913968324661
-0.008780790492892265
0.010885382071137428
-0.00533142127096653
0.0143697215244174
-0.003958031535148621
0.009550142101943493
-0.011095205321907997
-0.0040216147899627686
0.05488470569252968
-0.014636769890785217
-0.008691773749887943
0.012665702030062675
-0.0012756306678056717
-0.019380049780011177
0.02362738363444805
0.020028594881296158
0.023182302713394165
0.006227938923984766
0.01889682002365589
0.011724676005542278
-0.0071212779730558395
0.027671251446008682
0.016429806128144264
0.006056265439838171
0.026628492400050163
-0.013326963409781456
0.016417089849710464
0.004492127802222967
0.015654094517230988
-0.01620090752840042
-0.002797644818201661
-0.00810045376420021
-0.013301529921591282
0.002172943437471986
-0.0026736583095043898
-0.02168174833059311
0.014789368025958538
-0.021745331585407257
-0.02067713998258114
0.03626765310764313
-0.004027972929179668
0.023144153878092766
0.020842455327510834
-0.03453819826245308
-0.00658082403242588
-0.025776483118534088
0.004873624537140131
0.015336181037127972
-0.03883639723062515
0.01791764423251152
0.0035669973585754633
-0.0031235069036483765
-0.03832773491740227
-0.0007570331799797714
-0.009079629555344582
-0.00038745792699046433
-0.018858669325709343
0.011762824840843678
0.017714178189635277
0.011750108562409878
0.01821012608706951
-0.012926391325891018
0.002484499476850033
-0.016455238685011864
0.019189300015568733
0.01728181540966034
0.010732783004641533
-0.015158148482441902
0.01693846844136715
-0.01219518855214119
-0.006714347749948502
-0.00982354860752821
-0.019532648846507072
-0.005588931497186422
-0.016709569841623306
0.0101478211581707
-0.015615945681929588
-0.028001882135868073
0.01660783775150776
-0.002540134359151125
-0.026526760309934616
0.022597340866923332
-0.006100773345679045
-0.006650764960795641
0.01790492795407772
0.0008853910258039832
0.01999044418334961
-0.00776982307434082
-0.024453960359096527
-0.04308373108506203
0.01958351396024227
-0.01832457445561886
0.007986004464328289
0.0023080571554601192
-0.029883934184908867
0.03077409416437149
0.00658718217164278
-0.0008917493396438658
0.005019864998757839
-0.00220473506487906
0.007674448657780886
0.01490381732583046
-0.005042118951678276
0.01217611413449049
-0.026170697063207626
-0.009798115119338036
0.006962320767343044
0.003910344559699297
-0.003074230393394828
-0.02194879576563835
-0.011622942984104156
-0.010453018359839916
-0.0118709160014987
-0.004329991526901722
-0.04501665011048317
-0.0044158282689750195
-0.02103320322930813
0.02302970364689827
0.019469065591692924
-0.017828628420829773
-0.006930529605597258
0.005910024978220463
0.008729923516511917
-0.02235572598874569
-0.009569217450916767
0.029680470004677773
-0.006005399394780397
0.009054196067154408
0.021440133452415466
-0.15758371353149414
0.00996343046426773
0.022788088768720627
-0.015374330803751945
0.015501496382057667
-0.013657594099640846
0.03695434704422951
0.01627720706164837
0.006707989610731602
-0.014738501980900764
0.01098711509257555
-0.004934028256684542
-0.032986778765916824
-0.03835316747426987
-0.004705130122601986
0.0004498485941439867
-0.014852951280772686
0.004730563145130873
0.015374330803751945
0.016328074038028717
0.018184691667556763
-0.017866777256131172
-0.021847063675522804
0.027620386332273483
0.011133355088531971
-0.002872354816645384
-0.028205348178744316
0.014331571757793427
-0.016684137284755707
-0.031206456944346428
0.011387686245143414
0.01253853552043438
0.0304434634745121
0.0031171487644314766
0.008272127248346806
-0.019812412559986115
-0.013886491768062115
-0.019507214426994324
-0.03079952672123909
0.008183111436665058
-0.002796055283397436
0.0025067534297704697
0.0050707315094769
0.005910024978220463
0.017192799597978592
0.012881883420050144
0.019151151180267334
-0.0013662362471222878
0.02909550815820694
-0.012239696457982063
0.006758855655789375
0.0067334226332604885
-0.017370831221342087
0.007013187278062105
0.01959623023867607
5.762194996350445e-05
0.024631991982460022
-0.025216953828930855
0.018477173522114754
-0.017536146566271782
-0.015526928938925266
-0.016442522406578064
-0.012913675047457218
0.029629603028297424
9.19964222703129e-05
-0.019049419090151787
-0.012716568075120449
0.034741662442684174
-0.03550465777516365
0.012951824814081192
0.0027690327260643244
-0.03481796383857727
0.009264019317924976
-0.017510714009404182
-0.0036560131702572107
0.012678418308496475
-0.009868056513369083
0.03614048659801483
-0.001223969622515142
-0.024631991982460022
-0.02441580966114998
0.04939115047454834
-0.014662202447652817
-0.009728174656629562
0.0022110932040959597
-0.020804304629564285
-0.010179612785577774
0.01627720706164837
0.005744709633290768
0.0026943227276206017
0.011839124374091625
-0.04051498696208
-0.022533757612109184
-0.016773153096437454
-0.0013082169461995363
0.0012144321808591485
0.00626926776021719
-0.028154481202363968
0.0028230780735611916
0.0025433136615902185
0.027467787265777588
0.02407246269285679
-0.018044808879494667
-0.009639158844947815
0.0038467617705464363
0.0005587341729551554
0.02164359763264656
0.016735002398490906
0.032681580632925034
0.006987754255533218
-0.024441244080662727
0.0013177543878555298
0.009327602572739124
0.00652359938248992
0.017993943765759468
0.012125247158110142
0.024237778037786484
-0.020104894414544106
0.03621678426861763
0.0072929514572024345
0.03690347820520401
-0.002312825759872794
-0.00684787193313241
0.02673022635281086
-0.009054196067154408
-0.03654741495847702
-0.1046827882528305
-0.04285483434796333
0.029883934184908867
0.029019208624958992
0.014967400580644608
0.00864726584404707
-0.009041479788720608
-0.0031028424855321646
-0.01655697077512741
0.017523430287837982
-0.019214734435081482
-0.009664591401815414
0.0035097727086395025
-0.005506273824721575
0.004517560824751854
0.02302970364689827
-0.004269587807357311
-0.00325862062163651
-0.023233169689774513
0.03179141879081726
0.020855171605944633
0.013002690859138966
-0.0007363687618635595
0.0013853111304342747
0.0003232790040783584
0.009976147674024105
-0.030672362074255943
0.01131774578243494
0.017815912142395973
-0.02126210182905197
-0.0203337911516428
-0.011241446249186993
-0.003201395971700549
-0.013085348531603813
0.03624221682548523
-0.005038939882069826
-0.006307417526841164
0.0063773589208722115
0.010402152314782143
-0.0073565347120165825
0.005449049174785614
0.01253217738121748
-0.005728813819587231
-0.04321089759469032
-0.031333621591329575
-0.029705902561545372
-0.03077409416437149
0.025280537083745003
-0.00914957094937563
-0.032300081104040146
-0.013644876889884472
-0.02667935937643051
-0.03916702792048454
-0.013339679688215256
-0.016086459159851074
0.014293421991169453
-0.002578284125775099
0.002149099949747324
0.0032840536441653967
-0.024186912924051285
-0.009531067684292793
0.005016685929149389
-0.02639959566295147
0.0339278019964695
0.01892225258052349
0.004918132442981005
-0.03255441412329674
-0.00982990674674511
0.01131774578243494
-0.0018597980961203575
-0.006482270546257496
0.015628661960363388
0.007623582612723112
-0.0015394994989037514
-0.028866609558463097
0.027162589132785797
-0.01218247227370739
-0.00043554246076382697
0.0031425817869603634
-0.011826408095657825
0.014751219190657139
-0.0220378115773201
-0.006291522178798914
-0.018451739102602005
0.012265129946172237
0.02904464118182659
0.013492278754711151
-0.01589570939540863
0.0012080739252269268
-0.009594650007784367
0.0035511015448719263
0.03761560842394829
-0.00388491153717041
-0.017180083319544792
0.017319966107606888
-0.011877274140715599
0.010770932771265507
-0.017765045166015625
-0.008761715143918991
0.028535978868603706
-0.03553009033203125
0.007388325873762369
-0.06587181985378265
-0.0012430445058271289
0.015793977305293083
0.012048947624862194
-0.01316164806485176
0.01759972982108593
0.03446190059185028
-0.01252581924200058
-0.00539818312972784
0.013110781088471413
-0.007248443551361561
-0.005248763598501682
-0.023881714791059494
0.004123347345739603
-0.015832126140594482
-0.03313937410712242
0.017726896330714226
-0.007375609595328569
0.004895878490060568
-0.006421866826713085
0.011438553221523762
-0.0017993943765759468
0.025153370574116707
0.009950714185833931
-0.01101890578866005
0.013632160611450672
-0.004523918963968754
-0.009314886294305325
-0.020715288817882538
0.0270354226231575
0.0029740873724222183
-0.026552192866802216
-0.015743110328912735
0.015781261026859283
-0.020321074873209
-0.01995229534804821
0.013237947598099709
0.02058812417089939
0.002853279933333397
0.07248443365097046
-0.003948494326323271
-0.021414700895547867
0.03697977960109711
-0.010313136503100395
-0.015488780103623867
-0.012786508537828922
0.0024336331989616156
-0.021084070205688477
0.016480671241879463
-0.0143824378028512
0.01889682002365589
0.018833236768841743
-0.003818149445578456
-0.013594010844826698
-0.016124607995152473
0.014407871291041374
0.008742640726268291
-0.009117779321968555
0.0021570478565990925
-0.025229670107364655
0.02575105056166649
-0.00743919238448143
-0.00359243038110435
-0.005798754747956991
-0.01617547497153282
-0.010255912318825722
-0.010427585802972317
0.018845953047275543
-0.030875826254487038
0.004759175702929497
0.004562068730592728
0.003967569209635258
0.013784759677946568
0.013009048998355865
0.014725785702466965
0.0008134629460982978
0.0025512613356113434
-0.010268628597259521
-0.014789368025958538
0.019710680469870567
0.025166088715195656
0.00283102598041296
-0.03517402708530426
0.012500385753810406
0.01621362380683422
0.004676518030464649
-0.0046002184972167015
-0.00011931717017432675
-0.0220505278557539
0.017739612609148026
-0.004692413378506899
0.006472732871770859
-0.012093456462025642
0.006644406821578741
-0.005436332896351814
-0.0025512613356113434
0.01133682020008564
-0.015755828469991684
0.020359225571155548
0.027620386332273483
0.019558081403374672
0.004031151998788118
0.021821631118655205
-0.038073405623435974
-0.02267364040017128
-0.005636618938297033
-0.040743883699178696
-0.03151165693998337
-0.002357333665713668
0.010421227663755417
-0.005169284995645285
-0.014840235002338886
0.01866792142391205
-0.005302808713167906
-0.007127636112272739
-0.005693843122571707
0.009524709545075893
-0.011425836011767387
-0.028230780735611916
0.0011126997414976358
-0.030697794631123543
0.023436633870005608
0.02501348964869976
-0.0069178128615021706
0.007229368668049574
0.004237796179950237
0.02606896497309208
-0.0023605129681527615
-0.0021618164610117674
0.01113971322774887
-0.031282756477594376
-0.0050230445340275764
-0.011940857395529747
-0.009645516984164715
-0.02100777067244053
-0.017815912142395973
0.008462876081466675
0.029858501628041267
-0.012233338318765163
0.07126364856958389
-0.002651404356583953
-0.018350007012486458
-0.009988863952457905
-0.001888410304673016
0.003315845038741827
0.004733742214739323
-0.015145432204008102
-0.01487838476896286
0.003907165490090847
0.015450630336999893
-0.01628992334008217
-0.006097594276070595
-0.02124938555061817
0.010230478830635548
-0.0057828593999147415
-0.017714178189635277
0.02169446460902691
-0.001006993232294917
0.022253993898630142
0.047559965401887894
-0.010179612785577774
-0.007738031446933746
0.014980116859078407
-0.018171975389122963
0.003951673395931721
0.022139545530080795
-0.0021061815787106752
0.003244314342737198
-0.03049433045089245
-0.004864087328314781
0.0016515642637386918
-0.04201554134488106
-0.02362738363444805
0.006383717060089111
-0.016773153096437454
-0.003958031535148621
-0.024631991982460022
0.011883632279932499
0.012665702030062675
0.009995222091674805
0.017129216343164444
-0.042117271572351456
-0.0776219293475151
-0.03118102438747883
-0.0008663162006996572
-0.011686526238918304
0.007852480746805668
-0.02262277342379093
