0.007021308410912752
-0.011833244934678078
0.015365743078291416
-0.002953630406409502
-0.03347759693861008
0.012956654652953148
-0.04016812518239021
-0.01424233429133892
-0.024789899587631226
-0.04026798531413078
-0.006890243850648403
0.0011507144663482904
-0.010915794409811497
0.004914915654808283
0.008250817656517029
0.0009346141596324742
0.02726140059530735
-0.0002615437260828912
0.009355503134429455
0.014467015862464905
-0.005563996732234955
0.02379131317138672
0.007208543363958597
-0.0320296473801136
-0.014304745942354202
0.01871100626885891
0.013156372122466564
-0.03819591924548149
0.009605149738490582
0.006150666158646345
-0.003891365136951208
-0.013218782842159271
-0.02781062200665474
-0.011496222577989101
0.004056755919009447
-0.010541324503719807
0.005167683120816946
0.00635662442073226
0.040392808616161346
0.008912380784749985
0.006019601598381996
0.018086889758706093
0.0041815792210400105
0.003925691358745098
-0.01608971878886223
0.02566366270184517
-0.008918621577322483
-0.017050856724381447
-0.033727243542671204
0.017400361597537994
0.004134770482778549
0.01965966261923313
-0.005133356433361769
0.003947535529732704
-0.030182264745235443
-0.019921792671084404
-0.026462530717253685
-0.015902483835816383
0.015927448868751526
-0.03472582995891571
-0.007714077364653349
-0.0025370328221470118
-0.026936858892440796
0.010347848758101463
-0.0010922035435214639
0.01816178485751152
-0.010191819630563259
0.009960896335542202
-0.01912292279303074
-0.013593252748250961
0.013580771163105965
0.017674973234534264
0.008768834173679352
0.006387830246239901
0.020982790738344193
-0.0010274514788761735
0.002385684521868825
-0.035424839705228806
0.016276953741908073
0.034750796854496
0.004078600089997053
-0.0008472378831356764
-0.017013410106301308
0.009386708959937096
0.011234093457460403
0.014816520735621452
-0.0068840025924146175
0.00356058357283473
0.0030503685120493174
-0.008762592449784279
-0.03063162788748741
0.020096544176340103
0.007077478803694248
0.016301916912198067
-0.02072066068649292
0.0011959628900513053
-0.008188406005501747
0.0042595937848091125
-0.03257887065410614
-0.04536077380180359
-0.03520015999674797
0.0064970506355166435
-0.0036542010493576527
0.0014292263658717275
-0.0705501064658165
0.00021785560238640755
0.0023497978691011667
0.009430397301912308
0.0158400721848011
-0.03205461427569389
-0.0072771962732076645
0.034950513392686844
-0.0018099372973665595
0.00436257291585207
0.016239505261182785
-0.02017143927514553
0.016451705247163773
-0.01535326149314642
-0.015340778976678848
-0.004705836996436119
0.019647181034088135
-0.001085182186216116
0.013967722654342651
-0.012638354673981667
0.02419074811041355
0.0030082406010478735
-0.048406459391117096
0.0062754894606769085
-0.012582184746861458
-0.025551320984959602
-0.015577943064272404
-0.003257887205109
-0.007102443370968103
0.01863611303269863
-0.007776489015668631
-0.011614804156124592
-0.003794627031311393
0.013293677009642124
-0.028534596785902977
-0.027036719024181366
0.01511609647423029
0.026013167575001717
0.0029520702082663774
-0.029707936570048332
-0.0050178952515125275
0.01419240515679121
0.04543566703796387
0.029633041471242905
0.0023638405837118626
0.025613732635974884
0.0025183092802762985
-0.02781062200665474
0.025738555938005447
-0.00612570159137249
-0.009854796342551708
-0.015665318816900253
0.00011429129517637193
0.010428983718156815
0.002287386218085885
-0.005713784601539373
-0.010141889564692974
-0.03911960870027542
0.004393778741359711
0.007951241917908192
0.006303574424237013
0.022380810230970383
0.01581510715186596
0.008687699213624
0.02505202777683735
0.006319177336990833
0.013643182814121246
0.03347759693861008
-0.02174421213567257
0.018461359664797783
-0.008413087576627731
0.027286365628242493
-0.0043906583450734615
0.004871227778494358
-0.016239505261182785
-0.02178165875375271
-0.02688693068921566
0.00713989045470953
-0.011889415793120861
0.0006853577215224504
-0.019909309223294258
0.01638929359614849
0.008906139992177486
0.019809450954198837
0.020695697516202927
0.012931689620018005
0.020471014082431793
0.008319470100104809
-0.02460266463458538
-0.001540006953291595
-0.6362990736961365
-0.00534243555739522
0.0031315034721046686
-0.006341021507978439
0.007096202578395605
-0.0034388808999210596
0.032703693956136703
0.021906482055783272
-0.0055390321649611
-0.020396120846271515
0.0014807159313932061
0.018074408173561096
-0.008594081737101078
-0.013343606144189835
-0.01605227217078209
-0.02838481031358242
0.009205715730786324
-0.043812964111566544
0.03704754263162613
-0.0033327811397612095
-0.0317051075398922
0.014017651788890362
0.006225560326129198
-0.0015072408132255077
-0.003647959791123867
0.0115024633705616
0.019634699448943138
-0.0071461317129433155
0.011034375987946987
0.023404361680150032
0.006047687027603388
0.028709350153803825
0.0021547614596784115
0.04164103791117668
0.04965469241142273
-0.007639183662831783
-0.02875927835702896
0.03554966300725937
0.01949739269912243
0.022368328645825386
-0.013543323613703251
-0.03417661041021347
0.008800039999186993
-0.004487396217882633
0.018835829570889473
0.01228260900825262
0.022855138406157494
-0.01141508761793375
-0.013555806130170822
0.02103271894156933
0.004350090399384499
-0.005479740910232067
0.0033889515325427055
0.020433567464351654
0.004996051080524921
-0.009792384691536427
0.006946414243429899
0.02194392867386341
0.00031693404889665544
0.018361501395702362
-0.008681457489728928
0.007058755494654179
0.0010063875233754516
-0.0432887077331543
-0.028210056945681572
0.036922719329595566
-0.023529184982180595
-0.01997172087430954
0.006784144323319197
-0.01901058293879032
0.029707936570048332
0.023316984996199608
0.013368571177124977
-0.012750696390867233
0.0074769132770597935
0.016726316884160042
0.022655421867966652
0.002006534021347761
-0.003373348619788885
0.006294212769716978
-0.002618167782202363
-0.023366915062069893
-0.010990687645971775
0.01625198870897293
0.009411673992872238
-0.060064952820539474
-0.005919743329286575
-0.006846555974334478
0.010922035202383995
0.02399103157222271
0.017874691635370255
0.008132235147058964
-0.007308402098715305
-0.023741384968161583
0.013156372122466564
0.03480072319507599
0.00830074679106474
0.0025744796730577946
-0.007508119102567434
-0.0223183985799551
-0.01296913716942072
-0.013281194493174553
0.006603150628507137
-0.012164026498794556
0.012944172136485577
0.0002720757038332522
0.010884588584303856
-0.0019488031975924969
0.04006826505064964
-0.005532790906727314
0.006447121500968933
-0.003729094984009862
-0.02170676551759243
-0.0082633001729846
-0.027511047199368477
-0.03070652298629284
0.016127165406942368
-0.011496222577989101
-0.0015205033123493195
-0.015752695500850677
0.02511443942785263
0.009486568160355091
0.0070899613201618195
-0.003657321445643902
-0.026562388986349106
0.03891989216208458
-0.024952169507741928
0.016913551837205887
-0.02048349753022194
-0.024240676313638687
0.0006104637868702412
-0.02143215388059616
0.019410017877817154
-0.0028428498189896345
0.007863865233957767
0.00874386914074421
0.010659906081855297
-0.016214542090892792
0.003429519012570381
-0.003207957837730646
0.00021278465283103287
-0.03764669597148895
0.008469258435070515
-0.026936858892440796
-0.037372082471847534
-0.012007997371256351
-0.025501392781734467
0.004393778741359711
-0.024964652955532074
0.012176509015262127
-0.013743041083216667
-0.0017740506445989013
-0.026462530717253685
0.008406846784055233
0.010971964336931705
0.003513774834573269
-0.004902433604001999
-0.0056482525542378426
-0.025201816111803055
-0.014579356648027897
0.006328539457172155
-0.012419914826750755
-0.02320464327931404
0.0005461017717607319
-0.0010929836425930262
0.01918533444404602
0.005270662251859903
0.015041203238070011
-0.00830074679106474
-0.05686947703361511
0.014167440123856068
0.008469258435070515
-0.020770590752363205
0.04368814080953598
0.026837000623345375
-0.011814521625638008
-0.01465425081551075
0.012775660492479801
-0.008119752630591393
-0.020633285865187645
0.00797620601952076
0.019347606226801872
-0.016613975167274475
-0.016027307137846947
0.0021656835451722145
0.00874386914074421
0.01475410908460617
0.022206058725714684
0.0009205715614371002
0.015190990641713142
0.01232005562633276
0.0091183390468359
-0.01470417995005846
0.004306402523070574
-0.002632210496813059
0.0021688041742891073
-0.00788883026689291
0.003835194744169712
0.0051832860335707664
0.019410017877817154
0.046259500086307526
-0.01475410908460617
0.030756451189517975
-0.014691697433590889
-0.00022936274763196707
0.003451363183557987
-0.0037977476604282856
-0.0214696004986763
0.04630943015217781
0.0158525537699461
0.017737384885549545
-0.014167440123856068
-0.02487727627158165
-0.021594423800706863
0.00798868853598833
0.02464011125266552
-0.0019706471357494593
0.007764006964862347
-0.00830074679106474
-0.006422156933695078
-0.006119460333138704
-0.013630700297653675
0.019260229542851448
-0.025376569479703903
-0.020795555785298347
0.016514116898179054
-0.012894243001937866
0.010397777892649174
0.008712663315236568
-0.013006583787500858
0.016439223662018776
0.0028880981262773275
-0.004796333611011505
0.01833653636276722
0.010035790503025055
0.01615213043987751
0.010091960430145264
-0.012045444920659065
0.02337939664721489
0.009667561389505863
0.011034375987946987
0.016751281917095184
0.0074769132770597935
-0.005904140416532755
0.01697596348822117
0.011589840054512024
0.015190990641713142
-0.0099671371281147
-0.016726316884160042
-0.007221025414764881
-0.008887415751814842
0.006796626374125481
-0.04144132137298584
-0.01751270331442356
0.010435224510729313
-0.02995758317410946
0.008013653568923473
-0.010385295376181602
0.01731298677623272
0.004512360785156488
0.006540738977491856
0.021619388833642006
0.000655712210573256
0.011639769189059734
0.004883710294961929
-0.02113257721066475
0.007576772011816502
-0.012326297350227833
-0.011546151712536812
-0.011727144941687584
0.0016336244298145175
-0.009861037135124207
0.0006323078414425254
-0.0034950512927025557
-0.00023657908604945987
0.014055099338293076
0.02123243734240532
-0.0009525574860163033
0.009636355563998222
0.017500221729278564
0.0024262522347271442
-0.01717568002641201
0.004100444260984659
0.022430740296840668
-0.008849969133734703
-0.017362914979457855
-0.005904140416532755
-0.0029302260372787714
-0.01642674021422863
0.0032485253177583218
0.009667561389505863
-0.008163440972566605
0.011546151712536812
0.014916379936039448
0.002307669958099723
-0.028060268610715866
0.016863621771335602
-0.013980205170810223
0.006752938497811556
5.4220105084823444e-05
0.016401777043938637
-0.013455947861075401
-0.019747039303183556
-0.0009385148878209293
0.03802116587758064
0.01660149358212948
-0.0008729826658964157
0.012426155619323254
0.009973378852009773
-0.03882003575563431
0.006403433158993721
-0.023117268458008766
0.018373984843492508
0.012856795452535152
-0.016589011996984482
0.015665318816900253
0.03133063763380051
-0.005473500117659569
0.019959239289164543
0.005451655946671963
-0.006565703544765711
-0.00375718018040061
-0.011851968243718147
0.003866400569677353
0.03572441637516022
-0.006153786554932594
-0.001677312538959086
0.049430012702941895
-0.0165266003459692
-0.013593252748250961
-0.012557219713926315
-0.040467701852321625
0.0067591797560453415
-0.017238091677427292
0.012906725518405437
0.006715491414070129
0.002502706367522478
-0.0063098156824707985
0.0015275246696546674
-0.0008737628231756389
0.005607685074210167
0.005763714201748371
0.007788971532136202
0.0015602908097207546
0.003373348619788885
-0.015178508125245571
0.006028963252902031
0.012513532303273678
0.021319812163710594
0.01146501675248146
0.0582674965262413
0.034850653260946274
-0.00870642252266407
-0.016339365392923355
0.012469843961298466
0.010385295376181602
0.04004330188035965
0.0034139160998165607
-0.03025715798139572
0.019472429528832436
0.0026462532114237547
0.0381709523499012
0.011446293443441391
-0.0007075918838381767
0.03931932523846626
0.02290506847202778
0.013680629432201385
-0.004671510308980942
0.013980205170810223
-0.0009463163441978395
0.01666390523314476
0.04618460685014725
-0.007114925887435675
-0.00916826818138361
0.021107614040374756
0.014903897419571877
0.005645132157951593
-0.00415037339553237
0.0017896534409373999
-0.005651372950524092
0.0063098156824707985
0.022880103439092636
-0.0284597035497427
-0.02531415782868862
-0.012638354673981667
-0.04044273495674133
0.018186749890446663
-0.0091183390468359
-0.01918533444404602
-0.014367157593369484
-0.006546980235725641
-0.011814521625638008
-0.028309915214776993
-0.0009619192569516599
0.0115024633705616
-0.05607060715556145
-0.03712243586778641
-0.0068840025924146175
-0.007901312783360481
0.027461117133498192
-0.0035761864855885506
-0.018049443140625954
-0.002618167782202363
0.020945342257618904
0.007021308410912752
0.009511532261967659
0.003264128230512142
-0.010772247798740864
-0.0067716618068516254
0.021681800484657288
-0.015865037217736244
-0.0031642697285860777
0.013044030405580997
0.008512946777045727
-0.01912292279303074
-0.027760693803429604
0.0011811400763690472
0.01632688194513321
-0.03330284729599953
0.0344262570142746
0.016301916912198067
0.003938173875212669
0.011284022592008114
-0.022343363612890244
-0.01348091196268797
-0.009386708959937096
0.006590668112039566
0.010897071100771427
-0.010653665289282799
0.02344180829823017
-0.011396363377571106
0.008837486617267132
-0.004059876315295696
4.1030769352801144e-05
0.020733144134283066
-0.02194392867386341
0.015827588737010956
-0.025002099573612213
-0.01110927015542984
-0.0032516459468752146
0.016988445073366165
0.03609888628125191
0.013306159526109695
-0.0023778830654919147
-0.01197679154574871
-0.04695850983262062
0.013655664399266243
0.014504462480545044
-0.0008784437086433172
0.017537668347358704
-0.0071461317129433155
0.0028178850188851357
-0.003676044987514615
-0.017188163474202156
-0.020907895639538765
0.02631274424493313
-0.004546687472611666
-0.03534994646906853
-0.007408260367810726
-0.002093910239636898
-0.025276709347963333
0.009211956523358822
-0.0040723588317632675
-0.013680629432201385
-0.009667561389505863
0.005529670510441065
-0.00022994785103946924
-0.02885913848876953
0.04209040477871895
-0.02848466858267784
-0.034401290118694305
-0.010173095390200615
-0.016202058643102646
0.01867355965077877
-0.03417661041021347
-0.011152958497405052
-0.006777903065085411
-0.013543323613703251
-0.016339365392923355
-0.02166931889951229
0.0019800090231001377
-0.021107614040374756
0.01847384311258793
0.015802625566720963
0.01339353621006012
-0.02235584519803524
0.006197474896907806
-0.005482861772179604
-0.00788883026689291
-0.012051685713231564
-0.0013582331594079733
-0.007058755494654179
-0.044387150555849075
0.002298308303579688
0.018274124711751938
-0.008431810885667801
-0.010522601194679737
-0.018998099491000175
-0.025838414207100868
0.031405530869960785
-0.018174266442656517
-0.03465093672275543
-0.008562875911593437
-0.011003170162439346
-0.026063097640872
0.02266790345311165
-0.015440637245774269
0.01311892457306385
-0.007689112797379494
0.01683865860104561
0.04276444762945175
0.006025842856615782
-0.008063582703471184
0.004662148654460907
0.03118085116147995
-0.0015641915379092097
0.010553807020187378
0.01577766053378582
0.027411188930273056
0.020558390766382217
0.010229266248643398
-0.04011819511651993
-0.0013051831629127264
0.016489151865243912
-0.00669676810503006
-0.015865037217736244
-0.013468429446220398
0.010947000235319138
-0.019647181034088135
0.017799796536564827
-0.005688820034265518
-0.011546151712536812
0.01660149358212948
-0.0190854761749506
-0.014217369258403778
-0.028534596785902977
0.00718981958925724
0.0030503685120493174
0.010385295376181602
-0.0007797552971169353
0.021444635465741158
0.017263056710362434
0.0005796480108983815
0.015328296460211277
0.019921792671084404
-0.018973136320710182
0.029058855026960373
0.01104061771184206
0.03732215613126755
0.013343606144189835
-0.009318056516349316
-0.028160126879811287
0.005479740910232067
0.014841485768556595
-0.005089668557047844
0.033652350306510925
-0.02558876760303974
-0.006678044330328703
-0.03395192697644234
0.01390531100332737
0.011670975014567375
0.002444975543767214
-0.013618217781186104
-0.006715491414070129
0.01625198870897293
0.0010048272088170052
-0.028359845280647278
-0.0010578770888969302
0.0021672439761459827
0.013792970217764378
0.007913794368505478
0.010809694416821003
-0.012707008048892021
0.0006065630586817861
-0.008088547736406326
0.0633602887392044
-0.012132820673286915
0.019272711127996445
0.009480326436460018
-0.021931447088718414
-0.01141508761793375
-0.015665318816900253
-0.00016890147526282817
-0.012538496404886246
0.004502999130636454
0.013618217781186104
-0.0062193190678954124
-0.014142475090920925
-0.0043469700030982494
-0.03390199691057205
0.016039788722991943
-0.004827539436519146
0.002259301021695137
0.02211868204176426
0.0007399679161608219
-0.006319177336990833
0.019647181034088135
0.01069735363125801
-0.018074408173561096
0.015290849842131138
0.004902433604001999
-0.012419914826750755
0.01871100626885891
-0.011371399275958538
-0.02211868204176426
0.038495492190122604
-0.020396120846271515
-0.013842899352312088
0.0006525915814563632
-0.0197595227509737
-0.0031923549249768257
-0.018960652872920036
0.0036822862457484007
-0.012919207103550434
-0.005869813729077578
0.0014861769741401076
0.007052514236420393
0.015290849842131138
0.022805210202932358
0.013917793519794941
-0.007651665713638067
0.018835829570889473
-0.037372082471847534
-0.015528013929724693
0.01073480024933815
0.008481740951538086
0.022917550057172775
0.038869962096214294
0.006503291893750429
-0.024240676313638687
0.02050846256315708
-0.005364279728382826
-0.0310060977935791
-0.021344777196645737
-0.0022717833053320646
-0.00030016092932783067
-0.014529427513480186
-0.011864450760185719
0.035424839705228806
-0.008094788528978825
0.003538739401847124
0.01812433823943138
-0.007464430760592222
0.02940835990011692
-0.007820176891982555
-0.026387637481093407
0.01063494198024273
-0.021382223814725876
0.028434738516807556
-0.013830416835844517
0.01419240515679121
-0.019434981048107147
-0.008993515744805336
-0.01061621867120266
-0.004799454472959042
0.027461117133498192
-0.00334838405251503
-0.010091960430145264
-0.010466430336236954
-0.006050807423889637
-0.023841243237257004
0.00903096329420805
-0.012363743968307972
-0.01001706626266241
0.021956412121653557
-0.012469843961298466
0.006734214723110199
0.024889757856726646
-0.013181336224079132
0.005910381209105253
3.9891028791316785e-06
-0.02848466858267784
-0.03622370958328247
-0.0041066850535571575
-0.017337951809167862
0.047557663172483444
0.016264470294117928
-0.014080063439905643
-0.00830074679106474
0.0027507925406098366
-0.04151621460914612
-0.017774831503629684
0.00674669723957777
0.012557219713926315
-0.0022124922834336758
0.014454533345997334
0.0028350483626127243
0.04034287855029106
-0.009767420589923859
0.020146474242210388
-0.02188151702284813
-0.010404018685221672
-0.022468186914920807
0.0004829099925700575
0.007058755494654179
-0.01591496542096138
-0.016214542090892792
-0.017575114965438843
0.03350256383419037
-0.019572287797927856
-0.005008533131331205
0.02089541405439377
-0.008800039999186993
-0.01465425081551075
-0.002903701039031148
0.016301916912198067
0.013555806130170822
0.02531415782868862
-0.0003887074417434633
-0.025788486003875732
0.00916826818138361
0.01306899543851614
0.0013551125302910805
-0.02450280636548996
-0.011333951726555824
0.022368328645825386
-0.01232005562633276
0.02696182392537594
-0.006896485108882189
-0.012388709001243114
0.002953630406409502
-0.017263056710362434
-0.0005312790162861347
-0.00019688918837346137
-0.009861037135124207
0.011633527465164661
-0.00494924234226346
-0.017625045031309128
-0.0030644109938293695
-0.008438052609562874
-0.015303331427276134
0.019097959622740746
0.0036417185328900814
0.0030004391446709633
0.021731730550527573
-0.0023388757836073637
-0.016102200374007225
-0.01419240515679121
-0.021145060658454895
-0.005354918073862791
-0.002763274824246764
-0.017637526616454124
0.003140865359455347
0.033352773636579514
-0.0049773273058235645
-0.0007914574816823006
-0.007096202578395605
-0.008812522515654564
-0.017612561583518982
-0.008356917649507523
0.006362865678966045
-0.022642940282821655
-0.010541324503719807
0.026387637481093407
-0.008949827402830124
0.023491738364100456
-0.006621873937547207
0.007470672018826008
-0.03742201253771782
0.014878932386636734
0.20281283557415009
-0.03033205308020115
-0.017225610092282295
0.004927398171275854
0.002640011953189969
0.01029167789965868
0.032628800719976425
-0.0048868306912481785
-0.004765127785503864
0.01904802955687046
0.012682043015956879
-0.014804039150476456
-0.00591350207105279
0.004431225825101137
0.005997757893055677
-0.00874386914074421
-0.03554966300725937
-0.0016133406898006797
0.019846897572278976
0.0330532006919384
0.02436549961566925
0.003701009787619114
-0.007033790927380323
-0.02184407040476799
0.0330532006919384
0.0033608663361519575
0.0001910380960907787
0.0036011510528624058
0.04086713492870331
0.024040959775447845
-0.012619631364941597
0.014679215848445892
-0.00297391414642334
-0.012145303189754486
0.0013176655629649758
-0.0009346141596324742
0.02771076373755932
-0.01549056638032198
0.0103915361687541
0.006453362759202719
0.0076079778373241425
-0.030282123014330864
0.01078472938388586
-0.006621873937547207
-0.0036105127073824406
0.05322463810443878
0.008575358428061008
-0.006727973930537701
0.0011460335226729512
0.0006486908532679081
-0.018249161541461945
0.03367731720209122
0.02153201214969158
0.00823209434747696
-0.011327710933983326
0.0204460509121418
0.014017651788890362
-0.018598666414618492
0.016314400359988213
-0.012476084753870964
-0.005283144302666187
0.028609491884708405
-0.0006241162773221731
0.03574938327074051
-0.016127165406942368
0.003647959791123867
-0.020770590752363205
-0.0015212835278362036
0.007501877844333649
-0.0041815792210400105
0.009274368174374104
0.0008854650077410042
-0.008207129314541817
0.004630942828953266
-0.014267298392951488
-0.024215713143348694
0.0035012925509363413
0.01922278292477131
0.02923360839486122
0.016064753755927086
-0.013605735264718533
0.003051928710192442
-0.025176851078867912
-0.025126922875642776
0.0054610176011919975
-0.030307088047266006
0.015465602278709412
-0.006678044330328703
-0.010878346860408783
-0.02058335579931736
-0.007377054542303085
0.018598666414618492
4.383441773825325e-05
-0.014541910029947758
0.0014799358323216438
0.017325468361377716
-0.006060169078409672
-0.0022265349980443716
-0.00989848468452692
-0.011989274062216282
-0.023866208270192146
0.03282851725816727
0.003435760270804167
0.012906725518405437
-0.002396606607362628
0.024515287950634956
-0.029633041471242905
0.01041025947779417
0.012295091524720192
-0.036273639649152756
0.01796206645667553
-0.021756693720817566
0.011639769189059734
-0.010247989557683468
-0.026487495750188828
0.01786220818758011
0.01349339447915554
-0.016676386818289757
0.028160126879811287
-0.00359490979462862
0.011883174069225788
-0.008843728341162205
-0.01550304889678955
0.004087961744517088
-0.014966309070587158
-0.020907895639538765
-0.04204047471284866
0.008737628348171711
-0.018486324697732925
-0.007739041931927204
0.011271540075540543
-0.022068751975893974
0.010191819630563259
0.006721732672303915
-0.00655322102829814
0.014154957607388496
0.009299333207309246
-0.020533425733447075
-0.003426398616284132
0.00516144186258316
0.020021650940179825
-0.02988268807530403
0.0026415721513330936
0.006940173450857401
0.015103614889085293
-0.017575114965438843
-0.007620459888130426
-0.011870692484080791
-0.030831344425678253
-0.020471014082431793
0.0045903753489255905
-0.034501150250434875
-0.012919207103550434
0.0020876689814031124
0.000687308085616678
0.022206058725714684
-0.028684385120868683
0.0032859724014997482
0.010335366241633892
-0.002643132582306862
-0.031879860907793045
0.0018161784391850233
0.022505633533000946
-0.02304237335920334
-0.013917793519794941
0.021556977182626724
-0.15308324992656708
0.015041203238070011
0.0031424255575984716
-0.006852797232568264
-0.0010032670106738806
0.012919207103550434
0.006334780249744654
0.021082649007439613
0.004253352526575327
-0.03125574439764023
0.008101029321551323
0.0038757622241973877
-0.039444148540496826
-0.031605251133441925
0.010659906081855297
-0.005117753520607948
-0.0253890510648489
-0.006188113242387772
0.02330450341105461
0.02082051895558834
-0.0037197330966591835
-0.0077952127903699875
-0.03245404735207558
-0.000438831775682047
0.018873276188969612
0.007826418615877628
-0.033277880400419235
0.02201882377266884
0.008288264274597168
-0.013705594465136528
0.009274368174374104
0.01475410908460617
0.027211470529437065
-0.0008714224095456302
-0.008157200179994106
0.002718026516959071
-0.0024871034547686577
-0.013031548820436
-0.011053099296987057
0.027486082166433334
-0.0007957482594065368
-0.002632210496813059
0.010834659449756145
0.004855624865740538
-0.007901312783360481
-0.0011655371636152267
0.017263056710362434
-0.020833002403378487
0.02706168219447136
-0.016638940200209618
0.03130567446351051
-0.018311573192477226
0.0028568923007696867
0.0023638405837118626
0.006415915675461292
0.008469258435070515
0.0009283730178140104
0.003482569009065628
0.0102230254560709
-0.006422156933695078
-0.01564035378396511
-0.009486568160355091
-0.012881760485470295
0.006834073457866907
0.017325468361377716
-0.013218782842159271
-0.027835587039589882
0.021681800484657288
-0.030182264745235443
0.009068409912288189
-0.002544834278523922
-0.02808523364365101
0.017500221729278564
-0.0004754986148327589
-0.010091960430145264
-0.003984982613474131
-0.004262714181095362
0.04478658735752106
0.004946121480315924
-0.033752210438251495
-0.018723489716649055
0.027461117133498192
-0.00518016517162323
-0.008787557482719421
-0.00774528319016099
-0.02920864336192608
-0.008319470100104809
0.003947535529732704
0.0017849726136773825
0.020945342257618904
0.017849726602435112
-0.03622370958328247
-0.010510118678212166
-0.010984446853399277
0.007994930259883404
0.01680121012032032
0.016102200374007225
-0.012432396411895752
-0.004843142349272966
0.0024761813692748547
0.014491980895400047
0.013455947861075401
-0.013430982828140259
-0.01918533444404602
0.01751270331442356
-0.002905261470004916
0.02883417345583439
0.012738213874399662
0.027111612260341644
0.009530255571007729
-0.035225123167037964
0.007008825894445181
0.0030644109938293695
0.013618217781186104
0.010528841987252235
0.008856209926307201
0.00023852945014368743
-0.011034375987946987
0.006727973930537701
-0.014292263425886631
0.03462597355246544
-0.0005858891527168453
-0.022131163626909256
0.01577766053378582
-0.020882930606603622
-0.037571802735328674
-0.10265465080738068
-0.0323791541159153
0.03824584558606148
0.021956412121653557
0.003298454685136676
0.02473996952176094
0.014966309070587158
0.017987031489610672
-0.013143889605998993
0.027511047199368477
-0.04733297973871231
-0.009155786596238613
-0.018349019810557365
-0.0024621388874948025
-0.010416501201689243
0.008444293402135372
-0.01587751880288124
-0.0039818622171878815
-0.03824584558606148
0.005941587034612894
0.016514116898179054
0.0020814279559999704
-0.003217319492250681
0.009074650704860687
-0.02558876760303974
0.007108684629201889
-0.031780000776052475
0.01662645861506462
0.03053176961839199
-0.007863865233957767
-0.009655078873038292
-0.003794627031311393
-0.011777075007557869
-0.014928861521184444
0.0028288071043789387
-0.01751270331442356
-0.01894817128777504
-0.01587751880288124
0.017462773248553276
0.008356917649507523
0.0012061047600582242
0.014292263425886631
0.007595495320856571
-0.02416578307747841
0.012007997371256351
-0.03342767059803009
-0.01381793525069952
0.01615213043987751
-0.009861037135124207
-0.02726140059530735
-0.02178165875375271
-0.03185489773750305
-0.04338856413960457
0.016489151865243912
-0.0013933395966887474
0.004034911748021841
-0.0032859724014997482
0.0010641183471307158
-0.010116925463080406
-0.018324054777622223
-0.00037388468626886606
-0.0035574629437178373
-0.004874348174780607
0.030956167727708817
0.022954996675252914
0.012781902216374874
-0.013281194493174553
-0.006409674417227507
0.012345020659267902
0.010485153645277023
0.00477136904373765
0.014741627499461174
0.015328296460211277
-0.026013167575001717
-0.013243747875094414
0.025002099573612213
-0.015627872198820114
-0.009018480777740479
-3.715442289831117e-05
0.005563996732234955
0.0070150671526789665
-0.014254816807806492
-0.026462530717253685
-0.0357743464410305
0.02855956181883812
0.009954654611647129
-0.0010836219880729914
-0.002245258307084441
0.007433224935084581
-0.021207472309470177
-0.008132235147058964
0.02913374826312065
0.025064511224627495
0.004821298643946648
0.023941101506352425
0.0028600129298865795
-0.00032961141550913453
-0.004896192345768213
-0.008194646798074245
0.009642597287893295
-0.036448393017053604
-0.0017958946991711855
-0.0633602887392044
-0.006609391421079636
0.022855138406157494
0.00016539082571398467
-0.004924277774989605
-0.011315228417515755
0.03949407860636711
-0.0063659860752522945
0.020009169355034828
0.013056512922048569
0.014891414903104305
0.0018567460356280208
-0.01973455771803856
-0.009311814792454243
-0.009305573999881744
-0.010840900242328644
0.028434738516807556
0.008856209926307201
0.023941101506352425
-0.012994101271033287
0.0020361794158816338
-0.01894817128777504
0.007776489015668631
0.030931204557418823
-0.023703936487436295
0.006946414243429899
-0.0030113612301647663
-0.011739627458155155
-0.017375398427248
0.00774528319016099
0.030357016250491142
-0.005872934591025114
-0.002393485978245735
0.009511532261967659
-0.020009169355034828
-0.013680629432201385
0.033652350306510925
0.02716154232621193
0.015315813943743706
0.07234755903482437
-0.01571524888277054
-0.018149301409721375
0.0391945019364357
-0.010641182772815228
-0.03752187266945839
-0.001377736683934927
-0.001465893117710948
-0.008013653568923473
0.011539909988641739
-0.026063097640872
0.03332781046628952
0.024627629667520523
-0.0021906481124460697
0.004571652039885521
-0.011121752671897411
-0.0022998685017228127
0.018149301409721375
0.01979696936905384
0.007483154535293579
-0.0013207860756665468
0.0402180552482605
0.01348091196268797
0.017537668347358704
0.010722317732870579
-0.016501635313034058
-0.010247989557683468
-0.008419329300522804
-0.007258472498506308
0.0034732071217149496
0.006100737024098635
0.013343606144189835
0.0010063875233754516
0.027885517105460167
0.025376569479703903
0.019310157746076584
-0.0006354284123517573
-0.0003038666327483952
-0.007221025414764881
-0.018036961555480957
0.014953826554119587
0.0015033402014523745
0.015702765434980392
-0.028509633615612984
0.01774986833333969
0.01386786438524723
0.010466430336236954
-0.014080063439905643
0.0002638841688167304
-0.0038507976569235325
0.019509876146912575
-0.028210056945681572
0.02357911318540573
-0.012538496404886246
0.013730558566749096
-0.01914788782596588
-0.00091277010506019
0.014154957607388496
-0.019509876146912575
0.0011148276971653104
0.016102200374007225
0.027286365628242493
-0.002953630406409502
0.023316984996199608
-0.016339365392923355
-0.023916136473417282
0.011739627458155155
-0.042240191251039505
-0.03732215613126755
-0.003782144747674465
0.005925984121859074
-8.581599104218185e-05
-0.0017194404499605298
0.010385295376181602
-0.00865649338811636
-0.03619874641299248
-0.007583013270050287
0.00558896129950881
-0.013318642042577267
-0.020183920860290527
0.02027129754424095
-0.0026946221478283405
0.026812035590410233
0.03707250952720642
0.00025393732357770205
0.010722317732870579
0.0017568874172866344
0.030956167727708817
0.006503291893750429
0.005442294292151928
-0.0042939200066030025
-0.013618217781186104
-0.009973378852009773
-0.009761178866028786
-0.015153544023633003
-0.01100941188633442
-0.01061621867120266
0.018211713060736656
0.011958068236708641
-0.007820176891982555
0.0800866037607193
0.013281194493174553
-0.02160690724849701
0.025401532649993896
0.0009993662824854255
0.004868107382208109
-0.004122287966310978
0.0025151886511594057
-0.013093960471451283
-0.011053099296987057
-0.01470417995005846
-0.01673879846930504
0.0018271005246788263
-0.014541910029947758
-0.0029895170591771603
0.0032610076013952494
-0.005417329724878073
0.022131163626909256
-0.0025261107366532087
0.028509633615612984
0.049904339015483856
-0.010541324503719807
0.015003755688667297
0.026861965656280518
-0.013056512922048569
0.014392121694982052
0.03460100665688515
-0.003376469248905778
-0.012507290579378605
-0.013568288646638393
0.010691111907362938
0.006990102585405111
-0.0480569563806057
-0.016351846978068352
0.010354089550673962
-0.025126922875642776
-0.004855624865740538
-0.04238997772336006
-0.008668975904583931
0.013455947861075401
-0.0036854068748652935
0.018723489716649055
-0.013505876995623112
-0.043538354337215424
-0.030307088047266006
0.008063582703471184
-0.023117268458008766
-0.0003848067135550082
0.0012357502710074186
