-0.020087510347366333
-0.021409563720226288
0.0301120113581419
-0.0031254368368536234
-0.034347716718912125
0.0005382875096984208
-0.044256698340177536
-0.0060262531042099
-0.022590426728129387
-0.022616097703576088
-0.010229868814349174
0.00988972932100296
0.0022494159638881683
0.013130685314536095
0.003066072706133127
-0.011994746513664722
0.030291708186268806
-0.0030339842196553946
-0.015479575842618942
-0.002942531369626522
0.005105307791382074
0.0019734534434974194
0.002758021466434002
0.011147605255246162
-0.03398832306265831
0.019086342304944992
0.022808630019426346
-0.042767785489559174
-0.019830800592899323
0.0020969947800040245
0.0012739202938973904
0.0075472560711205006
-0.00693115359172225
-0.001147972303442657
-0.0031174146570265293
-0.006725786253809929
0.007694864179939032
0.030497075989842415
0.030702443793416023
-0.004729870706796646
-0.010993579402565956
0.0020344220101833344
0.010210615582764149
-0.007791129872202873
0.0009257582132704556
0.018483076244592667
0.0032072628382593393
-0.0022927357349544764
-0.02048540860414505
0.012366974726319313
0.008676777593791485
0.016968490555882454
-0.032473739236593246
0.00807992834597826
-0.038172684609889984
-0.00471061747521162
-0.03329520672559738
0.012013999745249748
0.018008163198828697
-0.007264875806868076
0.0001972450700122863
-0.012732786126434803
-0.020600927993655205
0.024926481768488884
0.009357057511806488
0.013047254644334316
-0.019112013280391693
0.020613763481378555
-0.03640139102935791
-0.0016974908066913486
0.008529169484972954
0.024977823719382286
-0.0019542002119123936
-0.01061493344604969
0.018983660265803337
-0.005416568368673325
0.009677943773567677
-0.033115509897470474
0.027775956317782402
0.016981326043605804
0.016827300190925598
0.0014792878646403551
-0.02700582705438137
0.012097430415451527
0.004017502069473267
0.026197193190455437
0.0021916565019637346
0.012700697407126427
0.020626598969101906
-0.015518082305788994
-0.008798714727163315
0.020908979699015617
0.009870476089417934
0.021114347502589226
-0.015595095232129097
0.024515746161341667
-0.015505246818065643
0.01662193238735199
-0.020305713638663292
-0.03106183558702469
-0.0216662734746933
-0.0017568549374118447
-0.010768959298729897
-0.0020424441900104284
-0.04140722379088402
0.003085325937718153
-0.0002976224641315639
0.0180595051497221
0.011763707734644413
-0.04564293101429939
0.005400524009019136
0.04145856574177742
-0.026364054530858994
-0.004758750554174185
0.00987689383327961
-0.018200695514678955
0.012822633609175682
0.0025446319486945868
0.006035879720002413
-0.026928815990686417
0.04803032800555229
-0.0009570447145961225
0.00506680179387331
-0.004447489976882935
0.04115051403641701
-0.0005976515240035951
-0.05203499272465706
-0.00693115359172225
0.0012859535636380315
-0.015479575842618942
0.0001414909929735586
-0.009703614749014378
-0.007637104485183954
0.004717035219073296
-0.0006281358073465526
0.0015234097372740507
-0.013721116818487644
0.020806295797228813
-0.04441072419285774
-0.02169194258749485
0.005025086458772421
0.031190190464258194
-0.012469658628106117
-0.03645273298025131
0.006777127739042044
0.025966154411435127
0.034373387694358826
0.02339906059205532
0.024682607501745224
0.024541417136788368
0.0030821170657873154
-0.014619600027799606
0.004591889213770628
0.005439030006527901
0.008118434809148312
0.002713097259402275
0.005047548562288284
0.025016330182552338
0.011603264138102531
0.009812716394662857
0.010274793021380901
-0.017712948843836784
0.007252040319144726
0.010890895500779152
0.016506412997841835
0.026158686727285385
0.022308045998215675
0.004222869407385588
0.019869307056069374
-0.002454783534631133
0.020126016810536385
0.0384807363152504
-0.011802214197814465
0.02003616839647293
-0.03178062289953232
0.030445734038949013
0.006023044232279062
0.02093465067446232
-0.016570590436458588
-0.025889141485095024
-0.0276989433914423
-0.008497080765664577
0.013656939379870892
0.01784130185842514
-0.014362890273332596
-0.001099037122912705
0.008657524362206459
0.005997373256832361
0.0012354139471426606
0.0010019688634201884
0.02509334310889244
0.012514582835137844
-0.008760208263993263
0.009626601822674274
-0.6407466530799866
0.008150523528456688
-0.003934071399271488
0.0018049878999590874
-0.0005258531309664249
0.0051566497422754765
0.0301120113581419
0.0023071756586432457
-0.006350348703563213
-0.027339549735188484
-0.0005174298421479762
0.013990662060678005
-0.010435236617922783
-0.030266037210822105
-0.03403966501355171
-0.03450174257159233
-0.01074970606714487
-0.02628704160451889
0.02985530160367489
-0.007142938673496246
-0.030728114768862724
0.02293698489665985
0.0009450114448554814
0.01062776893377304
0.00705309072509408
-0.025170356035232544
-0.002236580476164818
0.0023440776858478785
-0.00198628893122077
0.00403996417298913
-0.0020312131382524967
0.01666043885052204
0.003934071399271488
0.013477242551743984
0.052933476865291595
0.006234829314053059
-0.012578760273754597
0.03352624550461769
-0.005140605382621288
-0.005137396510690451
0.008837221190333366
-0.01097432617098093
0.031010493636131287
-0.008015750907361507
0.01782846637070179
0.016005830839276314
0.02098599262535572
-0.02311667986214161
-0.0016621933318674564
0.011032085865736008
-0.0011752477148547769
0.02559392713010311
0.0072456225752830505
0.01884246990084648
-0.005644397810101509
0.008060675114393234
0.01618552766740322
-0.004514876287430525
-0.013977826572954655
0.02744223363697529
0.004524502903223038
-0.0025863470509648323
-0.007739787921309471
-0.034373387694358826
-0.027673272415995598
0.018431734293699265
-0.011558339931070805
-0.006247664801776409
0.012110265903174877
-0.018662773072719574
0.015607930719852448
0.044487737119197845
0.001833867747336626
-0.014016333036124706
0.016018666326999664
0.021820297464728355
0.028161020949482918
-0.005005833227187395
0.0023023623507469893
0.02217969112098217
-0.004072052892297506
-0.01193056907504797
-0.019663939252495766
0.021602096036076546
0.024451568722724915
-0.04382029175758362
-0.018521582707762718
-0.006388855166733265
0.029495909810066223
0.038224026560783386
-0.007733370177447796
-0.004842180758714676
0.008875726722180843
-0.03298715502023697
0.010364641435444355
0.023784125223755836
0.016711780801415443
-0.009831969626247883
0.0009650668944232166
-0.018175024539232254
-0.009389146231114864
-0.026081673800945282
0.01663476787507534
-0.0025767204351723194
0.001338097732514143
0.00261683133430779
-0.003751165932044387
0.0030917436815798283
0.049057163298130035
-0.013682610355317593
-0.009254373610019684
-0.01529987994581461
-0.0065204184502363205
-0.008432903327047825
-0.007001748774200678
-0.027082839980721474
0.023527415469288826
0.019663939252495766
0.006266918033361435
-0.006648773327469826
0.03401399403810501
-0.012752039358019829
0.009491830132901669
-0.0053395554423332214
-0.002430716995149851
0.047337211668491364
0.002358517609536648
-0.006828469689935446
-0.03347490355372429
-0.029829630628228188
-0.0025269831530749798
-0.02196148782968521
0.008047839626669884
-0.013939320109784603
0.016686109825968742
0.006045506335794926
0.011712365783751011
-0.01879112794995308
0.003725494956597686
0.0005876238574273884
-0.025362888351082802
-0.021396728232502937
0.023091008886694908
-0.013310382142663002
-0.038172684609889984
-0.028802793473005295
-0.013746787793934345
0.006212367210537195
-0.026389725506305695
0.011892062611877918
-0.02387397363781929
0.014658106490969658
-0.03745390102267265
0.0090425880625844
0.018200695514678955
0.0003660114307422191
-0.027801627293229103
-0.022474907338619232
-0.028392057865858078
-0.011705948039889336
-0.007759041152894497
0.016326718032360077
-0.034091006964445114
0.020369891077280045
-0.031703609973192215
0.006090430077165365
-0.017558922991156578
0.01594165340065956
-0.005541713908314705
-0.05709216743707657
-3.8857378967804834e-05
0.014067674987018108
-0.017315048724412918
0.027673272415995598
0.023001162335276604
0.00856125820428133
-0.0013388999504968524
-0.004290255717933178
-0.008400814607739449
-0.021576425060629845
-0.009247955866158009
0.022308045998215675
-0.01639089547097683
-0.0013854284770786762
-0.015107347629964352
0.01663476787507534
0.01664760336279869
0.01927887462079525
0.0005334742018021643
0.010813883505761623
-0.010114350356161594
0.016236869618296623
-0.01411901693791151
0.01589031144976616
-0.0025863470509648323
-0.008413650095462799
0.019124848768115044
-0.002180425450205803
0.017725784331560135
0.020305713638663292
0.013361724093556404
-0.01592881791293621
0.039173852652311325
-0.010294046252965927
-0.005198365077376366
0.01757175847887993
0.007611433509737253
-0.01470944844186306
0.04168960452079773
0.013939320109784603
0.016878642141819
-0.02270594611763954
-0.01640373095870018
-0.015389728359878063
-0.005634771194308996
0.028084008023142815
-0.02169194258749485
0.0012097429716959596
-0.009459741413593292
0.004078470636159182
-0.006315051112323999
-0.01086522452533245
0.019189026206731796
-0.030548417940735817
-0.007483078632503748
0.017276542261242867
0.01782846637070179
-0.008240371011197567
0.01168669480830431
-0.013913649134337902
0.009851222857832909
0.0035297542344778776
-0.011308048851788044
0.03278179094195366
0.038711775094270706
0.006963242311030626
0.010415983386337757
-0.014542587101459503
0.033397890627384186
0.007200698368251324
0.005057175178080797
0.012251455336809158
0.008002915419638157
-0.005073219537734985
0.011173276230692863
0.012212948873639107
0.018637102097272873
-0.02189731039106846
-0.007553673814982176
0.00597170228138566
-0.02029287815093994
-0.002268669195473194
-0.0313185453414917
-0.033603258430957794
-0.008400814607739449
-0.004380104131996632
0.0006762688281014562
0.0008294922299683094
0.01218086015433073
0.01587747596204281
0.02341189607977867
0.027390891686081886
-0.00043399931746535003
0.014157522469758987
-0.014914815314114094
-2.165985461033415e-05
-0.0024355303030461073
-0.02604316733777523
-0.028879806399345398
-0.006388855166733265
-0.007855307310819626
-0.0039308625273406506
0.0029714112170040607
-0.011622517369687557
0.0070980144664645195
0.030471405014395714
0.012623684480786324
-0.005198365077376366
0.012418316677212715
0.021512247622013092
-0.02944456785917282
-0.03083079867064953
0.003581095952540636
0.02239789441227913
0.014581093564629555
-0.00427421135827899
-0.0002956169191747904
-0.016686109825968742
-0.01976662315428257
0.005817676428705454
0.002722723875194788
-0.009087512269616127
0.00023785729717928916
0.023463238030672073
-0.01288039330393076
-0.014760790392756462
0.007566509302705526
-0.017918314784765244
-0.005169485229998827
-0.006061550695449114
0.02099882811307907
-0.026441067457199097
-0.025914812460541725
-0.0076435222290456295
0.024631265550851822
0.025478407740592957
-0.019830800592899323
-0.0037030328530818224
0.010184945538640022
-0.018418898805975914
0.01613418571650982
-0.020870473235845566
0.020203029736876488
-0.013502913527190685
-0.014940486289560795
0.01001166645437479
0.02703149802982807
-0.012578760273754597
0.001055717351846397
0.0005110121564939618
-0.008882144466042519
-0.012379810214042664
-0.011166858486831188
0.012431152164936066
0.04790197312831879
0.008734537288546562
0.0021643810905516148
0.026145851239562035
-0.0011720388429239392
-0.00638243742287159
-0.014593929052352905
-0.0482870377600193
0.018418898805975914
-0.017173858359456062
0.009665108285844326
0.016583425924181938
-0.006231620442122221
-0.010647022165358067
0.01532555092126131
0.016775958240032196
0.0069183181039988995
0.022243868559598923
0.007880978286266327
0.0022991534788161516
0.01835472136735916
-0.020164523273706436
0.00034475268330425024
0.010294046252965927
0.022564755752682686
0.007816800847649574
0.05249707028269768
0.04651574045419693
-0.0031671521719545126
-0.024182025343179703
0.0054839542135596275
0.021640602499246597
0.02605600282549858
-0.0019044628133997321
-0.02870010957121849
-0.01595448888838291
0.007893813773989677
0.045976653695106506
-0.008253206498920918
0.004348015412688255
0.0007793536642566323
0.01410618145018816
0.01956125535070896
0.0025686982553452253
-0.0007781503372825682
-0.022282375022768974
0.02310384437441826
0.015107347629964352
-0.010756123811006546
-0.006324677728116512
0.01904783770442009
0.011731619015336037
-0.018264872953295708
-0.01387514267116785
-0.005731037352234125
0.017892643809318542
0.012976659461855888
0.0073418887332081795
-0.0192403681576252
-0.0090425880625844
-0.0016782376915216446
-0.037222862243652344
0.026441067457199097
-0.016698945313692093
-0.006584595888853073
-0.018367556855082512
0.004238913767039776
-0.0050635929219424725
-0.01903500221669674
0.016827300190925598
0.01595448888838291
-0.02792998217046261
-0.04217735305428505
0.00077574368333444
0.006347139831632376
0.019124848768115044
0.004421819467097521
-0.0063663930632174015
-0.016249705106019974
0.01807234063744545
-0.0156721081584692
-0.005439030006527901
-0.0013148334110155702
-0.01411901693791151
-0.013836636207997799
-0.009312133304774761
-0.022577591240406036
-0.02242356538772583
-0.006623102352023125
0.01615985669195652
-0.021383892744779587
-0.014375725761055946
0.025850635021924973
0.002942531369626522
-0.013926484622061253
0.03927653655409813
0.006414525676518679
0.0076178512535989285
0.004489205311983824
-0.018252037465572357
-0.011635352857410908
-0.013785294257104397
-0.005130978766828775
0.01761026494204998
-0.006802798714488745
-0.0009040983859449625
-0.0076691932044923306
0.023925315588712692
-0.006254082545638084
-0.00352654536254704
0.011661023832857609
0.003208867274224758
-0.0012490516528487206
-0.01595448888838291
0.004829345270991325
-0.019625432789325714
0.0006746643921360373
0.04073978215456009
-0.0033115511760115623
0.002724328311160207
-0.0192403681576252
-0.042767785489559174
0.017725784331560135
0.01276487484574318
-0.018649937584996223
0.01097432617098093
0.004139438737183809
-0.016262540593743324
-0.024156354367733
-0.0025863470509648323
-0.015004663728177547
0.02122986689209938
-0.009928235784173012
-0.04633604362607002
-0.01660909689962864
-0.01134013757109642
-0.003385354997590184
0.0006020637229084969
0.0217304490506649
-0.012508165091276169
0.001240227255038917
0.022269539535045624
-0.004011084325611591
-0.015030334703624249
0.013047254644334316
-0.02746790461242199
-0.0301633533090353
0.004030337557196617
0.01589031144976616
0.03401399403810501
-0.016673274338245392
0.012001164257526398
-0.014273041859269142
-0.007855307310819626
-0.012091012671589851
-0.04389730468392372
0.0034527413081377745
-0.015453904867172241
0.01708400994539261
0.006777127739042044
0.02288564294576645
-0.010403147898614407
0.0035971403121948242
0.006542880553752184
-0.005041130818426609
0.00042718046461232007
0.007021002005785704
-0.009106765501201153
-0.031472571194171906
0.018880976364016533
0.015338386408984661
-0.0051213521510362625
0.005455074366182089
-0.01134013757109642
-0.009491830132901669
0.034322045743465424
-0.005541713908314705
-0.0047940476797521114
0.0034078171011060476
-0.01732788421213627
-0.01410618145018816
0.008182612247765064
-0.015980159863829613
0.002058488316833973
-0.02121703140437603
0.016224034130573273
0.052676767110824585
0.005374853033572435
-0.008394396863877773
0.025144685059785843
0.01999766193330288
-0.008015750907361507
-0.0067963809706270695
-0.00524649815633893
0.007431736681610346
0.0037030328530818224
-0.011641770601272583
-0.028802793473005295
-0.009145271964371204
0.01903500221669674
0.004498831927776337
-0.018906647339463234
0.011288795620203018
0.01949707791209221
-0.015736285597085953
0.005021877586841583
-0.0023922105319797993
0.003995039965957403
0.009337804280221462
-0.026903145015239716
-0.027673272415995598
-0.01831621490418911
-0.004020710941404104
-0.022847136482596397
0.02311667986214161
0.013156356289982796
0.005817676428705454
0.004855016246438026
-0.009113183245062828
0.01410618145018816
0.025645267218351364
-0.020793460309505463
0.038455065339803696
0.014003497548401356
0.03583662956953049
0.023013995960354805
-0.003901982679963112
-0.037530913949012756
-0.00038145409780554473
0.015543753281235695
-0.0018130100797861814
0.02599182538688183
-0.01050583180040121
-0.009203031659126282
-0.01664760336279869
0.03175495192408562
0.026081673800945282
0.002934509189799428
-0.009626601822674274
-0.009883311577141285
-0.012983077205717564
0.000824678922072053
-0.0385577492415905
-0.008458574302494526
-0.010768959298729897
0.018752621486783028
0.00445390772074461
0.006732203997671604
-0.019920649006962776
-0.012617266736924648
0.005442238878458738
0.034835465252399445
0.005419777240604162
0.03034305013716221
-0.0003991028934251517
-0.019099177792668343
-0.00410735048353672
-0.02192298136651516
-0.004986579995602369
-0.013477242551743984
-0.0037896723952144384
0.030805127695202827
0.002843056572601199
-0.015800463035702705
-0.003901982679963112
-0.029521580785512924
0.012001164257526398
-0.010897313244640827
-0.00890781544148922
0.02674911916255951
0.007502331864088774
0.014683777466416359
0.022616097703576088
0.0020729282405227423
-0.015274208970367908
-0.009979577735066414
0.001330075552687049
0.003021148731932044
0.009491830132901669
-0.009138854220509529
-0.010088679380714893
0.026441067457199097
-0.02867443859577179
-0.012386227957904339
0.005288213491439819
-0.029367554932832718
-0.010621351189911366
-0.014311548322439194
0.010563591495156288
-0.013438737019896507
-0.009979577735066414
-0.00020406390831340104
-0.0006253280444070697
0.013785294257104397
0.016070008277893066
-0.002767648082226515
0.0029136515222489834
0.013579926453530788
-0.02002333290874958
-0.02723686583340168
6.894051239214605e-06
0.005198365077376366
0.022975491359829903
0.018970824778079987
0.0038987738080322742
-0.017006997019052505
0.020549586042761803
-0.02361726388335228
-0.02941889688372612
-0.02269311062991619
-0.005044339690357447
0.012983077205717564
-0.0065204184502363205
-0.01563360169529915
0.045976653695106506
0.0051470231264829636
0.00561551796272397
0.0036549000069499016
-0.012745621614158154
0.01531271543353796
-0.008991246111690998
-0.0007693259394727647
0.002019982086494565
-0.012443987652659416
0.027365220710635185
-0.011994746513664722
-0.0006016626139171422
-0.02723686583340168
-0.017995327711105347
-0.0028671231120824814
-0.005586638115346432
0.03203733265399933
-0.020318549126386642
0.01131446659564972
-0.006456241011619568
-0.014670941978693008
-0.028392057865858078
-0.02148657664656639
-0.0156464371830225
0.004238913767039776
0.007816800847649574
-0.0023200111463665962
-0.00022141184308566153
0.007874560542404652
-0.013502913527190685
-0.004174736328423023
-0.0008583720191381872
-0.022731617093086243
-0.03781329467892647
-0.014850637875497341
-0.023065337911248207
0.02964993380010128
0.0032072628382593393
-0.006777127739042044
-0.002889584982767701
0.007951573468744755
-0.03812134638428688
-0.009170942939817905
0.02192298136651516
0.0156721081584692
0.005448656622320414
0.013772458769381046
0.0014616390690207481
0.04417968541383743
-0.012001164257526398
-0.005076428409665823
-0.002268669195473194
-0.017045503482222557
-0.017161022871732712
-0.01228996179997921
-0.003844223218038678
-0.0022542292717844248
-0.024451568722724915
-0.0034270703326910734
0.03326953575015068
-0.02483663335442543
-0.0132590401917696
0.006988913286477327
-0.021371057257056236
0.011744454503059387
-0.004450698848813772
0.014568258076906204
-0.012598013505339622
0.023668605834245682
-0.01363126840442419
-0.04225436598062515
-0.008227535523474216
0.009337804280221462
-0.014683777466416359
-0.0276989433914423
-0.005573802627623081
0.023437567055225372
-0.007964408956468105
0.028982490301132202
0.0073675597086548805
-0.007566509302705526
0.020793460309505463
-0.022834300994873047
0.0050539663061499596
-0.004046381916850805
-0.02434888482093811
-0.0017071174224838614
0.0001522206439403817
-0.03152391314506531
-0.006315051112323999
0.02097315713763237
-0.010268375277519226
0.025247368961572647
0.009992413222789764
0.006738621275871992
0.002924882574006915
0.012918899767100811
-0.007014584261924028
-0.028392057865858078
-0.021088676527142525
-0.009004081599414349
-0.005708575248718262
-0.029726946726441383
-0.011410732753574848
0.03717152029275894
-0.005185529589653015
0.0006662411033175886
-0.022744452580809593
-0.01980512961745262
-0.01482496690005064
-0.005236871540546417
0.029598591849207878
-0.022808630019426346
0.004068844020366669
0.008054257370531559
-0.01642940193414688
0.020613763481378555
0.01781563088297844
0.02026720717549324
-0.04659275338053703
0.00842648558318615
0.207215815782547
-0.03319252282381058
-0.012482494115829468
0.01759742945432663
0.004928820300847292
0.018252037465572357
0.05503849312663078
-0.018444569781422615
-0.007348306477069855
0.02359159290790558
0.0005735850427299738
-0.018020998686552048
-0.004855016246438026
0.002764439210295677
0.003555424977093935
0.005808049812912941
-0.02823803387582302
-0.007720535155385733
0.0034719945397228003
0.014645271003246307
0.026851803064346313
0.013464407995343208
-0.005195156205445528
-0.013323217630386353
0.017058338969945908
0.010217033326625824
0.0010966304689645767
-0.00615139864385128
0.032910142093896866
-0.005172694101929665
-0.02219252660870552
-0.009389146231114864
0.004778003320097923
0.00963301956653595
0.0072199515998363495
-0.0028221989050507545
0.030009327456355095
-0.023463238030672073
0.00638243742287159
0.024246202781796455
0.006603849120438099
-0.012142354622483253
-0.012058923952281475
-0.015415399335324764
-0.0016381267923861742
0.0530361607670784
-0.003866685088723898
0.01107059232890606
0.013130685314536095
-0.007502331864088774
-0.015402563847601414
0.011468492448329926
0.029290542006492615
0.00434159766882658
-0.016313882544636726
0.01615985669195652
0.0007617048686370254
0.0047940476797521114
0.037761952728033066
0.013708281330764294
0.0023601220455020666
0.01470944844186306
0.0038313877303153276
0.038455065339803696
-0.024528581649065018
0.00561551796272397
-0.017879808321595192
0.008233953267335892
0.017943985760211945
-0.005474327597767115
-0.008362308144569397
0.0001707719056867063
-0.01975378766655922
-0.011616099625825882
-0.018649937584996223
-0.0277502853423357
0.0024162770714610815
0.010274793021380901
0.010441654361784458
0.025889141485095024
-0.010107932612299919
0.014067674987018108
-0.028520412743091583
0.00037904747296124697
0.020626598969101906
-0.006591013632714748
0.0018868140177801251
0.007784712128341198
3.5548233427107334e-05
-0.014414232224225998
-0.021165689453482628
0.013361724093556404
0.006661608815193176
-0.017417732626199722
-0.0017151396023109555
0.00833021942526102
0.0030532372184097767
-0.011526251211762428
0.004261375870555639
0.0022654603235423565
-0.03729987516999245
0.03427070379257202
0.014260206371545792
0.012251455336809158
-0.0073418887332081795
0.04148423671722412
-0.018239201977849007
0.006610266864299774
0.017546087503433228
-0.02122986689209938
0.0024419480469077826
-0.02339906059205532
0.012578760273754597
0.0026954486966133118
-0.03183196485042572
0.009908982552587986
0.003077303757891059
-0.011250289157032967
0.041099172085523605
-0.004036755301058292
0.005326719954609871
-0.013669774867594242
-0.004492414183914661
0.011468492448329926
-0.02411784790456295
-0.02075495384633541
-0.034347716718912125
0.005461492110043764
-0.024220531806349754
0.004989788867533207
0.01447840966284275
-0.008336637169122696
0.03524620085954666
0.013451572507619858
0.0016036314191296697
-0.02921352908015251
0.0022895268630236387
-0.01732788421213627
-0.0090425880625844
0.01664760336279869
-0.0020889726001769304
-0.020600927993655205
-0.014260206371545792
0.016031501814723015
0.0019253204809501767
-0.024413062259554863
0.015530917793512344
-0.0027869013138115406
-0.007303382270038128
-0.019625432789325714
-0.0032313293777406216
-0.029367554932832718
0.0010043755173683167
-0.019189026206731796
0.011519833467900753
0.019176190719008446
-0.011885644868016243
-0.00927362684160471
0.006757874507457018
-0.009941071271896362
-0.013592761941254139
-0.003414234844967723
0.023745618760585785
-0.012514582835137844
-0.008278877474367619
0.023681441321969032
-0.15977592766284943
-0.0013156356289982796
0.020215865224599838
-0.014042004011571407
0.005997373256832361
-0.007528002839535475
0.027365220710635185
0.01167385932058096
0.006315051112323999
-0.02555542066693306
0.00036540976725518703
-0.007977244444191456
-0.029726946726441383
-0.020652269944548607
-0.00256228051148355
-0.00021699965873267502
-0.0043287621811032295
0.006860558409243822
0.047388553619384766
0.02025437168776989
-0.0028976071625947952
-0.023257870227098465
-0.02556825615465641
-0.013143520802259445
0.008047839626669884
0.0054229856468737125
-0.024977823719382286
0.0023023623507469893
-0.006693697534501553
0.002517356537282467
-0.0021050169598311186
-0.003163943300023675
0.026184357702732086
0.0045084585435688496
0.006257291417568922
0.0034110259730368853
-0.009960324503481388
-0.006292589008808136
-0.01591598242521286
0.02695448510348797
0.005660442169755697
0.027904311195015907
0.009671526029706001
-0.008131270296871662
0.0043030912056565285
0.015518082305788994
0.027827298268675804
-0.003083721501752734
0.019124848768115044
-0.017969656735658646
0.05272810906171799
-0.009831969626247883
-0.002242998220026493
0.017494745552539825
0.013926484622061253
-1.3449666766973678e-05
0.004871060606092215
-0.007842471823096275
0.025003494694828987
0.011044921353459358
-0.011981911025941372
-0.011423568241298199
-0.0005783983506262302
-0.005557758267968893
0.006202740594744682
-0.015466740354895592
-0.024708278477191925
0.00975495669990778
-0.021537918597459793
-0.008349472656846046
-0.005788796581327915
-0.005259333644062281
0.00016074419545475394
-0.004858225118368864
-0.011609681881964207
0.012931735254824162
-0.014991828240454197
0.039173852652311325
-0.018226366490125656
-0.013798129744827747
-0.012617266736924648
0.034809794276952744
-0.0010276397224515676
-0.020536750555038452
-0.010069426149129868
-0.002206096425652504
-0.0065557160414755344
0.014658106490969658
-0.015813298523426056
0.0028783539310097694
-0.0048100920394063
-0.025914812460541725
-0.008047839626669884
-0.018020998686552048
0.005740663968026638
0.022256704047322273
0.0014488035812973976
0.00889497995376587
0.008843638934195042
-0.012225784361362457
0.008875726722180843
0.019420064985752106
0.004222869407385588
-0.008233953267335892
0.01483780238777399
-0.008991246111690998
-0.0023087800946086645
0.0216662734746933
0.016981326043605804
0.013323217630386353
-0.03961025923490524
0.007181445136666298
0.00794515572488308
0.00535559980198741
0.02269311062991619
-0.0018017790280282497
0.018277708441019058
-0.00415227422490716
0.0193173810839653
-0.006359975319355726
0.05370360612869263
0.004431446082890034
-0.011282377876341343
0.029085174202919006
-0.017173858359456062
-0.05601399019360542
-0.10709916055202484
-0.037274204194545746
0.017019832506775856
0.0264924094080925
0.01086522452533245
0.02821236290037632
0.010672693140804768
0.015415399335324764
-0.013541419990360737
0.016570590436458588
-0.045437563210725784
-0.01664760336279869
-0.019407229498028755
0.012341303750872612
-0.005612309090793133
0.0011680277530103922
-0.021165689453482628
-0.00613856315612793
-0.03996965289115906
0.005522460676729679
0.005634771194308996
-0.008586929179728031
-0.001627697958610952
0.0008026179275475442
-0.011089845560491085
0.0018948361976072192
-0.007938737981021404
-0.0006056737038306892
0.01227712631225586
-0.016532083973288536
-0.014542587101459503
-0.0156464371830225
-0.00029702080064453185
-0.032217029482126236
0.009716450236737728
-0.0037800457794219255
-0.013554255478084087
-0.03106183558702469
0.021306879818439484
-0.00561551796272397
0.0028847716748714447
0.021589260548353195
0.022847136482596397
-0.012322050519287586
0.002693844260647893
-0.03180629387497902
-0.033885639160871506
0.0016060380730777979
0.010916566476225853
-0.015479575842618942
-0.026466738432645798
-0.02582496404647827
-0.046644095331430435
-0.017006997019052505
0.011147605255246162
0.00464323116466403
0.0006405701278708875
-0.0038249699864536524
-0.027390891686081886
-0.022975491359829903
-0.011128352023661137
-0.010922984220087528
-0.0193173810839653
0.02821236290037632
0.006745039019733667
0.007925902493298054
-0.003921235911548138
-0.011211782693862915
0.007258458063006401
-0.0007372372783720493
0.006462658755481243
-0.009138854220509529
0.010717617347836494
-0.013169191777706146
-0.016788793727755547
0.0031751743517816067
-0.031472571194171906
-0.006963242311030626
0.007855307310819626
0.012116683647036552
0.00012314028572291136
-0.005586638115346432
-0.018162189051508904
0.0013758018612861633
0.01472228392958641
0.0010003644274547696
0.014735119417309761
-0.011224618181586266
0.009093930013477802
-0.0045084585435688496
0.001711930730380118
0.030034998431801796
-0.00023625286121387035
0.009081094525754452
-0.001984684495255351
0.007553673814982176
-0.008375143632292747
-0.010274793021380901
-0.005060384050011635
0.01590314693748951
-0.03293581306934357
-0.003188009839504957
-0.05729753524065018
0.011815049685537815
0.03812134638428688
-0.0015956093557178974
-0.007296964526176453
-0.002732350490987301
0.030009327456355095
0.01049299631267786
0.022128349170088768
-0.0012915690895169973
0.009247955866158009
0.02125553786754608
-0.010775377042591572
-0.004989788867533207
-0.01241189893335104
-0.036555416882038116
0.02844339981675148
0.0025767204351723194
0.009132436476647854
-0.0009121205657720566
-0.004781212192028761
-0.003767210291698575
-0.0003828579792752862
0.0313698872923851
-0.0013685818994417787
0.00410735048353672
-0.020793460309505463
-0.0217047780752182
-0.008606182411313057
0.03203733265399933
0.014978992752730846
-0.017238035798072815
-0.004441072233021259
0.006597431376576424
-0.007810383103787899
-0.01324620470404625
-0.0026810087729245424
0.023245034739375114
-0.004976953379809856
0.06571760773658752
0.0045437561348080635
-0.013490078039467335
0.017546087503433228
-0.014285877346992493
-0.019163355231285095
-0.004954491276293993
-0.0033083423040807247
0.006356766447424889
0.020344220101833344
-0.00034856321872211993
0.03683779761195183
0.019009331241250038
-0.014799295924603939
-0.02246207185089588
-0.017186693847179413
0.014414232224225998
0.003571469336748123
0.012488911859691143
-0.0016589844599366188
-0.016070008277893066
0.031985990703105927
-0.008715284056961536
-0.003590722568333149
0.013047254644334316
-0.005637980066239834
-0.01411901693791151
0.006552507169544697
-0.018726950511336327
0.004733079578727484
-0.027365220710635185
0.020549586042761803
0.01074970606714487
0.021075841039419174
0.018187860026955605
0.022551920264959335
-0.017995327711105347
-0.014786461368203163
-0.00650758296251297
-0.005679695401340723
0.02823803387582302
0.0037287038285285234
-0.00047852235729806125
-0.0228728074580431
0.025465572252869606
0.01061493344604969
0.0026376890018582344
-0.009337804280221462
0.01423453539609909
-0.03160092607140541
0.0024579924065619707
-0.014414232224225998
0.025940483435988426
-0.007592180278152227
-0.0003339227696415037
-0.015428234823048115
0.005070010665804148
0.01637805998325348
-0.010428818874061108
0.020395560190081596
0.03229404240846634
0.0386090911924839
-0.003455950180068612
0.02384830266237259
-0.005997373256832361
-0.029829630628228188
0.012225784361362457
-0.036298707127571106
-0.022564755752682686
-0.007996497675776482
0.0025927647948265076
0.010127185843884945
0.005981328897178173
0.015428234823048115
-0.0069439890794456005
-0.032704778015613556
0.007239204831421375
0.002685822080820799
-0.00143436377402395
-0.007726952433586121
0.015145854093134403
-0.01058926247060299
0.008471409790217876
0.0314212292432785
-0.011609681881964207
-0.0022847135551273823
0.005137396510690451
0.034091006964445114
-0.029983656480908394
0.026928815990686417
-0.015094512142241001
0.0007071541622281075
-0.007290546782314777
-0.01831621490418911
-0.02242356538772583
-0.018521582707762718
0.0008784274687059224
0.04058575630187988
0.016480742022395134
-0.023976657539606094
0.07819367945194244
0.006475494243204594
-0.010037337429821491
0.006299006752669811
-0.00927362684160471
-0.0025189609732478857
-0.002186843194067478
0.007335470989346504
-0.017533252015709877
-0.007008166518062353
0.006988913286477327
-0.0013701863354071975
0.002782088005915284
-0.02944456785917282
-0.008176194503903389
0.011359390802681446
-0.015197196044027805
0.026928815990686417
-0.010595680214464664
0.010030919685959816
0.05180395394563675
-0.0156977791339159
0.011166858486831188
0.026184357702732086
-0.01953558437526226
-0.0027114928234368563
0.036298707127571106
0.0038570587057620287
-0.004184362944215536
-0.03735121712088585
0.007778294384479523
0.0013308777706697583
-0.029316212981939316
-0.029033832252025604
0.0008270855760201812
-0.022308045998215675
-0.006719368509948254
-0.016031501814723015
-0.0006903075845912099
0.010088679380714893
-0.0018049878999590874
0.02792998217046261
-0.012508165091276169
-0.036735113710165024
-0.02555542066693306
-0.006404899526387453
-0.003369310637935996
-0.0004444281221367419
-0.016057172790169716
