0.002717773662880063
-0.01207683328539133
0.022403400391340256
-0.018617641180753708
-0.01436514314264059
0.008835600689053535
-0.041773006319999695
-0.028185758739709854
-0.0022672421764582396
-0.03140106052160263
0.00342598301358521
-0.004871572833508253
-0.008602231740951538
0.018812114372849464
-0.0008410998852923512
0.00454096682369709
0.024672262370586395
-0.0025670563336461782
0.005853666458278894
-0.005954144522547722
-0.019732624292373657
0.010799787007272243
0.005976832937449217
-0.009256960824131966
-0.04384739696979523
0.008031774312257767
0.010851646773517132
-0.031012114137411118
0.009736662730574608
0.0015801009722054005
-0.003938097506761551
-0.024374069646000862
-0.01212221011519432
-0.014287353493273258
-0.018021253868937492
0.026189159601926804
0.019888203591108322
0.022221891209483147
0.025994686409831047
0.010819234885275364
0.033864397555589676
0.0066510094329714775
0.006929755676537752
0.0035653559025377035
-0.006754728965461254
0.029197024181485176
-0.025333475321531296
-0.002972210291773081
-0.039465248584747314
0.0213143453001976
-0.010112646035850048
0.01479298621416092
-0.004505313467234373
-0.015648672357201576
-0.01719149760901928
-0.0040418170392513275
-0.005950903054326773
0.006544048897922039
0.003840860677883029
-0.01625802367925644
0.003250956302508712
-0.006864930968731642
-0.028056109324097633
0.0015679462812840939
-0.003458395367488265
0.011726779863238335
-0.023751752451062202
0.013230712153017521
-0.014883740805089474
0.013885441236197948
0.029897131025791168
0.03487566486001015
-0.002900903346017003
-0.011097980663180351
0.033682890236377716
0.006936238147318363
0.002364479238167405
-0.03409776836633682
-0.0066639743745327
0.020484590902924538
-0.01150637585669756
-0.0025265407748520374
-0.03339766338467598
0.007318703457713127
0.004492348525673151
-0.009341232478618622
-0.0018799150129780173
-0.007467800285667181
0.016711795702576637
0.0038052070885896683
-0.009477364830672741
0.01878618448972702
0.005114665254950523
0.0224293302744627
-0.010812751948833466
0.024801911786198616
-0.010410839691758156
0.01660807617008686
-0.02896365523338318
-0.037157490849494934
-0.009419022127985954
-0.008427204564213753
-0.02704484574496746
-0.0006223166710697114
-0.02318129688501358
-0.009509776718914509
0.0006421692087315023
0.011136875487864017
0.03121955320239067
-0.02953411266207695
-0.006359298713505268
0.03531647101044655
-0.011577683500945568
-0.003912168089300394
0.018643571063876152
-0.021418064832687378
0.0047743357717990875
-0.0222089271992445
-0.0075520724058151245
-0.008874495513737202
0.03451264649629593
0.011273006908595562
0.016374707221984863
-0.0017599893035367131
0.03513496369123459
0.0036204569041728973
-0.011558235622942448
-0.015441232360899448
-0.013781721703708172
-0.024970456957817078
0.0053869285620749
-0.02691519632935524
-0.006356057245284319
-0.00484240148216486
-0.008044739253818989
-0.015207863412797451
-0.015402337536215782
0.013496492989361286
-0.0299749206751585
-0.01913623698055744
0.02602061629295349
0.00968480296432972
-0.00830403808504343
-0.03526461124420166
-0.013366843573749065
0.009503294713795185
0.01557088177651167
0.023375770077109337
0.007072369568049908
-0.005454994738101959
0.014157704077661037
-0.017385972663760185
0.001410746481269598
0.0012600291520357132
0.0027825983706861734
0.0070334747433662415
-0.008096599020063877
0.00853092409670353
0.001956084044650197
-0.005707810632884502
-0.00183453771751374
0.0033060573041439056
2.2232830815482885e-05
0.010825716890394688
0.021612539887428284
0.004511795938014984
0.023414665833115578
0.006122688762843609
0.009406057186424732
0.009179171174764633
0.03163443133234978
0.020575344562530518
-0.0364055261015892
0.0222089271992445
0.0006567547679878771
0.025955790653824806
-0.015557916834950447
0.0010047821560874581
-0.010073751211166382
-0.003053241176530719
-0.014002124778926373
0.010559936054050922
0.011687885038554668
0.01138969138264656
-0.031997449696063995
0.007091816980391741
0.0008293504361063242
0.012115728110074997
0.002349893795326352
0.019914133474230766
0.02860063686966896
0.014507757499814034
-0.018397236242890358
-0.01236854400485754
-0.6364225149154663
0.0075520724058151245
0.01192773599177599
-0.018410202115774155
0.011694367974996567
0.0004331097297836095
0.03752050921320915
0.0035394260194152594
-0.0031375132966786623
-0.01798235811293125
0.008012327365577221
0.02193666249513626
0.004923432599753141
-0.013652072288095951
-0.02878214605152607
-0.04060616344213486
0.013353878632187843
-0.03176407888531685
0.002826354932039976
-0.008103081956505775
-0.01656918227672577
0.012686184607446194
0.014157704077661037
0.021832942962646484
-0.017463762313127518
-0.031686291098594666
0.006735281553119421
0.0014812432928010821
0.0051632835529744625
-0.006463017780333757
0.001738921389915049
0.03801317885518074
0.020406801253557205
0.014974495396018028
0.05471200868487358
0.01186291128396988
-0.029767481610178947
0.01479298621416092
0.015700530260801315
0.022753452882170677
-0.0038181720301508904
-0.02722635492682457
0.029741551727056503
0.00581801263615489
0.009192136116325855
-0.005130871199071407
0.010164505802094936
-0.02047162503004074
-0.009853347204625607
0.021729223430156708
-0.009419022127985954
-0.02136620506644249
-0.006317162420600653
0.005542507860809565
0.013314983807504177
-0.013626142404973507
0.002536264481022954
0.01860467530786991
-0.00855037197470665
0.01376875676214695
-0.00376307126134634
0.007266843691468239
-0.019577044993638992
-0.03295685350894928
-0.018552815541625023
0.009004143998026848
-0.004557173233479261
-0.026811476796865463
0.010521041229367256
-0.03147885203361511
0.008692986331880093
0.040580231696367264
0.009276407770812511
-0.019953029230237007
0.007435387931764126
0.018799150362610817
0.020925398916006088
-0.006709351669996977
-0.006638044491410255
-0.005072528962045908
-0.0197585541754961
-0.026150265708565712
-0.009691285900771618
0.004955844953656197
0.004508554469794035
-0.04226567596197128
-0.024399999529123306
-0.018462061882019043
0.002826354932039976
0.031375132501125336
0.01159064844250679
0.0008775637252256274
0.01006078626960516
-0.014274388551712036
-0.0004780818126164377
0.031867798417806625
0.0023401700891554356
-0.00297058979049325
-0.010397874750196934
-0.015661636367440224
0.00715015921741724
-0.025878001004457474
0.009302337653934956
-0.002140834229066968
0.02834133803844452
-0.0003536995209287852
-0.008219766430556774
0.009840382263064384
0.04444378241896629
-0.03490159288048744
-0.01255005318671465
-0.030312007293105125
8.771585999056697e-05
-0.00305972364731133
-0.0004057618207298219
-0.03534240275621414
0.011849946342408657
-0.0010825716890394688
0.00823921337723732
-0.021042082458734512
0.01984930969774723
-0.002996519673615694
0.012083315290510654
-0.008479064330458641
-0.020277151837944984
0.022260786965489388
-0.019965993240475655
-0.0021862115245312452
-0.005769394338130951
-0.016750691458582878
-0.013340913690626621
-0.001016936730593443
0.012867693789303303
0.005289691966027021
0.022442294284701347
-0.007344633340835571
0.008744846098124981
-0.01781381480395794
0.002236450556665659
-0.00527348555624485
-0.0013443012721836567
-0.03788352757692337
0.011110945604741573
0.003205579239875078
-0.02766716293990612
-0.03269755467772484
-0.005056323017925024
0.003132651327177882
-0.01772306114435196
0.016711795702576637
0.0002483594580553472
0.0022137619089335203
-0.03521275147795677
-0.006877895910292864
-0.0011644128244370222
-0.023155367001891136
-0.0040288520976901054
-0.01616726815700531
-0.020977258682250977
-0.01423549372702837
0.0014861051458865404
0.0064759827218949795
-0.005620297510176897
0.00576291186735034
-0.016154304146766663
0.007804888300597668
-0.0037533475551754236
0.012608394958078861
-0.020354941487312317
-0.03993198648095131
0.015830179676413536
0.009795005433261395
-0.008647608570754528
0.023686928674578667
0.011480445973575115
0.0011036397190764546
0.0002003487024921924
0.004573379177600145
-0.0173211470246315
-0.009140276350080967
-0.008433687500655651
0.015791285783052444
-0.026046546176075935
-0.002427683211863041
0.0052961744368076324
0.018812114372849464
0.006599149666726589
0.01525972317904234
-0.0035232198424637318
0.01682847924530506
0.011934218928217888
0.002385547151789069
0.0006198857445269823
0.014092879369854927
6.365983426803723e-05
0.02554091438651085
0.018137937411665916
-0.009872795082628727
0.008025292307138443
0.01479298621416092
0.04073581099510193
-0.0031294100917875767
0.030623165890574455
0.004806748125702143
0.008180871605873108
-0.0010623140260577202
0.0010914851445704699
-0.016711795702576637
0.05325993523001671
0.015181933529675007
0.0016352018574252725
-0.014559617266058922
-0.007344633340835571
-0.0036399043165147305
-0.0007207691087387502
0.017606375738978386
-0.027511583641171455
0.00467385770753026
-0.017385972663760185
0.015830179676413536
0.00757151935249567
-0.004871572833508253
0.03166035935282707
0.0018539851298555732
-0.005403134971857071
0.03184187039732933
0.025994686409831047
-0.005863389931619167
0.027070775628089905
-0.02255897969007492
-0.003993198741227388
-0.0027777364011853933
0.015557916834950447
0.013010308146476746
0.027381934225559235
0.004476142581552267
0.0032590595073997974
-0.01719149760901928
0.03593878820538521
0.018047183752059937
0.013937301002442837
0.01634877733886242
0.004515036940574646
-0.026059510186314583
0.012199999764561653
0.023531349375844002
0.022403400391340256
-0.0038635493256151676
-0.014974495396018028
0.026578107848763466
0.009607013314962387
-0.002460095565766096
-0.025514984503388405
-0.015117108821868896
0.007843783125281334
-0.030078640207648277
0.008744846098124981
0.012692667543888092
0.027433793991804123
0.032619766891002655
0.014274388551712036
0.022494154050946236
0.006229649297893047
0.012686184607446194
-0.012945483438670635
0.003236370859667659
-0.003581562079489231
-0.004213602282106876
-0.01498746033757925
-0.008783740922808647
-0.00412933062762022
-0.0116554731503129
-0.000586257956456393
0.014831881038844585
0.013405738398432732
0.006002762820571661
0.019175132736563683
0.001053400570526719
0.007642826531082392
0.015441232360899448
-0.03837619349360466
-0.022066311910748482
-0.00015102118777576834
0.008375345729291439
0.016193198040127754
0.010747927241027355
-0.019732624292373657
-0.018902869895100594
-0.012037938460707664
-0.018176833167672157
-0.004946121014654636
-0.008018809370696545
0.0031504782382398844
-0.007714133709669113
-0.003276886185631156
-0.019512221217155457
0.0364314541220665
-0.008705951273441315
-0.0029300744645297527
0.00762986158952117
-0.0018475026590749621
-0.013652072288095951
-0.02673368714749813
-0.017645271494984627
0.022947927936911583
0.013250159099698067
-0.04055430367588997
-0.01030063722282648
0.005963867995887995
-0.024775981903076172
0.0037987246178090572
-0.0059184907004237175
0.010261742398142815
0.0021586609072983265
-0.024348139762878418
-0.001862088218331337
-0.005322103854268789
-0.008855047635734081
0.03427927568554878
0.007973432540893555
0.005552231799811125
-0.0026529489550739527
-0.02105504833161831
0.007882677949965
0.021923698484897614
-0.014131774194538593
-0.014274388551712036
0.019162166863679886
-0.030078640207648277
-0.011448034085333347
-0.023920297622680664
-0.037235282361507416
0.016685865819454193
-0.010495111346244812
0.018812114372849464
0.019551115110516548
0.022455260157585144
-0.01768416538834572
0.014805951155722141
0.01918809674680233
0.015104144811630249
0.004116365686058998
0.0053480337373912334
-0.003902444150298834
0.0057207755744457245
-0.0038116895593702793
0.019525185227394104
0.007305738516151905
0.021794049069285393
0.002774495165795088
0.04428820312023163
0.03814282640814781
0.0021862115245312452
-0.02740786410868168
0.01479298621416092
0.01891583390533924
0.01807311363518238
-0.012459298595786095
-0.025126036256551743
0.016024654731154442
-0.014261423610150814
0.054245270788669586
-0.014663336798548698
0.010994261130690575
0.018928799778223038
0.014455897733569145
0.0068260361440479755
0.011331349611282349
0.022144101560115814
-0.018332412466406822
0.018851010128855705
0.027744952589273453
-0.011895324103534222
-0.021794049069285393
0.004625238943845034
0.02114580199122429
-0.004732199944555759
-0.001114984042942524
-0.006761211436241865
0.003617215668782592
-0.0007462938083335757
0.002568676834926009
-0.011603613384068012
-0.03780573979020119
-0.03814282640814781
-0.012945483438670635
0.010002444498240948
-0.018669500946998596
-0.02189776860177517
-0.010884059593081474
0.0024098565336316824
-0.005234590731561184
-0.022766418755054474
0.00879670586436987
0.004920191131532192
-0.06135005131363869
-0.02891179546713829
-0.009205101057887077
0.006463017780333757
0.023829542100429535
0.022597873583436012
0.0005988177144899964
-0.00868002139031887
0.01697109453380108
-0.015311582945287228
-0.011610095389187336
-0.0009059245348908007
-0.03339766338467598
-0.01883804425597191
0.017256323248147964
-0.016309883445501328
-0.016322847455739975
0.018112007528543472
0.008349415846168995
-0.024970456957817078
-0.02065313421189785
0.01794346421957016
-0.007733581122010946
-0.00015365469153039157
0.01728225313127041
-0.0022461742628365755
-0.0007341392338275909
0.00012691451411228627
-0.015778319910168648
-0.002208900172263384
-0.0186565350741148
-0.005432305857539177
-0.033916257321834564
0.008433687500655651
0.007227948866784573
-0.0028928001411259174
0.013509457930922508
-0.01798235811293125
-0.01159064844250679
0.020575344562530518
-0.001821572775952518
0.007292773574590683
-0.010812751948833466
0.00630743894726038
0.014767056331038475
-0.0055068545043468475
0.018332412466406822
0.0037533475551754236
0.00903655681759119
0.004764611832797527
-0.03969861939549446
-0.006394952069967985
-0.013678002171218395
-0.005182730965316296
0.010462699458003044
0.011415621265769005
-0.01874729059636593
-0.00987927708774805
0.018682464957237244
-0.011623060330748558
0.019615940749645233
0.010047821328043938
-0.028574706986546516
-0.0197585541754961
-0.024490755051374435
-0.007532624993473291
0.02971562184393406
0.016763655468821526
-0.013340913690626621
-0.016802549362182617
0.025722423568367958
0.0001560856180731207
-0.017567481845617294
0.008044739253818989
-0.0319715179502964
-0.02766716293990612
-0.011240595020353794
-0.009133793413639069
0.042473115026950836
0.000660806312225759
0.014702231623232365
-0.023155367001891136
-0.002743703546002507
-0.008083634078502655
-0.02655217796564102
-0.007675238884985447
-0.004498830996453762
0.006352816242724657
0.013509457930922508
0.03059723600745201
-0.008077152073383331
0.008044739253818989
0.001311078667640686
0.00866057351231575
-0.00901710893958807
-0.008543889038264751
-0.026759617030620575
-0.05253389850258827
0.010047821328043938
0.02402401715517044
-0.002949521644040942
0.005098458845168352
-0.004809989128261805
-0.003542667254805565
0.029171094298362732
-0.01625802367925644
-0.017334112897515297
-0.016050584614276886
-0.031012114137411118
0.0047451648861169815
0.002025770489126444
-0.016154304146766663
0.028808075934648514
-0.017956428229808807
0.0036042507272213697
0.03975047916173935
0.011629543267190456
0.005795324221253395
0.00485212542116642
0.029171094298362732
-0.023751752451062202
-0.007059404626488686
-0.003873273031786084
0.010391391813755035
-0.003257438773289323
0.0047970241867005825
-0.03396811708807945
0.011830499395728111
0.029508182778954506
-0.0005850425222888589
-0.00021999866294208914
-0.0020679065492004156
0.006009245291352272
-0.04400297626852989
0.022001488134264946
-0.0041811903938651085
-0.02935260348021984
0.015233793295919895
-0.010916471481323242
-0.009892242029309273
-0.017385972663760185
0.01563570648431778
0.010851646773517132
0.000587473448831588
0.003675557905808091
0.0068195536732673645
0.006103241350501776
0.004074229393154383
0.005555472802370787
0.0210939422249794
-0.02252008393406868
0.040658023208379745
-0.005879595875740051
0.04561062529683113
0.039102230221033096
0.018047183752059937
-0.01030712015926838
-0.011752709746360779
0.009555153548717499
0.001155499485321343
0.02305164746940136
0.0019868756644427776
0.010709032416343689
-0.007811370771378279
0.027693092823028564
0.0064241234213113785
-0.024763017892837524
-0.034538574516773224
-0.005552231799811125
0.005814771633595228
0.00884208269417286
-0.028574706986546516
0.0011976354289799929
-0.028082039207220078
0.01763230562210083
0.008991179056465626
0.011078533716499805
-0.01159064844250679
0.011363761499524117
-0.006317162420600653
0.03443485498428345
-0.0035653559025377035
0.017424866557121277
-0.01538937259465456
0.0030564824119210243
-0.010812751948833466
-0.00672879908233881
-0.019512221217155457
-0.017087778076529503
0.003024070058017969
0.019343676045536995
0.012050903402268887
-0.006780658848583698
-0.00934771541506052
-0.0037890009116381407
0.008511477150022984
-0.011642508208751678
0.003918650094419718
0.023388735949993134
0.007467800285667181
0.0031245483551174402
0.018773220479488373
0.006411158479750156
0.00941254012286663
0.017554515972733498
0.00366907543502748
-0.026578107848763466
0.004139054100960493
0.003999681212007999
-0.03184187039732933
0.0034551541320979595
-0.009697767905890942
-0.02184590883553028
0.00043473034747876227
-0.024036981165409088
-0.01170084998011589
-0.0066639743745327
0.015778319910168648
-0.034175556153059006
-0.014650371856987476
-0.0066218385472893715
-0.020406801253557205
0.018060147762298584
0.013781721703708172
0.009256960824131966
0.005185972433537245
0.018863974139094353
-0.042343463748693466
-0.007746546063572168
0.01017098780721426
0.00903655681759119
0.0064695002511143684
0.02598172053694725
-0.00016044102085288614
0.015402337536215782
0.054608289152383804
-0.010255260393023491
-0.01829351671040058
-0.03163443133234978
0.01430031843483448
0.006910308264195919
-0.023699892684817314
-0.002053320873528719
0.029871201142668724
-0.0017016471829265356
-0.005046599078923464
0.012893623672425747
-0.0022607597056776285
-0.0006697197095490992
-0.004067746922373772
-0.02922295406460762
-0.003785759676247835
-0.005847183987498283
0.03894665092229843
-0.024101806804537773
0.006968650501221418
-0.00021351620671339333
-0.022533049806952477
-0.007279808633029461
0.0062685441225767136
0.025916896760463715
-0.02487970143556595
-0.0018847768660634756
-0.007999362424015999
-0.01700998842716217
-0.02016046643257141
-0.028574706986546516
-0.027952391654253006
0.0026950850151479244
0.007240913808345795
-0.008317003026604652
0.003445430425927043
0.030415726825594902
-0.028445057570934296
-0.006193995475769043
-0.023388735949993134
-0.02180701307952404
-0.02535940520465374
0.0005907146842218935
-0.019265886396169662
0.04078767076134682
0.005195695906877518
-0.012355579063296318
-0.015402337536215782
-0.024775981903076172
-0.05502316728234291
-0.024840807542204857
-0.0023207226768136024
0.012102763168513775
0.0042103612795472145
0.013574282638728619
0.02580021135509014
0.023505419492721558
-0.0020743890199810266
0.007182571571320295
-0.023349840193986893
-0.012738044373691082
-0.021068012341856956
-0.008148458786308765
-0.030078640207648277
-0.01673772558569908
-0.019836343824863434
-0.010248777456581593
0.03326801210641861
-0.004920191131532192
0.0107738571241498
0.004456695169210434
-0.0008143596933223307
-0.017074814066290855
0.021612539887428284
0.006910308264195919
-0.0073705632239580154
0.004365940578281879
0.008433687500655651
-0.020510520786046982
-0.000785188633017242
0.0069945803843438625
-0.00691679073497653
-0.015233793295919895
-0.0030321732629090548
0.030441656708717346
-0.013678002171218395
0.010721997357904911
0.0010315222898498178
0.005104941315948963
0.015843145549297333
-0.022014452144503593
0.013470563106238842
-0.031686291098594666
-0.0011862912215292454
0.020199362188577652
0.0166469719260931
0.0003907711070496589
-0.010008926503360271
0.02438703551888466
-0.02589096687734127
0.009153241291642189
0.015648672357201576
-0.030415726825594902
0.019732624292373657
0.004365940578281879
-0.015713496133685112
-0.024062911048531532
-0.03967268764972687
-0.014066949486732483
0.014157704077661037
-0.0025054728612303734
-0.008342932909727097
0.04068395122885704
0.007189054042100906
0.01997895911335945
-0.0005724827060475945
0.002628639806061983
-0.029508182778954506
-0.03316429257392883
0.011117428541183472
-0.019615940749645233
-0.026578107848763466
0.018643571063876152
-0.015091179870069027
-0.0017648511566221714
-0.0018475026590749621
0.012893623672425747
-0.012841763906180859
-0.002174867084249854
0.2070240080356598
-0.02270159311592579
-0.011499893851578236
0.02513900026679039
-0.002012805547565222
0.000540475535672158
0.030415726825594902
0.0039056853856891394
0.005756429396569729
0.02473708800971508
-0.000632040377240628
-0.02491859719157219
-0.028834005817770958
0.005004463251680136
0.0007142866379581392
-0.009049521759152412
-0.0332939438521862
-0.02202741801738739
0.014092879369854927
0.033916257321834564
0.04045058414340019
0.004271944519132376
-0.004411317873746157
-0.015039320103824139
0.02393326163291931
0.013729861937463284
-0.01620616391301155
0.015557916834950447
0.037857599556446075
0.008692986331880093
-0.009243995882570744
0.012154622934758663
0.012569500133395195
-0.007104781921952963
-0.019784484058618546
0.006832518614828587
0.025916896760463715
-0.0022056589368730783
0.013003825210034847
0.016763655468821526
0.021910732612013817
-0.01678958535194397
0.020497554913163185
-0.01923995651304722
-0.012524123303592205
0.05512688681483269
-0.010456216521561146
-0.014028054662048817
0.011396174319088459
-0.013470563106238842
-0.025916896760463715
0.02030308172106743
0.04068395122885704
0.0022040382027626038
-0.005023910664021969
0.00655053136870265
0.0007349494844675064
0.0011830499861389399
0.011901806108653545
0.01768416538834572
-0.002166764112189412
0.019771520048379898
-0.005688363220542669
0.011486928910017014
-0.025255685672163963
0.017256323248147964
-0.032049309462308884
-0.004634962882846594
-0.005130871199071407
-0.0020630445796996355
0.004070988390594721
-0.003970509860664606
-0.005749946925789118
0.0202123261988163
-0.02332391031086445
-0.025126036256551743
0.025657597929239273
0.016011688858270645
0.01585610955953598
0.035109031945466995
-0.011921253986656666
-0.016141338273882866
-0.006800106260925531
-0.0030499999411404133
-0.0031650636810809374
-0.01255005318671465
0.03251604735851288
-0.026279915124177933
0.003445430425927043
-0.02922295406460762
-0.012984378263354301
0.007532624993473291
-0.0017162327421829104
-0.02660403773188591
0.013133474625647068
0.03557576984167099
0.01997895911335945
0.022066311910748482
0.0015606535598635674
0.016595112159848213
-0.02539829909801483
0.025164930149912834
0.0173211470246315
-0.0026886025443673134
-0.009736662730574608
0.010268225334584713
-0.010333050042390823
-0.010132092982530594
0.007247396279126406
-0.03850584477186203
-0.00679362379014492
-0.01883804425597191
0.009671838022768497
-0.01706184819340706
-0.010637725703418255
0.012446333654224873
0.004997980780899525
-0.0034551541320979595
0.010320085100829601
-0.0014464000705629587
0.014391073025763035
0.004553931765258312
-0.01781381480395794
0.013088097795844078
-0.009438470005989075
-0.025203825905919075
-0.044391922652721405
0.019693730399012566
-0.015000425279140472
-0.02504824660718441
0.027822742238640785
-0.02433517575263977
0.01114984042942524
0.00429787440225482
-0.014339213259518147
0.009555153548717499
0.015285653062164783
-0.015752390027046204
0.005963867995887995
0.008083634078502655
0.02519086003303528
-0.01754155196249485
0.010559936054050922
-0.0072149839252233505
-0.004278426989912987
-0.017567481845617294
0.015000425279140472
0.0047743357717990875
-0.01272507943212986
-0.02402401715517044
-0.012699149549007416
-0.030882464721798897
0.0021570404060184956
-0.014468862675130367
0.009801487438380718
0.028315408155322075
-0.02779681235551834
-0.023427629843354225
0.0047613708302378654
-0.011253559961915016
-0.023388735949993134
-0.006531083956360817
0.035860996693372726
0.005043358076363802
-0.01538937259465456
0.006404676008969545
-0.16242465376853943
0.02246822416782379
0.020730923861265182
-0.007247396279126406
0.013230712153017521
0.005182730965316296
0.026681827381253242
0.008154941722750664
-0.0006275837076827884
0.0002364074025535956
-0.014442932792007923
0.007357598282396793
-0.02039383538067341
-0.030052710324525833
0.0018037459813058376
0.008453134447336197
-0.04592178389430046
0.016154304146766663
0.04877407103776932
0.006864930968731642
0.014650371856987476
-0.011499893851578236
-0.017774920910596848
0.005241073202341795
0.006709351669996977
-0.007072369568049908
-0.01789160445332527
-0.004015887156128883
-0.0006312300683930516
-0.029145164415240288
0.013314983807504177
-0.0012203240767121315
0.036535173654556274
0.028626566752791405
-0.008342932909727097
-0.01603761874139309
-0.0025459881871938705
0.014131774194538593
-0.020225292071700096
0.007409458048641682
0.01567460037767887
0.03383846953511238
0.019045483320951462
0.006492189131677151
0.005811530165374279
-0.001236530253663659
0.02709670551121235
-0.02686333656311035
0.015181933529675007
-0.01181753445416689
0.028574706986546516
-0.0042168437503278255
-0.019343676045536995
-0.008167906664311886
0.02393326163291931
0.001951222075149417
-0.006391711067408323
-0.016621042042970657
0.001875053159892559
0.0033190222457051277
0.010449734516441822
-0.03225674852728844
0.004518278408795595
-0.008790222927927971
0.016180234029889107
-0.0386354923248291
0.004709511063992977
0.021080978214740753
-0.039906058460474014
0.008141976781189442
-0.009665356017649174
-0.03145292028784752
0.008770775981247425
-0.002364479238167405
0.008991179056465626
0.026759617030620575
-0.008265143260359764
0.039231881499290466
-0.0075520724058151245
-0.005717534571886063
-0.003779277205467224
0.027070775628089905
0.011739744804799557
-0.0036950053181499243
-0.009957066737115383
-0.022571943700313568
-0.005221625789999962
0.006330127362161875
0.033242084085941315
0.008148458786308765
0.01812497340142727
-0.053985971957445145
-0.003993198741227388
-0.015181933529675007
0.011350796557962894
0.013418703339993954
0.006608873605728149
-0.013185334391891956
0.010799787007272243
-0.015065249986946583
0.008868012577295303
0.00169840594753623
-0.024231456220149994
0.002173246582970023
0.01607651449739933
-0.008744846098124981
0.018487991765141487
0.03612029552459717
0.02517789602279663
0.00727332616224885
-0.01589500531554222
0.012109245173633099
0.01205738540738821
0.03028607740998268
0.01243336871266365
-0.0001203307620016858
-0.0013953506713733077
-0.006339851301163435
-0.00418443139642477
-0.016413602977991104
0.046751540154218674
0.011532305739820004
-0.018487991765141487
0.007681721355766058
-0.0104367695748806
-0.034616366028785706
-0.11160212755203247
-0.043821465224027634
0.03837619349360466
0.03886886313557625
0.007623379118740559
0.022753452882170677
0.00040110255940817297
0.016024654731154442
-0.022001488134264946
0.026124335825443268
-0.017424866557121277
-0.027641233056783676
-0.015493092127144337
0.013742826879024506
-0.041280340403318405
0.027330074459314346
0.003294713096693158
-0.00031845111516304314
-0.013243677094578743
0.03575728088617325
0.008790222927927971
0.0032979543320834637
0.0017859191866591573
-0.0119925606995821
-0.01798235811293125
-0.012426885776221752
-0.028496917337179184
-0.005672157276421785
0.021573644131422043
-0.009094898588955402
-0.010196917690336704
-0.011836981400847435
-0.007325185928493738
-0.0332939438521862
0.024218490347266197
0.007869713008403778
-0.008479064330458641
0.00214893720112741
0.02268862910568714
0.0036074919626116753
0.014287353493273258
-0.004524760879576206
0.018669500946998596
-0.014831881038844585
-0.0033076780382543802
-0.026215089485049248
-0.01719149760901928
0.01308161485940218
0.0031277895905077457
-0.031997449696063995
-0.014261423610150814
-0.014339213259518147
-0.05543804541230202
0.006774176377803087
-0.011642508208751678
-0.005458235740661621
0.00527348555624485
-0.001972289988771081
-0.006294474005699158
-0.03749458119273186
0.0006604011869058013
-0.0014204701874405146
0.008226248435676098
0.03682040423154831
0.01704888418316841
0.0005153560196049511
-0.015998724848031998
-0.016621042042970657
0.017113707959651947
0.0011425345437601209
0.023479489609599113
-0.00970425084233284
-0.003344952128827572
0.01285472884774208
-0.012731562368571758
0.006287991534918547
-0.02691519632935524
-0.016815515235066414
0.007869713008403778
0.01834537647664547
-0.014274388551712036
-0.01410584431141615
-0.0035588734317570925
-0.0045766206458210945
0.013470563106238842
0.018812114372849464
0.012102763168513775
-0.0020225292537361383
-0.002012805547565222
-0.015337512828409672
-0.0031974760349839926
0.02060127444565296
-0.002229968085885048
0.016361743211746216
0.011668438091874123
-0.005724017042666674
-0.0018458820413798094
-0.003912168089300394
0.005649468395859003
0.022766418755054474
-0.031426992267370224
0.009321785531938076
-0.06466907262802124
0.00739649310708046
0.0055295429192483425
-0.016089478507637978
0.00020824919920414686
0.014417002908885479
0.01936960592865944
-0.013379808515310287
-0.007156641688197851
0.011376726441085339
-0.01949925534427166
0.027900531888008118
-0.01940850168466568
0.008103081956505775
-0.023440595716238022
-0.016115408390760422
0.016685865819454193
-0.0006016538245603442
0.026811476796865463
-5.0542970711831003e-05
0.012718597427010536
-0.0022818278521299362
0.030752815306186676
0.021599574014544487
0.014404037967324257
0.0017486450960859656
-0.03938746079802513
-0.008569818921387196
-0.008492029272019863
0.00836886279284954
0.010456216521561146
-0.01448182761669159
-0.01931774616241455
0.008420722559094429
-0.007117746863514185
-0.014183633960783482
-0.01085812970995903
0.032049309462308884
0.003902444150298834
0.06000170111656189
-0.013366843573749065
-0.02193666249513626
0.009269925765693188
-0.0025638150982558727
-0.011182253248989582
-0.018099043518304825
0.004103400744497776
0.0027356003411114216
0.005798565223813057
0.015493092127144337
0.029689691960811615
0.020290115848183632
-0.01883804425597191
-0.03134920075535774
-0.015376407653093338
0.006356057245284319
0.004236291162669659
0.002033873461186886
0.007500212639570236
-0.0007714133826084435
0.0426286906003952
-0.034616366028785706
0.002596227452158928
0.002630260307341814
-0.010767375119030476
-0.010086716152727604
-0.0006324455025605857
0.006547289900481701
0.010508076287806034
-0.015311582945287228
0.01678958535194397
0.0009229410206899047
0.006832518614828587
0.0008637885330244899
0.023349840193986893
-0.0008791843429207802
-0.011895324103534222
0.0006697197095490992
-0.002800425048917532
0.017074814066290855
0.01750265620648861
0.008900425396859646
-0.02003081887960434
0.009885760024189949
0.028004249557852745
-0.0017956428928300738
0.0043789055198431015
-9.931339445756748e-05
-0.0072149839252233505
0.012089798226952553
0.0014626062475144863
0.011798086576163769
-0.009548671543598175
-0.001956084044650197
-0.004450212698429823
0.01997895911335945
0.014767056331038475
-0.010825716890394688
0.02292199805378914
0.0053285863250494
0.025424228981137276
-0.015648672357201576
-0.0027356003411114216
-0.02065313421189785
-0.013678002171218395
0.012083315290510654
-0.017398936673998833
-0.0306490957736969
-0.01887694001197815
0.025294579565525055
0.008284591138362885
0.0005388549179770052
0.03570542111992836
0.006197236943989992
-0.03264569491147995
0.018267586827278137
0.0023952708579599857
-0.00491695012897253
-0.02603358030319214
0.03456450626254082
-0.019784484058618546
0.025151966139674187
0.01479298621416092
-0.005445270799100399
0.019434431567788124
0.004839160479605198
0.04356216639280319
-0.012485228478908539
0.009717215783894062
-0.005448512267321348
-0.007130711805075407
0.0007369752856902778
-0.00515356007963419
-0.022144101560115814
0.005532784387469292
-0.029819341376423836
-0.001457744394429028
0.015117108821868896
-0.012517640367150307
0.10117831826210022
0.0003164253430441022
-0.010313602164387703
0.01201200857758522
-0.0019544633105397224
-0.007908607833087444
-0.002909006318077445
-0.011538788676261902
-0.010521041229367256
-0.00855037197470665
0.02268862910568714
-0.003011105116456747
-0.0025573326274752617
-0.008031774312257767
-0.0073705632239580154
0.0006458156276494265
-0.021599574014544487
0.02966376207768917
-0.009509776718914509
0.01629691757261753
0.029067374765872955
-0.0060643465258181095
0.007448352873325348
0.014870775863528252
-0.009963549673557281
0.007662273943424225
0.033734750002622604
0.005370722617954016
-0.019836343824863434
-0.04179893806576729
-0.0075974492356181145
-0.005668915808200836
-0.044080764055252075
-0.027770882472395897
-0.0008702710038051009
-0.03233453631401062
0.00872539822012186
-0.03298278525471687
-0.00520866084843874
0.00617454806342721
0.0017227152129635215
0.024840807542204857
-0.028574706986546516
-0.03051944635808468
-0.01633581332862377
-0.0034097768366336823
-0.01781381480395794
0.004284909460693598
-0.0016303400043398142
