0.002779147820547223
0.00766661437228322
-0.012875804677605629
-0.007919886149466038
-0.010254097171127796
0.011513612233102322
-0.020877834409475327
0.011417779140174389
-0.007988338358700275
-0.024861734360456467
-0.001666804077103734
0.014169545844197273
-0.010438917204737663
0.00675962632521987
0.0008402472594752908
-0.0054419273510575294
0.01458025723695755
-0.02372543327510357
0.020453432574868202
-0.017017146572470665
-0.012560926377773285
-0.00499014463275671
-0.013046935200691223
-0.031159311532974243
-0.013916274532675743
-0.006105910521000624
0.02069985866546631
-0.03269263356924057
0.022274252027273178
0.015374300070106983
0.015880843624472618
-0.028859326615929604
0.00551037909463048
-0.009631183929741383
0.014224307611584663
-0.004480178002268076
0.026942674070596695
-0.006321534048765898
0.005671240855008364
0.007605007849633694
0.011410933919250965
0.021740328520536423
0.008652321994304657
0.006995785515755415
-0.017414167523384094
0.03011884167790413
-0.03570451959967613
-0.00650293193757534
-0.011089210398495197
0.016524292528629303
0.009836539626121521
0.0319533534348011
-0.022780796512961388
-0.013669847510755062
0.0037819682620465755
0.027175409719347954
0.0005865473649464548
0.0050859772600233555
0.004586278460919857
-0.0381140261888504
-0.0035252736415714025
0.03975687175989151
-0.005726002622395754
0.005246839020401239
-0.018659992143511772
0.011616289615631104
0.002606306690722704
0.009631183929741383
0.016579054296016693
-0.0006062272586859763
0.024437332525849342
-0.002209285506978631
0.010185644961893559
-0.003597147995606065
0.022178420796990395
-0.0021870385389775038
-0.024204596877098083
-0.020029030740261078
0.0033421646803617477
0.03444500267505646
0.0006443036254495382
-0.017797498032450676
-0.030639076605439186
0.015853462740778923
0.02490280568599701
0.001410109456628561
-0.004853240679949522
0.019892126321792603
0.0008898748783394694
-0.011773728765547276
0.021452829241752625
0.029817653819918633
0.007166915573179722
0.007865125313401222
-0.011274030432105064
0.0013305341126397252
-0.020001649856567383
0.03236406669020653
-0.0004564886912703514
-0.016277864575386047
-0.011342481710016727
0.007714530918747187
-0.030639076605439186
-0.01838618330657482
-0.024793284013867378
-0.02399924024939537
0.016976075246930122
-0.0022229759488254786
0.026600413024425507
-0.0008111551869660616
-0.035978324711322784
0.03439024090766907
-0.012157060205936432
-0.03417119383811951
-0.014881446026265621
-0.014005261473357677
0.01329336129128933
0.03296644240617752
0.01149307657033205
-0.006105910521000624
0.022506989538669586
0.03376048430800438
0.01604512892663479
-0.018577849492430687
0.011205578222870827
0.011082365177571774
-0.007570781745016575
-0.004148186184465885
0.009487435221672058
-0.02742183580994606
-0.009268389083445072
-0.0061401366256177425
0.015675488859415054
0.006444747559726238
-0.014032642357051373
0.021055808290839195
-0.010924925096333027
0.00939844734966755
-0.03151526302099228
-0.021124260500073433
0.02124747447669506
0.01760583184659481
-0.020289147272706032
-0.007652923930436373
-0.004671843256801367
-0.016921313479542732
0.01463501900434494
0.015360609628260136
0.010548439808189869
-0.003809348912909627
-0.007098463363945484
-0.02758612111210823
-0.005044905934482813
0.01900225132703781
0.045342545956373215
-0.0037785456515848637
0.0031350976787507534
0.027942070737481117
0.0025190303567796946
0.009973444044589996
-0.014826684258878231
0.0048977346159517765
-0.025313517078757286
-0.005992964841425419
0.014730852097272873
0.00724905775859952
0.0168254803866148
0.006523467600345612
-0.03146050125360489
-0.011356172151863575
0.001527333282865584
0.026559341698884964
-0.046738967299461365
0.013964190147817135
0.0008890192257240415
0.022904010489583015
0.010082966648042202
0.00108239590190351
-0.026039108633995056
0.00010374742851126939
0.005835525691509247
-0.0018601807532832026
0.015182634815573692
0.010336238890886307
-0.004733449779450893
-0.020343909040093422
0.009042497724294662
0.00846750196069479
0.0071189990267157555
0.01716773957014084
0.02764088287949562
0.013485027477145195
-0.0031368089839816093
0.02226056158542633
-0.6177100539207458
-0.02450578473508358
0.04602706804871559
-0.023807575926184654
0.014566567726433277
0.02484804391860962
0.004333006218075752
-0.0026627795305103064
0.015415371395647526
0.036252133548259735
-0.0007546823471784592
-0.017907021567225456
-0.006044303998351097
-0.02197306416928768
0.0071463799104094505
-0.028695043176412582
0.002236666390672326
-0.018208209425210953
-0.019878435879945755
-0.00644817017018795
-0.0271891001611948
0.008816606365144253
-0.018345113843679428
0.007447568234056234
-0.009959753602743149
0.0006494375411421061
-0.023191507905721664
0.013553478755056858
0.008905594237148762
0.018016543239355087
0.004757408052682877
0.0210284274071455
0.025710538029670715
0.01264991331845522
0.031186692416667938
-0.0022212646435946226
-0.023917099460959435
0.023287340998649597
0.01056897547096014
0.042467568069696426
-0.027065886184573174
-0.01115766167640686
0.02501232922077179
0.0014999525155872107
-0.014949898235499859
-0.004671843256801367
0.021014736965298653
-0.017989162355661392
-0.013149612583220005
-0.015935605391860008
0.0007658057729713619
-0.007680304814130068
0.0018875615205615759
-0.025778990238904953
0.01985105499625206
-0.023903409019112587
0.029242657124996185
-0.002787704113870859
-0.00969963613897562
-0.012581462040543556
-0.006420789752155542
6.850538920843974e-05
-0.00470949150621891
-0.00933684129267931
-0.012280273251235485
0.016606435179710388
-0.010952305980026722
-0.03011884167790413
-0.013252290897071362
-0.023629600182175636
0.03022836521267891
0.00472660455852747
0.01009665708988905
-0.009364222176373005
0.015661798417568207
0.04249494895339012
0.023807575926184654
0.0007555379997938871
-0.0260801799595356
0.02602541819214821
9.032443631440401e-05
-0.012547235935926437
-0.009460054337978363
0.021617114543914795
0.0029913487378507853
-0.012910030782222748
0.00377170043066144
0.010890699923038483
0.0024471560027450323
-0.0091109499335289
0.023821266368031502
0.04717705771327019
-0.0045931232161819935
-0.0325283482670784
0.018755825236439705
0.01503203995525837
-0.013751989230513573
0.003723784117028117
0.007050547283142805
-0.015470132231712341
-0.017126668244600296
0.0162641741335392
0.01538799051195383
0.006105910521000624
0.023081986233592033
0.023424245417118073
-0.019495105370879173
0.024478403851389885
0.025601016357541084
-0.015565965324640274
-0.03655332326889038
-0.005431659519672394
-0.025039710104465485
0.024149835109710693
0.01298532821238041
-0.031706925481557846
-0.008330597542226315
0.00017957932141143829
-0.0003730629396159202
-0.02703850530087948
0.014114785008132458
-0.02456054650247097
0.010418381541967392
-0.01705821603536606
-0.003621106268838048
0.003792236093431711
-0.021042117848992348
-0.012978482991456985
-0.016948694363236427
0.004699223674833775
0.004589700605720282
0.0009352242923341691
0.006266772747039795
-0.01733202487230301
-0.013793060556054115
0.003908604383468628
0.0014400571817532182
-0.0003037553688045591
-0.01563441753387451
-0.02012486197054386
-0.03718307986855507
-0.02883194573223591
0.018317732959985733
-0.0005459040403366089
-0.014470734633505344
-0.0005151006625965238
-0.02534089796245098
0.002606306690722704
0.016250483691692352
-0.024930186569690704
0.007865125313401222
-0.003511583199724555
0.008645476773381233
0.004901157226413488
0.013882048428058624
-0.01006243098527193
-0.010445762425661087
-0.0023393442388623953
-0.0030204406939446926
-0.02059033513069153
0.02703850530087948
-0.004576010629534721
-0.004842972848564386
-0.004072888754308224
-0.01334812305867672
-0.00653373496606946
0.01312223169952631
0.028065284714102745
-0.02809266559779644
-0.03425333648920059
-0.0018225321546196938
8.48162017064169e-05
-0.006869149394333363
0.012047536671161652
0.0029502774123102427
0.02198675461113453
-0.03770331293344498
-0.02276710607111454
0.001344224438071251
-0.013163303025066853
0.010158264078199863
0.0257926806807518
-0.01956355758011341
0.0032771353144198656
0.015716560184955597
0.008515418507158756
0.0159903671592474
0.015004660002887249
0.007988338358700275
0.01503203995525837
0.006413944531232119
0.01811237633228302
0.0005600222502835095
0.027517668902873993
-0.015689179301261902
0.00426113186404109
0.0073038190603256226
0.012163905426859856
-0.009638029150664806
0.016250483691692352
0.03441762179136276
-0.0027432104106992483
0.018577849492430687
0.01603143848478794
-0.010637427680194378
-0.024943877011537552
0.009179401211440563
-0.01603143848478794
0.007810363546013832
-0.008837142027914524
0.013033244758844376
-0.027503978461027145
-0.005660973489284515
-0.010924925096333027
0.005404278635978699
0.01102075818926096
0.002495072316378355
0.02557363547384739
-0.06554955244064331
0.014854065142571926
-0.003015306778252125
-0.02264389395713806
0.02197306416928768
-0.018605230376124382
-9.230312571162358e-05
0.012992173433303833
-0.007050547283142805
-0.005014102905988693
0.03447238355875015
-0.007474949117749929
-0.020987356081604958
0.018632611259818077
-0.008084171451628208
0.01731833443045616
0.03011884167790413
0.01357401441782713
-0.008152622729539871
0.006735668517649174
0.029680749401450157
0.0024848044849932194
0.00796095747500658
0.020398670807480812
0.02831171080470085
-0.01143831480294466
0.018358802422881126
0.0023769927211105824
0.012766282074153423
0.00565070565789938
-0.003586880397051573
0.02282186783850193
-0.02287662960588932
0.00297252438031137
-0.019385581836104393
0.02013855241239071
-0.002531009493395686
-0.027613501995801926
-0.004706068895757198
-0.0027055619284510612
0.027791477739810944
0.00958326831459999
0.014511805959045887
0.047067537903785706
-0.008077326230704784
0.00933684129267931
-0.011869561858475208
-0.006057994440197945
-0.010664808563888073
-0.015620727092027664
-0.019495105370879173
-0.04118067026138306
-0.0016120425425469875
-0.011280875653028488
0.005287910345941782
-0.011671051383018494
0.008426430635154247
0.012601997703313828
0.0006451592780649662
-0.01272521074861288
0.014593947678804398
0.023451626300811768
0.009131485596299171
-0.033158108592033386
-0.0009249564609490335
0.0069376016035676
0.0035321188624948263
0.0060340361669659615
-0.028120046481490135
0.02119271270930767
0.0028681352268904448
0.01079486683011055
-0.009145176038146019
-0.010411536321043968
-0.008850832469761372
-0.016182033345103264
0.004151608794927597
0.011048139072954655
0.024149835109710693
-0.017975471913814545
0.0009069878724403679
-0.02434150129556656
0.012889495119452477
0.005613056942820549
-0.02651827223598957
-0.03258311003446579
0.04046877101063728
0.003953097853809595
0.005558295641094446
-0.003080336144194007
-0.0029845035169273615
-0.019727841019630432
0.004476755391806364
-0.009069878607988358
0.0004996989737264812
-0.00941898301243782
0.011116591282188892
-0.0008192838286049664
-0.003662177361547947
-0.024026621133089066
0.001558136660605669
0.0012732056202366948
-0.03482833504676819
-0.009590113535523415
0.007125844247639179
-0.006841768976300955
0.04159138351678848
0.013026399537920952
-0.007618697825819254
0.03581404313445091
-0.0187832061201334
-0.013443956151604652
-0.022137349471449852
-0.02423197776079178
0.013108541257679462
0.020316528156399727
-0.03022836521267891
0.01015141885727644
-0.00014513944915961474
-0.005270797293633223
0.009514816105365753
0.010575820691883564
0.013149612583220005
-0.016223102807998657
0.02354745753109455
-0.0005998099222779274
0.006585074122995138
0.011328792199492455
0.015730250626802444
-0.001050736871547997
0.029735511168837547
0.00858386978507042
0.029735511168837547
0.04739610478281975
-0.001918364898301661
-0.025546254590153694
0.004124227911233902
0.018043924123048782
0.01782487891614437
-0.005602789111435413
-0.02108318917453289
0.0093916030600667
0.019919507205486298
0.04216637834906578
0.004367232322692871
0.019043322652578354
-0.020891524851322174
0.02736707590520382
-0.014142165891826153
-0.023793885484337807
0.015182634815573692
-0.018687373027205467
-0.010815402492880821
0.011985929682850838
-0.018304042518138885
-0.01720881089568138
0.019604628905653954
-0.013676692731678486
-0.00939844734966755
-0.01533322874456644
0.0015666931867599487
-0.022397466003894806
0.010541594587266445
-0.004202947486191988
0.012300808914005756
-0.0398116335272789
-0.039893776178359985
-0.013074315153062344
0.013717763125896454
-0.009364222176373005
-0.01028832234442234
-0.014415972866117954
-0.018920108675956726
-0.0059245130978524685
-0.026093870401382446
-0.005530914757400751
0.017797498032450676
-0.0029468548018485308
-0.0201933141797781
-0.003116273321211338
0.00939844734966755
0.01449811551719904
0.024519475176930428
-0.0060922205448150635
0.011068674735724926
0.004168721381574869
-0.016182033345103264
-0.022945081815123558
0.016921313479542732
-0.015483822673559189
0.01963200978934765
-0.01152730267494917
-0.0022999842185527086
0.016004057601094246
0.0020107750315219164
0.022000445052981377
0.014990969561040401
-0.009425828233361244
0.012848423793911934
-0.02372543327510357
-0.009439518675208092
0.028640281409025192
-0.009884456172585487
0.00719429599121213
0.006157249677926302
-0.012376106344163418
-0.015305847860872746
-0.032555729150772095
-0.004172143992036581
-0.02814742736518383
-0.014361211098730564
0.009357376955449581
-0.01264991331845522
0.014292759820818901
-0.025874823331832886
0.003665599972009659
0.028448615223169327
-0.026997433975338936
0.010993377305567265
-0.01474454253911972
0.02035759948194027
0.00516127422451973
3.492117321002297e-05
0.018153447657823563
0.011623134836554527
0.005041483324021101
0.02091890573501587
-0.025313517078757286
0.007344890385866165
0.00863863155245781
0.003515005810186267
0.030967645347118378
-0.0008847409626469016
-0.022082587704062462
-0.028174808248877525
0.03488309681415558
-0.0033147840294986963
0.023027224466204643
-0.026093870401382446
-0.016866551712155342
-0.009439518675208092
-0.009049342945218086
0.00886452291160822
0.0224248468875885
0.006225701421499252
-0.0243825726211071
-0.004538361914455891
0.02282186783850193
0.018865346908569336
-0.03458190709352493
0.031433120369911194
-0.027723025530576706
-0.014279069378972054
0.002970813075080514
-0.008570179343223572
0.02729862369596958
0.022287942469120026
-0.00029092063778080046
-0.012690984643995762
-0.018194518983364105
-0.018071305006742477
-0.040058061480522156
-0.01121242344379425
-0.007461258675903082
0.020672477781772614
0.027846239507198334
0.04591754451394081
-0.0031761687714606524
0.03537594899535179
-0.009706481359899044
5.0937851483467966e-05
-0.0021596578881144524
-0.014785613864660263
0.0052434164099395275
-0.026682555675506592
0.01351925265043974
0.02640874870121479
-0.008159467950463295
-0.010767485946416855
-0.019700460135936737
0.011575218290090561
0.03178906813263893
-0.007077927701175213
-0.022561751306056976
0.004531516693532467
-0.044548504054546356
-0.013437110930681229
0.013656157068908215
0.015579655766487122
-0.0010909524280577898
-0.039565205574035645
-0.02153497189283371
0.01844094507396221
0.009124640375375748
-0.0010789732914417982
0.003253177274018526
0.016127271577715874
-0.01444335374981165
0.0031282524578273296
0.012547235935926437
0.033897388726472855
-0.01968676969408989
0.01771535538136959
-0.049038950353860855
0.002619996899738908
0.025943275541067123
0.0098091596737504
0.0011628268985077739
0.014758232980966568
-0.009542196989059448
-0.0465473011136055
0.008768689818680286
0.023862337693572044
-0.005394010804593563
0.0017814610619097948
-0.023930789902806282
-0.006348914932459593
-0.027353385463356972
0.010507368482649326
0.005739693064242601
-0.01856415905058384
0.01045260764658451
0.0003322057018522173
0.013977880589663982
-0.012129679322242737
-0.0036827130243182182
0.04060567542910576
0.005171542055904865
0.04211161658167839
0.012547235935926437
0.012430867180228233
0.0319807343184948
0.01371091790497303
-0.007652923930436373
0.0023102520499378443
0.0249575674533844
0.0044836001470685005
0.03022836521267891
0.05090084299445152
-0.05309130623936653
-0.016633814200758934
-0.0023804153315722942
0.0033284742385149
-0.020426051691174507
-0.017181430011987686
0.006246237084269524
0.024190906435251236
-0.0014203771715983748
0.0029177628457546234
0.0035389638505876064
-0.022972462698817253
0.025423040613532066
-0.007687150035053492
-0.009891301393508911
0.002462557516992092
0.0023290764074772596
-0.0067151328548789024
-0.008672857657074928
-0.03173430636525154
0.0033815244678407907
-0.00036664557410404086
0.005349516868591309
0.01890641823410988
0.010883854702115059
-0.036991413682699203
0.004387767519801855
-0.010000824928283691
0.013964190147817135
-0.0006070829113014042
-0.0031299637630581856
0.02091890573501587
0.0022862940095365047
-0.0027226749807596207
-0.01334812305867672
0.02265758439898491
0.033733103424310684
-0.009172556921839714
-0.025710538029670715
0.01065796334296465
-0.0034140392672270536
0.014840374700725079
-0.015100492164492607
-0.004678688477724791
-0.014812993817031384
-0.006687751971185207
-0.017619522288441658
-0.015511203557252884
0.010110347531735897
-0.009343686513602734
-0.0015281889354810119
-0.0012920298613607883
-0.022109968587756157
-0.024601617828011513
-0.008111551403999329
0.005780763924121857
-0.02555994503200054
-0.003076913533732295
0.02338317409157753
-0.006407099310308695
-0.011513612233102322
0.008631786331534386
0.019645700231194496
0.022739725187420845
0.014867755584418774
-0.028859326615929604
0.004784788936376572
-0.0010789732914417982
0.019549867138266563
-0.026230772957205772
0.02108318917453289
-0.03792236000299454
-0.003225796390324831
0.015429061837494373
-0.018372492864727974
-0.02720279060304165
-0.03712831810116768
0.004360387101769447
-0.006646680645644665
-0.011280875653028488
-0.0017215656116604805
0.036361657083034515
0.003470512107014656
0.000760244089178741
0.0005685787182301283
-0.024546856060624123
-0.0029092063196003437
0.0014665822964161634
-0.03452714532613754
0.027942070737481117
-0.0043569644913077354
0.005780763924121857
-0.003186436602845788
0.010808557271957397
0.004688956309109926
-0.03959258645772934
0.001526477630250156
-0.008419585414230824
0.00464103976264596
-0.013471337035298347
-0.01609989069402218
-0.004322738386690617
0.005356362089514732
-0.032884299755096436
0.002036444377154112
-0.016455840319395065
-0.01393680926412344
0.031597401946783066
-0.007591317407786846
0.015771320089697838
0.00519892293959856
-0.01901594176888466
-0.01570286974310875
-0.016387388110160828
-0.04728658124804497
-0.03417119383811951
-0.0024796705693006516
-0.028804564848542213
0.026915293186903
0.018043924123048782
-0.013943654485046864
0.018084995448589325
-0.03033788874745369
-0.006300998851656914
0.0075228651985526085
0.0054385047405958176
-0.005260529462248087
-0.012827889062464237
0.004706068895757198
0.0024043733719736338
0.0229861531406641
-0.011725813150405884
0.013307051733136177
-0.014566567726433277
-0.012738901190459728
-0.00891928467899561
-0.014457044191658497
-0.011623134836554527
-0.0029759469907730818
-0.01463501900434494
-0.01698976568877697
0.022178420796990395
0.008645476773381233
-0.0002663207415025681
0.019139155745506287
-0.010952305980026722
-0.008419585414230824
-0.005448772571980953
-0.0062222788110375404
-0.013724608346819878
-0.0037580099888145924
-0.002649089088663459
-0.02327365055680275
-0.025217685848474503
0.022904010489583015
-0.010199335403740406
-0.0007495484314858913
-0.03061169572174549
0.014854065142571926
-0.018413564190268517
0.007851434871554375
-0.015470132231712341
-0.006215433590114117
0.006119600962847471
-0.004842972848564386
0.00021476787514984608
-0.006088797934353352
-0.005168119445443153
0.013635621406137943
0.027791477739810944
0.015004660002887249
-0.03332239016890526
0.012978482991456985
-0.02008379064500332
0.005137315951287746
0.0021955950651317835
-0.024820664897561073
0.015730250626802444
-0.015182634815573692
0.010370464995503426
-0.027353385463356972
-0.016620125621557236
-0.009466899558901787
0.01996057853102684
-0.01737309619784355
0.03660808503627777
0.005188655108213425
-0.013149612583220005
-0.006434479728341103
0.009021962061524391
-0.02113795094192028
-0.020494503900408745
-0.01258830726146698
0.01856415905058384
-0.010746950283646584
0.009213627316057682
-0.030885502696037292
0.002248645294457674
0.02814742736518383
-0.012239201925694942
0.02798314206302166
-0.0159903671592474
0.011486231349408627
0.1884891837835312
0.009993979707360268
0.008542798459529877
0.02074092999100685
0.012615688145160675
0.013929964043200016
0.026052799075841904
-0.0010644273133948445
-0.0033096501138061285
-0.0022862940095365047
0.004220060538500547
-0.014265378937125206
-0.018769515678286552
-0.0028493108693510294
-0.006923911161720753
0.009891301393508911
0.006756203714758158
-0.036087848246097565
0.010308858007192612
0.0020415782928466797
0.012567771598696709
0.001010521431453526
-0.010781176388263702
-0.028640281409025192
0.008953510783612728
0.01749630831182003
-0.018646301701664925
-0.006372873205691576
0.01671595685184002
0.01230765413492918
-0.021055808290839195
-0.009843384847044945
0.022014135494828224
0.010548439808189869
0.016674885526299477
0.008611250668764114
0.006372873205691576
-0.023848647251725197
0.015114182606339455
0.01688024215400219
-0.002678181044757366
-0.005044905934482813
0.014429663307964802
0.0035321188624948263
-0.002022754168137908
0.011602599173784256
-0.0036484869197010994
-0.004706068895757198
0.009097259491682053
-0.009377912618219852
-0.04950442537665367
0.008542798459529877
0.012540390715003014
0.008029409684240818
-0.00782405398786068
-0.0020535574294626713
-0.0005972429644316435
0.007242212537676096
0.015210015699267387
0.023396864533424377
-0.017811188474297523
0.03263787180185318
0.00047616861411370337
0.028612900525331497
-0.009549042209982872
-0.009501125663518906
-0.021507591009140015
0.01213652454316616
0.03408905491232872
-0.014703471213579178
0.006212010979652405
-0.0021185867954045534
-0.03247358649969101
0.003301093587651849
-0.014142165891826153
-0.03428071737289429
0.0013964190147817135
0.004360387101769447
0.03274739533662796
0.046738967299461365
0.0019149422878399491
-0.014470734633505344
-0.022849248722195625
-0.027326004579663277
-0.016798099502921104
-0.029625987634062767
0.05007942020893097
-0.026326606050133705
-0.02820218913257122
-0.006174362730234861
-0.012232356704771519
-0.034855715930461884
-0.01711297780275345
-0.015689179301261902
0.005602789111435413
0.04189256951212883
0.03918187692761421
0.01404633279889822
0.0030238633044064045
0.012636222876608372
-0.05090084299445152
0.04495921730995178
0.013204374350607395
0.013916274532675743
0.002835620427504182
0.004962763749063015
0.011287720873951912
0.009987134486436844
0.004052353091537952
-0.016236793249845505
0.014032642357051373
-0.045506831258535385
0.004699223674833775
0.007837744429707527
-0.006157249677926302
0.022178420796990395
-0.007173760794103146
-0.019248677417635918
0.01733202487230301
0.01787964068353176
0.003294248366728425
-0.026176011189818382
-0.01928974874317646
0.012560926377773285
-0.008091016672551632
-0.024464713409543037
-0.023807575926184654
0.008556488901376724
-0.012841579504311085
-0.03948306292295456
0.00846750196069479
-0.007420187350362539
0.029762892052531242
0.005373475141823292
0.017455238848924637
-0.02193199284374714
0.0196183193475008
-0.008843987248837948
-0.02883194573223591
0.012560926377773285
0.010254097171127796
-0.0005317858303897083
0.00782405398786068
0.010644272901117802
-0.008344287984073162
-0.008494882844388485
0.0003540247562341392
0.018810585141181946
-0.011650515720248222
-0.04082472249865532
-0.03296644240617752
0.003102583112195134
0.0018259547650814056
-0.024943877011537552
0.026723627001047134
-0.0004877198953181505
-0.0036039932165294886
-0.018180828541517258
0.017236191779375076
-0.0021955950651317835
-0.02258913218975067
-0.008542798459529877
-0.015305847860872746
0.0035218510311096907
-0.018536778166890144
-0.01368353795260191
-0.1738131046295166
-0.015470132231712341
0.028530757874250412
-0.03863425925374031
0.006044303998351097
-0.0036005706060677767
0.03677236661314964
0.016798099502921104
-0.042987801134586334
-0.021124260500073433
0.009692790918052197
0.007748756557703018
-0.01705821603536606
-0.017756426706910133
0.007687150035053492
0.03616999089717865
-0.0319533534348011
0.008556488901376724
0.022835558280348778
0.010788021609187126
0.024683760479092598
-0.04424731805920601
-0.0066535258665680885
-0.003597147995606065
-0.0070368568412959576
0.005171542055904865
-0.010972841642796993
0.008125241845846176
-0.0009181112982332706
-0.026846840977668762
0.001483695232309401
0.003703248454257846
0.029680749401450157
0.0135945500805974
0.006157249677926302
0.0033935036044567823
-0.0028065284714102745
0.009836539626121521
-0.021603424102067947
0.04996989667415619
0.010479987598955631
0.01985105499625206
-0.0002973380032926798
-0.0176605936139822
0.005373475141823292
0.024478403851389885
0.0224248468875885
-0.015730250626802444
0.0025087627582252026
-0.015360609628260136
0.022958772256970406
-0.007166915573179722
-0.01850939728319645
-0.009384757839143276
0.02651827223598957
0.02130223624408245
-0.0007743622991256416
0.014012106694281101
-0.011513612233102322
-0.01794809103012085
0.002638821257278323
-0.02113795094192028
-0.007817208766937256
-0.004719759337604046
-0.01666119508445263
-0.01918022707104683
-0.017961781471967697
0.023684361949563026
-0.03236406669020653
0.0020706704817712307
0.008912439458072186
-0.012458248063921928
-0.038497354835271835
0.03135097771883011
-0.0056575508788228035
0.03066645748913288
0.0060922205448150635
0.027859928086400032
0.016565363854169846
-0.02090521529316902
0.01079486683011055
0.009966598823666573
0.003330185543745756
-0.0007533988682553172
0.009015116840600967
-0.019645700231194496
-0.014251688495278358
0.012526700273156166
0.0017900175880640745
0.008837142027914524
0.025778990238904953
-0.017003456130623817
0.005828680470585823
0.007673459593206644
-0.005503533873707056
0.007077927701175213
0.015100492164492607
-0.01985105499625206
0.00950797088444233
-0.014012106694281101
0.01194485928863287
0.01783856935799122
0.010055585764348507
-0.018180828541517258
0.01185587141662836
0.012793662957847118
-0.014977279119193554
0.030009320005774498
0.03570451959967613
-0.019152846187353134
-0.011390398256480694
0.006482396274805069
0.01597667671740055
0.01357401441782713
0.02276710607111454
0.03083074279129505
0.025217685848474503
0.006708287633955479
0.007331199944019318
0.028968850150704384
0.027969451621174812
-0.005479575600475073
-0.021261164918541908
0.0031676122453063726
0.010541594587266445
-0.0068999528884887695
-0.10607308894395828
-0.03447238355875015
0.03381524607539177
0.011027603410184383
-0.0176605936139822
0.03907235339283943
-0.003580035176128149
0.033459294587373734
-0.028722422197461128
0.026614103466272354
-0.0084127401933074
-0.014949898235499859
0.000578418665099889
-0.01124664954841137
0.0012133101699873805
-0.027449216693639755
0.003792236093431711
-0.02937956154346466
-0.00877553503960371
0.03146050125360489
0.024300429970026016
0.004237173590809107
0.015100492164492607
0.010391000658273697
-0.007338045164942741
-0.006290731020271778
-0.019303439185023308
0.010089811868965626
0.012451402842998505
0.008022564463317394
0.020439742133021355
-0.0005506100715138018
0.031378358602523804
-0.03233668580651283
-0.01219128631055355
0.004220060538500547
0.0022982729133218527
-0.051722265779972076
0.015319538302719593
-0.014196926727890968
-0.003703248454257846
0.004860085900872946
0.01890641823410988
-0.02842123433947563
-0.019823674112558365
0.0016077642794698477
-0.009377912618219852
0.017564760521054268
-0.012143369764089584
-0.026737317442893982
-0.0243825726211071
-0.0168254803866148
-0.014895136468112469
0.003662177361547947
0.005205768160521984
-0.0036039932165294886
0.021001046523451805
-0.010137728415429592
-0.019809983670711517
0.001265504746697843
-0.029242657124996185
0.017523689195513725
-0.02601172775030136
0.013731453567743301
-0.0015085090417414904
-0.0277504064142704
-0.03649856150150299
-0.0375937893986702
0.01438859198242426
-0.014457044191658497
-0.0060340361669659615
0.013553478755056858
0.00024856600794009864
0.0069786724634468555
-0.023698052391409874
0.002282871399074793
0.008802915923297405
-0.004144763574004173
0.010589511133730412
0.016674885526299477
-0.025546254590153694
-0.007618697825819254
0.020549263805150986
0.006376295816153288
0.016633814200758934
0.03151526302099228
-0.008125241845846176
0.012643068097531796
-0.013669847510755062
-0.00992552749812603
-0.01272521074861288
0.018071305006742477
0.01236241590231657
0.0006002377485856414
0.004675265867263079
-0.02198675461113453
-0.008946665562689304
-0.01015141885727644
-0.020617716014385223
0.01733202487230301
-0.03682712838053703
-0.006537157576531172
-0.07201141119003296
0.0013989859726279974
0.009316305629909039
-0.011445160023868084
-0.003840152407065034
-0.01722250133752823
0.022465918213129044
-0.013635621406137943
-0.0034927588421851397
-0.00601350050419569
-0.027517668902873993
-9.176835010293871e-05
0.010493678040802479
-0.012574616819620132
-0.027011124417185783
-0.03573190048336983
0.059744831174612045
-0.025203995406627655
0.03789497911930084
0.0088302968069911
-0.009220472536981106
-0.005938203539699316
0.02282186783850193
0.02057664468884468
-0.0044836001470685005
0.021671876311302185
-0.009179401211440563
0.020617716014385223
0.008159467950463295
-0.014196926727890968
0.013033244758844376
0.003331896848976612
-0.018550468608736992
0.03146050125360489
-0.00667406152933836
0.0019782602321356535
-0.016360007226467133
0.004979876801371574
0.011458850465714931
0.053529396653175354
-0.007112153805792332
-0.025190304964780807
0.022082587704062462
-0.03466404974460602
-0.0066569484770298
-0.007700840476900339
-0.0013690382475033402
-0.009261543862521648
-0.0033028048928827047
-0.00040728889871388674
0.01267044898122549
-0.006622722838073969
-0.019330820068717003
-0.01722250133752823
0.009460054337978363
-0.025669468566775322
-0.021206403151154518
-0.014429663307964802
-0.0021938837599009275
-0.013375503942370415
0.02310936525464058
-0.008597560226917267
0.003487624926492572
-0.002823641523718834
-0.0015136429574340582
0.005537759978324175
-0.02361590974032879
0.015415371395647526
0.005205768160521984
-0.0055685630068182945
-0.0583210289478302
-0.014333831146359444
0.025532564148306847
0.014717161655426025
0.002934875898063183
-0.02550518326461315
0.00020193314412608743
0.020398670807480812
0.0002992632216773927
0.017400477081537247
0.03313072770833969
0.023150436580181122
0.010534749366343021
0.026285534724593163
0.028530757874250412
0.016510602086782455
-0.02124747447669506
0.020823072642087936
-0.0020843606907874346
-0.005298178177326918
-0.005753383506089449
0.026874221861362457
0.006564538460224867
-0.0009993979474529624
0.011123435571789742
0.00801571924239397
-0.003039265051484108
-0.01698976568877697
0.03723784163594246
0.024875424802303314
0.0019697039388120174
0.0045144036412239075
0.0075228651985526085
-0.03392476961016655
-0.015182634815573692
0.021767709404230118
-0.018372492864727974
-0.003874378278851509
0.01062373723834753
0.012622533366084099
0.010822247713804245
-0.0018362225964665413
0.018646301701664925
0.00975439790636301
-0.019043322652578354
0.020439742133021355
0.0021853274665772915
-0.029133135452866554
-0.03805926442146301
0.03414381295442581
-0.0018978293519467115
0.0075023300014436245
0.000452638283604756
-0.033952150493860245
0.028640281409025192
0.004538361914455891
0.04271399602293968
0.004144763574004173
0.005233149044215679
0.007892505265772343
0.015839772298932076
0.002714118454605341
-0.014210617169737816
-0.010521058924496174
-0.019412962719798088
-0.02450578473508358
-0.013977880589663982
-0.024478403851389885
0.0014366345712915063
0.09670886397361755
0.03083074279129505
0.007338045164942741
-0.014607638120651245
-0.03660808503627777
0.012403487227857113
-0.0028116623871028423
0.022972462698817253
-0.01124664954841137
-0.01091123465448618
0.029680749401450157
0.006855458952486515
0.012526700273156166
-0.014908826909959316
0.006941024214029312
-0.030009320005774498
-0.0314057394862175
0.03178906813263893
-0.016757028177380562
0.02439626306295395
0.017071906477212906
-0.033158108592033386
0.028393853455781937
0.014717161655426025
-0.03302120417356491
0.000362795137334615
0.033897388726472855
-0.00029177629039622843
-0.023821266368031502
-0.01894748955965042
0.020672477781772614
0.010438917204737663
-0.05210559815168381
-0.024464713409543037
-0.0075502460822463036
0.023876028135418892
0.005236571189016104
-0.004952495917677879
0.0026268421206623316
0.009596958756446838
0.004209792707115412
-0.009158866479992867
-0.006745936349034309
-0.03920925781130791
-0.04515088349580765
0.014114785008132458
-0.007344890385866165
-0.014854065142571926
-0.014758232980966568
