0.012428819201886654
-0.028520459309220314
-0.0010110228322446346
0.0008521595154888928
-0.019682766869664192
0.020947156473994255
-0.029224345460534096
-0.0011299666948616505
-0.009228740818798542
-0.030814608559012413
0.0048392233438789845
-0.0034738127142190933
0.009319985285401344
0.014781626872718334
-0.006396898999810219
-0.0100238723680377
0.03154456615447998
-0.018366236239671707
-0.0020220456644892693
-0.006934590637683868
-0.029458973556756973
0.005754928104579449
0.005816843826323748
-0.011679310351610184
-0.03475116193294525
0.021233923733234406
-0.002224087482318282
-0.025248687714338303
-0.003405379131436348
0.007788379210978746
-0.0011812918819487095
-0.016072086989879608
0.006273067090660334
-0.008590028621256351
0.000709997140802443
0.003082764334976673
0.00422658072784543
0.019461171701550484
0.012872007675468922
0.020868945866823196
0.027712291106581688
0.006253514438867569
0.011966078542172909
-0.0038062038365751505
-0.0021703182719647884
0.021572833880782127
-0.01552461925894022
-0.0006431930232793093
-0.03704531118273735
0.01927868276834488
0.0116011006757617
0.016358856111764908
-0.028937576338648796
0.0029540443792939186
-0.001591077889315784
-0.002224087482318282
-0.012669965624809265
0.013067531399428844
0.001145445741713047
-0.020360583439469337
0.015459444373846054
-0.007488575764000416
-0.03618500754237175
0.011183982715010643
0.020034709945321083
0.02825975976884365
-0.009769691154360771
0.01431236881762743
-0.01313270628452301
0.007788379210978746
0.029302554205060005
0.016580449417233467
0.009280879981815815
0.005696270614862442
0.01805339753627777
-0.011144877411425114
-0.009600237011909485
-0.03576788678765297
-0.0013108266284689307
0.016293680295348167
-0.00619159871712327
0.0020709268283098936
-0.03347373753786087
0.011392541229724884
-0.007488575764000416
-0.00037027389043942094
0.013452062383294106
0.0025629960000514984
-0.009254810400307178
-0.01341295801103115
-0.011183982715010643
0.017114881426095963
-0.004630663897842169
0.01741468533873558
-0.01749289594590664
0.013100119307637215
-0.008537888526916504
0.028520459309220314
-0.02833796851336956
-0.03034535050392151
-0.007840518839657307
0.00221268180757761
-0.026226308196783066
0.005868983920663595
-0.027816571295261383
-0.00025214470224455
-0.018444446846842766
0.009945662692189217
0.024166787043213844
-0.03188347443938255
-0.01884852908551693
0.04434487968683243
-0.0145600326359272
-0.01042143814265728
0.01999560557305813
-0.02612202800810337
0.029380764812231064
-0.036862824112176895
-0.011092737317085266
-0.014103810302913189
0.02961539290845394
-0.0007336229900829494
0.03568967804312706
0.016541345044970512
0.019461171701550484
0.018301062285900116
-0.004304790403693914
-0.011483785696327686
-0.02169014699757099
-0.013882216066122055
-0.0017971929628401995
-0.010115116834640503
-0.00977620854973793
-0.002009010873734951
-0.0013564488617703319
-0.007866589352488518
-0.0210514348000288
0.009378642775118351
-0.03605465590953827
-0.03063211962580681
0.019669732078909874
0.02041272260248661
0.004897880367934704
-0.018079467117786407
-0.01926564797759056
0.011659758165478706
0.03660212457180023
0.014286299236118793
0.0025320379063487053
-0.0033825680147856474
0.011653240770101547
-0.03305662050843239
0.011861799284815788
-0.011679310351610184
0.01394739095121622
-0.002611876931041479
0.0027014922816306353
0.0028253241907805204
-0.0123897148296237
0.009313467890024185
0.002781331306323409
0.010903730988502502
0.008309776894748211
0.029589323326945305
0.021155714988708496
0.0145600326359272
0.020621282979846
0.001499018631875515
0.01027805358171463
0.015276954509317875
0.02570491097867489
0.02570491097867489
-0.03707138076424599
0.023541109636425972
0.0035455049946904182
0.012063841335475445
-0.008622615598142147
0.014025600627064705
0.0008256822475232184
-0.003116981126368046
-0.003015960333868861
-0.0006211965810507536
0.009502474218606949
0.022889362648129463
-0.008694307878613472
0.013882216066122055
0.005038006231188774
0.010036907158792019
-0.0016252946807071567
0.006856380961835384
0.023671459406614304
0.007286533713340759
-0.016880253329873085
-0.0024196116719394922
-0.629014253616333
5.320904892869294e-05
0.002584177767857909
-0.017792699858546257
0.013517237268388271
0.015068395994603634
0.030710328370332718
0.005145544186234474
-0.00831629429012537
-0.018431412056088448
0.0013588930014520884
0.03232666105031967
-0.002329996321350336
-0.01969580166041851
-0.03389085456728935
-0.017818769440054893
0.017114881426095963
-0.030032511800527573
0.006175304763019085
-0.014755557291209698
-0.024388380348682404
0.005963487084954977
0.0018232628935948014
-0.00974362064152956
-0.010017354972660542
-0.022016020491719246
0.006429486442357302
0.0021572832483798265
0.016893288120627403
-0.006706479005515575
0.006054731551557779
0.03863557428121567
-0.0038518260698765516
0.014429683797061443
0.060065023601055145
0.006771653424948454
-0.029667533934116364
0.012839420698583126
0.021898707374930382
0.029458973556756973
-0.015146605670452118
-0.01591566763818264
0.0207646656781435
0.0035846098326146603
0.023006677627563477
-0.0061883400194346905
0.02020416408777237
-0.0337083674967289
-0.021142680197954178
0.022472243756055832
-0.016293680295348167
-0.013399923220276833
-0.01149682141840458
-0.011751002632081509
-0.0040440913289785385
-0.019591521471738815
0.001046868972480297
0.009984767064452171
0.004141853656619787
0.014142914675176144
-0.016945427283644676
0.0028970164712518454
-0.005448606796562672
-0.023032747209072113
-0.028859367594122887
0.022394035011529922
0.0039267768152058125
-0.015889598056674004
0.0022420105524361134
-0.015681037679314613
0.000729549559764564
0.018718179315328598
-0.0009963585762307048
-0.03224845230579376
0.00845316145569086
0.009020181372761726
0.026447901502251625
-0.014546997845172882
0.005073851905763149
0.005490970332175493
-0.00767106469720602
-0.02219851128757
-0.022446174174547195
0.015420339070260525
0.01121005229651928
-0.028598668053746223
-0.016580449417233467
-0.027216963469982147
0.01328260824084282
0.028781156986951828
0.001787416753359139
0.024010367691516876
-0.003056694520637393
-0.015407304279506207
-0.0007861700723879039
0.045074839144945145
0.006422969046980143
-0.019578486680984497
0.0020024932455271482
-0.013210915960371494
0.006054731551557779
-0.024375345557928085
0.018040362745523453
0.0070128003135323524
0.031023167073726654
0.000929554458707571
-0.004474244546145201
0.002245269250124693
0.04366706311702728
-0.01017377432435751
-0.017662350088357925
-0.014403613284230232
-0.019734906032681465
-0.0010884178336709738
-0.0023674718104302883
-0.030918888747692108
0.0031642327085137367
0.001007764134556055
0.004923950415104628
-0.020947156473994255
0.0108124865218997
-0.0027650375850498676
0.020021675154566765
-0.002440793439745903
-0.01884852908551693
0.025874365121126175
-0.005767962895333767
-0.0005653907428495586
-0.0038778958842158318
-0.02376270294189453
0.003292952897027135
-0.0223418939858675
0.0030387714505195618
-0.004158147145062685
0.02020416408777237
-0.0032114845234900713
0.01470341719686985
-0.006201374810189009
0.0016978015191853046
-0.011718414723873138
-0.01145771611481905
-0.01950027607381344
0.015003221109509468
-0.005595250055193901
-0.03305662050843239
-0.05062772333621979
-0.03329124674201012
0.000661523430608213
-0.00988700520247221
0.012793797999620438
-0.007325638551265001
-0.009906557388603687
-0.02812940999865532
0.007136632222682238
0.010330193676054478
-0.007781861815601587
-0.010108599439263344
-0.002343031344935298
-0.027529802173376083
-0.02141641452908516
0.01288504246622324
-0.004637181293219328
-0.03318696841597557
0.014625207521021366
-0.021038400009274483
-0.006380605511367321
0.012930665165185928
0.018757285550236702
-0.011236121878027916
-0.05305222421884537
0.008700825273990631
0.012956734746694565
-0.006566353142261505
0.02455783449113369
0.02734731324017048
-0.006849863100796938
0.00895500648766756
-0.002126325387507677
-0.02226368524134159
-0.013856145553290844
-0.004295014310628176
0.02690412476658821
-0.02956325374543667
-0.004389517474919558
0.004891362972557545
0.006830310914665461
0.007807931862771511
0.0017629762878641486
0.004213545937091112
0.023215236142277718
-0.008472713641822338
0.0027454851660877466
-0.0077557917684316635
0.038948412984609604
-0.011646722443401814
0.00010855664731934667
-0.013843110762536526
0.002919827587902546
0.0003008220810443163
0.029719673097133636
0.014077739790081978
-0.006409933790564537
0.012813350185751915
-0.005060817115008831
0.008094700053334236
-0.013751866295933723
-0.007788379210978746
-0.012272399850189686
0.05396467074751854
0.007847036235034466
0.011998666450381279
-0.008127287961542606
-0.0020790735725313425
-0.016189400106668472
0.011913939379155636
0.019382962957024574
-0.00717573706060648
0.017023637890815735
-0.021312134340405464
0.012233295477926731
0.00442536361515522
-0.012663448229432106
0.010017354972660542
-0.016723833978176117
0.008381469175219536
0.035298630595207214
0.015733178704977036
0.013360817916691303
0.009841383434832096
-0.019474206492304802
0.009176600724458694
0.0019747940823435783
-0.01252658199518919
0.012207225896418095
0.02825975976884365
0.016880253329873085
0.008544405922293663
-0.01854872517287731
0.03519434854388237
0.01509446557611227
0.007807931862771511
0.017466826364398003
0.004800118505954742
-0.015185710042715073
0.017219161614775658
0.011425129137933254
0.02726910449564457
0.0030387714505195618
-0.005184649024158716
0.018535690382122993
0.00324733043089509
0.002448940183967352
-0.018144642934203148
-0.044214531779289246
-0.0005352473817765713
-0.027738362550735474
0.026226308196783066
0.013960425741970539
0.03847915679216385
0.03297840803861618
0.003535728668794036
0.0268259160220623
0.005891794804483652
0.014938046224415302
-0.00791872851550579
0.0018102278700098395
-0.013054496608674526
-0.020543072372674942
-0.013986495323479176
-0.02627844735980034
0.009587201289832592
-0.008055595681071281
-0.017545035108923912
0.01626761071383953
0.0031300161499530077
0.01655437983572483
0.018301062285900116
0.0030697293113917112
-0.002048115711659193
-0.0030322540551424026
-0.041242565959692
-0.024727290496230125
0.005080369766801596
0.022394035011529922
0.008576993830502033
-0.0005715008592233062
-0.006517472211271524
-0.017936084419488907
-0.027295174077153206
-0.009997802786529064
-0.010890696197748184
-0.004803377203643322
0.002520632464438677
-0.001635885564610362
0.0027454851660877466
-0.0027405971195548773
0.03167491406202316
0.0005780183128081262
-0.006152493879199028
-0.008146840147674084
0.008270672522485256
-0.00796435121446848
-0.012689518742263317
-0.018744250759482384
0.04327601566910744
0.036654263734817505
-0.036080725491046906
-0.010349745862185955
0.0034347078762948513
-0.036289285868406296
0.012318022549152374
-0.010662584565579891
0.010792934335768223
-0.010616961866617203
0.00024949698126874864
0.004135336261242628
0.025887399911880493
-0.004686062689870596
0.020034709945321083
0.006830310914665461
0.0007340303272940218
0.013334748335182667
-0.007560267578810453
0.01913529820740223
0.038088109344244
1.853406138252467e-05
-0.02397126331925392
0.01664562337100506
-0.018861563876271248
0.003939812071621418
-0.03206596150994301
-0.0406690277159214
0.010082529857754707
-0.002101884689182043
0.015746213495731354
-0.005236789118498564
0.008531371131539345
-0.018457481637597084
0.004213545937091112
0.016945427283644676
0.001859108917415142
-0.0023528074380010366
0.02184656634926796
0.009372125379741192
0.023019712418317795
-0.012585238553583622
-7.719131099293008e-05
-0.008446644060313702
0.02854652889072895
0.014038635417819023
0.04040832817554474
0.029146134853363037
0.007429918274283409
-0.009704516269266605
0.016163330525159836
0.015433373861014843
0.009652376174926758
0.005109698045998812
-0.025392072275280952
0.030162861570715904
-0.009873970411717892
0.049141742289066315
-0.008185945451259613
0.012148568406701088
0.019252613186836243
0.03211810439825058
0.009365607984364033
-0.0005739448824897408
0.012285435572266579
-0.023541109636425972
0.01677597314119339
0.0203345138579607
-0.017180057242512703
-0.021377308294177055
-0.006348018068820238
0.047786105424165726
-0.011425129137933254
0.01552461925894022
0.014507893472909927
0.0012130645336583257
0.007586337625980377
0.017857873812317848
-0.006771653424948454
-0.0351422093808651
-0.02169014699757099
-0.023893052712082863
0.01577228307723999
-0.028155479580163956
0.00018809016910381615
-0.0005539851263165474
0.020165059715509415
-0.003796427510678768
-0.014573067426681519
8.013181286514737e-06
0.008805104531347752
-0.050002045929431915
-0.029589323326945305
0.004575265571475029
0.0061394586227834225
0.009000629186630249
-0.0041223010048270226
-0.000752768013626337
0.0027080096770077944
0.01538123469799757
-0.010408403351902962
-0.01149682141840458
0.007358225993812084
-0.02841617912054062
-0.021038400009274483
0.009704516269266605
-0.011685827746987343
-0.023880017921328545
0.01394739095121622
0.0023853948805481195
-0.04619584232568741
-0.014012564904987812
0.011829212307929993
-0.004242874216288328
-0.028859367594122887
0.016397960484027863
-0.005754928104579449
0.009561131708323956
0.019865255802869797
-0.011881351470947266
-0.005637613590806723
-0.026851985603570938
-0.002976855495944619
-0.01641099527478218
0.013869181275367737
0.002652611117810011
-0.014768592081964016
0.01604601740837097
-0.02776443213224411
-0.023462900891900063
0.03634142503142357
0.006510954815894365
0.0010436102747917175
-0.00467628613114357
0.023150062188506126
0.012676483020186424
-0.0009042992605827749
0.03834880515933037
0.0056539070792496204
0.0039756582118570805
0.0039365533739328384
-0.029146134853363037
0.010460542514920235
-0.001249725348316133
-0.017545035108923912
-0.0009539949824102223
0.009463369846343994
-0.026799846440553665
-0.014155949465930462
0.021325169131159782
0.0028970164712518454
0.013895250856876373
-0.00845967885106802
-0.021286064758896828
0.0001380889443680644
-0.0229154322296381
-0.004285238217562437
0.01634581945836544
0.005383431911468506
-0.004940243903547525
-0.011262192390859127
0.01848355121910572
0.013425992801785469
-0.011001492850482464
0.029667533934116364
-0.02690412476658821
0.009183118119835854
-0.0029165688902139664
-0.01985222101211548
0.03498579189181328
0.00742340087890625
0.010095564648509026
-0.005947193596512079
0.001053386484272778
-0.012337574735283852
-0.016463134437799454
0.0037019241135567427
-0.01849658600986004
0.004347153939306736
0.012617826461791992
0.015720143914222717
-0.014195054769515991
0.009958697482943535
-0.010903730988502502
-0.009841383434832096
-0.011646722443401814
-0.006804240867495537
-0.020868945866823196
-0.03430797532200813
0.012552651576697826
0.02541814185678959
0.005350844468921423
0.008687790483236313
-0.02012595348060131
-0.003340204479172826
0.030918888747692108
-0.03018893115222454
-0.016098156571388245
0.005702788010239601
-0.0033336870837956667
-0.013908285647630692
0.01577228307723999
-0.01862693578004837
0.029067926108837128
-0.008081665262579918
0.017297370359301567
0.03574181720614433
0.009580683894455433
0.01213553361594677
0.017949119210243225
0.03282199054956436
0.0030599532183259726
-0.004927209112793207
-0.0042330981232225895
0.02620023861527443
0.005292187444865704
-0.0025483316276222467
-0.04674331098794937
0.02183353155851364
0.020099883899092674
-0.005129250697791576
-0.007801414467394352
-0.01891370490193367
0.0060384380631148815
-0.020751630887389183
0.02397126331925392
-0.01077338121831417
-0.01577228307723999
0.038374874740839005
-0.008088182657957077
-0.023814843967556953
-0.02376270294189453
-0.001570710795931518
0.005161838140338659
-0.002284374088048935
0.010577857494354248
0.019591521471738815
0.008374951779842377
-0.017075777053833008
0.0069411080330610275
0.009215706028044224
-0.02805120125412941
0.05761445313692093
0.02269383892416954
0.03561146929860115
0.03089281916618347
-0.0012977916048839688
-0.019734906032681465
-0.018470516428351402
0.03076246939599514
-0.003698665415868163
0.037149593234062195
0.009508991613984108
0.0145600326359272
-0.017075777053833008
0.006566353142261505
0.019800079986453056
-0.02219851128757
-0.01431236881762743
0.004712132271379232
-0.006230703555047512
-0.005249823909252882
-0.027581943199038506
0.011979114264249802
-0.027712291106581688
0.03112744726240635
0.008029526099562645
0.020517002791166306
-0.024896744638681412
-0.01016725692898035
-0.010304123163223267
0.050419166684150696
-0.01620243676006794
0.017883943393826485
0.014612172730267048
-0.008811622858047485
-0.028311898931860924
-0.01741468533873558
-0.007970868609845638
-0.03128386661410332
0.004940243903547525
0.00619485741481185
0.013738831505179405
0.010115116834640503
0.004451433662325144
-0.01263737864792347
0.016463134437799454
-0.019239578396081924
-0.008427091874182224
0.028442248702049255
0.005445348098874092
0.00011762000940507278
0.0164240300655365
0.016736868768930435
-0.004027797840535641
0.006028661970049143
-0.0025613666512072086
-0.03175312653183937
-0.006618493236601353
0.006289360579103231
-0.029224345460534096
0.016319749876856804
-0.034881509840488434
-0.004484021104872227
0.00515857944265008
-0.023110955953598022
0.0048392233438789845
-0.01263737864792347
0.005976521875709295
-0.025822224095463753
-0.006172046065330505
-0.00845967885106802
-0.020803771913051605
-0.0027177860029041767
0.004096231423318386
0.009841383434832096
0.00495979655534029
0.011777072213590145
-0.04551802575588226
-0.013269573450088501
0.004862034227699041
0.003600903321057558
-0.006455556023865938
0.037306010723114014
-0.0001720001600915566
0.0013686692109331489
0.04439702257514
-0.026317553594708443
-0.026878055185079575
-0.007514645345509052
0.008192462846636772
-0.0029426387045532465
-0.029067926108837128
0.0038127212319523096
0.030006442219018936
-0.004259168170392513
-0.005321516189724207
0.02019112929701805
-0.0070128003135323524
0.002787848701700568
-0.007834001444280148
-0.011718414723873138
-0.001865626429207623
-0.01274165790528059
0.0203345138579607
-0.015446409583091736
0.0018167453818023205
0.016580449417233467
-0.030241070315241814
0.00021915000979788601
-0.0023935416247695684
0.031648844480514526
-0.024101613089442253
-0.010701688937842846
-0.024727290496230125
-0.01042143814265728
-0.02612202800810337
-0.016658658161759377
-0.01998256891965866
4.6411529183387756e-05
-0.009593718685209751
-0.01331519614905119
0.002514114836230874
0.018092503771185875
-0.012806832790374756
0.0029735967982560396
-0.020295407623052597
-0.02240706980228424
-0.03949588164687157
-0.0047186496667563915
-0.02620023861527443
0.04549195617437363
0.011542443186044693
-0.027138754725456238
-0.01313922367990017
-0.01719309203326702
-0.04056474566459656
0.006224186159670353
0.010049941949546337
0.03420369327068329
0.0047284262254834175
-0.004236356820911169
0.027946921065449715
0.03149242699146271
-0.011946526356041431
0.019747940823435783
-0.014872871339321136
0.004220063332468271
-0.028442248702049255
-0.011438163928687572
-0.014090774580836296
-0.010688654147088528
-0.016332784667611122
-0.013425992801785469
0.03892234340310097
-0.006507696118205786
0.0049174330197274685
-0.003887672210112214
-0.033578015863895416
-0.018092503771185875
0.005064075812697411
0.0057321167550981045
-0.007110562175512314
0.005865725222975016
0.020230233669281006
0.0026200239080935717
0.00040713834459893405
0.013210915960371494
-0.0015935219125822186
-0.016397960484027863
-0.018001258373260498
0.024792464450001717
-0.01805339753627777
0.012722105719149113
-0.003861602395772934
0.004659992642700672
-0.003467295318841934
-0.017792699858546257
0.006631528027355671
-0.010017354972660542
0.007801414467394352
0.01877032034099102
-0.001558490563184023
-0.00974362064152956
0.007879624143242836
-0.004125559702515602
-0.02605685405433178
0.00899411179125309
-0.00870734266936779
-0.014299334026873112
0.007573302835226059
0.003776875091716647
0.0007026649545878172
-0.014755557291209698
-0.03668033331632614
-0.006686926353722811
0.011392541229724884
-0.02006077952682972
-0.007416883483529091
0.011372989043593407
0.008244602009654045
0.018144642934203148
0.0030404007993638515
-0.0011959561379626393
-0.024440521374344826
-0.018666040152311325
0.0044286223128438
-0.006553318351507187
-0.007064939942210913
-0.009176600724458694
-0.015303025022149086
-1.4336529829961364e-06
0.0026004714891314507
0.022094231098890305
-0.022146370261907578
0.013595446944236755
0.2035536915063858
-0.00708449212834239
-0.005634354893118143
0.014182019978761673
0.013178328983485699
0.02463604509830475
0.039574090391397476
0.0024896743707358837
-0.013008874841034412
0.0174277201294899
0.027503732591867447
-0.007801414467394352
-0.010662584565579891
0.010656067170202732
0.0002643649640958756
-0.00781444925814867
-0.02932862564921379
-0.0065565770491957664
0.011783589608967304
0.007501610554754734
0.03733208030462265
0.014012564904987812
-0.013087084516882896
-0.014586103148758411
0.042650338262319565
0.008831175044178963
-0.013569377362728119
0.02012595348060131
0.022680804133415222
-0.011386023834347725
-0.01406470499932766
0.02026933804154396
-0.0012489105574786663
-0.00020754075376316905
-0.010871144011616707
0.005419278051704168
0.026395762339234352
-0.002258304040879011
0.016723833978176117
-0.004627405200153589
0.027529802173376083
-0.002574401441961527
0.00747554050758481
-0.026513077318668365
-0.007143149618059397
0.05912650749087334
-0.012689518742263317
-0.013243503868579865
0.0161372609436512
0.006064508110284805
-0.018431412056088448
0.019669732078909874
0.03654998540878296
0.009157048538327217
0.0010322047164663672
0.013699726201593876
-0.01159458328038454
0.0030583238694816828
0.025652769953012466
0.029093995690345764
-0.006491402164101601
0.01940903253853321
-0.00257928972132504
0.019213508814573288
-0.035793956369161606
0.00939167756587267
-0.03292626887559891
0.004555712919682264
-0.02042575739324093
-0.003568316111341119
0.00888983253389597
-0.009333020076155663
-0.009841383434832096
0.003910483326762915
-0.015733178704977036
-0.033447667956352234
0.012318022549152374
0.02178139239549637
0.01634581945836544
0.03918304294347763
-0.02034754864871502
-0.00781444925814867
-0.01092328317463398
-0.007612407673150301
-0.005412760656327009
-0.01870514452457428
0.026252377778291702
-0.016723833978176117
0.002527149859815836
-0.03290019929409027
-0.0067129964008927345
-0.004167923703789711
0.0008798587368801236
-0.03738421946763992
0.004855516832321882
0.03310875967144966
0.01747986115515232
0.010714724659919739
-0.012813350185751915
-0.00540950195863843
-0.01620243676006794
0.01856175996363163
0.017440754920244217
0.013491167686879635
-0.023684494197368622
-0.00403105653822422
-0.01381704118102789
-0.006416451185941696
0.009789243340492249
-0.03047570027410984
-0.01338688749819994
-0.019747940823435783
0.008909384720027447
-0.020243268460035324
-0.006348018068820238
0.02776443213224411
-0.003182155778631568
-0.02932862564921379
0.01956545189023018
0.011548960581421852
0.005386690609157085
0.004510090686380863
-0.024922814220190048
0.004787083249539137
-0.012689518742263317
-0.03970444202423096
-0.033786576241254807
0.029850022867321968
-0.03292626887559891
-0.01274817530065775
0.016397960484027863
-0.039365533739328384
0.021651042625308037
-0.010219396091997623
-0.004549195524305105
-0.005520299077033997
-0.00038656758260913193
-0.012161603197455406
0.009333020076155663
0.003319022711366415
0.02956325374543667
-0.006598940584808588
-0.00017668459622655064
0.005416019354015589
-0.009684964083135128
-0.007977386005222797
0.00604821415618062
-0.007299568969756365
-0.005556145217269659
-0.014677347615361214
-0.001126707997173071
-0.042937107384204865
-0.01509446557611227
-0.015003221109509468
0.006625010631978512
0.03363015502691269
-0.032795920968055725
-0.009144013747572899
0.007840518839657307
-0.018444446846842766
-0.042076800018548965
-0.008798587135970592
0.05532030388712883
0.008694307878613472
-0.012272399850189686
0.0057093058712780476
-0.1626761108636856
0.011157912202179432
0.004011504352092743
-0.009704516269266605
0.014090774580836296
-0.00988048780709505
0.01499018631875515
0.01570710726082325
-0.00845967885106802
0.0030029253102838993
-0.005970004480332136
-0.009209188632667065
-0.01805339753627777
-0.018248923122882843
0.011868316680192947
0.0016546233091503382
-0.023032747209072113
0.013738831505179405
0.06449690461158752
0.006726031191647053
0.006559835746884346
0.005787515547126532
-0.015654968097805977
0.0061492351815104485
0.015172675251960754
0.006468591280281544
-0.02698233537375927
0.0009637711918912828
0.009424264542758465
-0.030293211340904236
0.017466826364398003
0.014429683797061443
0.019826151430606842
0.01174448523670435
-0.008270672522485256
-0.00817290972918272
-0.012161603197455406
-0.009430781938135624
-0.02755587175488472
0.024753360077738762
0.006680408958345652
0.017740558832883835
0.033082690089941025
0.0008093885844573379
0.01706274226307869
0.02356717921793461
0.034933652728796005
-0.01797518879175186
0.003763840300962329
-0.016515275463461876
0.03034535050392151
-0.023515040054917336
-0.005813585128635168
-0.0005596879054792225
0.016306715086102486
0.01712791621685028
0.01884852908551693
-0.009378642775118351
0.002243639901280403
-0.009326502680778503
0.00017271301476284862
-0.007840518839657307
0.004972831346094608
0.013054496608674526
0.011998666450381279
-0.038427017629146576
-0.010786416940391064
0.037019241601228714
-0.0239191222935915
0.006364311557263136
0.00044237342081032693
-0.023006677627563477
0.006452297326177359
0.012285435572266579
-0.009359089657664299
0.01934385672211647
-0.0023674718104302883
0.04304138571023941
0.0004594817874021828
-0.010734276846051216
-0.009222223423421383
0.04111221432685852
0.00260373018682003
-0.018248923122882843
-0.0008423833060078323
-0.01092328317463398
-0.013250021263957024
0.013041461817920208
0.008251119405031204
0.019943464547395706
-0.004536160733550787
-0.04163361340761185
-0.022863293066620827
-0.00644252123311162
0.012832902371883392
0.015498548746109009
0.009469887241721153
-0.0012513546971604228
0.00019104340753983706
-0.01869210973381996
0.014260229654610157
0.014299334026873112
-0.023150062188506126
0.006699961610138416
0.023462900891900063
-0.005565921310335398
0.01677597314119339
0.01878335513174534
0.016241541132330894
0.0026493524201214314
-0.032222382724285126
0.02111661061644554
0.01577228307723999
-0.004008245188742876
0.01562889851629734
0.013790971599519253
0.01706274226307869
-0.010701688937842846
0.012037770822644234
-0.00240820599719882
0.05526816472411156
0.0030615825671702623
-0.00260535953566432
0.006680408958345652
-0.007847036235034466
-0.033734437078237534
-0.11366471648216248
-0.053365062922239304
0.023945193737745285
0.020165059715509415
0.001171515672467649
0.011509856209158897
-0.012761211022734642
0.012761211022734642
-0.025313861668109894
0.012415784411132336
-0.02618720382452011
-0.02526172250509262
-0.01534212939441204
-0.011796624399721622
-0.02833796851336956
0.029093995690345764
0.0033760506194084883
0.007501610554754734
-0.020152024924755096
0.03133600577712059
0.005152061581611633
0.007547232788056135
0.00041915493784472346
0.00040347225149162114
-0.00776230962947011
0.023397725075483322
-0.03368229791522026
-0.007416883483529091
0.010747311636805534
-0.017818769440054893
-0.023684494197368622
-0.01013466902077198
0.004637181293219328
-0.018027327954769135
0.017023637890815735
-0.010265018790960312
-0.01523785013705492
-0.012057323940098286
0.035793956369161606
-0.021937811747193336
0.018288027495145798
0.008257637731730938
0.02082984149456024
-0.020086849108338356
0.002957303076982498
-0.01523785013705492
-0.0035650574136525393
0.007970868609845638
-0.0001666028838371858
-0.021924776956439018
-0.03391692414879799
-0.022524384781718254
-0.04283282905817032
-0.013504202477633953
0.009548096917569637
0.004464468453079462
0.011575031094253063
0.0037866514176130295
-0.013843110762536526
-0.038374874740839005
-0.002010640222579241
0.002338143065571785
0.017101846635341644
0.03446439281105995
0.009359089657664299
-0.0034803301095962524
-0.023866983130574226
-0.027608012780547142
0.006934590637683868
0.005178131628781557
0.0018444446614012122
-0.008479231037199497
-0.0003676261694636196
-0.002553219674155116
-0.02019112929701805
0.01195304375141859
-0.01940903253853321
-0.0015030920039862394
0.008003455586731434
-0.0016815077979117632
-0.021507658064365387
-0.0203345138579607
-0.006416451185941696
-0.003405379131436348
0.012956734746694565
0.01249399408698082
0.0035324699711054564
-0.015863526612520218
0.0050249709747731686
-0.026226308196783066
-0.013621516525745392
0.014494858682155609
0.005383431911468506
-0.006145976483821869
0.005696270614862442
0.0020057521760463715
0.03900055214762688
-0.006934590637683868
-0.02198995091021061
0.018587831407785416
-0.03318696841597557
-0.00090348458616063
-0.060065023601055145
0.008505301550030708
0.0018200040794909
-0.01081900391727686
-0.00024847863824106753
0.0219117421656847
0.028598668053746223
-0.004180958494544029
0.015550688840448856
-0.013210915960371494
-0.023775739595294
-0.017258265987038612
-0.023019712418317795
0.0023919122759252787
-0.030423561111092567
-0.01698453351855278
0.032795920968055725
-0.003868119791150093
0.02334558591246605
0.0036302320659160614
0.010186809115111828
0.009978249669075012
0.012174637988209724
0.002421241020783782
0.0030094427056610584
-0.0015568612143397331
-0.012533099390566349
-0.0018998431041836739
-0.007651512511074543
-0.0012847566977143288
0.0020253045950084925
-0.01820981688797474
-0.01685418374836445
0.020608246326446533
-0.009065804071724415
-0.00010341395682189614
0.01577228307723999
0.03381264582276344
0.012995840050280094
0.06178563833236694
-0.013106636703014374
-0.021220888942480087
0.02620023861527443
-0.02584829553961754
-0.028207620605826378
-0.018470516428351402
-0.0026298000011593103
-0.008726894855499268
0.01870514452457428
-0.004347153939306736
0.03146635740995407
0.024010367691516876
-0.014938046224415302
-0.011757520027458668
-0.01055830530822277
-0.010577857494354248
0.025717945769429207
-0.0010892325080931187
-0.009333020076155663
-0.014977151528000832
0.03347373753786087
-0.023462900891900063
-0.013106636703014374
0.004216804634779692
-4.6513367124134675e-05
-0.0027911073993891478
-0.0013002357445657253
0.02119481936097145
-0.0040147630497813225
0.0080686304718256
0.004940243903547525
-0.013569377362728119
0.015120535157620907
0.0014810955617576838
0.033578015863895416
0.011431646533310413
-0.00109249132219702
-0.00028758347616530955
-0.022159405052661896
0.02768622152507305
0.005970004480332136
0.004470985848456621
-0.04017369821667671
0.03475116193294525
0.016658658161759377
-0.00895500648766756
-0.005735375452786684
-0.011262192390859127
-0.015042325481772423
0.013425992801785469
-0.003115351777523756
0.01392132043838501
-0.014155949465930462
0.02463604509830475
-0.0167107991874218
0.016593484207987785
0.014260229654610157
-0.019891325384378433
0.01706274226307869
0.02613506279885769
0.022863293066620827
-0.0003258736105635762
0.009900039993226528
-0.03219631314277649
-0.03321303799748421
0.00160981563385576
-0.023541109636425972
-0.024153752252459526
-0.019813114777207375
0.01835320144891739
0.029641464352607727
-0.00540624326094985
0.027608012780547142
0.0002317776088602841
-0.03018893115222454
0.0007987977005541325
0.004855516832321882
-0.016528310254216194
-0.035585399717092514
0.003718217834830284
-0.012546134181320667
0.023645389825105667
0.034803301095962524
-0.0069802128709852695
0.02347593568265438
-0.0010639773681759834
0.029537184163928032
-0.017662350088357925
-0.007905693724751472
-0.005112956743687391
-0.01791001297533512
0.008251119405031204
-0.02097322605550289
-0.020464863628149033
-0.008576993830502033
-0.012005183845758438
0.0001920617651194334
0.0036497844848781824
-0.014116845093667507
0.07205717265605927
0.01298932172358036
-0.010089047253131866
0.008883314207196236
-0.0003307617153041065
-0.0041320775635540485
-0.005618060939013958
-0.0020807029213756323
-0.00476427236571908
-0.011281744576990604
0.031179586425423622
0.0040049864910542965
0.01899191364645958
-0.027399452403187752
-0.0057712215930223465
-0.004343895241618156
-0.01927868276834488
0.03592430800199509
-0.005634354893118143
0.03185740485787392
0.039078764617443085
0.010695171542465687
0.00159678072668612
0.018939774483442307
-0.030319280922412872
-0.00299640791490674
0.04027797654271126
-0.00040795301902107894
-0.0056310961954295635
-0.024453556165099144
-0.004927209112793207
0.008361916989088058
-0.041581474244594574
-0.026004714891314507
0.007071457337588072
-0.021820496767759323
-0.00795783381909132
-0.019382962957024574
-0.01913529820740223
-0.007866589352488518
-0.01106015034019947
0.019969534128904343
-0.03873985633254051
-0.05313043296337128
-0.029876092448830605
0.004747978411614895
-0.01706274226307869
-0.006175304763019085
0.008127287961542606
