-0.004089574795216322
-0.006084094289690256
0.004481992684304714
-0.01783716306090355
-0.03077072836458683
0.025867128744721413
-0.038865555077791214
-0.028798909857869148
-0.029810763895511627
-0.025802267715334892
-0.008879664354026318
0.012019004672765732
-0.005081969778984785
0.014308648183941841
-0.0057208645157516
-0.0021485674660652876
0.04114871472120285
-0.00011057013762183487
0.002221537521108985
0.003959849942475557
-0.005983557552099228
0.023947201669216156
0.008568324148654938
-0.029058359563350677
-0.0174090713262558
0.040967099368572235
0.01734420843422413
-0.029499424621462822
-0.012070894241333008
-0.004738199058920145
-0.0056008691899478436
-0.01022880245000124
-0.02645089104771614
0.004871167242527008
0.0013945418177172542
0.0011083364952355623
0.010981205850839615
0.03214580938220024
0.022935347631573677
0.011084985919296741
0.015489143319427967
0.007874296978116035
0.001382380141876638
0.0014448101865127683
-0.01970520056784153
0.0280465055257082
-0.006784608121961355
-0.01796688698232174
-0.037490472197532654
0.021754853427410126
0.028980525210499763
0.026827093213796616
-0.011545509099960327
0.01194765605032444
-0.0235320832580328
-0.024505019187927246
-0.008509947918355465
0.005445199552923441
0.00904830638319254
-0.005266827531158924
0.004491721745580435
0.007355397567152977
-0.019588448107242584
0.01032609585672617
0.007971590384840965
0.021028393879532814
-0.014619987457990646
-0.0017496634973213077
-0.015735620632767677
-2.3335265723289922e-05
0.022922376170754433
0.01987384259700775
-0.016319382935762405
0.0026415216270834208
0.03806126117706299
-0.0109033714979887
-0.011175793595612049
-0.024076927453279495
0.008276443928480148
0.012589793652296066
0.0006141659687273204
-0.01800580509006977
-0.02523147687315941
0.006116525270044804
-0.0023788288235664368
-0.013082748278975487
-0.005519791040569544
0.02765733189880848
0.013283821754157543
-0.012609252706170082
-0.018187420442700386
0.013530299067497253
0.010429875925183296
0.010189884342253208
-0.008088342845439911
0.027735166251659393
-0.0009169923141598701
0.039358511567115784
-0.011720637790858746
-0.021456485614180565
-0.009405049495398998
-0.006255979649722576
-0.028669185936450958
-0.009891517460346222
-0.023129936307668686
-0.0025134184397757053
-0.007024599239230156
-0.007322966121137142
0.015346446074545383
-0.04143410921096802
-0.014918354339897633
0.025218505412340164
-0.0008529407205060124
-0.016423162072896957
-0.003181501291692257
-0.0048906258307397366
0.00666785566136241
-0.019264135509729385
0.008302388712763786
-0.02765733189880848
0.024660687893629074
0.010961747728288174
0.0140232527628541
-0.00623652059584856
0.031108012422919273
-0.0019134411122649908
-0.022053219377994537
-0.004692795220762491
-0.030096158385276794
-0.007900241762399673
-0.016669640317559242
0.013199500739574432
-0.004128492437303066
0.012654656544327736
-0.015177804045379162
0.008866691961884499
-0.02215700037777424
0.02419367991387844
-0.01695503480732441
-0.0037620197981595993
-0.01356921624392271
0.01852470450103283
-0.012641684152185917
-0.039825521409511566
-0.01833011768758297
0.01701989583671093
0.01764257624745369
0.03525920584797859
-0.008899122476577759
-0.0070310854353010654
0.007991049438714981
-0.02316885255277157
0.010546628385782242
-0.0020480307284742594
0.0064927274361252785
-0.011273087002336979
-0.009430994279682636
0.014568096958100796
0.012019004672765732
-0.004569557029753923
-0.008289416320621967
-0.029629148542881012
0.006087337154895067
0.005886263679713011
0.014101088047027588
0.01777230016887188
0.018317144364118576
-0.003307983046397567
0.01299194060266018
0.0022799137514084578
0.005065754055976868
0.04989216476678848
-0.021612154319882393
0.029499424621462822
-0.008905609138309956
0.015670757740736008
0.02916214056313038
0.0027582740876823664
-0.01613776758313179
-0.019056575372815132
-0.020314907655119896
-0.006940277758985758
0.0028912420384585857
0.010034214705228806
-0.01135740801692009
0.020366797223687172
-0.000303839857224375
0.004011739976704121
0.0036776987835764885
0.010060159489512444
0.028695130720734596
0.002521526301279664
-0.03173069283366203
-0.0027582740876823664
-0.6363781094551086
-0.005584653466939926
-0.0152037488296628
0.002868540119379759
-0.0011707665398716927
0.012576821260154247
0.027994615957140923
0.01145470142364502
-0.0014302161289379
-0.020522465929389
-0.0029577258974313736
0.020146265625953674
-0.008795343339443207
-0.014152977615594864
-0.02159918285906315
-0.03865799680352211
-0.0018356061773374677
-0.03328738734126091
0.022792650386691093
-0.024569880217313766
-0.024790413677692413
0.015476170927286148
-0.0032074463088065386
0.023921256884932518
-0.020288962870836258
-0.009236407466232777
0.005990043748170137
0.01185036264359951
0.0034377076663076878
0.0011691449908539653
-0.0235320832580328
0.03593377396464348
0.005957612302154303
0.03777586668729782
0.05305745080113411
0.0022831568494439125
-0.021651072427630424
0.021741880103945732
0.013660023920238018
-0.001963709481060505
-0.0035998637322336435
-0.029343754053115845
0.03380628675222397
-0.005798699334263802
0.003642024239525199
0.0034150059800595045
0.026930872350931168
-0.02533525787293911
-0.015112942084670067
0.006038690451532602
-0.010540141724050045
-0.0027177350129932165
0.010637435130774975
0.03149718791246414
-0.0001312450331170112
-0.019614392891526222
0.016410190612077713
-0.01574859395623207
-0.012667628936469555
0.025088779628276825
0.0009583421051502228
0.00444307504221797
-0.01425675768405199
-0.027709221467375755
-0.019627366214990616
0.008146719075739384
-0.015566978603601456
-0.035337042063474655
0.007874296978116035
-0.00982016883790493
0.0023772073909640312
0.02264995314180851
0.001152118551544845
0.011409297585487366
0.0035090565215796232
0.014438373036682606
0.037723977118730545
-0.0036679692566394806
-0.01725340075790882
0.0024015307426452637
-0.00260260421782732
-0.024180706590414047
-0.027112487703561783
0.004887382499873638
0.04164166748523712
-0.03850232809782028
-0.013608133420348167
-0.014905381947755814
0.019160356372594833
0.018771180883049965
0.0035674325190484524
0.0037393178790807724
0.0010783375473693013
-0.03676401451230049
-0.007309993728995323
0.050229452550411224
-0.0024631500709801912
0.0024582853075116873
0.009567205794155598
-0.020639218389987946
0.001991275930777192
-0.027345992624759674
0.014204868115484715
-0.01783716306090355
0.0020934343338012695
-0.017668521031737328
0.014542152173817158
0.0034506802912801504
0.03292416036128998
-0.03406573832035065
-0.023000210523605347
-0.02628224901854992
-0.021612154319882393
0.008548866026103497
-0.03193825110793114
-0.039358511567115784
0.00937910471111536
0.0025993611197918653
0.0022166729904711246
-0.02445312961935997
0.020989475771784782
0.010170426219701767
0.015852373093366623
-0.008925067260861397
-0.023129936307668686
0.02297426573932171
-0.009632067754864693
0.008120773360133171
-0.0102612329646945
-0.017435016110539436
-0.0061132824048399925
0.005364121403545141
0.00929478369653225
0.005017107352614403
0.02213105373084545
-0.004819277208298445
0.003664726158604026
-0.006466782186180353
-0.0019264136208221316
0.0070570302195847034
-0.00392741896212101
-0.023869367316365242
0.01126011461019516
0.0032009598799049854
-0.023220742121338844
-0.030485333874821663
-0.018965769559144974
-0.005273314192891121
-0.010598517954349518
0.029836708679795265
-0.012628711760044098
0.012492500245571136
-0.03774992376565933
0.010319609194993973
-0.003247985150665045
-0.004650634713470936
-0.017655547708272934
-0.004073359537869692
-0.01322544552385807
-0.026489809155464172
0.0001419878681190312
0.0022069434635341167
-0.02019815519452095
0.016254520043730736
-0.016747474670410156
0.004676579963415861
0.015411308966577053
0.006933791562914848
-0.02069110982120037
-0.042731355875730515
-0.005510061979293823
0.005879777483642101
-0.0032690654043108225
0.01451620738953352
0.029421590268611908
0.006632181350141764
-0.003768505994230509
-0.010650407522916794
-0.027838947251439095
-0.012933564372360706
0.001248601358383894
0.004446318373084068
-0.03544082120060921
0.004157680552452803
0.00803645234555006
0.019757090136408806
0.013465436175465584
0.00859426986426115
0.012589793652296066
0.02172890678048134
0.015631841495633125
0.012343316338956356
-0.020107347518205643
-0.008892636746168137
-0.009398562833666801
-0.012220078147947788
-0.002150188898667693
-0.00795213133096695
0.0019134411122649908
0.029706984758377075
0.009528287686407566
0.012713032774627209
0.042108677327632904
-0.0052830432541668415
0.006418135482817888
-0.011934683658182621
0.007232158910483122
-0.005652759224176407
0.049606770277023315
0.019264135509729385
-0.0005363310337997973
-0.0022247806191444397
-0.004838735796511173
-0.043224308639764786
-0.005951126106083393
0.03375439718365669
-0.0070440578274428844
0.009891517460346222
-0.004303621128201485
0.019328998401761055
-0.002915565390139818
-0.012122784741222858
0.016150740906596184
0.0008942905114963651
-0.005772754549980164
0.0017318263417109847
0.003823639126494527
0.017175566405057907
0.019847897812724113
-0.004874410107731819
-0.000539574190042913
-0.00571113545447588
0.006427865009754896
0.03326144441962242
0.03450680151581764
0.023350467905402184
-0.007284048479050398
-0.0061262547969818115
0.03917689621448517
0.008205095306038857
0.014412427321076393
0.020678136497735977
-0.001405081944540143
-0.004498208407312632
0.008717508055269718
-0.008256984874606133
0.02608766220510006
-0.0032658223062753677
0.018148502334952354
-0.0145032349973917
-0.011240655556321144
0.0016961520304903388
-0.04016280546784401
-0.018615512177348137
-0.006106795743107796
-0.040084969252347946
0.020665163174271584
-9.247961133951321e-05
0.01682530902326107
0.030822617933154106
-0.01057257317006588
0.04395077005028725
-0.010390957817435265
-0.007738085463643074
0.01401028037071228
0.010403930209577084
0.011052554473280907
-0.018836043775081635
-0.032067976891994476
-0.013906501233577728
-0.011253627948462963
-0.007245131302624941
-0.021988356485962868
0.007517553400248289
0.008665618486702442
-0.018083639442920685
0.006622452288866043
0.0003310009778942913
0.021664045751094818
0.013997307978570461
-0.035207316279411316
-0.027683276683092117
0.006473268382251263
0.01248601358383894
-0.0038852584548294544
0.010267719626426697
-0.005052781663835049
-0.005292772781103849
-0.03167879953980446
0.0035544601269066334
0.0012591416016221046
-0.008821288123726845
0.008438599295914173
-0.005367364268749952
-0.01951061375439167
-0.020574357360601425
0.0326647087931633
0.00015506170166190714
0.017863107845187187
0.002868540119379759
-0.007439718581736088
-0.002203700365498662
-0.03414357453584671
-0.0024047738406807184
0.023363441228866577
0.022079164162278175
-0.015852373093366623
-0.0016685854643583298
-0.008010507561266422
-0.027968671172857285
-0.0016296680551022291
-0.012953023426234722
0.013504354283213615
0.02277967892587185
0.008237525820732117
-0.006567318923771381
0.02284454181790352
0.007653764449059963
0.021300815045833588
-0.022403476759791374
-0.0034182490780949593
0.009469912387430668
-0.00022255914518609643
0.008652645163238049
0.03378034383058548
-0.005688433535397053
-0.028591349720954895
0.03518137335777283
-0.010300151072442532
0.002479365561157465
-0.0037458043079823256
-0.031964197754859924
0.024803385138511658
-0.007640792056918144
0.0065316446125507355
0.012511959299445152
0.01796688698232174
0.006223548203706741
0.004232272505760193
0.017175566405057907
0.01734420843422413
0.013724885880947113
0.02294832095503807
0.005870047956705093
0.011188765987753868
0.014152977615594864
0.018550649285316467
0.009910976514220238
0.020301934331655502
0.009502342902123928
0.032457150518894196
0.04013685882091522
0.006674341857433319
-0.013361657038331032
0.016643693670630455
0.011843875981867313
0.026827093213796616
-0.006567318923771381
-0.009670985862612724
0.008029966615140438
0.0006015988765284419
0.04304269701242447
0.001273735542781651
0.0016637208173051476
0.004790089093148708
0.004371726419776678
0.009236407466232777
0.006090580485761166
0.0267492588609457
-0.0066613694652915
0.015177804045379162
0.01989978738129139
-0.008399682119488716
-0.016643693670630455
0.02124892547726631
0.027735166251659393
-0.005081969778984785
-0.009826655499637127
0.01432162057608366
0.011610371060669422
0.002236131578683853
0.0023642347659915686
-0.034221407026052475
-0.02559470757842064
-0.01639721728861332
-0.0343770794570446
0.05017755925655365
-0.007472149562090635
-0.005075483582913876
-0.02372667007148266
-0.004582529421895742
-0.013958390802145004
-0.024115843698382378
0.022299697622656822
-0.0007207835442386568
-0.03468841686844826
-0.03154907748103142
-0.011571453884243965
0.00444307504221797
0.02268887124955654
0.004326322581619024
-0.0040474142879247665
-0.02802056074142456
0.02462177164852619
-0.013685968704521656
-0.026801148429512978
-0.00819860864430666
-0.014814574271440506
0.008172663860023022
0.01721448451280594
0.008010507561266422
0.0023545054718852043
0.004893868695944548
0.006674341857433319
-0.019290080294013023
-0.016176685690879822
0.0022815351840108633
0.0058019426651299
-0.026437917724251747
0.03315766528248787
-0.011480647139251232
-0.004686309024691582
-0.00022499148326460272
-0.027345992624759674
0.0028490812983363867
-0.00987205933779478
0.0057954564690589905
0.0016369650838896632
0.0022734275553375483
-0.0014367024414241314
0.002991778776049614
0.026528725400567055
-0.015476170927286148
-0.01494429912418127
0.007789975497871637
0.00537709379568696
0.010021242313086987
0.00027627332019619644
0.005532763432711363
0.001180495833978057
0.02133973315358162
0.030692892149090767
0.0035414877347648144
-0.009554233402013779
-0.010202856734395027
-0.028124341741204262
0.011500105261802673
0.008094828575849533
-0.015372390858829021
0.011474160477519035
-0.013205986469984055
-0.007562957238405943
-0.016085878014564514
0.012583307921886444
0.0025426065549254417
0.042731355875730515
-0.026373056694865227
-0.03173069283366203
-0.0014375131577253342
-0.01476268470287323
-0.0016458836616948247
0.016513969749212265
0.013361657038331032
-0.0008030777098610997
0.0002622873871587217
0.02615252323448658
-0.0028134069871157408
-0.012077380903065205
0.03549271076917648
-0.020639218389987946
-0.022169971838593483
-0.018122557550668716
-0.026334138587117195
0.020470576360821724
-0.005970584694296122
0.007141351234167814
-0.009405049495398998
0.00963855441659689
-0.020340852439403534
-0.03027777373790741
-0.0004617392842192203
-0.007530525792390108
-0.0025182832032442093
0.017032869160175323
0.016280464828014374
0.004248487763106823
0.0008079424151219428
-0.005030079744756222
-0.01989978738129139
-0.006609479431062937
0.005545736290514469
-0.007699168287217617
-0.027968671172857285
0.0380353182554245
0.02507580816745758
-0.008685076609253883
-0.00022114027524366975
0.00010509737330721691
-0.014165950939059258
0.0595177486538887
-0.012498986907303333
-0.027086542919278145
-0.0008959120605140924
-0.013685968704521656
0.01322544552385807
0.014127032831311226
-0.028487570583820343
0.011707665398716927
-0.01940683275461197
-0.0007451069541275501
0.0206262469291687
0.00011573886149562895
-0.001910198014229536
0.00700514018535614
0.04218651354312897
-0.013932446017861366
0.004799818154424429
-0.002312344964593649
0.02421962469816208
0.001892360858619213
0.014114060439169407
-0.02851351536810398
1.1148226803925354e-05
0.03173069283366203
0.007478635758161545
-0.01055960077792406
-0.01017691195011139
-0.006512186024338007
-0.0380353182554245
0.004919813945889473
0.0003883636964019388
-0.04044819995760918
0.009923948906362057
-0.02563362382352352
-0.011435243301093578
-0.01581345498561859
0.0020350581035017967
-0.010689325630664825
0.016033988445997238
0.01714962162077427
0.007407287135720253
0.004563070368021727
-0.015800483524799347
0.005908965598791838
0.022377531975507736
-0.011149848811328411
0.04506640136241913
0.004138221964240074
0.025996854528784752
0.029629148542881012
-0.010844995267689228
-0.013698941096663475
-0.02988859824836254
0.016475051641464233
-0.011331463232636452
0.03341711312532425
-0.019199272617697716
0.009923948906362057
-0.021106228232383728
0.02432340383529663
0.003235012758523226
-0.01689017191529274
-0.021625127643346786
-0.00013975822366774082
0.015437253750860691
0.014464317820966244
-0.030822617933154106
0.024076927453279495
-0.015865346416831017
0.026619533076882362
0.005036566406488419
0.024959055706858635
-0.03077072836458683
-0.004109033849090338
-0.023921256884932518
0.05105968937277794
0.011616857722401619
0.005568437743932009
0.01245358306914568
-0.005338176619261503
-0.008957498706877232
-0.0008006453863345087
-0.026956817135214806
-0.002873404882848263
-0.0005732215358875692
0.018849017098546028
-0.018187420442700386
-0.000864291621837765
-5.0952465244336054e-05
-0.015372390858829021
0.0035317582078278065
-0.017668521031737328
0.002059381455183029
0.026697367429733276
-0.0005436280625872314
0.026801148429512978
0.02219591662287712
0.007887269370257854
0.006804066710174084
0.0018015534151345491
-0.010514196939766407
-0.030615057796239853
0.016747474670410156
0.02503689005970955
-0.032067976891994476
0.04081142693758011
-0.010137994773685932
-0.04670093581080437
-0.008918581530451775
-0.019808979704976082
-0.014490262605249882
-0.009528287686407566
0.033961959183216095
-0.014879437163472176
-0.011072013527154922
-0.0018485786858946085
-0.003638781141489744
0.020574357360601425
0.0025053105782717466
0.011169306933879852
-0.012648169882595539
0.005792213138192892
-0.013082748278975487
-0.0071543240919709206
0.01663072220981121
0.009119655005633831
0.0070570302195847034
0.02726815827190876
0.0070440578274428844
0.0015283206012099981
0.02131378836929798
0.0022847785148769617
-0.012168188579380512
-0.028669185936450958
-0.002742058364674449
0.012135757133364677
-0.015657786279916763
-0.009405049495398998
-0.003768505994230509
0.01731826364994049
0.0005063322023488581
0.01871929131448269
-0.01583939976990223
0.01770743727684021
0.004164166748523712
-0.0018015534151345491
0.005221424158662558
-0.01091634389013052
0.02006842941045761
-0.014607015065848827
-0.01577453874051571
-0.01047527976334095
-0.03038155287504196
-0.006551103666424751
0.0071932412683963776
0.013160583563148975
-0.03339117020368576
0.00810131523758173
-0.029214030131697655
0.0033274416346102953
-0.02690492756664753
-0.000562276050914079
-0.024336377158761024
0.003998767584562302
-0.0007224050932563841
-0.017785273492336273
0.00690784677863121
0.00972287543118
-0.015541033819317818
0.0016620992682874203
0.00020421524823177606
-0.004627932794392109
-0.03204203024506569
0.0025280124973505735
-0.030718836933374405
0.029110249131917953
-0.0059932866133749485
-0.012492500245571136
0.00904830638319254
0.005925181321799755
-0.027086542919278145
0.014632959850132465
6.440634751925245e-05
0.013017885386943817
0.004102547653019428
0.003095558611676097
0.0007074056775309145
0.037983428686857224
-0.0016085878014564514
-0.004147951025515795
-0.02667142264544964
-0.005312231369316578
-0.03178258240222931
0.0281502865254879
-0.008587783202528954
-0.023558028042316437
-0.013037344440817833
-0.016150740906596184
0.02043166011571884
-0.016033988445997238
0.012719518505036831
0.016864227131009102
-0.0051111578941345215
-0.0208467785269022
0.0098850317299366
0.008237525820732117
0.022507255896925926
0.014645932242274284
-0.0007621333352290094
-0.020107347518205643
-0.012401692569255829
-0.011156334541738033
-0.012544389814138412
-0.023298578336834908
-0.010676353238523006
0.0356743261218071
-0.027864892035722733
0.013685968704521656
-0.004601988010108471
-0.027345992624759674
0.025309313088655472
-0.03354683890938759
0.003651753766462207
-0.0068364981561899185
0.012336830608546734
0.01407514326274395
0.013789748772978783
-0.031600967049598694
-0.014840519987046719
0.00520520843565464
-0.02271481603384018
0.00017441908130422235
0.007076488807797432
-0.016189657151699066
0.030303718522191048
-0.0077315992675721645
-0.022494284436106682
-0.004332809243351221
-0.01921224594116211
-0.016721529886126518
-0.0077186268754303455
-0.019393861293792725
0.002539363456889987
0.022169971838593483
0.013556243851780891
0.017720410600304604
0.011143362149596214
-0.011130389757454395
-0.03243120387196541
-0.01081905048340559
0.008211581036448479
-0.01918630115687847
-0.009430994279682636
0.0011837390484288335
0.010339068248867989
0.019757090136408806
-0.002639900194481015
0.010014756582677364
-0.009846113622188568
0.01587831787765026
0.20205938816070557
-0.01989978738129139
-0.009080737829208374
0.007900241762399673
0.003625808749347925
-0.0025961180217564106
0.025179587304592133
-0.0020707324147224426
-0.004961974453181028
-0.006084094289690256
0.019497640430927277
0.007978076115250587
-0.024997973814606667
0.005831130780279636
-0.0020577600225806236
-0.007115406449884176
-0.028124341741204262
-0.015826428309082985
0.016682611778378487
0.02131378836929798
0.01168820634484291
0.00044187516323290765
-0.010942288674414158
-0.02510175295174122
0.024686632677912712
0.019056575372815132
0.008633187040686607
-0.00290097133256495
0.02501094527542591
0.02316885255277157
-0.02069110982120037
-0.009495857171714306
0.009437480941414833
0.0029788061510771513
-0.025750376284122467
0.022014301270246506
0.016319382935762405
-0.015800483524799347
0.02241644822061062
0.04078548401594162
0.023947201669216156
-0.016968006268143654
0.010793104767799377
-0.013082748278975487
-0.007588902022689581
0.06045176833868027
0.004170652944594622
-0.016358299180865288
0.005698162596672773
-0.008458058349788189
-0.017914997413754463
0.025750376284122467
0.03476625308394432
0.00614571338519454
-0.022234834730625153
0.002547471085563302
-0.009923948906362057
-0.014736739918589592
0.01695503480732441
0.011895766481757164
-0.011895766481757164
0.0026642235461622477
0.0005505197332240641
0.036089446395635605
-0.016643693670630455
0.011318490840494633
-0.03175663575530052
-0.010494737885892391
-0.008762911893427372
-0.013400574214756489
-0.0031393407844007015
-0.003312847577035427
-0.03038155287504196
-0.0005282232305034995
-0.01970520056784153
-0.03570026904344559
0.01862848363816738
0.01337462943047285
0.007212699856609106
0.0021566750947386026
-0.0114417290315032
0.0036549968644976616
-0.023973146453499794
-0.01744798757135868
0.008172663860023022
-0.007783489301800728
0.019757090136408806
-0.005218180827796459
0.005863561760634184
-0.03025182895362377
-0.015528061427175999
-0.005078726913779974
-0.004974946845322847
-0.008613727986812592
-0.005153318401426077
0.01502213440835476
-0.0006542995688505471
0.012687087059020996
-0.0051111578941345215
-0.003570675617083907
-0.014217840507626534
0.024336377158761024
0.018018778413534164
0.005717621650546789
-0.004456047434359789
0.03479219600558281
-0.01822633668780327
-0.0018404709408059716
0.0038593134377151728
-0.023493165150284767
0.0065186722204089165
-0.004277675878256559
0.0028912420384585857
-0.01209683995693922
-0.02572443149983883
0.023116962984204292
0.011318490840494633
-0.008749939501285553
0.031056122854351997
0.009262352250516415
0.007095947861671448
0.0051111578941345215
-0.004199841059744358
0.010267719626426697
0.012233050540089607
-0.031704746186733246
-0.0328722707927227
0.03777586668729782
-0.018174447119235992
-0.012920591980218887
0.008496975526213646
-0.0232077706605196
0.02713843248784542
0.02703465335071087
0.021884577348828316
-0.001210494781844318
-1.1971675121458247e-05
-0.022312669083476067
-0.004465776961296797
0.013621105812489986
0.001230764202773571
-0.019990595057606697
-0.0004414697759784758
0.004537125583738089
0.012907619588077068
-0.013244904577732086
0.008989930152893066
0.0077186268754303455
-0.015437253750860691
-0.023194797337055206
0.005007378291338682
-0.019886815920472145
-0.020535439252853394
-0.04527396336197853
0.009988810867071152
0.034844085574150085
-0.0496327169239521
0.0047544147819280624
0.0028620539233088493
0.0070570302195847034
-0.0056495158933103085
0.0015194020234048367
0.001910198014229536
-0.011681720614433289
-0.004812791012227535
0.007991049438714981
-0.16168901324272156
0.0016264249570667744
0.024738524109125137
-0.011727123521268368
0.025062834843993187
0.0005197100690566003
0.025322284549474716
0.02654169872403145
-0.009515315294265747
-0.013244904577732086
-0.008081856183707714
-0.017136648297309875
-0.02133973315358162
-0.038606107234954834
0.011694693006575108
-0.002743680030107498
-0.04924354329705238
0.017266374081373215
0.03603755682706833
0.01682530902326107
0.013711913488805294
-0.006301383022218943
-0.019056575372815132
0.012148729525506496
0.02172890678048134
0.014866464771330357
-0.021936466917395592
0.0267492588609457
-0.002696654759347439
-0.01783716306090355
0.013322738930583
-0.011577940545976162
0.02988859824836254
0.014451345428824425
0.025023918598890305
0.0070570302195847034
-0.014983217231929302
-0.01609884947538376
-0.01288167480379343
0.003580405144020915
-0.007802947890013456
0.015554006211459637
0.006239763926714659
0.007562957238405943
0.016306409612298012
0.006966223008930683
0.02091164141893387
-0.006246250122785568
0.025750376284122467
-0.03025182895362377
0.03564837947487831
-0.011292546056210995
-0.0022653196938335896
-0.0016620992682874203
0.02284454181790352
-0.007420259993523359
-0.012771409004926682
0.01908252201974392
0.005150075536221266
-0.030122103169560432
-0.01525563932955265
-0.01007961854338646
-0.01047527976334095
0.01689017191529274
0.024038009345531464
-0.019043603911995888
-0.019354943186044693
0.004014983307570219
-0.032820381224155426
-0.005506818648427725
-0.002865297021344304
-0.031600967049598694
0.004040928091853857
0.006353273056447506
-0.005497089121490717
0.029732929542660713
-0.01425675768405199
0.01974411867558956
-0.01650099642574787
-0.01989978738129139
-0.022507255896925926
0.047375503927469254
0.011804958805441856
-0.010715270414948463
-0.007102434057742357
-0.019847897812724113
-0.0005756539176218212
-0.006379218306392431
0.00037762083229608834
0.017629602923989296
-0.0040214695036411285
-0.03813909739255905
-0.01238872017711401
-0.01587831787765026
0.0017366909887641668
0.011675233952701092
0.006752177141606808
-0.008081856183707714
0.0011967114405706525
-0.007134865038096905
0.021910522133111954
0.025049863383173943
-0.0030079942662268877
0.006090580485761166
0.007530525792390108
-0.006022474728524685
0.012661142274737358
0.017564740031957626
0.02088569663465023
-0.005545736290514469
-0.020483549684286118
-0.022935347631573677
0.011980087496340275
0.02035382390022278
0.015541033819317818
0.016241546720266342
-0.0009996918961405754
-0.004355510696768761
-0.0025442279875278473
0.010332581587135792
0.048594918102025986
-0.010365013033151627
-0.012213591486215591
0.012888160534203053
-0.010955261066555977
-0.04932137578725815
-0.11395028233528137
-0.023454247042536736
0.0217029619961977
0.02271481603384018
0.017486905679106712
0.019977621734142303
-0.020301934331655502
-0.002240996342152357
-0.014970243908464909
0.02550389990210533
-0.028305955231189728
-0.02385639399290085
0.001981546636670828
0.011869820766150951
-0.03193825110793114
0.015917235985398293
0.013063289225101471
-0.0070310854353010654
-0.02687898278236389
0.013893527910113335
-0.006680828519165516
0.011733610183000565
-0.02363586239516735
0.001533995964564383
-0.002584767062216997
-0.003298253519460559
-0.029836708679795265
0.029577258974313736
0.023739641532301903
-0.024232596158981323
-0.011007150635123253
-0.005818158388137817
-0.019679255783557892
-0.02776111103594303
0.012317371554672718
-0.015930207446217537
0.0056495158933103085
-0.002497202716767788
0.04293891414999962
-0.009794224053621292
0.009878545068204403
0.019562503322958946
0.01237574778497219
-0.007368369959294796
0.013660023920238018
-0.007738085463643074
-0.013095720671117306
0.013244904577732086
-0.0031928522512316704
-0.03253498673439026
-0.027190322056412697
-0.0070570302195847034
-0.05967341735959053
0.0003334333305247128
-0.002982049249112606
-0.013997307978570461
0.006453809794038534
0.010306636802852154
-0.02301318384706974
-0.025439037010073662
-0.02778705582022667
0.015411308966577053
0.0027550309896469116
0.005448442418128252
0.020509494468569756
-0.016150740906596184
-0.021793769672513008
-0.02929186448454857
0.0036452675703912973
0.013711913488805294
0.027371937409043312
0.013056803494691849
9.533000593364704e-06
-0.010676353238523006
-0.024206651374697685
0.017175566405057907
-0.020107347518205643
0.008205095306038857
-0.010883912444114685
0.0018177690217271447
0.002425854094326496
-0.008587783202528954
-0.0063727316446602345
0.0018631727434694767
0.019536558538675308
0.030615057796239853
-0.0019296567188575864
0.020730026066303253
0.0016669639153406024
-0.021326759830117226
-0.023999091237783432
0.035466767847537994
0.00277448957785964
0.0028604322578758
0.013056803494691849
-0.012414664961397648
0.013322738930583
-0.010390957817435265
-0.004151194356381893
0.01643613539636135
-0.03593377396464348
-0.016228575259447098
-0.05339473485946655
0.01921224594116211
0.015074023976922035
-0.020742999389767647
-0.010455820709466934
0.00017127730825450271
0.035103537142276764
-0.010741215199232101
0.025023918598890305
0.014814574271440506
-0.012713032774627209
-0.00075807940447703
-0.029706984758377075
-0.028980525210499763
-0.053239066153764725
-0.01476268470287323
0.016799364238977432
-0.0031328543554991484
0.006132740993052721
0.0021485674660652876
0.0034150059800595045
0.01134443562477827
0.011324976570904255
0.03712724521756172
0.010183398611843586
0.01659180410206318
-0.008419141173362732
-0.0185895673930645
-0.010397444479167461
0.014308648183941841
0.013750830665230751
-0.005656002089381218
-0.010183398611843586
0.014243785291910172
-0.00998232513666153
-0.007498094812035561
0.0009721253882162273
0.02264995314180851
0.012829785235226154
0.07731599360704422
-0.01288167480379343
-0.020730026066303253
0.016513969749212265
0.011908738873898983
-0.007789975497871637
0.012019004672765732
-0.006830011960119009
-0.0009721253882162273
0.009904489852488041
-0.013361657038331032
0.03403979167342186
0.010501224547624588
0.009002902545034885
-0.03990335389971733
-0.02916214056313038
0.014464317820966244
-0.010319609194993973
0.0042290291748940945
0.004170652944594622
0.0012469798093661666
0.028202176094055176
-0.0071543240919709206
-0.004579286091029644
0.0012186025269329548
-0.011980087496340275
-0.009015874937176704
-0.0018518217839300632
-0.009677471593022346
0.013621105812489986
-0.010780132375657558
-0.008211581036448479
-0.00486792391166091
0.028695130720734596
0.014036226086318493
0.017850134521722794
0.0030436685774475336
-0.0038041803054511547
-0.011707665398716927
0.005925181321799755
0.008289416320621967
0.007822406478226185
0.026930872350931168
-0.008866691961884499
0.006953250616788864
0.025322284549474716
0.008205095306038857
-0.012901133857667446
0.0021972141694277525
-0.008736967109143734
0.006674341857433319
0.008464545011520386
0.020483549684286118
-0.004537125583738089
0.0098850317299366
0.005396552383899689
-0.0035836482420563698
0.009139114059507847
-0.02209213748574257
0.01761663146317005
0.03193825110793114
0.03157502040266991
0.0007519985665567219
0.0076018744148314
-0.017071787267923355
-0.013556243851780891
0.013724885880947113
-0.032612819224596024
-0.016773419454693794
-0.007524039596319199
0.026437917724251747
0.01381569355726242
-0.0025231477338820696
0.02445312961935997
-0.0006997032323852181
-0.0305112786591053
-0.001452918048016727
0.002899349667131901
-0.02645089104771614
-0.02713843248784542
0.010449334047734737
-0.017953915521502495
0.025750376284122467
0.018511731177568436
-0.005198722239583731
0.027320047840476036
0.00649597030133009
0.019173327833414078
0.007932673208415508
0.005714378319680691
0.0023285604547709227
0.011435243301093578
0.009910976514220238
-0.012200619094073772
-0.012907619588077068
-0.015917235985398293
-0.015138886868953705
0.019497640430927277
-0.005328447092324495
-0.00734891090542078
0.08432113379240036
0.014127032831311226
0.000803483126219362
0.007089461665600538
-0.00435226783156395
-0.00656407605856657
0.006830011960119009
-0.0159042626619339
-0.013737858273088932
-0.01564481295645237
0.014347565360367298
-0.008081856183707714
0.015294556505978107
-0.015930207446217537
0.0019085764652118087
0.007426746189594269
-0.007355397567152977
0.033832233399152756
-0.027735166251659393
-0.003295010421425104
0.035596489906311035
0.012719518505036831
0.004323079716414213
0.007640792056918144
-0.005740323569625616
5.09587971464498e-06
0.021884577348828316
-0.0007134865154512227
-0.004955488257110119
-0.027994615957140923
-0.008665618486702442
0.006447323597967625
-0.05806482955813408
-0.032483093440532684
0.004478749353438616
-0.020107347518205643
0.0016685854643583298
-0.04817979782819748
-0.015917235985398293
-0.01639721728861332
-0.020366797223687172
0.020055457949638367
-0.016319382935762405
-0.04688255116343498
-0.01875820942223072
0.0057824840769171715
-0.01783716306090355
-0.0007211889023892581
-0.010436361655592918
