-0.007780816406011581
-0.007599415257573128
-0.0004680799029301852
-0.019630203023552895
-0.03625432774424553
0.005613719578832388
-0.03275587782263756
-0.029205596074461937
-0.013475518673658371
-0.032522644847631454
0.0011977339163422585
0.0007454456062987447
-0.008111225441098213
0.021988417953252792
0.001956541556864977
-0.003900126088410616
0.027728471904993057
0.00014617374108638614
-0.01144771184772253
0.013190459460020065
0.015315445140004158
0.014706455171108246
0.005500344093888998
-0.028609562665224075
-0.03767962381243706
0.03762779384851456
0.011058995500206947
-0.030734548345208168
-0.006679452024400234
-0.009860451333224773
0.008655428886413574
-0.012367676012217999
-0.01845109462738037
-0.01073506474494934
0.001765422523021698
0.01020381785929203
0.021172113716602325
0.015768948942422867
0.025629399344325066
0.019021213054656982
0.024942666292190552
0.003806186141446233
0.006860853172838688
-0.026445705443620682
0.00022310730128083378
0.024774223566055298
-0.017764361575245857
-0.03086412139236927
-0.028194932267069817
0.025214768946170807
0.015159958973526955
0.04934113100171089
-0.0111561743542552
-0.009828059002757072
-0.012879486195743084
-0.011298703961074352
-0.018217865377664566
-0.006323128007352352
0.0004632209602277726
-0.01140884030610323
-0.013760577887296677
-0.009141325019299984
-0.021625615656375885
0.0037705537397414446
-0.0010956957703456283
-0.0012479431461542845
-0.01292483601719141
0.010151989758014679
-0.023582158610224724
0.004515594337135553
0.03633207082748413
0.01118208933621645
-0.0024505360051989555
-0.019150786101818085
0.04376951977610588
-0.01636498048901558
-0.0028894622810184956
-0.030034858733415604
0.007320834789425135
0.004000544548034668
-0.004415175877511501
0.0007531389710493386
-0.024048617109656334
0.00919315405189991
0.011739250272512436
-0.0038806903176009655
-0.002217305824160576
0.021612659096717834
0.0048719183541834354
-0.010495356284081936
-0.015315445140004158
0.00820840522646904
0.0037349213380366564
0.014550969004631042
-0.004583620000630617
0.007152390666306019
-0.009925237856805325
0.017129456624388695
-0.02336188405752182
-0.042992088943719864
0.007722508627921343
-0.011991916224360466
-0.017220158129930496
0.002086113905534148
-0.030112601816654205
-0.004062091466039419
0.010158468037843704
0.007119997404515743
0.00919315405189991
-0.022960210219025612
-0.013980850577354431
0.0348031185567379
-0.010553663596510887
-0.00997706688940525
0.0136439623311162
-0.02531842701137066
0.024074532091617584
-0.02594037353992462
-0.0012430842034518719
-0.024502120912075043
0.021068455651402473
0.003161564003676176
0.02336188405752182
0.0010462963255122304
0.032626304775476456
-0.004295321647077799
0.010553663596510887
0.009841015562415123
-0.03620249778032303
-0.02341371402144432
-0.014356610365211964
0.004658123943954706
-0.007657722570002079
0.0035859132185578346
-0.014343652874231339
0.005911735817790031
-0.009756794199347496
0.006679452024400234
-0.03539915010333061
-0.02433367632329464
0.00384829705581069
0.024061575531959534
-0.0224030502140522
-0.030501319095492363
-0.016209494322538376
0.017142415046691895
0.039001259952783585
0.03428483009338379
0.003137269290164113
-2.6167530450038612e-05
-3.553115311660804e-05
-0.01022325363010168
0.004907550755888224
0.0007304638274945319
-0.0013920923229306936
-0.00872669368982315
-0.021236898377537727
0.021781103685498238
0.005412882659584284
-0.00029295485001057386
0.0043989792466163635
-0.02093888260424137
-0.0003755571960937232
0.0029429106507450342
0.01166150625795126
0.016287237405776978
0.006776630878448486
-0.0033559224102646112
0.0136439623311162
0.014525054022669792
0.0199411753565073
0.04016740992665291
-0.03322233632206917
0.02892053686082363
-0.006692409049719572
0.009692007675766945
0.020122576504945755
-0.004936704412102699
-0.024605778977274895
-0.010741543024778366
-0.009873408824205399
0.01215388160198927
0.010288040153682232
0.01946175843477249
-0.031615640968084335
0.012121488340198994
0.020200321450829506
0.010579577647149563
-0.00019699038239195943
-0.002648133784532547
0.010216775350272655
0.0223123487085104
-0.011240396648645401
0.0022901904303580523
-0.6256787180900574
-0.003815904026851058
0.009439341723918915
-0.019021213054656982
0.023245269432663918
-0.01394197903573513
0.018736153841018677
0.009756794199347496
-0.012873007915914059
-0.02139238640666008
-0.008836830966174603
0.019526544958353043
-0.012866528704762459
-0.02137942798435688
-0.01839926652610302
-0.025655314326286316
0.009795665740966797
-0.028169017285108566
0.01164207048714161
0.0007110279402695596
-0.03428483009338379
0.03270404785871506
0.0016909184632822871
0.010080724954605103
0.01246485486626625
0.000483466632431373
0.03083820641040802
0.01318398118019104
0.02630317583680153
-0.008027004078030586
0.005030644126236439
0.018619539216160774
0.015315445140004158
0.02886870689690113
0.047527119517326355
0.008098268881440163
-0.032963190227746964
0.020174406468868256
0.029697969555854797
0.0007875565788708627
0.0015427201287820935
-0.019656118005514145
0.029438825324177742
0.003446622984483838
0.00947173498570919
0.01979864574968815
0.037472307682037354
-0.035036347806453705
-0.008998796343803406
0.008629514835774899
-0.012516683898866177
0.0023403996601700783
0.0030708634294569492
0.018049420788884163
0.0014844125835224986
-0.016727782785892487
-0.003462819615378976
-0.0034271872136741877
-0.008065875619649887
0.022610366344451904
0.012037266045808792
-0.0005498724058270454
-0.012354718521237373
-0.02139238640666008
-0.024035660549998283
0.0026351765263825655
-0.015730077400803566
-0.01893051154911518
-0.008396284654736519
-0.007910388521850109
0.015134043991565704
0.03384428471326828
0.0009410188067704439
0.002596304751932621
0.014343652874231339
0.016105836257338524
0.03926040604710579
0.010773936286568642
-0.00546471169218421
0.016079921275377274
0.008448113687336445
-0.021534916013479233
-0.025953330099582672
0.021146198734641075
0.032004356384277344
-0.0224030502140522
-0.012497248128056526
0.0020164689049124718
0.01096181571483612
0.01850292459130287
-0.003631263505667448
0.02288246713578701
0.011732771061360836
-0.05328012630343437
0.01583373360335827
0.043976835906505585
0.007716030348092318
0.0009061962482519448
-0.007586457766592503
-0.026186561211943626
0.010087203234434128
-0.022765852510929108
-0.0023663139436393976
-0.006297213491052389
-0.005082473158836365
0.0051764133386313915
-0.0006762054399587214
0.021755188703536987
0.0348549485206604
-0.0173367727547884
-0.028531819581985474
-0.0051245843060314655
-0.011739250272512436
-0.0007474701851606369
-0.0012244582176208496
-0.03936406224966049
0.004227295983582735
-0.0027874240186065435
-0.016079921275377274
-0.022778809070587158
0.017259029671549797
-0.00035085747367702425
0.014810113236308098
-0.019176699221134186
-0.009828059002757072
0.03342965245246887
-0.014291823841631413
-0.015496846288442612
-0.027598898857831955
-0.011784600093960762
-0.010469441302120686
0.0019873150158673525
0.031589724123477936
-0.01885276846587658
0.034103427082300186
-0.010825765319168568
0.006426785606890917
-0.008052918128669262
0.001513566356152296
0.007204219698905945
-0.016131751239299774
-0.018593624234199524
0.025447998195886612
0.006536922417581081
-0.0398564375936985
-0.024087490513920784
-0.028479989618062973
0.011998394504189491
-0.007113519124686718
0.023024996742606163
-0.03029400296509266
0.015302487649023533
-0.036539386957883835
-0.012873007915914059
-0.00124470388982445
-0.00921906903386116
-0.0111561743542552
-0.008545292541384697
-0.029749799519777298
-0.014045637100934982
-0.014550969004631042
0.00046605535317212343
-0.03594335541129112
0.034077513962984085
-0.024061575531959534
-0.0038644936867058277
0.0074633643962442875
0.019060084596276283
0.007813209667801857
-0.049030154943466187
-0.02091296762228012
-0.0023744122590869665
-0.0011151315411552787
0.014006764627993107
0.01094237994402647
0.006313410121947527
-0.0045026373118162155
0.002900799736380577
-0.01094237994402647
-0.016481595113873482
0.0027598899323493242
-0.0032911363523453474
-0.04338080435991287
-0.005918214563280344
0.01836039498448372
0.022778809070587158
0.004052373580634594
0.007366185076534748
0.008856266736984253
0.008830351755023003
-0.0019111913861706853
0.01998004876077175
-0.011208003386855125
0.008532335981726646
-0.013890150003135204
-0.0032069142907857895
0.011493062600493431
-0.005267113912850618
0.003202055348083377
0.020070748403668404
0.009750314988195896
-0.008001089096069336
0.036021098494529724
0.0005276022129692137
0.024113403633236885
-0.007236612495034933
-0.002662710612639785
-0.011065473780035973
0.057478271424770355
0.00449291942641139
0.008363891392946243
-0.005118105560541153
-0.033507395535707474
-0.020511293783783913
-0.01687031239271164
0.03677261620759964
-0.010974773205816746
-0.004888114985078573
-0.007418014109134674
0.0014844125835224986
-0.012497248128056526
-0.004126877523958683
0.038612544536590576
0.007683637086302042
-0.017777318134903908
0.01313863042742014
0.013222852721810341
-0.006556358188390732
0.015445017255842686
-0.021081412211060524
0.010540706105530262
0.012600905261933804
-0.004457287024706602
0.031071435660123825
0.014369567856192589
0.012432461604475975
0.0015232842415571213
-0.011823471635580063
0.04141130670905113
-0.010307475924491882
0.015781905502080917
0.03682444617152214
-0.004777978174388409
-0.006828459911048412
-0.0010130933951586485
0.01068971399217844
0.02280472405254841
-0.014900813810527325
0.0026772874407470226
-0.010145510546863079
-0.01020381785929203
-0.00940694846212864
-0.013002580031752586
-0.021107327193021774
0.01512108650058508
-0.042499713599681854
-0.0007243900909088552
0.021249856799840927
0.018062377348542213
0.026717808097600937
0.004573902115225792
0.025590527802705765
-0.006666494533419609
0.01684439927339554
0.0004397359734866768
0.0009887985652312636
0.00412363838404417
-0.01065084245055914
-0.03814608231186867
-0.017090585082769394
-0.004249971359968185
-0.007340270560234785
0.0011459050001576543
0.0009223927627317607
0.0033332472667098045
-0.005108387675136328
0.026095859706401825
-0.0021136479917913675
0.0008875702042132616
-0.00029113274649716914
-0.024696478620171547
-0.03767962381243706
-0.004000544548034668
0.02289542369544506
-0.00949117075651884
0.0032538841478526592
0.008176011964678764
-0.0032101536635309458
-0.019150786101818085
0.003372119041159749
0.007372663356363773
-0.0067636738531291485
0.004625731147825718
-0.00993171613663435
-0.014097466133534908
-0.008337977342307568
0.021560829132795334
0.004133356269448996
-0.006893245968967676
0.002688625128939748
0.008402762934565544
-0.008117704652249813
-0.015755990520119667
-0.009355119429528713
0.03291136398911476
0.02084818296134472
-0.021651530638337135
-0.004748824518173933
0.009283854626119137
-0.03081229142844677
-0.015639375895261765
-0.02043355070054531
-0.016662996262311935
0.008778522722423077
-0.00018474174430593848
0.006912681739777327
0.03086412139236927
-0.008428677916526794
0.032108016312122345
-0.014784199185669422
-0.012730478309094906
0.0023355407174676657
-0.003150226315483451
-0.009821579791605473
0.028661390766501427
-0.013954936526715755
-0.02145717293024063
0.030190344899892807
-0.02043355070054531
-0.011130260303616524
0.007294920273125172
-0.03666896000504494
0.011752206832170486
0.004259689245373011
-0.0004656504315789789
-0.001815631752833724
0.023206397891044617
-0.012723999097943306
-0.0087137371301651
0.03889760375022888
-0.002429480431601405
0.007683637086302042
0.02388017438352108
0.012438939884305
0.016986927017569542
0.006099615711718798
0.01491377130150795
0.010262126103043556
0.019111912697553635
0.0004186804872006178
0.033144593238830566
0.041566792875528336
-0.00946525577455759
-0.020537208765745163
-0.002944530453532934
0.017686618492007256
0.031589724123477936
0.011259832419455051
-0.02336188405752182
0.01288596447557211
0.00695803202688694
0.05237312242388725
-0.005263874307274818
-0.0006895675323903561
0.006154683884233236
0.012056701816618443
0.005108387675136328
-0.0010827385121956468
0.004314757417887449
-0.0032214911188930273
0.008590643294155598
0.010754500515758991
-0.008052918128669262
0.013242288492619991
0.01021029707044363
0.029672056436538696
0.01194008719176054
0.005500344093888998
0.013475518673658371
0.011862343177199364
0.0056461128406226635
0.01140884030610323
-0.021625615656375885
-0.04389909282326698
-0.009763272479176521
-0.01694805547595024
0.0298275426030159
-0.021612659096717834
0.01166150625795126
-0.013540305197238922
-0.0035761953331530094
0.008759086951613426
-0.027572983875870705
0.00035186976310797036
-0.014848984777927399
-0.042085081338882446
-0.04187776520848274
-0.0037932288832962513
0.021081412211060524
0.01645568199455738
0.013566219247877598
-0.004321236163377762
-0.023128654807806015
0.028065359219908714
-0.007865038700401783
-0.031615640968084335
-0.0015224744565784931
-0.015082214958965778
-0.00896640308201313
0.010404655709862709
0.013345946557819843
0.008551771752536297
0.009478213265538216
0.006692409049719572
-0.030501319095492363
-0.017803233116865158
0.01585964858531952
0.01343664713203907
0.0024861684069037437
0.03423300012946129
0.0027793257031589746
0.003153465688228607
0.015652332454919815
-0.018541796132922173
-0.009828059002757072
-0.0248130951076746
-0.010702671483159065
-0.002275613369420171
0.008033482357859612
0.016611168161034584
-0.009115410968661308
0.008525856770575047
-0.01046296302229166
-0.017712533473968506
0.008564728312194347
0.006054265424609184
0.017064671963453293
0.00597004359588027
0.0030741028022021055
-0.01039817649871111
0.01794576272368431
0.03272996097803116
0.0073856208473443985
0.002683766186237335
0.005192609503865242
-0.012199231423437595
0.002636796096339822
0.006323128007352352
-0.013132152147591114
0.020744524896144867
-0.013553261756896973
-0.025992201641201973
-0.01690918393433094
0.028065359219908714
0.02191067487001419
0.027961701154708862
-0.009866930544376373
-0.021547872573137283
-0.021509001031517982
-0.0038191433995962143
-0.03858662769198418
0.00845459196716547
0.012996100820600986
-0.010838722810149193
-0.01191417220979929
0.012289931997656822
0.022001376375555992
-0.03215984255075455
0.02879096381366253
-0.02744341269135475
-0.024191146716475487
-0.0005940080154687166
-0.02780621498823166
0.02194954641163349
-0.018515881150960922
0.0034239478409290314
0.00942638423293829
-0.009795665740966797
-0.024204105138778687
-0.016131751239299774
-0.014473224990069866
-0.009627221152186394
0.02331005595624447
0.012840614654123783
0.024644650518894196
-0.016740741208195686
0.016313152387738228
-0.004010262433439493
-0.011648549698293209
0.007230134215205908
0.0063198888674378395
-0.013229331001639366
-0.05670083686709404
0.033636968582868576
0.042447883635759354
-0.004833046812564135
0.009795665740966797
-0.01293131522834301
-0.006229188293218613
0.044054578989744186
-0.013125673867762089
-0.0099187595769763
-0.0020974515937268734
-0.02429480478167534
-0.0055165402591228485
0.006666494533419609
-0.01687031239271164
0.010981252416968346
-0.02241600677371025
0.002806859789416194
0.009549478068947792
-0.009303290396928787
-0.0019111913861706853
0.010087203234434128
0.02289542369544506
-0.007048733066767454
0.006148205604404211
0.00898583885282278
-0.0006000816938467324
0.018749110400676727
-0.002934812568128109
-0.01933218725025654
-0.0014066692674532533
0.03291136398911476
-0.018554752692580223
0.015095172449946404
-0.005616959184408188
0.01694805547595024
-0.03415525704622269
0.0021509001962840557
-0.0028100991621613503
-0.01587260700762272
0.030501319095492363
-0.04630913957953453
-0.0009823199361562729
-0.019137827679514885
-0.0030708634294569492
-0.00898583885282278
0.005318942479789257
0.005144020076841116
0.011752206832170486
0.01887868344783783
-0.02635500393807888
0.013799449428915977
0.021016625687479973
-0.00472291000187397
0.03578786924481392
0.003504930529743433
0.03539915010333061
0.028220845386385918
-0.0025250401813536882
-0.02443733438849449
-0.014239994809031487
0.00843515619635582
-0.0032717003487050533
0.016118792816996574
0.0064462218433618546
-0.01788097620010376
-0.026251347735524178
0.020589036867022514
0.025085195899009705
-0.015354316681623459
-0.016637083142995834
0.010871115140616894
0.003783510997891426
0.01693509891629219
-0.018256736919283867
0.02342667058110237
-0.013553261756896973
0.01942288689315319
-0.0045544663444161415
0.010832243598997593
-0.044961586594581604
-0.004826568067073822
-0.019526544958353043
0.06219470128417015
0.0018626017263159156
0.023659901693463326
-0.006468896754086018
-0.0006924019544385374
-0.006698887795209885
-0.016637083142995834
-0.027547070756554604
-0.008085311390459538
0.014939685352146626
0.04125582054257393
0.001413147896528244
0.0037057676818221807
0.000983939622528851
-0.014434353448450565
0.004224056843668222
-0.022027289494872093
0.003919561859220266
0.02627726085484028
-0.005548933520913124
0.011493062600493431
0.037550050765275955
0.0017686617793515325
0.00744392815977335
0.012257538735866547
0.007346749305725098
-0.028013529255986214
0.013514390215277672
0.003155085491016507
-0.029620226472616196
0.021703358739614487
-0.023608071729540825
-0.028220845386385918
-0.007372663356363773
-0.023543285205960274
-0.016986927017569542
-0.019513588398694992
0.011078431271016598
-0.03835339844226837
-0.028946449980139732
0.006886767689138651
0.00820840522646904
0.02044650726020336
0.0009774609934538603
-0.004107441753149033
0.004065330605953932
0.018191950395703316
-0.023089783266186714
-0.00845459196716547
0.009361598640680313
0.023141611367464066
-0.006964510772377253
0.03581378236413002
-0.004564184229820967
-0.007515192963182926
0.026108818128705025
-0.018114207312464714
-0.004969097673892975
-0.026640063151717186
0.00347901601344347
-0.002774466760456562
-0.008953445591032505
-0.009594828821718693
0.026238389313220978
-0.010139032267034054
0.009419905953109264
-0.0031599444337189198
-0.012756392359733582
-0.0086748655885458
-0.002227023709565401
-0.024592822417616844
-0.007858559489250183
-0.01214740239083767
0.028065359219908714
-0.028583647683262825
-0.00798813160508871
-0.024113403633236885
-0.014732370153069496
-0.00921906903386116
0.0011418558424338698
0.002457014750689268
-0.007152390666306019
0.011966001242399216
-0.028117187321186066
-0.010858158580958843
-0.014473224990069866
0.012879486195743084
0.005403164774179459
-0.008046439848840237
-0.002800381276756525
0.004865439608693123
0.010501834563910961
0.02827267535030842
-0.019098956137895584
-0.020278064534068108
0.016287237405776978
-0.013721706345677376
-0.015082214958965778
0.008648950606584549
-0.014939685352146626
0.012477812357246876
0.001555677386932075
-0.01241950411349535
0.011149696074426174
0.005778924562036991
-0.017233114689588547
-0.012542597949504852
-0.013721706345677376
0.02744341269135475
0.01390310749411583
-0.0035016911569982767
-0.010385219007730484
0.03918266296386719
-0.02035580761730671
0.018671367317438126
-0.015263616107404232
0.009555956348776817
-0.027702556923031807
-0.0029218553099781275
-0.0027177787851542234
-0.018243778496980667
-0.002401946345344186
-0.019215570762753487
0.027650726959109306
-0.005001490470021963
0.023154569789767265
0.004256450105458498
-0.020576080307364464
-0.027184266597032547
-0.000638953351881355
0.017051713541150093
0.019487673416733742
0.007482800167053938
0.022053204476833344
-0.032626304775476456
-0.012302889488637447
0.007489278446882963
0.0055780871771276
-0.019280357286334038
-0.01929331384599209
0.03723907843232155
-0.03381836786866188
0.02689920924603939
-0.008091789670288563
0.005195849109441042
0.0025201812386512756
-0.016572296619415283
0.019189657643437386
-0.010573099367320538
0.010106639005243778
0.005707659758627415
0.015004471875727177
0.0011718194000422955
-0.007035775575786829
-0.007392099592834711
-0.044054578989744186
0.0029898807406425476
0.024981537833809853
0.005908496677875519
0.021612659096717834
-0.0017767600947991014
-0.023465542122721672
-0.007670680060982704
-0.04078935831785202
-0.0173367727547884
-0.019785689190030098
-0.018489966168999672
-0.003566477447748184
0.00483952509239316
-0.008279670029878616
-0.0014487801818177104
0.0044022188521921635
-0.01637793891131878
-0.022532621398568153
-0.016520468518137932
0.02036876417696476
-0.015678247436881065
-0.011655027978122234
-0.0066600157879292965
-0.0055456943809986115
-0.0002433529734844342
-0.0026205996982753277
0.007256048731505871
-0.023996789008378983
0.012017830274999142
0.21208393573760986
-0.002194630680605769
-0.0028198170475661755
0.024605778977274895
0.012037266045808792
0.006640580017119646
0.02739158272743225
-0.010242690332233906
-0.023232312873005867
0.01646863855421543
0.017194243147969246
-0.006378196179866791
-0.02288246713578701
0.00693859625607729
-0.00183182826731354
-0.013034973293542862
-0.031537897884845734
-0.03433665633201599
0.0004117969365324825
0.0173367727547884
0.019215570762753487
0.01122096087783575
0.0031486067455261946
-0.02938699722290039
0.008590643294155598
0.02381538785994053
-0.006562836933881044
0.012510204687714577
0.024528035894036293
-0.010495356284081936
-0.001950063044205308
0.008253755047917366
0.0002552978985477239
-0.005791881587356329
-0.00608341908082366
0.003883929457515478
0.018762068822979927
-0.004130117129534483
0.020511293783783913
0.023063868284225464
0.007171826437115669
-0.03946772217750549
0.019176699221134186
-0.005927932448685169
-0.009964109398424625
0.05105148255825043
-0.0020051312167197466
-0.00843515619635582
0.005085712764412165
0.011816993355751038
-0.016546381637454033
0.029957113787531853
0.0047682602889835835
0.014978556893765926
-0.012328803539276123
0.017557045444846153
0.020187363028526306
-0.006964510772377253
0.02529251202940941
0.005315703339874744
-0.031019607558846474
0.013656919822096825
-0.0015346218133345246
0.027495240792632103
-0.022986125200986862
0.011966001242399216
-0.03729090467095375
-0.005147259216755629
-0.01596330665051937
-0.0005563510349020362
0.007741944398730993
-0.01591147854924202
-0.007184783928096294
0.004441090393811464
-0.037472307682037354
-0.019098956137895584
0.014978556893765926
0.005121345166116953
-0.00511486642062664
0.009892844595015049
-0.008998796343803406
-0.010015938431024551
0.006313410121947527
-0.002044002991169691
-0.0011823471868410707
-0.02145717293024063
0.019254442304372787
-0.003624784993007779
0.009860451333224773
-0.020744524896144867
-0.005574848037213087
-0.01189473643898964
-0.01271752081811428
-0.007152390666306019
-0.003153465688228607
0.011169131845235825
0.00843515619635582
0.019993005320429802
-0.014291823841631413
0.01246485486626625
-0.035140007734298706
0.027935786172747612
0.02731383964419365
0.00970496516674757
-0.005749770440161228
0.01468054112046957
-0.0041203987784683704
-0.007482800167053938
0.016753697767853737
-0.04371769353747368
-0.014097466133534908
-0.013125673867762089
0.006025111768394709
-0.013449604623019695
-0.017038756981492043
0.011525455862283707
0.014576883055269718
0.002194630680605769
0.01940993033349514
0.011823471635580063
0.010015938431024551
-0.015224744565784931
-0.01633906550705433
0.018671367317438126
-0.005555412266403437
-0.015354316681623459
-0.0547831654548645
0.020692694932222366
-0.007495757192373276
-0.013488476164638996
0.012264017947018147
-0.018269693478941917
0.034829031676054
0.014278867281973362
-0.00410096300765872
-0.000865704903844744
0.0009304910199716687
-0.008746129460632801
0.007813209667801857
0.02840224653482437
0.01642976701259613
-0.012056701816618443
-0.0002968015323858708
0.004713192116469145
-0.00299473968334496
-0.01464166957885027
-0.0007053591543808579
-0.00898583885282278
-0.014291823841631413
-0.03394794091582298
-0.0067895883694291115
-0.029620226472616196
-0.005801599472761154
-0.028246760368347168
0.0087072579190135
0.009607785381376743
-0.03091594949364662
-0.01688327081501484
0.01731085777282715
-0.010326911695301533
-0.025733057409524918
-0.0014755044830963016
0.012270496226847172
-0.006060744170099497
-0.0055683692917227745
0.014084508642554283
-0.16191354393959045
0.0030141754541546106
0.012827657163143158
-0.0198245607316494
0.005869625136256218
-0.015548675321042538
0.04325123131275177
0.029205596074461937
-0.0025995441246777773
-0.01842517964541912
0.0018787982407957315
0.00212012673728168
-0.028220845386385918
-0.0448061004281044
-0.0045771412551403046
-0.009076539427042007
-0.008746129460632801
0.002657851669937372
0.024968581274151802
0.017673661932349205
0.03866437450051308
-0.01793280616402626
-0.013825363479554653
-0.015302487649023533
-0.003689571050927043
-0.006880288943648338
-0.028117187321186066
0.009374555200338364
0.00816305447369814
-0.012199231423437595
0.013320031575858593
-0.002094212220981717
0.023128654807806015
-0.01421408075839281
0.000722770462743938
0.006060744170099497
-0.013618048280477524
-0.021094368770718575
-0.007236612495034933
-0.006025111768394709
0.013488476164638996
0.014330695383250713
0.01343664713203907
-0.009206111542880535
0.02191067487001419
-0.0002046837325906381
0.025784887373447418
-0.017129456624388695
0.020640866830945015
-0.03589152544736862
0.03037174604833126
-0.006679452024400234
0.02627726085484028
0.014369567856192589
0.030164429917931557
-0.009322726167738438
-0.019565416499972343
0.009057103656232357
0.012121488340198994
-0.020563123747706413
-0.013501432724297047
-0.013605090789496899
0.001580782001838088
0.011499540880322456
0.026523448526859283
-0.024035660549998283
-0.020122576504945755
0.008111225441098213
-0.04278477281332016
0.0033300078939646482
-0.0034498623572289944
-0.023219354450702667
0.01194008719176054
-0.003935758490115404
-0.008635993115603924
0.03869028761982918
-0.0016714825760573149
0.019034169614315033
0.0025509544648230076
-0.026251347735524178
-0.033144593238830566
0.037498220801353455
0.020679738372564316
-0.026717808097600937
-0.004360107704997063
-0.00792982429265976
-0.002724257530644536
-0.0006045357440598309
0.009730879217386246
0.015172915533185005
0.0074633643962442875
-0.044417381286621094
-0.00769659411162138
-0.007865038700401783
0.004317996557801962
0.022649237886071205
0.012218667194247246
-0.017764361575245857
0.013993808068335056
-0.004052373580634594
0.020653823390603065
0.016533425077795982
-0.01639089547097683
-0.010054809972643852
0.02343962900340557
0.005195849109441042
-0.002160618081688881
0.026251347735524178
0.021638574078679085
-0.012860050424933434
-0.015211787074804306
-0.0038029467687010765
0.0124065475538373
0.01898234151303768
0.027624813839793205
0.011344054713845253
0.0027598899323493242
0.004327714443206787
0.018762068822979927
-0.005007969215512276
0.06271298974752426
0.002395467832684517
-0.004509116057306528
0.016753697767853737
-0.005869625136256218
-0.027028780430555344
-0.09676458686590195
-0.04239605367183685
0.012633298523724079
0.02533138357102871
0.003647460136562586
0.02196250483393669
-0.01834743656218052
-0.005144020076841116
-0.019500629976391792
0.024761265143752098
-0.03565829619765282
-0.024735352024435997
-0.0006511007668450475
0.029568398371338844
-0.025214768946170807
-0.0003059120790567249
-0.004638688173145056
-0.005283310543745756
-0.02584967203438282
0.020537208765745163
0.0041203987784683704
0.014201123267412186
-0.0021217463072389364
0.002285331254824996
-0.007709551602602005
0.010663799941539764
-0.042085081338882446
0.01744043081998825
0.0124065475538373
-0.005730334669351578
-0.02147012948989868
-0.0073078772984445095
-0.009342162869870663
-0.035606466233730316
0.02345258556306362
-0.027495240792632103
-0.009847494773566723
-0.006297213491052389
0.03384428471326828
-0.013475518673658371
0.03171929717063904
0.011765164323151112
-0.008376848883926868
-0.0047682602889835835
-0.009095975197851658
-0.030216259881854057
-0.019656118005514145
0.019720902666449547
-0.0007466603419743478
-0.010799850337207317
-0.010767458006739616
-0.016196537762880325
-0.0449097566306591
-0.004583620000630617
0.008532335981726646
0.029438825324177742
0.011797557584941387
0.009828059002757072
0.006809024140238762
-0.03871620073914528
-0.02783212810754776
-0.007683637086302042
-0.008901616558432579
0.027132438495755196
0.013294117525219917
0.006248624064028263
-0.03425891324877739
-0.028531819581985474
0.02378947287797928
0.016144707798957825
0.025784887373447418
0.008597121573984623
-0.011739250272512436
-0.0012066420167684555
-0.019267400726675987
0.04016740992665291
-0.02391904592514038
0.0007401817128993571
0.009329205378890038
-0.008577685803174973
0.0034239478409290314
-0.0001614592329133302
-0.0033656402956694365
0.0012924836482852697
0.030112601816654205
0.026640063151717186
-0.006355521269142628
-0.00610609445720911
0.014706455171108246
-0.0148878563195467
-0.003835340030491352
0.012892443686723709
0.02639387734234333
0.001993793761357665
0.01683144085109234
-0.016598211601376534
-0.0019387254724279046
-0.02036876417696476
0.012646256014704704
0.015250659547746181
-0.04314757511019707
0.00744392815977335
-0.06545992195606232
0.007081125862896442
0.021107327193021774
-0.00633608503267169
-0.016079921275377274
-0.017803233116865158
0.0449097566306591
-0.020770438015460968
0.03394794091582298
0.00034680834505707026
-0.006183838006108999
0.000538129941560328
-0.01366987731307745
-0.01637793891131878
-0.031511981040239334
-0.039493635296821594
0.04177410900592804
0.006498050410300493
0.009387512691318989
0.004143074154853821
0.005785402841866016
0.0020731566473841667
0.010793372057378292
0.036979932337999344
0.00795573927462101
0.009562435559928417
-0.00670536607503891
0.007392099592834711
-0.01217331737279892
0.015237702056765556
0.017686618492007256
-0.01786801964044571
-0.009627221152186394
0.013196938671171665
-0.007716030348092318
-0.017038756981492043
0.0055813267827034
0.028998279944062233
0.017116500064730644
0.06136544048786163
0.006345802918076515
-0.03594335541129112
0.017738446593284607
0.0004271836660336703
-0.0062680598348379135
0.0006928068469278514
-0.0036118277348577976
-0.012840614654123783
0.0007256048265844584
-0.0009766512084752321
0.016196537762880325
0.008746129460632801
-0.02345258556306362
-0.017246073111891747
-0.006860853172838688
0.01417520921677351
0.002040763618424535
0.004360107704997063
0.019021213054656982
-0.007981653325259686
0.040944844484329224
0.001941964728757739
0.005380489397794008
0.0024440574925392866
-0.0045544663444161415
-0.0049982513301074505
-0.007832645438611507
0.0027858044486492872
0.011376447044312954
-0.027080610394477844
-0.0018690803553909063
0.0027080608997493982
0.03034583106637001
0.0014771241694688797
0.011007166467607021
-0.007418014109134674
0.0010454864241182804
-0.00969848595559597
-0.0004632209602277726
0.03083820641040802
0.01784210465848446
0.011480105109512806
-0.018243778496980667
0.039001259952783585
0.005315703339874744
0.00255743321031332
-0.00412363838404417
0.003971390891820192
-0.014058593660593033
0.020135534927248955
-0.0006915921112522483
0.0249297097325325
-0.003378597553819418
0.002354976488277316
-0.02095184102654457
0.008176011964678764
-0.000655959767755121
-0.017647746950387955
0.03682444617152214
0.020148491486907005
0.019591331481933594
-0.011421797797083855
-0.002479689894244075
-0.03775736689567566
-0.00947173498570919
0.004952901042997837
-0.021988417953252792
-0.031615640968084335
-0.010294518433511257
0.030008943751454353
0.01834743656218052
0.0017945762956514955
0.017246073111891747
0.004486440680921078
-0.021638574078679085
-0.001857742783613503
0.002933192765340209
-0.021612659096717834
-0.017129456624388695
0.01795871928334236
-0.014317738823592663
0.03721316158771515
0.006880288943648338
0.0007677158573642373
0.015095172449946404
0.0027113002724945545
0.03920857608318329
0.0048200893215835094
0.011357011273503304
0.004321236163377762
-0.019163742661476135
-0.007029296830296516
-0.022688109427690506
-0.019137827679514885
-0.014628712087869644
-0.00872669368982315
0.001294913119636476
0.017077628523111343
0.003883929457515478
0.08790184557437897
0.005801599472761154
0.0035114092752337456
0.009841015562415123
-0.013851278461515903
-0.006028350908309221
0.003566477447748184
-0.028583647683262825
0.0012220287462696433
-0.015108129940927029
0.01781618967652321
0.00121069117449224
-0.017077628523111343
-0.0009167239768430591
-0.005934411194175482
0.0011815374018624425
-0.04169636592268944
0.036565300077199936
-0.02432071976363659
0.009244983084499836
0.04325123131275177
-0.007009861059486866
-0.00608341908082366
0.009510606527328491
0.0025946851819753647
0.008972881361842155
0.02042059414088726
-0.002094212220981717
-0.005856667645275593
-0.026562320068478584
-0.007035775575786829
-0.0020018918439745903
-0.04143721982836723
-0.030190344899892807
0.013151587918400764
-0.02581080049276352
0.003757596481591463
-0.010760978795588017
-0.00845459196716547
-0.002152519766241312
-0.005270353052765131
0.013332989066839218
-0.01593739166855812
-0.04568719118833542
-0.039001259952783585
0.004314757417887449
-0.0198245607316494
0.002682146616280079
-0.020161449909210205
