-0.005907726474106312
0.007238411344587803
0.0013716660905629396
-0.019850989803671837
-0.029725056141614914
0.01088333036750555
-0.03535636141896248
-0.012021162547171116
-0.012400439940392971
-0.0370277501642704
-0.006425214931368828
-0.0046284687705338
0.001219794386997819
0.025867998600006104
0.0059655820950865746
-0.009944779798388481
0.03247642517089844
-0.0011177430860698223
-0.018385307863354683
0.02048097550868988
-0.031242165714502335
0.029287923127412796
0.021290957927703857
-0.00861409492790699
-0.04188764467835426
0.014759672805666924
0.010144061408936977
-0.022872351109981537
0.00419454975053668
-0.013165422715246677
0.020969536155462265
-0.025212299078702927
-0.02063525654375553
-0.013422559946775436
-0.009038371033966541
0.006653423886746168
0.012098303996026516
0.025289440527558327
0.022010941058397293
0.009276223368942738
0.020043842494487762
0.003779916325584054
0.0033684968948364258
-0.006033080630004406
-0.026870833709836006
0.034430667757987976
-0.03196214884519577
-0.01307542435824871
-0.04759608954191208
0.01814102753996849
0.023978039622306824
0.03250213712453842
-0.0014889849117025733
0.0009208724950440228
-0.022910920903086662
-0.017048193141818047
-0.011854023672640324
0.0013025604421272874
0.0049338191747665405
-0.009816211648285389
0.016958195716142654
-0.012638291344046593
-0.025675145909190178
0.016148213297128677
0.010831902734935284
0.030985027551651
-0.010754762217402458
0.016302496194839478
-0.012252585962414742
0.007514833472669125
0.016045359894633293
-0.004895248916000128
-0.008896945975720882
-0.004364903550595045
0.0364106222987175
0.0019221003167331219
-0.026022281497716904
-0.03967626392841339
0.022923778742551804
0.024813735857605934
-0.005939868278801441
-0.014013975858688354
-0.03378782421350479
0.015376802533864975
0.006119864527136087
-0.00955907441675663
0.0025681573897600174
0.027179397642612457
0.00630628876388073
-0.00632557412609458
-0.026202276349067688
0.023823758587241173
0.005374166648834944
0.023978039622306824
-0.014155400916934013
0.012169016525149345
-0.002646905602887273
0.007405550219118595
-0.00427169119939208
-0.027076542377471924
-0.006010581273585558
-0.005004532169550657
-0.03227071464061737
-0.0002499051915947348
-0.027462249621748924
-0.006007366813719273
-0.011185466311872005
-0.0005512377829290926
0.011532601900398731
-0.041810501366853714
-0.01344827376306057
0.020673828199505806
-0.01691962592303753
-0.01038834173232317
0.01333256158977747
-0.016456779092550278
0.0009329257882200181
-0.015325374901294708
-0.029725056141614914
-0.008569096215069294
0.03731060400605202
0.0031563586089760065
0.007842683233320713
0.005624875426292419
0.016431065276265144
-0.008022679947316647
-0.025019446387887
-0.010420483537018299
-0.021869516000151634
-0.0216895192861557
-0.005734158679842949
-0.016366779804229736
-0.012792574241757393
-0.002924935193732381
-0.005775943398475647
-0.018539588898420334
-0.004226692020893097
0.01865530200302601
-0.028619365766644478
-0.019298143684864044
0.012342583388090134
0.024003753438591957
-0.007906967774033546
-0.03602491691708565
-0.023476622998714447
0.016032502055168152
0.04535899683833122
0.02561086229979992
-0.0036095629911869764
-0.005232741124927998
0.014643961563706398
-0.027822241187095642
0.014181114733219147
0.010947614908218384
0.007919824682176113
-0.0033009983599185944
-0.009006229229271412
0.021638091653585434
0.013628269545733929
-0.008305530063807964
0.003583849174901843
-0.018668157979846
0.004734538029879332
0.019285287708044052
0.019465282559394836
0.01250329427421093
0.0093726497143507
-0.006569854449480772
0.03530493378639221
0.004294190555810928
0.02681940607726574
0.04330189898610115
-0.03363354131579399
0.030805032700300217
-0.006103793624788523
0.014258255250751972
0.021033819764852524
0.010606908239424229
0.0035452786833047867
-0.016109643504023552
-0.0031451089307665825
0.014335396699607372
0.00857552420347929
-0.0035034939646720886
-0.012014733627438545
-0.0006111025577411056
0.015582512132823467
-0.007328409235924482
0.009854781441390514
-0.0024653025902807713
0.030162189155817032
0.009006229229271412
-0.038339149206876755
-0.015338231809437275
-0.6397572755813599
-0.00797125231474638
0.0005174885154701769
-0.01114046759903431
0.01693248189985752
0.014103973284363747
0.019658135250210762
-0.0013202385744079947
0.01326827798038721
-0.016135357320308685
0.017048193141818047
0.03196214884519577
0.0007167698349803686
-0.017343901097774506
-0.015891076996922493
-0.03286213055253029
0.001513091498054564
-0.02530229650437832
0.016276782378554344
-0.014348253607749939
-0.010214773938059807
0.019773848354816437
-0.007386264856904745
0.008851947262883186
0.0028445799835026264
-0.021342383697628975
0.015582512132823467
0.004043481778353453
0.0023383409716188908
0.008382671512663364
-0.003998483065515757
0.023553764447569847
0.0022065583616495132
0.025109443813562393
0.05759872496128082
0.015299661085009575
-0.02651084214448929
0.037747737020254135
0.012406867928802967
0.009931922890245914
-0.011339749209582806
-0.01873244158923626
0.024890877306461334
-0.006090936716645956
0.020506689324975014
0.0092569375410676
0.013756838627159595
-0.02537943795323372
0.010182632133364677
0.019439568743109703
-0.0037124177906662226
0.0006641370709985495
0.0024653025902807713
-0.003612777218222618
-0.013203993439674377
-0.010909044183790684
0.006846277043223381
0.016495348885655403
-0.019850989803671837
0.018552446737885475
0.004030624870210886
-0.012381154112517834
-0.017729608342051506
-0.03581920638680458
-0.030959313735365868
0.021406669169664383
-0.01488824188709259
-0.0240937527269125
0.004088480956852436
-0.018861010670661926
0.01027905847877264
0.025970853865146637
0.0013250599149614573
0.002746546408161521
0.005914154928177595
0.006621282082051039
0.04319904372096062
0.0017196048283949494
-0.0025231584440916777
0.0035195648670196533
0.0008236424764618278
-0.016379637643694878
-0.020519545301795006
0.009076941758394241
0.011629028245806694
-0.022229507565498352
0.01708676479756832
-0.01617392711341381
-0.008530525490641594
0.012413296848535538
-0.002230664948001504
0.012400439940392971
0.014913955703377724
-0.028310801833868027
0.008131963200867176
0.0301364753395319
-0.007289838511496782
-0.006062008440494537
0.023682333528995514
-0.013808265328407288
-0.0041752648539841175
-0.029210781678557396
0.014103973284363747
-0.01412968710064888
0.005933439824730158
-0.0013813086552545428
0.011127610690891743
0.002974755596369505
0.03551064059138298
-0.010600479319691658
-0.02086668089032173
-0.031036455184221268
-0.013576841913163662
0.0069748456589877605
-0.025585148483514786
-0.031550731509923935
-0.00253119389526546
0.0007107431883923709
0.0007597599760629237
-0.022332362830638885
0.01420682854950428
-6.287806900218129e-05
0.018012458458542824
0.00555416289716959
-0.01322970725595951
0.0419904999434948
-0.013936834409832954
-0.0046959673054516315
-0.026035137474536896
-0.01979956217110157
-0.003397424705326557
0.004390616901218891
-0.003657776163890958
0.0021647734101861715
0.014901098795235157
-0.0009232831071130931
0.0024508386850357056
-0.0018819225952029228
0.012214015237987041
-0.010934758000075817
-0.019838131964206696
-0.015158236026763916
0.023823758587241173
-0.007360551506280899
-0.021728090941905975
-0.021882371976971626
-0.018873868510127068
-0.005695587955415249
-0.022113796323537827
0.02033955045044422
-0.022910920903086662
-0.007090557366609573
-0.031550731509923935
0.00038711196975782514
0.011809024028480053
-0.015518227592110634
0.0027754742186516523
0.00036983555764891207
-0.02305234596133232
-0.026485128328204155
-0.0009184618247672915
-0.0105361957103014
-0.015093951486051083
0.0216123778373003
-0.02244807407259941
0.0066791377030313015
0.01092190109193325
0.016148213297128677
-0.04247906059026718
-0.040756240487098694
0.00555416289716959
0.022268079221248627
-0.0010872080456465483
0.01843673549592495
-0.002084418199956417
-0.009681214578449726
0.004120623227208853
-0.004924176726490259
-0.014721103012561798
-0.009687642566859722
-0.0069169895723462105
0.01110832579433918
-0.024299461394548416
-0.0010574766201898456
0.006042723543941975
0.03152501583099365
0.021548094227910042
0.010626193135976791
0.01106975506991148
0.0032977841328829527
0.005843441933393478
0.018166741356253624
0.007553404197096825
-0.0019767419435083866
-0.006634138990193605
0.012400439940392971
0.0013523807283490896
-0.009494789876043797
0.006987702567130327
0.018398163840174675
0.01745961420238018
-0.002034597797319293
0.049987465143203735
0.012124016880989075
0.004924176726490259
0.0020072769839316607
0.00290082860738039
-0.0248651634901762
0.04659325256943703
0.01481110043823719
0.005361309740692377
-0.017421042546629906
-0.016276782378554344
-0.03869914263486862
-0.012959713116288185
0.024826593697071075
0.004503114614635706
-0.002045847475528717
-0.01337113231420517
0.013216850347816944
0.0030036834068596363
-0.007752685341984034
0.037824876606464386
-0.018616730347275734
-0.00014895875938236713
0.010298343375325203
0.0035067079588770866
-0.003005290636792779
0.02198522724211216
-0.016045359894633293
0.01972242072224617
0.01001549232751131
-0.010786904022097588
0.03499636799097061
0.024518027901649475
0.012638291344046593
0.010709762573242188
-0.016893912106752396
0.03288784250617027
0.006949131842702627
0.022345218807458878
0.026433700695633888
-0.008318386971950531
-0.023759473115205765
0.010176203213632107
0.010581194423139095
0.023618048056960106
0.0005741390632465482
0.007598403375595808
0.017215333878993988
0.0001889355480670929
0.007180555257946253
-0.045590419322252274
-0.016829626634716988
-0.0025553004816174507
-0.02063525654375553
0.011706169694662094
0.01412968710064888
-0.0036963466554880142
0.027462249621748924
0.0007292249356396496
0.040910523384809494
0.006319145672023296
0.01829530857503414
-0.012856857851147652
0.004785965662449598
0.005178099498152733
-0.00786196906119585
-0.0302136167883873
-0.017871033400297165
-0.01844959147274494
-0.01307542435824871
-0.016302496194839478
0.00015739606169518083
0.011834737844765186
0.0094497911632061
0.011738311499357224
0.004657397046685219
0.010369055904448032
0.004528828430920839
-0.026356559246778488
-0.024646596983075142
0.01013120450079441
0.027616530656814575
0.008877660147845745
-0.008787662722170353
-0.003026182996109128
-0.00026858781347982585
-0.017858175560832024
-0.017935317009687424
-0.0049081058241426945
-0.009282651357352734
0.005618446972221136
0.013679697178304195
-0.021586664021015167
-0.018398163840174675
0.017935317009687424
-0.0003587866958696395
0.013653983362019062
0.0003127832605969161
0.0010558695066720247
-0.00910908356308937
-0.02743653580546379
-0.007771970704197884
0.025173727422952652
0.02365661971271038
-0.008305530063807964
0.002626013243570924
0.015286804176867008
-0.03345354646444321
0.014553963206708431
-0.024235177785158157
0.010459054261446
0.019760990515351295
0.011314035393297672
-0.005454522091895342
0.015376802533864975
-0.004480615258216858
0.034044958651065826
-0.004133479669690132
-0.013846836052834988
0.01340970303863287
-0.010973328724503517
0.0020908466540277004
0.040010541677474976
-0.007019844371825457
-0.020043842494487762
0.02516087144613266
-0.0023078059311956167
0.01103118434548378
-0.01586536318063736
-0.04080766811966896
0.0074312640354037285
-0.022409504279494286
0.00940479151904583
-0.002902435837313533
0.009154083207249641
-0.005136314779520035
-0.0025038730818778276
0.0216123778373003
0.01246472354978323
-0.010259772650897503
0.015415373258292675
0.017408186569809914
0.010658335871994495
0.002651727059856057
0.014361110515892506
0.0014994310913607478
0.025572290644049644
0.0019590638112276793
0.04556470364332199
0.0435333214700222
-0.02446660026907921
-0.01208544708788395
0.005313096567988396
0.005055959336459637
0.04674753546714783
-0.0072319828905165195
-0.02282092347741127
0.013782551512122154
0.004062767140567303
0.030779318884015083
0.005483449902385473
-0.0007669919286854565
0.027899382635951042
0.006264504045248032
0.010317628271877766
-0.006508784368634224
0.013499701395630836
0.000648065994028002
0.021059533581137657
0.029107926413416862
-0.006608425173908472
-0.0035677780397236347
0.021586664021015167
0.028850790113210678
-0.005525234621018171
0.00580165721476078
0.0007874825387261808
-0.004037053324282169
-0.013769695535302162
-0.0012784538557752967
-0.010414055548608303
-0.024993732571601868
-0.014219685457646847
-0.03445637971162796
0.02372090332210064
-0.01767818070948124
0.005711659323424101
-0.01005406305193901
0.013795408420264721
-0.012664005160331726
-0.03170501068234444
0.022306649014353752
-0.005046316888183355
-0.04656754061579704
-0.04206763952970505
-0.0018079957226291299
0.0013146137353032827
0.024312319234013557
0.00951407477259636
-0.016135357320308685
-0.010381912812590599
0.008697664365172386
-0.001705140806734562
-0.025649432092905045
-0.003892413806170225
-0.0250965878367424
0.02756510302424431
0.0368734709918499
-0.00398562615737319
-0.009546217508614063
0.022422360256314278
0.004499900154769421
-0.017421042546629906
-0.022718068212270737
0.028079377487301826
0.007681972812861204
-0.02771938592195511
0.024993732571601868
0.0012856858083978295
-0.009739070199429989
0.017511039972305298
-0.01949099637567997
-0.0038345579523593187
-0.0249423049390316
-0.007617688272148371
0.0028976143803447485
-0.0024636953603476286
-0.0038377721793949604
-0.010028349235653877
0.004172050394117832
-0.027333680540323257
-0.03340211883187294
0.0217666607350111
0.006280575413256884
0.018308166414499283
-0.017999600619077682
-0.0009112298139370978
0.009623358026146889
0.0010076562175527215
0.045667558908462524
0.013203993439674377
-0.011551886796951294
-0.009192653931677341
-0.04497329145669937
-0.009764784015715122
0.005123457871377468
-0.014425395056605339
-0.011011899448931217
-0.002606727881357074
-0.016071071848273277
-0.004464543890208006
0.003625633893534541
-0.007604831829667091
0.02288520708680153
-0.0038474148605018854
-0.03468780219554901
-0.025816570967435837
-0.014939669519662857
-0.013319704681634903
-0.003635276574641466
0.00962978694587946
-0.0019237074302509427
-0.006852705497294664
-0.005843441933393478
0.014283969067037106
-0.027925096452236176
0.032219287008047104
-0.026947975158691406
-0.011770453304052353
-0.01632821001112461
-0.01412968710064888
0.032373569905757904
-0.009893352165818214
0.015273947268724442
-0.01783246174454689
0.012799002230167389
-0.013293991796672344
-0.027745099738240242
-0.006537712179124355
-0.006949131842702627
0.001899600843898952
0.012291156686842442
0.022576643154025078
-0.007906967774033546
0.0024315533228218555
-0.0015122879995033145
-0.008247674442827702
-0.005229527130723
0.0020394190214574337
-0.028979359194636345
-0.055181633681058884
0.029750769957900047
0.02446660026907921
-0.007617688272148371
0.019362429156899452
-0.026407986879348755
-0.02864507958292961
0.028670793399214745
0.008112677372992039
-0.02756510302424431
-0.006328788585960865
-0.010324057191610336
-0.009391934610903263
0.01268971897661686
-0.012933999300003052
0.007386264856904745
-0.027179397642612457
0.006553783547133207
0.020365264266729355
-0.0013692553620785475
-0.006155220791697502
0.0003836968680843711
0.04096195101737976
-0.012451867572963238
0.006495927460491657
0.005759872496128082
0.020815253257751465
0.010009064339101315
-0.009578359313309193
-0.026639409363269806
0.005640946328639984
0.03445637971162796
0.0010976542253047228
-0.003426352748647332
-0.007251267787069082
0.024235177785158157
-0.031627871096134186
0.019812418147921562
0.001726033166050911
-0.021059533581137657
0.009128369390964508
-0.02900507114827633
0.006794849410653114
-0.025957996025681496
0.01424539927393198
-0.008742664009332657
0.01193759310990572
0.014309682883322239
0.0016987123526632786
0.022075224667787552
-0.012027590535581112
0.006132721435278654
0.02159952186048031
-0.020596686750650406
0.028850790113210678
-9.05002307263203e-05
0.03659061715006828
0.042427632957696915
0.008832661435008049
-0.02433803305029869
-0.02705083042383194
0.011963306926190853
-0.007681972812861204
0.030985027551651
-0.012136873789131641
0.015891076996922493
-0.027307966724038124
-0.00241708941757679
0.032990697771310806
-0.016199640929698944
-0.0037574167363345623
-0.0020426332484930754
0.007546975743025541
0.015672510489821434
-0.031782153993844986
0.01171259768307209
-0.020725255832076073
0.023476622998714447
0.014592533931136131
0.02251235954463482
-0.021483810618519783
-0.002521551214158535
-0.026999402791261673
0.06798706948757172
0.012233300134539604
0.011172609403729439
0.004750608932226896
0.0032768917735666037
-0.00504310242831707
0.005435236729681492
-0.016508206725120544
-0.01020191702991724
0.008286245167255402
0.0002527176111470908
-0.005361309740692377
0.006524855736643076
-0.012188301421701908
-0.02720511145889759
0.024595169350504875
-0.008241246454417706
-0.0036963466554880142
0.023528050631284714
0.003812058363109827
0.01344827376306057
0.023823758587241173
0.02159952186048031
-0.01970956288278103
0.003121002344414592
0.0005869959131814539
-0.021123817190527916
0.022846637293696404
0.021432382985949516
-0.008826233446598053
0.0061584352515637875
-0.024903735145926476
-0.017138192430138588
-0.001775853568688035
-0.01585250534117222
-0.0056441607885062695
-0.013563985005021095
0.011584029532968998
-0.01601964607834816
-0.028079377487301826
0.0003551707195583731
0.009623358026146889
-0.0023174486123025417
0.012329727411270142
0.00778482761234045
0.0019365642219781876
0.02372090332210064
-0.040910523384809494
-0.012316870503127575
0.00014815520262345672
0.016803912818431854
-0.012927571311593056
0.03597348928451538
0.009745498187839985
0.004515971522778273
0.026767978444695473
-0.004278119653463364
-0.006341645494103432
0.001347559504210949
-0.008459812961518764
0.003895628033205867
-0.005325953476130962
-0.0009433719678781927
0.015685366466641426
0.006646995898336172
0.0069362749345600605
0.0019333499949425459
-0.019066721200942993
-0.008311958983540535
-0.006627710536122322
-0.009044799953699112
0.012599720619618893
-0.01661106012761593
0.025366581976413727
-0.0006946721114218235
0.01797388680279255
-0.007077700458467007
-0.013563985005021095
-0.002145488280802965
-0.005194170866161585
0.013756838627159595
-0.0312164518982172
-0.0005504342261701822
-8.959622937254608e-05
-0.0008356957696378231
-0.024800879880785942
-0.012998283840715885
-0.019002435728907585
-0.002425124868750572
-0.0004829357494600117
-0.007302695419639349
-0.003709203563630581
0.018938152119517326
-0.025726573541760445
-0.004782751202583313
0.0059045120142400265
-0.026407986879348755
-0.02923649549484253
0.0007191805052570999
-0.013898263685405254
0.045976124703884125
0.011018327437341213
-0.013936834409832954
-0.0014287183294072747
-0.00044356161379255354
-0.03185929358005524
0.01488824188709259
0.00035376448067836463
0.029030784964561462
-0.0033845677971839905
-0.007662687450647354
-0.00483417883515358
0.031627871096134186
-0.015595369040966034
0.008311958983540535
-0.017871033400297165
-0.005412737373262644
-0.023759473115205765
0.000542398716788739
-0.02252521552145481
-0.01623821258544922
-0.005676303058862686
-0.015209663659334183
0.03628205507993698
-0.01352541521191597
0.000795518106315285
0.010214773938059807
-0.003127430798485875
-0.005939868278801441
0.01693248189985752
0.009751927107572556
0.028747934848070145
0.0048920344561338425
0.0019012079574167728
-0.026639409363269806
0.007617688272148371
0.008183389902114868
-0.022229507565498352
-0.028825076296925545
-0.009076941758394241
0.02396518364548683
-0.017343901097774506
0.02009527012705803
-0.00869123637676239
-0.009970493614673615
-0.003452066332101822
-0.022075224667787552
-0.0027433321811258793
-0.029879339039325714
0.004866320639848709
0.016212498769164085
0.00800982303917408
-0.009957636706531048
-0.010439768433570862
0.022833779454231262
-0.018398163840174675
0.005888441111892462
0.006508784368634224
-0.006563425995409489
0.021432382985949516
0.010034778155386448
-0.030316472053527832
-0.009051227942109108
-0.02311663143336773
-0.01880958303809166
0.021586664021015167
-0.010002635419368744
0.003223857143893838
0.01828245259821415
0.0004632486670743674
0.009700499475002289
-0.011089039966464043
-0.01842387765645981
-0.03754202648997307
-0.022306649014353752
0.009565502405166626
-0.024055181071162224
-0.00778482761234045
7.573493348900229e-05
-0.005014174617826939
0.009308365173637867
0.003689918201416731
0.016521062701940536
-0.03589634969830513
0.014451108872890472
0.2062240093946457
-0.02100810594856739
-0.006762707605957985
0.015441087074577808
-0.005862727295607328
0.016431065276265144
0.04278762266039848
-0.011076183058321476
-0.011802596040070057
0.004069195594638586
0.01797388680279255
-0.010452625341713428
-0.03484208509325981
0.007874825969338417
-0.0016304103191941977
-0.017472470179200172
-0.026485128328204155
-0.00045882913400419056
0.024492314085364342
0.01311399508267641
0.03481637313961983
0.004011339973658323
-0.009983350522816181
-0.014618247747421265
0.02666512317955494
0.01609678566455841
0.0018722799140959978
-0.002632441697642207
0.018488161265850067
0.006000938359647989
-0.014348253607749939
0.004750608932226896
0.0016665701987221837
0.010819045826792717
-0.015261090360581875
0.004657397046685219
0.005020603071898222
0.001305774669162929
0.020506689324975014
0.021779518574476242
0.024582313373684883
-0.012901857495307922
0.006550569087266922
-0.02213951013982296
-0.013615412637591362
0.05672445893287659
0.002913685515522957
-0.006711279973387718
0.004307047463953495
0.004191335756331682
-0.022782351821660995
0.025109443813562393
0.0155696552246809
0.00947550404816866
-0.0125482939183712
0.017202476039528847
0.0016601418610662222
-0.00441954517737031
0.03633348271250725
-0.013718267902731895
-0.012066161260008812
0.014476822689175606
0.0016987123526632786
0.02818223275244236
-0.019683849066495895
0.0026694051921367645
-0.03605062887072563
-0.018706727772951126
-0.0034038531593978405
0.00862052384763956
0.005907726474106312
-0.02071239799261093
-0.011159752495586872
0.004859892185777426
-0.016263926401734352
-0.028233660385012627
0.008813376538455486
-0.0020876324269920588
0.015351088717579842
0.02818223275244236
-0.02720511145889759
-0.0026292274706065655
-0.03710489347577095
-0.0056827315129339695
-0.0010172988986596465
-0.024492314085364342
0.024273747578263283
0.003387782024219632
0.0036802757531404495
-0.021625235676765442
-0.016058215871453285
0.006238790228962898
-0.0026597625110298395
-0.01084475964307785
0.011153324507176876
0.01798674464225769
0.003313855268061161
0.017433900386095047
-0.015826791524887085
0.007778399158269167
-0.016829626634716988
0.04124480113387108
-0.001994420075789094
0.011005470529198647
-0.004422759171575308
0.01821816712617874
-0.02591942623257637
-0.009951207786798477
-0.002953863237053156
-0.031165024265646935
-0.008324815891683102
-0.023515192791819572
-0.005785586312413216
-0.001115332474000752
-0.024299461394548416
0.016212498769164085
-0.0009104262571781874
-0.008601238019764423
0.010748333297669888
-0.0017597824335098267
-0.00023443676764145494
-0.0035292075481265783
-0.01499109622091055
0.01941385492682457
0.00868480745702982
-0.025430865585803986
-0.03628205507993698
0.028233660385012627
-0.007849112153053284
-0.018153883516788483
0.020043842494487762
-0.026009423658251762
0.024235177785158157
-0.004236334934830666
0.007456977851688862
0.01088333036750555
0.0024669095873832703
-0.004744180478155613
5.3486539400182664e-05
0.013011140748858452
0.008697664365172386
-0.01646963506937027
0.00785554014146328
0.0188995823264122
0.009134797379374504
-0.009546217508614063
-0.003461709013208747
0.004329546820372343
-0.02810509130358696
-0.014078259468078613
0.0014022011309862137
-0.02062240056693554
-0.000663333514239639
-0.008832661435008049
0.014155400916934013
0.018179597333073616
-0.03448209539055824
-0.0003037432616110891
-0.011776882223784924
-0.009732641279697418
-0.020738111808896065
0.0006014598766341805
-0.012824716046452522
0.007180555257946253
0.0020570973865687847
0.008189818821847439
-0.16014502942562103
0.014785386621952057
0.007296266965568066
-0.023592334240674973
-0.001756568206474185
-0.0018079957226291299
0.035176362842321396
0.0011089040199294686
0.004062767140567303
-0.031936436891555786
-0.010491196066141129
-0.004091694951057434
-0.023103773593902588
-0.029647914692759514
-0.016803912818431854
0.0006107007502578199
-0.040987662971019745
0.013911120593547821
0.052713118493556976
0.0044131167232990265
0.018488161265850067
-0.01724104769527912
-0.016739629209041595
0.0061616492457687855
0.0061391498893499374
-0.002053883159533143
-0.038287725299596786
0.005512377712875605
-1.689973760221619e-05
-0.03075360506772995
0.023785186931490898
-0.010658335871994495
0.04435615986585617
0.0046316832304000854
0.016971053555607796
0.005522020626813173
-0.008369814604520798
-0.003378139575943351
-0.021548094227910042
0.029570773243904114
0.003988840151578188
0.021586664021015167
0.010812617838382721
0.004210621118545532
0.01601964607834816
0.006704851519316435
0.01933671534061432
-0.00857552420347929
0.010671191848814487
-0.010780476033687592
0.027899382635951042
-0.009899781085550785
-0.004785965662449598
0.0024010182823985815
0.030419327318668365
-0.011281892657279968
-0.009417648427188396
0.007257696241140366
0.0007127520511858165
-0.020596686750650406
-0.006929846480488777
-0.008144820109009743
-0.0008871232275851071
0.016032502055168152
0.015248233452439308
-0.015325374901294708
0.0032077860087156296
0.02024955116212368
-0.04420187696814537
0.009912637993693352
0.006232361774891615
-0.02658798359334469
0.0029490417800843716
0.003365282667800784
-0.01676534302532673
0.020043842494487762
-0.014399681240320206
0.03512493520975113
-0.010831902734935284
-0.020133839920163155
-0.026639409363269806
0.03761916607618332
-0.0026919047813862562
-0.025803714990615845
-0.007939109578728676
-0.004570613149553537
-0.015338231809437275
0.011011899448931217
0.006354501936584711
0.020210981369018555
0.00506238779053092
-0.06855276972055435
-0.026035137474536896
-0.0051298863254487514
0.0031643942929804325
0.020159553736448288
0.012458295561373234
-0.004978818353265524
0.01246472354978323
-0.007489119656383991
0.015968218445777893
0.016726773232221603
-0.0032768917735666037
-0.006332002580165863
0.019516710191965103
-0.007572689559310675
0.019092435017228127
0.01012477558106184
0.024672310799360275
0.000913640484213829
-0.01837245002388954
-0.003635276574641466
0.006287003867328167
0.0376448817551136
0.01933671534061432
0.017112478613853455
-0.0010743512539193034
0.0014696995494887233
0.008331243880093098
0.0059012980200350285
0.05389595031738281
-0.003222250146791339
-0.01910529099404812
0.01995384320616722
-0.003850629087537527
-0.0419904999434948
-0.11190609633922577
-0.035639211535453796
0.021895229816436768
0.026317989453673363
0.024878021329641342
0.02319377288222313
-0.010716191492974758
0.011044041253626347
-0.028619365766644478
0.0359477736055851
-0.012226872146129608
-0.006283789407461882
-0.0069941310212016106
0.019555281847715378
-0.012413296848535538
-0.0022692354395985603
-0.00952050369232893
0.006283789407461882
-0.01987670361995697
0.01639249362051487
0.009571931324899197
0.008511239662766457
0.0006018616841174662
0.010864045470952988
-0.0187452994287014
-0.0017099621472880244
-0.03617919981479645
0.026086565107107162
0.027590816840529442
-0.014785386621952057
-0.022538071498274803
-0.008234817534685135
0.009874067269265652
-0.026330845430493355
0.029673628509044647
-0.020223837345838547
-0.004525613971054554
-0.007939109578728676
0.02756510302424431
-0.00936622079461813
0.0094112204387784
0.0004090087895747274
0.01910529099404812
-0.011950450018048286
-6.779983959859237e-05
-0.02751367725431919
0.003426352748647332
0.011577600613236427
-0.00423312047496438
-0.021252386271953583
-0.0302907582372427
-0.013165422715246677
-0.05374166741967201
-0.006524855736643076
-0.011166181415319443
0.0011032791808247566
-0.0006713690818287432
-0.004020982421934605
-0.009417648427188396
-0.03198786452412605
-0.012863286770880222
0.013178279623389244
-0.012856857851147652
0.01182830985635519
0.024762308225035667
0.0005074441432952881
-0.019632423296570778
-0.017806747928261757
0.009745498187839985
0.007553404197096825
0.012811859138309956
0.019928129389882088
0.007598403375595808
0.007180555257946253
-0.010870473459362984
0.026047995314002037
-0.02720511145889759
-0.016276782378554344
-0.0013162208488211036
0.003490637056529522
-0.011005470529198647
-0.006884847767651081
-0.007109842728823423
-0.014116830192506313
0.015955360606312752
0.011731883510947227
0.007315552327781916
0.009289080277085304
0.017472470179200172
-0.007000559475272894
-0.015376802533864975
0.026485128328204155
0.0023206628393381834
-0.000732840911950916
0.0017099621472880244
-0.01106975506991148
0.002489409176632762
-0.02365661971271038
-0.010594051331281662
0.015299661085009575
-0.04577041417360306
0.0001826075604185462
-0.05291882902383804
0.00800339411944151
0.023900900036096573
-0.0013700589770451188
-0.006206648424267769
0.008054821752011776
0.03988197445869446
0.0014070224715396762
0.018616730347275734
0.0018819225952029228
-0.003500279737636447
-0.0009714963380247355
-0.031190738081932068
-0.012856857851147652
-0.02071239799261093
-0.0240937527269125
0.030702177435159683
0.002114953240379691
0.0026999402325600386
-0.005023817531764507
0.006904132664203644
0.004885606002062559
0.01821816712617874
0.019889559596776962
0.005287382751703262
0.0158010795712471
0.0010422090999782085
0.004390616901218891
-0.008954801596701145
0.007540547288954258
0.01412968710064888
-0.01506823766976595
-0.018333880230784416
0.008209103718400002
-0.00617772014811635
-0.012059733271598816
-0.00842767022550106
0.020609542727470398
0.011706169694662094
0.05276454612612724
0.008189818821847439
-0.025328010320663452
0.024389460682868958
-0.017793891951441765
-0.009179797023534775
0.008562667295336723
-0.014541106298565865
0.0004524007090367377
0.00013610189489554614
0.014361110515892506
0.016752487048506737
0.014065402559936047
-0.006084508262574673
-0.02697368897497654
-0.015235376544296741
0.009886924177408218
-0.006074865348637104
0.0038795568980276585
0.004480615258216858
-0.015981074422597885
0.03787630423903465
-0.007482691667973995
-0.0016504991799592972
0.011590457521378994
-0.007386264856904745
-0.0013395239366218448
-0.0006123078637756407
0.006373787298798561
0.007797684520483017
-0.0006561015616171062
-0.0046766819432377815
0.009321222081780434
0.018616730347275734
0.015826791524887085
0.02410660870373249
-0.01744675636291504
-0.0037574167363345623
-0.006299860309809446
-0.0023720902390778065
0.023823758587241173
0.012856857851147652
0.0005958350375294685
-0.03067646361887455
0.02977648377418518
0.02802795171737671
-0.0009947994258254766
-0.009462648071348667
0.00621629087254405
-0.007874825969338417
0.01016977522522211
0.0035259933210909367
0.019092435017228127
-0.01956813782453537
0.008896945975720882
-0.005489878356456757
0.002437981776893139
0.01103118434548378
-0.0240937527269125
0.028079377487301826
0.017279617488384247
0.03754202648997307
-0.01096047181636095
0.021033819764852524
-0.019362429156899452
-0.02003098465502262
0.022088082507252693
-0.021200958639383316
-0.0362563394010067
-0.003400638932362199
0.017498183995485306
0.015968218445777893
-0.010761190205812454
0.01409111637622118
0.0014247006038203835
-0.01752389781177044
0.0074698347598314285
0.008382671512663364
-0.006807706318795681
-0.025405151769518852
0.006646995898336172
-0.016559632495045662
0.017639609053730965
0.017395328730344772
-0.0038891995791345835
0.016122499480843544
0.003429566975682974
0.03679632768034935
-0.0014954133657738566
0.001682641333900392
-0.000909622700419277
-0.004856678191572428
0.013255421072244644
-0.02962220087647438
-0.015273947268724442
-0.003374925348907709
-0.010079776868224144
0.020159553736448288
-0.008787662722170353
-0.023103773593902588
0.07852969318628311
0.014373967424035072
-0.015775365754961967
0.013011140748858452
-0.0048920344561338425
-0.013358275406062603
-0.015415373258292675
-0.009160511195659637
-0.013988262042403221
0.0022772708907723427
0.009379077702760696
-0.007495548110455275
-0.0009409612976014614
-0.022872351109981537
0.0017308545066043735
0.0009023907477967441
-0.020648114383220673
0.04553899168968201
-0.015479656867682934
0.013062567450106144
0.0312935933470726
0.00021133461268618703
0.010876902379095554
0.015685366466641426
-0.008074106648564339
0.01821816712617874
0.01724104769527912
-0.0017099621472880244
-0.003956697881221771
-0.03317069262266159
-0.025148015469312668
0.00853695347905159
-0.06742136180400848
-0.03571635112166405
-0.006119864527136087
-0.0311393104493618
0.0024829807225614786
-0.0429161936044693
-0.009822639636695385
0.01416825782507658
-0.004798822104930878
0.02078953944146633
-0.026356559246778488
-0.0430704765021801
-0.010009064339101315
0.02139381133019924
-0.021946657449007034
0.01189902238547802
-0.01783246174454689
