-0.017859602347016335
-0.0031107107643038034
0.020646484568715096
-0.02543521299958229
-0.02886321023106575
0.013083957135677338
-0.020895078778266907
-0.0158577561378479
-0.029072552919387817
-0.034724824130535126
-0.003125430317595601
0.01642036624252796
-0.013260590843856335
0.022674497216939926
-0.005541055928915739
-0.010781181044876575
0.034541647881269455
0.00036553305108100176
-0.004487797152251005
0.012501721270382404
-0.009878387674689293
0.0010589828016236424
-0.002593894489109516
-0.0012666905531659722
-0.029334232211112976
0.040455594658851624
0.02024088241159916
-0.03451547771692276
-0.02075115591287613
-0.011978362686932087
-0.0032006630208343267
-0.00334622198715806
-0.018291372805833817
-0.010087731294333935
-0.019010988995432854
-0.00812513753771782
0.009655960835516453
0.0387023463845253
0.03967055678367615
0.01040174625813961
0.010781181044876575
-0.005550868809223175
0.00710458867251873
-0.007660657167434692
0.00021874741651117802
0.014065253548324108
-0.016315694898366928
-0.030590292066335678
-0.020528728142380714
0.02841835469007492
0.0015970604727044702
0.017296992242336273
-0.0018955382984131575
-0.008098969236016273
-0.0021882918663322926
-0.03273605927824974
-0.019128745421767235
-0.0019004447385668755
0.005295731592923403
-0.008969052694737911
0.0015512666432186961
-0.007634488865733147
-0.029334232211112976
0.0026920242235064507
0.01706147938966751
0.017244655638933182
0.0013100311625748873
0.03166317567229271
-0.013685819692909718
0.007902709767222404
0.019076408818364143
0.029098721221089363
-0.006653192453086376
0.0007380169699899852
0.019495096057653427
-0.023459535092115402
-0.011415752582252026
-0.03218653425574303
0.011258745566010475
0.01890631765127182
-0.004602281842380762
-0.00031626378768123686
-0.015582992695271969
0.01281573623418808
-0.0064961849711835384
0.009355029091238976
-0.007045710925012827
0.004448545631021261
-0.014483940787613392
-0.0035261265002191067
-0.01087931077927351
0.026233334094285965
-0.0022062822245061398
0.016394197940826416
-0.0019315191311761737
0.0052270409651100636
-0.018683891743421555
0.04275837168097496
-0.020096957683563232
-0.018919402733445168
-0.0028441252652555704
-0.007837289944291115
-0.015779253095388412
-0.002763985889032483
-0.0361640565097332
0.007941962219774723
-0.0037420117296278477
0.017781097441911697
0.007699908688664436
-0.028209012001752853
-0.002489222912117839
0.03789113834500313
0.003239915007725358
0.00828214455395937
0.013751238584518433
-0.004039671737700701
0.024951105937361717
-0.034358471632003784
-0.01151388231664896
-0.0025055778678506613
0.03493416681885719
-0.010002685710787773
0.0180820282548666
-0.025212785229086876
0.020018454641103745
0.008890548720955849
-0.031008979305624962
0.0035686492919921875
-0.007026085164397955
-0.025788480415940285
-0.013437223620712757
-0.006319551263004541
-0.006188711617141962
0.010977440513670444
-0.005194331053644419
-0.0017990440828725696
-0.0032693538814783096
0.02493802271783352
-0.022870756685733795
-0.02238665148615837
0.0020967042073607445
0.009845677763223648
0.013790491037070751
-0.051419951021671295
-0.005655540619045496
0.03339025750756264
0.023616543039679527
0.03265755623579025
-0.0012429759372025728
-0.01959976740181446
0.021876376122236252
-0.014928795397281647
0.026364173740148544
0.0005364422686398029
-0.003745282767340541
-0.006512539926916361
0.00786345824599266
0.01303816307336092
-0.006404596846550703
-0.015504489652812481
-0.018108196556568146
-0.020895078778266907
-0.006414410192519426
0.011664347723126411
0.017349326983094215
0.010303616523742676
0.011971821077167988
-0.011297997087240219
0.02207263559103012
0.004657888785004616
0.0095185786485672
0.0304594524204731
-0.025134282186627388
0.034986499696969986
-0.009662502445280552
0.010853142477571964
0.0017941376427188516
0.002626604400575161
-0.011526966467499733
-0.025422127917408943
-0.012030698359012604
0.005730773322284222
0.007196176331490278
0.009217647835612297
-0.017270823940634727
0.02556605264544487
0.013960582204163074
0.01877547800540924
0.006954123266041279
-0.007438229862600565
0.02258291095495224
0.012050324119627476
-0.021143674850463867
-0.001416338374838233
-0.6384971141815186
-0.002163759432733059
-0.009060640819370747
-0.006424223072826862
0.016027847304940224
0.005806006025522947
0.043046217411756516
0.005374235566705465
-0.005076575558632612
-0.025422127917408943
-0.009969975799322128
0.008484946563839912
-0.0036406111903488636
-0.032265037298202515
-0.024323076009750366
-0.03407062590122223
-0.00469386950135231
-0.018919402733445168
0.0374201163649559
-0.021771704778075218
-0.04626487195491791
0.02467634342610836
-0.01699605956673622
0.0049948007799685
-0.007444771472364664
-0.012030698359012604
-0.0022766084875911474
0.0002688344393391162
0.00970829650759697
0.00129204080440104
-0.010002685710787773
0.02943890355527401
-8.89300208655186e-05
0.0329715721309185
0.053199369460344315
0.008982136845588684
-0.013044705614447594
0.02873237058520317
0.022792253643274307
0.01819978468120098
-0.006257402710616589
-0.026089411228895187
0.011952195316553116
0.01699605956673622
0.0037714506033807993
0.02410064823925495
0.01310358289629221
-0.01941659301519394
-0.005809276830404997
0.024597840383648872
-0.0010467165848240256
-0.020895078778266907
-0.0003796391829382628
0.022308146581053734
0.004144343547523022
-0.009538204409182072
0.009714838117361069
-0.0049293809570372105
-0.007961587980389595
0.040324755012989044
-0.001169378636404872
0.001159565756097436
-0.002072171773761511
-0.03964439034461975
-0.02505577728152275
0.020397888496518135
-0.01694372482597828
-0.019403507933020592
0.011677431873977184
-0.037263110280036926
0.007523275446146727
0.02670435607433319
-0.005253208801150322
0.006777490023523569
0.008066259324550629
0.003131972160190344
0.04493030905723572
0.012312003411352634
0.00035980882239528
-8.44835230964236e-05
0.008223267272114754
-0.003872851375490427
-0.03475099056959152
0.0017205403419211507
0.022818421944975853
-0.03158467262983322
0.0004922838998027146
-0.012089576572179794
0.02873237058520317
0.034803327172994614
0.0041770534589886665
-0.0029406193643808365
-0.008020466193556786
-0.019207248464226723
0.003666779026389122
0.028837041929364204
-0.00016130066069308668
-0.009610166773200035
0.0250688623636961
-0.012514805421233177
-0.007562527433037758
-0.02716229483485222
-0.0028915544971823692
-0.013273674994707108
0.003333138069137931
0.01033632643520832
0.007968129590153694
0.01087931077927351
0.04854148253798485
-0.009309235960245132
-0.024977274239063263
-0.02005770616233349
-0.006463475059717894
0.007798038423061371
-0.002703472739085555
-0.03972289338707924
-0.007209260482341051
0.007294306065887213
-0.009067182429134846
-0.028837041929364204
0.018055861815810204
0.010617631487548351
0.00534479646012187
-0.014981131069362164
-0.024532420560717583
0.030302444472908974
-0.0017434372566640377
0.011311081238090992
-0.02403523027896881
-0.023577291518449783
-0.007811122573912144
-0.02175862155854702
0.021928712725639343
-0.0072158025577664375
0.004118175711482763
0.005089659243822098
0.015425985679030418
-0.01978294365108013
-0.01840912736952305
-0.006842909846454859
-0.002260253531858325
-0.008648496121168137
0.013221338391304016
0.005034052301198244
-0.03516967594623566
-0.03229120746254921
-0.025291290134191513
0.017100732773542404
-0.010022311471402645
0.018696974962949753
-0.020083874464035034
0.006564875598996878
-0.03407062590122223
0.01246901135891676
-0.004975174553692341
-0.014667116105556488
-0.027293134480714798
0.0029716938734054565
-0.030093101784586906
-0.009767173789441586
-0.017166152596473694
0.021667033433914185
-0.032448213547468185
0.007117672823369503
-0.014261513017117977
-0.0034541646018624306
0.009538204409182072
0.01593625918030739
-0.018945569172501564
-0.05343488231301308
-0.002750901971012354
0.01087931077927351
-0.0049490067176520824
0.027685653418302536
0.010349410586059093
0.018068945035338402
-0.010153151117265224
-0.011840981431305408
-0.001993668032810092
-0.016276443377137184
0.00849802978336811
0.020594147965312004
-0.03953971713781357
-0.0005029145977459848
0.008249434642493725
0.01157276052981615
0.009328861720860004
0.016603542491793633
0.0047429343685507774
0.020947415381669998
0.0012135370634496212
0.01865772344172001
-0.022543657571077347
0.011350332759320736
-0.0011587479384616017
0.005688250530511141
0.007686825003474951
-0.008203641511499882
0.009727922268211842
0.031506169587373734
0.03506500646471977
-0.02062031626701355
0.034489311277866364
-0.004991529509425163
0.02162778191268444
-0.006430765148252249
0.002837583189830184
-0.0025873526465147734
0.052492834627628326
0.028182843700051308
0.005374235566705465
-0.001746708294376731
-0.028784705325961113
-0.0060807690024375916
-0.011840981431305408
0.04176399111747742
-0.028706202283501625
0.013973666355013847
-0.0038859352935105562
-0.0008332845172844827
0.0009395916713401675
-0.0034770616330206394
0.02574922703206539
-0.0062966542318463326
0.007006458938121796
0.01151388231664896
0.017153067514300346
0.004860690329223871
0.012554056942462921
-0.012809193693101406
-0.004360228776931763
0.005249937996268272
-0.0104671660810709
0.024506252259016037
0.024859517812728882
0.018304456025362015
0.023394115269184113
-0.005812548100948334
0.026351090520620346
0.0036373401526361704
0.017911937087774277
0.023825885728001595
0.009826052002608776
0.004124717321246862
0.006051330361515284
0.0007641848642379045
0.028941713273525238
0.00581909017637372
0.0050111557357013226
0.0032022984232753515
-0.02512119710445404
0.009950349107384682
-0.025539884343743324
-0.022936176508665085
0.019625935703516006
-0.02690061554312706
0.019639018923044205
0.011350332759320736
-0.005007884465157986
0.03383511304855347
0.0034999586641788483
0.035562194883823395
-0.0022896924056112766
0.0012397048994898796
-0.01103631779551506
-0.0006987650995142758
0.007811122573912144
-0.002342028310522437
-0.0285491943359375
-0.025474464520812035
-0.015085802413523197
-0.01857921853661537
0.0013893527211621404
0.0028637510258704424
0.009852219372987747
-0.013247506693005562
0.010892393998801708
-0.0047233086079359055
0.01012044120579958
-0.0013361991150304675
-0.03501266986131668
-0.023328695446252823
0.011363416910171509
0.008098969236016273
-0.0025153907481580973
-0.026233334094285965
-0.0012822278076782823
-0.017872685566544533
-0.01623718999326229
0.019298836588859558
0.015360565856099129
-0.02182404138147831
0.010617631487548351
-0.0008954333025030792
-0.019259585067629814
-0.004991529509425163
0.0212483461946249
-0.004222847055643797
0.004788728430867195
0.011585843749344349
0.0020787136163562536
0.009911097586154938
-0.017362412065267563
-0.009786799550056458
0.03875468298792839
0.02721463143825531
-0.024323076009750366
-0.0027934247627854347
0.01795118860900402
-0.02291000820696354
0.005249937996268272
-0.010728844441473484
0.004563029855489731
-0.005982639268040657
-0.003437809646129608
0.021536193788051605
0.02563147246837616
-0.009636334143579006
0.012573682703077793
0.0021343205589801073
-0.009636334143579006
-0.012102660723030567
-0.004232659935951233
0.00046979583567008376
0.02011004276573658
0.007196176331490278
-0.024074481800198555
0.03844066709280014
-0.0067120702005922794
-0.02245207130908966
-0.00024164433125406504
-0.035745371133089066
0.00628029927611351
0.010709218680858612
0.01303816307336092
0.0008676298893988132
-0.0037878055591136217
0.010663425549864769
0.0009428626508451998
0.015766168013215065
-0.00018787744920700788
0.015818504616618156
0.02144460566341877
0.014326932840049267
0.013345636427402496
-0.007889626547694206
0.012037240900099277
0.006499455776065588
0.03291923552751541
-0.005115827079862356
0.03723694384098053
0.02589315176010132
-0.011278371326625347
-0.007824206724762917
0.01192602701485157
0.01668204553425312
0.035745371133089066
-0.00014228803047444671
-0.024767931550741196
-0.0038434125017374754
0.025592220947146416
0.05272834748029709
0.004772373475134373
0.011782103218138218
0.009466242976486683
0.012586766853928566
0.013908246532082558
0.02805200405418873
0.02335486374795437
-0.03407062590122223
0.024375412613153458
0.0023616543039679527
-0.005334983579814434
-0.009381197392940521
0.03493416681885719
0.022478237748146057
-0.0005016879877075553
0.015399817377328873
-0.013345636427402496
0.011252203024923801
-0.001421244814991951
-0.00258408160880208
-0.023485703393816948
-0.015072718262672424
0.0016747465124353766
-0.014575527980923653
0.02970058284699917
-0.007353183813393116
0.000474293454317376
-0.0031385142356157303
0.003745282767340541
-0.02264833077788353
-0.022543657571077347
-0.004543404094874859
-0.00043872144306078553
-0.03705376759171486
-0.030721131712198257
0.007111130747944117
0.005825631786137819
0.01668204553425312
0.009440074674785137
-0.0012781390687450767
-0.013247506693005562
0.008249434642493725
-0.019639018923044205
0.016786716878414154
-0.007784954737871885
-0.030668795108795166
-0.01303816307336092
0.009112976491451263
0.0013844461645931005
-0.0011284913634881377
0.006309738382697105
0.016407283022999763
-0.020031537860631943
-0.012678354978561401
0.02024088241159916
0.00029970440664328635
-0.012482095509767532
0.03914719820022583
-0.014313849620521069
0.016734382137656212
-0.006211608648300171
-0.008589617908000946
-0.0020639942958950996
-0.02202030085027218
-0.0126914381980896
-0.003267718246206641
-0.0122073320671916
0.014444688335061073
-0.01782034896314144
0.017558669671416283
7.35972571419552e-05
0.0016641158144921064
0.005374235566705465
-0.01027744822204113
-0.005148536991328001
-0.009852219372987747
0.00758215319365263
-0.001728717819787562
-0.017545586451888084
0.04168548807501793
-0.0018955382984131575
0.006241047754883766
-0.01871005818247795
-0.01021202839910984
0.010270906612277031
0.00264950143173337
-0.025853900238871574
0.01625027507543564
-0.02739780582487583
-0.007961587980389595
-0.004425648599863052
0.0027754344046115875
-0.0022438985761255026
0.0336257703602314
-0.020541813224554062
-0.05278068408370018
-0.016472702845931053
0.000417051138356328
-0.021850207820534706
0.012809193693101406
0.009492411278188229
-0.0020983396098017693
-0.007209260482341051
0.030878139659762383
-0.0018415669910609722
-0.006322822533547878
0.028967881575226784
-0.02606324292719364
-0.02810434065759182
-0.007143840659409761
-0.019298836588859558
0.023119352757930756
-0.0026086140424013138
0.007739160675555468
-0.011271828785538673
0.005877967923879623
-0.009832593612372875
-0.01303816307336092
-0.006685901898890734
-0.008982136845588684
0.018160533159971237
0.015151222236454487
0.01770259439945221
-0.0017303533386439085
-0.011729767546057701
-0.013273674994707108
-0.011337248608469963
-0.00805317610502243
-0.006362074054777622
-0.013672735542058945
-0.027293134480714798
0.02886321023106575
0.009564372710883617
-0.025081945583224297
-0.008543823845684528
-0.02253057435154915
-0.027005286887288094
0.024898771196603775
-0.004896671045571566
-0.0231455210596323
-0.0052564796060323715
0.0050504072569310665
-0.01707456447184086
0.01819978468120098
-0.00717000849545002
0.011140989139676094
-0.016341863200068474
-0.009204563684761524
0.03216036781668663
0.00917185377329588
-0.0024875872768461704
0.012514805421233177
0.02881087362766266
-0.02276608534157276
0.0022635245695710182
-0.005825631786137819
-0.0015946072526276112
0.019809111952781677
-0.009590541012585163
-0.03367810696363449
-0.025356709957122803
0.035876210778951645
-0.00658450135961175
-0.010238196700811386
-0.013973666355013847
0.010787722654640675
-0.01246901135891676
0.006829825695604086
0.001377904205583036
-0.006679360289126635
0.019953034818172455
-0.028941713273525238
-0.006375158205628395
-0.025291290134191513
-0.00024327983555849642
-0.021549277007579803
0.019769858568906784
0.015700748190283775
0.009741006419062614
0.013842826709151268
-0.014130673371255398
0.023367946967482567
0.00977371633052826
-0.02551371604204178
0.04192099720239639
-0.004213034175336361
0.03433230519294739
0.007621405180543661
-0.0031434206757694483
-0.03545752540230751
-0.021601613610982895
0.026665104553103447
-0.01693063974380493
0.030433284118771553
0.007078420836478472
0.007941962219774723
-0.0153867332264781
0.022661413997411728
0.011690516024827957
-0.020502561703324318
-0.014104506000876427
0.00034079619217664003
0.007418603636324406
0.010892393998801708
-0.03184635192155838
0.010454081930220127
-0.018239036202430725
0.026612769812345505
-0.003840141464024782
0.012351255863904953
-0.03527434915304184
-0.015255894511938095
-0.006139646749943495
0.059610508382320404
0.0009085172787308693
0.01687830500304699
0.004150885622948408
-0.0055574108846485615
-0.018239036202430725
-0.011042860336601734
-0.012436301447451115
-0.006299925502389669
0.005295731592923403
0.02271375060081482
0.013790491037070751
-0.0021163299679756165
-0.004226118326187134
-0.015582992695271969
0.009891471825540066
-0.030040765181183815
0.009610166773200035
0.02620716579258442
0.005240124650299549
0.017977356910705566
0.04173782467842102
-0.004144343547523022
0.013541895896196365
0.005292460788041353
-0.004494339227676392
-0.007686825003474951
0.010565295815467834
0.010231654159724712
-0.020594147965312004
0.005086388438940048
-0.048384472727775574
-0.033468764275312424
-0.004818167071789503
-0.006332635413855314
-0.02385205402970314
0.0041966792196035385
0.01398675050586462
-0.017663342878222466
-0.028182843700051308
-4.919261118629947e-05
0.000976390321739018
0.018945569172501564
0.0030878139659762383
0.006535436492413282
-0.001269143889658153
0.0027574440464377403
-0.011749393306672573
-0.015111970715224743
0.011212951503694057
0.00827560294419527
0.01642036624252796
0.0282351803034544
-0.0010303616290912032
-0.02328944392502308
0.01795118860900402
-0.0030632815323770046
-0.0329977385699749
-0.04152848199009895
0.003948084078729153
0.008844754658639431
-0.012769942171871662
0.014326932840049267
-0.008596159517765045
0.014379268512129784
0.01775492914021015
0.0004329972143750638
-0.016786716878414154
0.02170628495514393
-0.013011995702981949
-0.012220416218042374
0.014627864584326744
-0.015700748190283775
0.018893234431743622
-0.01840912736952305
-0.006731695961207151
-0.01788576878607273
-0.01186714880168438
-0.007712992839515209
-0.0031385142356157303
0.03291923552751541
-0.029517406597733498
0.0025284746661782265
-0.004523778334259987
-0.0049391938373446465
-0.021863292902708054
-0.002919357968494296
-0.002629875438287854
0.006044788286089897
-0.013208255171775818
-0.013214796781539917
-0.007830748334527016
0.008864381350576878
-0.026115577667951584
0.014784871600568295
-0.011016692034900188
-0.018814729526638985
-0.0336257703602314
0.0031744951847940683
-0.017401663586497307
0.024126816540956497
0.015125054866075516
-0.028209012001752853
-0.007830748334527016
-0.004680785816162825
-0.04626487195491791
-0.004726579412817955
-0.02308010123670101
0.025775395333766937
0.013725071214139462
-0.0019135287730023265
0.02703145518898964
0.036059387028217316
0.0007212531636469066
0.008713915944099426
-0.01567457988858223
-0.0056588114239275455
-0.003768179565668106
0.0008165207109414041
-0.011618553660809994
-0.002543194219470024
-0.03647807240486145
0.004464900586754084
0.0336257703602314
-0.018160533159971237
0.014601696282625198
0.020005371421575546
-0.009466242976486683
-0.01212228648364544
-0.003046926576644182
0.010002685710787773
0.02530437335371971
0.01516430638730526
-0.017022227868437767
-0.034279968589544296
-0.011029776185750961
0.007968129590153694
-0.019298836588859558
-0.01580541953444481
0.006463475059717894
0.038911689072847366
-0.018945569172501564
0.014915711246430874
-0.022308146581053734
-0.009446617215871811
0.012181163765490055
-0.022805336862802505
-0.003285708837211132
-0.004536862019449472
0.001696007908321917
0.006908329203724861
0.0006860900321044028
-0.023367946967482567
-0.016289526596665382
-0.0017041853861883283
-0.0168128851801157
0.001111318590119481
0.020960498601198196
-0.016590457409620285
0.018893234431743622
-0.0034312678035348654
-0.006689173169434071
-0.011173699051141739
-0.026023991405963898
-0.018605386838316917
-0.02372121438384056
-0.02232123166322708
0.003679862944409251
0.034724824130535126
0.00793541967868805
0.0026985660661011934
0.01496804691851139
-0.004442003555595875
-0.01693063974380493
-0.02170628495514393
0.01392133068293333
-0.029726751148700714
-0.0045270491391420364
0.0043929386883974075
-0.006093853153288364
0.02543521299958229
-0.0034443517215549946
0.0003430450160522014
-0.035876210778951645
-0.0029684228356927633
0.21541427075862885
-0.02396981045603752
0.0034770616330206394
0.033468764275312424
0.006283570546656847
-0.013077415525913239
0.030799634754657745
-0.001962593523785472
0.005681708455085754
0.02543521299958229
0.023067016154527664
-0.02708379179239273
-0.02886321023106575
-0.0015929717337712646
0.010316700674593449
-0.00048574191168881953
-0.039304208010435104
-0.005485448986291885
0.03189868852496147
0.009793342091143131
0.016027847304940224
0.0057536703534424305
0.010028853081166744
-0.0011775561142712831
0.030407115817070007
-0.00021915628167334944
0.019560515880584717
0.0010647070594131947
0.018029693514108658
0.023394115269184113
-0.021366102620959282
0.0032660828437656164
0.004353686701506376
0.018827814608812332
-0.015779253095388412
0.011533508077263832
0.028523026034235954
-0.0032022984232753515
0.02752864547073841
0.01275031641125679
0.00891017448157072
-0.03407062590122223
0.008851297199726105
-0.01192602701485157
-0.004320976790040731
0.04670972749590874
0.005596662871539593
-0.007529817521572113
0.018631555140018463
-0.0036962179001420736
-0.01053258590400219
0.022857673466205597
0.017493249848484993
0.012383965775370598
-0.011114821769297123
-0.006797115784138441
0.014287681318819523
0.004746205639094114
0.016525037586688995
-0.0033625769428908825
-0.014889542944729328
0.012187706306576729
0.0020427329000085592
0.03223887085914612
-0.026795944198966026
0.009073724038898945
-0.03577153757214546
0.003928458318114281
0.003405099967494607
0.0003260767553001642
0.006476558744907379
-0.010388662107288837
-0.02226889505982399
-0.009884929284453392
-0.021614696830511093
-0.03352109715342522
0.022046467289328575
0.013182086870074272
0.010002685710787773
0.010637257248163223
-0.0036275270394980907
0.0038532253820449114
-0.006561604328453541
-0.003709301818162203
0.010264364071190357
-0.0012094483245164156
0.020986666902899742
-0.0027721633668988943
0.0004526231496129185
-0.004847606178373098
-0.01420917734503746
0.026037074625492096
-0.008190557360649109
-0.019311921671032906
0.0035915463231503963
-0.003457435639575124
0.000579782878048718
0.009629792533814907
-0.010912020690739155
-0.00032239689608104527
-0.030433284118771553
0.04383125528693199
0.015897007659077644
0.004844335373491049
-0.010048478841781616
0.03820515424013138
-0.029020216315984726
0.00606114324182272
0.003176130587235093
-0.018696974962949753
0.0065812305547297
-0.010251280851662159
0.008923258632421494
-0.02143152244389057
-0.01922033354640007
0.015046550892293453
0.007137298583984375
-0.004621908068656921
0.02569689229130745
0.004958819597959518
0.018029693514108658
-0.02302776463329792
-0.004137801472097635
0.005521430168300867
-0.0040004197508096695
-0.03399211913347244
-0.05280685052275658
0.014104506000876427
-0.0062868413515388966
-0.00020556122763082385
0.01839604414999485
-0.015412901528179646
0.04257519543170929
0.019311921671032906
-0.008367191068828106
-0.0027247341349720955
-0.010669967159628868
-0.018239036202430725
-0.00036982621531933546
0.011919485405087471
0.02075115591287613
-0.012828820385038853
-0.011507340706884861
0.004553216975182295
0.006414410192519426
-0.011193325743079185
0.00747093977406621
0.004111633636057377
-0.009597082622349262
-0.01656428910791874
-0.01335872057825327
-0.014732535928487778
-0.005276105832308531
-0.024467000737786293
0.00604151701554656
-0.0008504572324454784
-0.030564123764634132
-0.022988513112068176
0.030485620722174644
-0.0058648837730288506
-0.017231572419404984
-0.003305334597826004
0.0017777826869860291
-0.006113478913903236
-0.003578462405130267
0.024126816540956497
-0.1643345057964325
0.007209260482341051
0.013541895896196365
-0.03352109715342522
0.0028915544971823692
0.009629792533814907
0.0282351803034544
0.025579135864973068
0.004831251222640276
-0.019429676234722137
0.015713833272457123
-0.003663507988676429
-0.04702374339103699
-0.04309855401515961
0.013829742558300495
-0.0317155122756958
-0.025723060593008995
0.013306384906172752
0.031820185482501984
0.0001558830845169723
-0.008170931600034237
-0.005465823225677013
-0.015020382590591908
-0.014902627095580101
0.01757175475358963
-0.007503649685531855
-0.020594147965312004
0.0071242148987948895
0.011180241592228413
-0.004232659935951233
0.010617631487548351
0.0019184352131560445
0.01649886928498745
0.006273757666349411
0.0016281349817290902
0.0024090835358947515
-0.006947581190615892
0.012652186676859856
-0.008236351422965527
0.004406022373586893
0.0009706660639494658
0.016341863200068474
-0.0013648202875629067
0.006283570546656847
0.01630260981619358
0.020829658955335617
0.021549277007579803
-0.01288115605711937
0.016865219920873642
-0.017427831888198853
0.035379018634557724
0.001665751333348453
-0.0023142248392105103
-0.004991529509425163
0.03247437998652458
0.008249434642493725
-0.0027754344046115875
0.005177976097911596
0.02360345795750618
-0.01655120588839054
-0.006299925502389669
-0.025369793176651
-0.009832593612372875
-0.006967207416892052
0.00393172912299633
-0.02164086513221264
-0.025356709957122803
0.016577374190092087
-0.02912488952279091
0.004605553112924099
-0.0038924773689359426
-0.006636837497353554
-0.004271911922842264
-0.006947581190615892
0.014012917876243591
0.019141828641295433
-0.015556825324892998
0.018670806661248207
-0.010545669123530388
-0.015478321351110935
-0.009459701366722584
0.035248178988695145
0.002122872043401003
-0.017296992242336273
-0.001136668724939227
-0.016328778117895126
-0.003830328583717346
-0.007641030941158533
-0.003506500506773591
0.02131376601755619
0.0171268992125988
-0.04605552926659584
0.007955046370625496
-0.031820185482501984
0.0006333452765829861
0.014784871600568295
0.014902627095580101
0.000925689993891865
-0.0014735807199031115
0.005717689171433449
0.008530739694833755
0.009786799550056458
0.010270906612277031
0.002418896649032831
0.009433533065021038
-0.006810199934989214
0.011886775493621826
0.013155918568372726
0.006270486395806074
-0.007614863105118275
-0.045087315142154694
-0.010637257248163223
0.0034116418100893497
0.013777406886219978
0.0064209518022835255
0.0029128158930689096
-0.008380274288356304
-0.003827057546004653
0.008177473209798336
0.002801602240651846
0.060814231634140015
-0.012711063958704472
-0.0044125644490122795
0.01857921853661537
-0.016472702845931053
-0.04739009216427803
-0.11262670159339905
-0.037210773676633835
0.02194179594516754
0.020960498601198196
0.020541813224554062
0.00957745686173439
-0.011055943556129932
-0.001988761592656374
-0.002988048829138279
0.03830982744693756
-0.04746859520673752
-0.013018537312746048
-0.003634069114923477
0.0202932171523571
-0.0007891261484473944
0.016538122668862343
-0.012580225244164467
-0.004203221295028925
-0.02975291945040226
0.017166152596473694
-0.0005540238344110548
-0.006954123266041279
-0.017270823940634727
0.010355952195823193
-0.024401580914855003
0.014902627095580101
-0.02309318445622921
0.013299842365086079
0.010925103910267353
-0.018055861815810204
-0.006777490023523569
-0.014078337699174881
-0.021104423329234123
-0.014483940787613392
0.006764405872672796
-0.003948084078729153
-0.014981131069362164
-0.014601696282625198
0.01763717457652092
-0.01966518722474575
0.00717000849545002
0.028313683345913887
0.02404831349849701
-0.019939951598644257
0.011474630795419216
-0.01234471332281828
-0.0190240740776062
-0.0046088239178061485
-0.0007911705179139972
-0.024754846468567848
-0.01186714880168438
-0.011088653467595577
-0.02810434065759182
-0.005943387746810913
-0.007837289944291115
-0.006084040272980928
0.008380274288356304
0.02308010123670101
-0.01694372482597828
-0.039304208010435104
-0.02024088241159916
0.008229808881878853
-0.011965278536081314
0.029255729168653488
0.021784787997603416
-0.000336911907652393
-0.019364256411790848
-0.015138138085603714
-0.006862535607069731
-0.01275031641125679
-0.0012544244527816772
0.005377506371587515
0.0073401001282036304
-0.013999834656715393
-0.03291923552751541
-0.0011955465888604522
-0.011664347723126411
-0.0036831339821219444
0.0021964693441987038
0.006430765148252249
-0.012253126129508018
-0.013378346338868141
-0.008255977183580399
-0.024336161091923714
0.025657640770077705
0.015635328367352486
0.0012683260720223188
0.003921916242688894
0.004854148253798485
-0.024022145196795464
0.008040091954171658
0.028470691293478012
0.007078420836478472
0.0029635163955390453
0.006829825695604086
0.007850374095141888
-0.0009436804102733731
-0.0009649418643675745
-0.008164389058947563
0.006113478913903236
-0.02048947662115097
-0.01392133068293333
-0.06138992682099342
0.013541895896196365
0.03786497190594673
-0.018631555140018463
-0.023825885728001595
-0.013816658407449722
0.01865772344172001
-0.004513965453952551
0.032945405691862106
0.014928795397281647
-0.005099472124129534
-0.004621908068656921
-0.0072550540789961815
-0.010781181044876575
-0.030930474400520325
-0.02962207980453968
0.03603321686387062
0.008851297199726105
0.025840815156698227
0.014706367626786232
-0.015059635043144226
0.002579175168648362
0.0060905818827450275
0.054533932358026505
-0.009760632179677486
0.0018137635197490454
0.00031830815714783967
-0.027371639385819435
-0.014470856636762619
0.008942884393036366
0.011952195316553116
-0.025526801124215126
-0.012364340014755726
0.0027672569267451763
0.0006288476870395243
-0.008543823845684528
-0.012678354978561401
0.03901635855436325
0.020567981526255608
0.05055641010403633
-0.0020182004664093256
-0.010938188061118126
0.02075115591287613
0.007843832485377789
-0.013790491037070751
0.0131624611094594
-0.006470016669481993
-0.004124717321246862
-0.003056739456951618
-0.00970829650759697
0.018121281638741493
0.012671812437474728
0.005881238728761673
-0.014510108157992363
-0.0068232836201786995
0.006770947948098183
-0.005132182035595179
0.01345030777156353
0.007392435800284147
-0.006054601166397333
0.05448159947991371
0.00012807967141270638
0.0037518248427659273
-0.013397972099483013
0.014497024938464165
-0.017558669671416283
-0.003496687626466155
-0.024087565019726753
-0.0014130673371255398
-0.02993609383702278
-0.0011399397626519203
-0.005724231246858835
0.03833599388599396
0.02335486374795437
0.020528728142380714
0.001512832590378821
0.0008733541471883655
0.0057536703534424305
0.004811625462025404
0.008707373403012753
0.005913948640227318
0.005563952960073948
-0.02048947662115097
0.015766168013215065
0.019874531775712967
0.00540694547817111
-0.00692795543000102
0.014536276459693909
-0.023302527144551277
0.0010598005028441548
0.009158769622445107
0.013090498745441437
-0.032395876944065094
0.001642854418605566
0.01661662571132183
-0.010709218680858612
0.0006022708839736879
-0.005043865647166967
0.029909925535321236
0.04150231182575226
-0.00039906069287098944
-0.0003587866376619786
0.011409210972487926
-0.0015602619387209415
-0.013489560224115849
0.014627864584326744
-0.013620399869978428
-0.03305007517337799
-0.024388495832681656
0.02703145518898964
-0.011095196008682251
-0.0018988093361258507
0.026926783844828606
-0.003254634328186512
-0.02716229483485222
-0.008792418986558914
-0.011880232952535152
-0.03132299333810806
-0.009669044055044651
0.007608321029692888
-0.009426991455256939
0.0253828763961792
0.007490565534681082
0.0007089869468472898
0.00129204080440104
0.0027394534554332495
0.025422127917408943
0.0038237865082919598
0.02042405679821968
0.008000839501619339
0.005966284312307835
0.022425903007388115
-0.028837041929364204
-0.018827814608812332
0.0016673868522047997
-0.004265369847416878
-0.007634488865733147
-0.014758703298866749
-0.021876376122236252
0.09090733528137207
0.01487645972520113
-0.018553052097558975
0.0013067602412775159
-0.009289609268307686
0.02232123166322708
-0.0005761029897257686
-0.0117363091558218
-0.010002685710787773
-0.007542901206761599
0.021326851099729538
-0.0025824459735304117
0.0012781390687450767
-0.021039003506302834
-0.007274680305272341
0.010244738310575485
-0.0025546427350491285
0.03145383298397064
-0.009983059018850327
-0.01157930213958025
0.03655657544732094
-0.008655037730932236
0.004016774706542492
0.0024745033588260412
0.009714838117361069
0.009466242976486683
0.040769610553979874
-0.00973446387797594
0.0072354283183813095
-0.03760329261422157
-0.01763717457652092
0.0012626018142327666
-0.03647807240486145
-0.003656966146081686
0.01281573623418808
-0.027554813772439957
0.0018988093361258507
-0.0361640565097332
-0.0028948255348950624
-0.003369119018316269
-0.006836367771029472
0.013685819692909718
-0.011219493113458157
-0.029020216315984726
-0.028209012001752853
0.019455844536423683
-0.007464397698640823
0.007026085164397955
-0.0032808021642267704
