-0.018951481208205223
-0.010237415321171284
-0.0033403923735022545
-0.01414906233549118
-0.03743821382522583
0.008313865400850773
-0.022501656785607338
-0.01719575934112072
-0.027600999921560287
-0.021585065871477127
-0.002157538430765271
0.0025109422858804464
-0.007210083771497011
0.00960483867675066
0.007016437593847513
0.01634371653199196
0.03617306053638458
0.0008923850255087018
-0.007571556139737368
0.01914512738585472
-0.009282095357775688
0.015039834193885326
0.006835701409727335
-0.02417992241680622
-0.022824401035904884
0.0244897548109293
0.026748958975076675
-0.03952958807349205
-0.012961368076503277
0.0009238524944521487
-0.007552191149443388
-0.009856577962636948
-0.026981333270668983
-0.004198889248073101
0.01110236719250679
0.0045022680424153805
0.003229046007618308
0.03653453290462494
0.03201612830162048
0.008843163959681988
0.026929695159196854
0.014975285157561302
0.006303174886852503
-0.00478628184646368
-0.007623194716870785
-4.3393833038862795e-05
-0.01602097414433956
-0.025703269988298416
-0.03862590715289116
0.011618755757808685
0.014949466101825237
0.01811235025525093
-0.0007697425899095833
-0.018602918833494186
-0.011360561475157738
-0.03227432072162628
-0.007222993299365044
-0.004757235292345285
0.0032693888060748577
-0.020991219207644463
0.0035598576068878174
-0.014303979463875294
-0.02948581986129284
0.014032875187695026
0.00658073415979743
0.012367520481348038
-0.0019493690924718976
0.023521525785326958
-0.02642621472477913
0.00528976134955883
0.01936459355056286
-0.006035298109054565
-0.00968875177204609
-0.007494097575545311
0.04572625830769539
-0.004492585547268391
-0.02540634572505951
-0.03831607475876808
0.012412704527378082
0.018034890294075012
-0.0042473007924854755
0.013032371178269386
-0.024593032896518707
0.025793638080358505
-0.0034404427278786898
0.0011336355237290263
0.010250324383378029
0.004934743978083134
0.008339684456586838
-0.005489862058311701
-0.007487642578780651
0.012257787398993969
0.0054124039597809315
0.010147047229111195
-0.026090562343597412
0.019635697826743126
-0.01608552224934101
0.04975409433245659
-0.02837558463215828
-0.03818697854876518
-0.014833278022706509
0.004524860065430403
-0.023818450048565865
-0.006390315946191549
-0.029150167480111122
0.022837311029434204
-0.009320824407041073
-0.002296318067237735
0.02026827447116375
-0.009320824407041073
-0.0018864341545850039
0.031680475920438766
-0.0022721122950315475
-0.008998081088066101
-0.0008278363384306431
-0.021998178213834763
0.024722130969166756
-0.02219182439148426
0.002159152179956436
-0.02842722274363041
0.02611638233065605
0.011392835527658463
0.010360057465732098
-0.0055318186059594154
0.03635379672050476
-0.0007447300013154745
-0.03147391974925995
-0.010650526732206345
-0.012490162625908852
-0.015388396568596363
-0.006525868084281683
0.006054662633687258
-0.033797670155763626
0.011212099343538284
-0.016834286972880363
0.0065710521303117275
-0.015014014206826687
-0.001902571297250688
-0.03240342065691948
-0.02930508367717266
0.01631789654493332
0.02847886085510254
-0.0071326252073049545
-0.01605970226228237
-0.007881388999521732
0.014626722782850266
0.03604396432638168
0.03534683585166931
0.0014805844984948635
0.00214624241925776
0.020500648766756058
-0.02230801060795784
0.024838319048285484
-0.008617243729531765
0.010618251748383045
0.0050606136210262775
0.00045143708121031523
0.019868072122335434
0.004692686256021261
0.005509226582944393
0.018990211188793182
-0.015607861801981926
0.005932020489126444
0.0006059504230506718
0.003120926907286048
0.009411192499101162
0.018448002636432648
0.009456376545131207
0.015388396568596363
-0.0018460912397131324
0.018912753090262413
0.03160301595926285
-0.025522533804178238
0.02948581986129284
-0.015285118483006954
0.023521525785326958
0.0191322173923254
0.010308418422937393
-0.010347147472202778
-0.015788597986102104
-0.018964391201734543
-0.00047806338989175856
0.0038309621158987284
0.004860512912273407
-0.01815107837319374
0.01634371653199196
0.01706666126847267
-0.01057952269911766
0.014923646114766598
-0.0037728683091700077
0.017725057899951935
0.025690359994769096
-0.020474830642342567
-0.0016225915169343352
-0.639083206653595
-0.0030934938695281744
-0.01830599457025528
-0.014110333286225796
-0.006483911070972681
0.015685319900512695
0.015685319900512695
0.0036599081940948963
0.002472213003784418
-0.0292018074542284
0.010824807919561863
0.02010044828057289
0.011308922432363033
-0.026142200455069542
-0.026981333270668983
-0.03325546160340309
0.0076941982842981815
-0.032893989235162735
0.031215723603963852
-0.024567214772105217
-0.027626819908618927
0.002162379678338766
-0.004415127448737621
0.006512958090752363
-0.014884917065501213
-0.012348155491054058
0.02519979141652584
0.013439027592539787
-0.0037728683091700077
0.01208996120840311
-0.011218554340302944
0.019945530220866203
0.017983252182602882
0.012625714763998985
0.052000388503074646
0.016627730801701546
-0.014497625641524792
0.03258415684103966
0.019674425944685936
0.003960059490054846
-0.0015322234248742461
-0.03170629218220711
0.0171828493475914
-0.012231968343257904
-0.0022027224767953157
0.023844270035624504
0.032093584537506104
-0.013116284273564816
-0.01911930926144123
0.032764893025159836
-0.01735067553818226
-0.0012199693592265248
0.004854057915508747
0.0034694895148277283
-0.019003121182322502
-0.001369238132610917
0.0021058996208012104
0.009404737502336502
0.0018073620740324259
0.018809475004673004
0.0011683304328471422
-0.007720017805695534
-0.000533333164639771
-0.030131306499242783
-0.04567462205886841
0.01722157746553421
-0.02749772183597088
-0.012793540954589844
0.022785671055316925
-0.02233383059501648
0.015349667519330978
0.0106053426861763
0.010398786514997482
0.002559353830292821
0.010321328416466713
0.008281591348350048
0.038083698600530624
0.025083603337407112
-0.01066989079117775
0.022824401035904884
0.012367520481348038
-0.007365000434219837
-0.042679563164711
0.00378900533542037
0.01408451423048973
-0.0443061888217926
-0.014265250414609909
0.0047540077939629555
0.007842659950256348
0.016434084624052048
0.01008249819278717
-0.023056775331497192
-0.0011683304328471422
-0.02636166661977768
0.010437515564262867
0.04149186983704567
0.00048693883582018316
0.003222591010853648
0.016627730801701546
-0.029537459835410118
-0.0008528489852324128
-0.02108158729970455
0.009495105594396591
0.004169842228293419
0.013826319947838783
-0.013826319947838783
-0.006335449405014515
0.010514973662793636
0.05876508727669716
-0.004937971476465464
0.005522136576473713
-0.02038446255028248
-0.014045785181224346
-0.01602097414433956
-0.022940587252378464
-0.03537265583872795
-0.0014224906917661428
-0.011244373396039009
0.005273624323308468
-0.023043865337967873
0.00408592913299799
-0.004066564608365297
-0.009650022722780704
-0.001986484508961439
-0.015788597986102104
0.04190497845411301
-0.015711139887571335
-0.022488746792078018
-0.014717090874910355
0.00278850132599473
-0.00023640941071789712
0.004040745086967945
0.03245505690574646
0.002234996762126684
0.015233480371534824
0.002477054251357913
0.016369536519050598
-0.00966293178498745
-0.010289053432643414
-0.015414216555655003
-0.001362783252261579
-0.015788597986102104
0.013439027592539787
-0.016046792268753052
-0.0424213707447052
-0.012335245497524738
-0.026542402803897858
0.021520517766475677
-0.02331496961414814
0.03816115856170654
0.0031806344632059336
0.02935672365128994
-0.0273169856518507
0.0027546132914721966
0.026774777099490166
0.0022511340212076902
-0.007455368526279926
0.00737790996208787
-0.021029947325587273
0.009985675103962421
-0.0063774059526622295
-0.0008137163240462542
-0.014988195151090622
0.03162883594632149
-0.032868169248104095
0.007029347121715546
0.014368528500199318
0.012883909046649933
0.001514472533017397
-0.05176801234483719
0.014523444697260857
-0.010999089106917381
-0.03630215674638748
0.013903778046369553
0.025044873356819153
0.0036405434366315603
-0.016653550788760185
0.006600098684430122
-0.003924557473510504
-0.00609661964699626
0.007410184480249882
0.009508015587925911
-0.030053848400712013
-0.004954108502715826
-0.0003035803383681923
0.01924840547144413
0.017570141702890396
0.022888949140906334
0.012257787398993969
0.011993138119578362
0.022462928667664528
0.024967415258288383
0.00428925734013319
0.011450929567217827
-0.0055059995502233505
-0.01466545183211565
-0.015298028476536274
-0.011864040978252888
0.0035179010592401028
0.020978309214115143
0.03351365774869919
-0.005367219913750887
0.035940684378147125
-0.014058694243431091
-0.004124658182263374
-0.004334441386163235
0.005109025165438652
-0.013555215671658516
0.0483340248465538
0.023043865337967873
0.00708098616451025
0.006041753105819225
-0.009798483923077583
-0.023908818140625954
-0.00014967216702643782
0.022850219160318375
-0.0303378626704216
0.001980029745027423
-0.009527379646897316
0.003914875444024801
0.0007536054472438991
-0.017699237912893295
0.007281086873263121
-0.015298028476536274
-0.015814417973160744
0.01631789654493332
0.005925565492361784
0.014329799450933933
0.009617747738957405
-0.0005325262900441885
0.023728081956505775
0.01116691529750824
-0.01056661270558834
0.00968875177204609
0.021662525832653046
0.0221530944108963
0.010818352922797203
0.0012530505191534758
0.04781763628125191
0.00026828030240722
-0.0014886531280353665
0.012709627859294415
0.009398282505571842
-0.0022430652752518654
0.02314714342355728
0.008320320397615433
0.026568222790956497
0.006758242845535278
-0.011005544103682041
0.004034290090203285
-0.020513558760285378
0.003882600925862789
-0.027730097994208336
-0.02539343573153019
0.01710539124906063
-0.010734439827501774
0.01840927265584469
0.03464971110224724
0.015401306562125683
0.006154713220894337
-0.006057890132069588
0.03472717106342316
-0.002122036647051573
0.007306906394660473
0.007210083771497011
0.003688954981043935
0.006238626316189766
-0.0008173472015187144
-0.03550175577402115
-0.0025948553811758757
-0.016743918880820274
-0.020513558760285378
-0.01414906233549118
0.0035759948659688234
0.02410246431827545
0.01056661270558834
0.012328791432082653
-0.008126674219965935
0.013568124733865261
0.025819458067417145
-0.022036906331777573
-0.019984260201454163
-0.0009722639806568623
0.01627916842699051
-0.0026271298993378878
-0.0026819962076842785
-0.01274190191179514
-0.017466863617300987
-0.004050427582114935
0.014019965194165707
0.002740090014412999
-0.001889661536552012
0.010560158640146255
0.0024270289577543736
-0.02341824769973755
-0.02434774860739708
0.024825409054756165
-0.014820368960499763
0.020797573029994965
-0.010999089106917381
0.007345635909587145
-0.0012748356675729156
-0.0007060007774271071
-0.0024431662168353796
0.032868169248104095
0.026594040915369987
-0.009785574860870838
0.0017541093984618783
-0.0070358021184802055
-0.049031149595975876
0.00036207755329087377
-0.00041633876389823854
0.002878869418054819
-0.007558646146208048
-0.0037599585484713316
0.022721122950315475
0.02510942332446575
0.0070358021184802055
0.00528330635279417
-0.008126674219965935
0.01809944026172161
-0.002118809148669243
-0.009508015587925911
0.01635662652552128
0.017841245979070663
-0.0101664112880826
-0.030673515051603317
0.02224346250295639
-0.0009238524944521487
0.0063774059526622295
-0.0038180523552000523
-0.03240342065691948
0.015272209420800209
-0.02749772183597088
0.01707957126200199
0.0031903167255222797
-0.0007741802837699652
0.00629026535898447
-0.00757801067084074
-0.003222591010853648
0.010547248646616936
-0.0012054459657520056
0.0323517806828022
0.00967584177851677
0.004550679586827755
-0.008036306127905846
0.007945938035845757
0.009508015587925911
0.01710539124906063
0.0038503266405314207
0.02021663449704647
0.039813604205846786
-0.008126674219965935
-0.024993235245347023
0.02217891439795494
0.026774777099490166
0.01358103472739458
0.0037470487877726555
-0.015866056084632874
-0.003293594578281045
0.02042319066822529
0.03550175577402115
0.005547956097871065
0.0040956116281449795
0.02643912471830845
0.0011150778736919165
0.017479773610830307
0.014523444697260857
0.021920720115303993
-0.020681384950876236
0.010353602468967438
0.011560661718249321
-0.012477252632379532
-0.005883608944714069
0.020565198734402657
0.017931614071130753
-2.1003523215767927e-05
-0.0030644468497484922
0.008468782529234886
7.170950993895531e-05
0.015039834193885326
0.016472814604640007
-0.005535046104341745
-0.011547752656042576
0.0053736744448542595
-0.0445643849670887
0.03532101958990097
-0.01418779231607914
-0.0006745333084836602
0.008862528949975967
-0.018732016906142235
-0.011825311928987503
-0.03157719597220421
0.016563182696700096
0.008300955407321453
-0.053136445581912994
-0.018744926899671555
-0.009533834643661976
-0.01165102981030941
0.011534842662513256
0.00817185826599598
-0.039994340389966965
-0.011141096241772175
0.014278160408139229
-0.0181252583861351
-0.006693694274872541
-0.00214946991764009
-0.03139645978808403
-0.006893794983625412
0.015762777999043465
0.0072875418700277805
-0.02112031728029251
0.0022656572982668877
0.011050728149712086
-0.04175006225705147
-0.023999186232686043
0.002970851259306073
0.003701864741742611
-0.02410246431827545
0.03635379672050476
0.0026836099568754435
0.02445102669298649
-0.002698133233934641
-0.024747950956225395
0.0019187084399163723
-0.004912151955068111
0.0008705998188816011
0.012206148356199265
-0.005925565492361784
-0.015698229894042015
-0.02242419868707657
0.032093584537506104
-0.01069571077823639
-0.012561165727674961
0.01108300220221281
-0.0007136659696698189
0.002134946407750249
0.0014531513443216681
-0.007894298993051052
-0.001902571297250688
-0.017002113163471222
0.037025101482868195
0.014717090874910355
-0.0021526971831917763
-0.003685727482661605
-0.03346201777458191
0.005935247987508774
0.016769737005233765
-0.01736358553171158
0.014200701378285885
-0.02039737068116665
-0.03433987870812416
-0.01365849282592535
0.0038341893814504147
-0.017466863617300987
0.041052937507629395
-0.008378414437174797
-0.0468364953994751
-0.02021663449704647
-0.0022979318164288998
-0.02223055250942707
0.018009072169661522
0.01318083330988884
0.005677053239196539
-0.005376901943236589
0.01727321743965149
0.011405745521187782
-0.008752795867621899
0.013045281171798706
-0.02850468084216118
-0.01807362027466297
-0.009914672002196312
-0.024076644331216812
0.013994146138429642
-0.005141299683600664
-0.004221481271088123
-0.020694294944405556
0.0020849211141467094
-0.02736862562596798
-0.021585065871477127
-0.019609877839684486
0.003940694499760866
0.025625811889767647
0.010256779380142689
0.014807458966970444
-0.008365504443645477
-0.005499544553458691
-0.0060675726272165775
0.011534842662513256
-0.0059707495383918285
-0.0038955106865614653
-0.02224346250295639
-0.042008258402347565
0.011470293626189232
0.02341824769973755
-0.0055640931241214275
-0.002527079312130809
-0.010831262916326523
0.0018267265986651182
0.04017507657408714
0.006600098684430122
-0.042008258402347565
-0.0033145728521049023
-0.011237919330596924
-0.019016031175851822
0.018899843096733093
-0.016873015090823174
-0.010786078870296478
-0.021959448233246803
-0.008262226358056068
0.027007153257727623
0.0047185057774186134
0.0009149770485237241
0.009811393916606903
0.03532101958990097
-0.03666362911462784
0.003630861174315214
-0.009643567726016045
0.010353602468967438
0.02822066657245159
-0.006219261791557074
-0.014897827059030533
0.0008084717555902898
0.022682392969727516
-0.007661924231797457
-0.014407257549464703
0.007765201851725578
0.003976196516305208
-0.015104382298886776
0.009650022722780704
-0.0020381235517561436
-0.012909729033708572
0.022011088207364082
-0.016873015090823174
-0.005557638127356768
-0.014613812789320946
-0.009966311044991016
-0.024670490995049477
-0.0026852237060666084
0.01629207842051983
0.0025061010383069515
0.015465854667127132
-0.011909225024282932
0.01631789654493332
0.04340250790119171
-0.018602918833494186
0.023069685325026512
-0.01017932128161192
0.04231809079647064
0.0014160359278321266
-0.0023431158624589443
-0.028117388486862183
0.001976802246645093
0.0006458898424170911
-0.0034178507048636675
0.032739073038101196
-0.00036772555904462934
0.004140795674175024
-0.03441733866930008
0.029046889394521713
0.017996162176132202
-0.006412907969206572
-0.014368528500199318
-0.0006680784863419831
0.004644274711608887
0.014549264684319496
-0.021869080141186714
0.010921631008386612
-0.004163387697190046
0.026878055185079575
0.0001630861806916073
0.007978212088346481
-0.020513558760285378
-0.014510535635054111
-0.017466863617300987
0.056183140724897385
0.008146039210259914
-0.00507675064727664
-0.008146039210259914
-0.01719575934112072
-0.018680376932024956
0.00817185826599598
-0.0007060007774271071
-0.012535346671938896
0.006448409520089626
0.026142200455069542
-0.021907810121774673
-0.0019961667712777853
-0.006277355831116438
-0.023779720067977905
0.018641648814082146
-0.019790614023804665
-0.005354309920221567
0.0293309036642313
-0.0014967216411605477
0.018912753090262413
0.02318587340414524
0.02521269954741001
0.0034404427278786898
0.021688343957066536
0.0015233480371534824
-0.033849310129880905
0.008126674219965935
0.020061718299984932
-0.022488746792078018
0.023650623857975006
-0.00801048707216978
-0.02948581986129284
0.00809440016746521
-0.013619763776659966
-0.03862590715289116
-0.0023253648541867733
-0.003459807252511382
-0.02716206945478916
-0.020616836845874786
-0.01365849282592535
0.0005607663188129663
0.02629711851477623
-0.002581945853307843
0.009004536084830761
-0.006015933584421873
0.005525364074856043
-0.02642621472477913
-0.010882901027798653
-0.007494097575545311
0.008417143486440182
0.02239837870001793
0.014859098009765148
-0.021597975865006447
-0.009217546321451664
0.035037003457546234
-0.0038309621158987284
-0.030053848400712013
-0.038393534719944
-0.009333734400570393
-0.013942507095634937
0.013284111395478249
-0.010527883656322956
0.021042857319116592
-0.008526875637471676
0.006248308811336756
0.010850626975297928
-0.009320824407041073
0.0203328225761652
-0.01625334843993187
-0.006564597133547068
-0.0007806351641193032
-0.031215723603963852
0.0253676176071167
0.006435499992221594
-0.007558646146208048
-0.031164085492491722
-0.006654965225607157
-0.014730000868439674
-0.005144526716321707
0.024967415258288383
-0.021972358226776123
0.01208996120840311
-0.015724049881100655
-0.020668474957346916
-0.026000194251537323
0.010282599367201328
-0.00214946991764009
-0.01015995629131794
-0.003927784971892834
-0.005325263366103172
0.012141600251197815
0.015672409906983376
-0.021752893924713135
0.006926069501787424
-0.007268177345395088
-0.011851130984723568
-0.01609843224287033
0.008914167992770672
-0.013942507095634937
0.04461602121591568
-0.008391323499381542
-0.009417647495865822
-0.009127178229391575
-0.002709429245442152
-0.027032971382141113
-0.005628641694784164
0.011244373396039009
0.030208764597773552
-0.007732927333563566
-0.004879877436906099
0.020849211141467094
0.03359111398458481
-0.011612300761044025
0.008268681354820728
-0.021998178213834763
-0.014846188016235828
-0.022062726318836212
-0.013555215671658516
0.026516582816839218
-0.003222591010853648
0.0011239532614126801
0.006177305243909359
0.028814515098929405
-0.033797670155763626
-0.0037502762861549854
0.005651233717799187
-0.010463335551321507
0.00629994785413146
0.012057687155902386
0.019648607820272446
0.03317800164222717
0.031938668340444565
0.024012096226215363
-0.021507607772946358
-0.0005418051732704043
0.018744926899671555
-0.012038322165608406
-0.017673417925834656
-0.0024383249692618847
0.03658617287874222
-0.006177305243909359
0.0281948484480381
0.002814320847392082
-0.010347147472202778
0.0015007560141384602
-0.019661517813801765
-0.0029821472708135843
-0.011308922432363033
-0.013413208536803722
0.012851634994149208
-0.0014249113155528903
-0.028039930388331413
-0.0171828493475914
-0.004618455655872822
-0.03640543669462204
-0.004670094233006239
-0.0031612699385732412
-0.002138173906132579
0.0344947949051857
-0.00817831326276064
-0.012793540954589844
-0.034907907247543335
-0.030002210289239883
-0.016046792268753052
0.02442520670592785
-0.01701502315700054
0.01116046030074358
0.025884006172418594
-0.004469993524253368
0.0031677247025072575
-0.005731919780373573
-0.021468879655003548
-0.02411537431180477
-0.009817848913371563
0.007177809253334999
-0.027962472289800644
0.00013797273277305067
-0.003843871643766761
-0.0014555719681084156
0.020836303010582924
0.020513558760285378
0.01834472455084324
-0.0482049286365509
0.0026852237060666084
0.19457542896270752
-0.03405586630105972
0.009327279403805733
0.01933877356350422
0.003119313158094883
-0.019893892109394073
0.015659501776099205
-0.011121731251478195
0.00144992396235466
0.020035898312926292
0.0244897548109293
-0.024954505264759064
-0.044099632650613785
0.0024463937152177095
0.016937565058469772
0.0271878894418478
-0.03751567378640175
-0.014833278022706509
0.01059243269264698
-0.002080080099403858
0.016614820808172226
0.011373471468687057
-0.01612425222992897
-0.01627916842699051
0.020926671102643013
-0.0042150262743234634
0.007623194716870785
-0.003924557473510504
0.01059243269264698
0.013032371178269386
-0.010624706745147705
0.008036306127905846
-0.015724049881100655
0.010424605570733547
0.006409680470824242
0.023766810074448586
0.013309930451214314
-0.031912848353385925
0.018706196919083595
0.007571556139737368
0.013206652365624905
-0.0014249113155528903
0.004676549229770899
-0.02039737068116665
-0.020565198734402657
0.05959130823612213
-0.008242862299084663
-0.020603926852345467
0.005651233717799187
-0.013387388549745083
-0.018796565011143684
0.030053848400712013
0.023818450048565865
0.003956831991672516
0.008371959440410137
0.011799491941928864
0.0029418044723570347
-0.008862528949975967
0.019687335938215256
0.0011344423983246088
-0.005715782288461924
0.00906262919306755
-0.005354309920221567
0.02842722274363041
-0.018499640747904778
0.014291069470345974
-0.04358324408531189
-0.026903875172138214
0.00044740279554389417
-0.032093584537506104
-0.002473826752975583
0.005263941828161478
-0.012399794533848763
0.0007584465784020722
-0.0223467405885458
-0.015904786065220833
0.015749869868159294
0.03211940452456474
0.0006640441715717316
0.01936459355056286
-0.031912848353385925
0.0024367112200707197
-0.036844365298748016
-0.010624706745147705
-0.005192938260734081
0.00020151279750280082
0.023934638127684593
0.005673825740814209
-0.0031612699385732412
-0.00907553918659687
-0.00028703975840471685
0.012645079754292965
-0.010553703643381596
0.00204457831569016
-0.003556630341336131
0.004821783863008022
-0.009650022722780704
0.020862121134996414
-0.018899843096733093
0.010798987932503223
-0.0381353385746479
0.051045067608356476
0.011379925534129143
-0.005502772051841021
-0.027730097994208336
0.018499640747904778
-0.029614917933940887
-0.00816540326923132
0.014058694243431091
-0.03875500708818436
-0.015233480371534824
-0.02028118446469307
0.0091594522818923
-0.010321328416466713
-0.03320382162928581
0.006622690707445145
0.010327783413231373
-0.005389811936765909
0.023482795804739
-0.00867533776909113
-0.012787085957825184
-0.011554207652807236
-0.013297020457684994
0.016808466985821724
-0.004037517588585615
-0.0064774565398693085
-0.04536478593945503
0.013025916181504726
-0.010024404153227806
-0.01622752845287323
0.005422085989266634
0.012025412172079086
0.01719575934112072
0.02343115769326687
0.0008415529737249017
-0.0012578916503116488
-0.006451637018471956
-0.002717497991397977
-0.0016419561579823494
0.03736075386404991
0.0006442761514335871
-0.010715074837207794
0.00608693715184927
0.0018815930234268308
8.930909825721756e-05
-0.00779747636988759
0.0022785670589655638
0.0233536995947361
-0.005131617188453674
-0.0024447799660265446
-0.0032371145207434893
-0.03328128159046173
-0.004102066159248352
-0.025031963363289833
0.002473826752975583
0.013032371178269386
-0.03648289293050766
-0.0151689313352108
-0.0018218854675069451
-0.0019509827252477407
-0.037050921469926834
0.0015701457159593701
0.023689351975917816
-0.012548256665468216
-0.00303862732835114
0.019041849300265312
-0.16070030629634857
0.006112756673246622
0.023999186232686043
-0.0076361047104001045
0.013735951855778694
-0.003127381904050708
0.02336660958826542
0.01736358553171158
0.00047604626161046326
-0.02242419868707657
-0.00040302559500560164
-0.018564190715551376
-0.03658617287874222
-0.04058818891644478
0.004915379453450441
-0.009946946054697037
-0.015078563243150711
0.011024908162653446
0.03036368265748024
-0.0019993942696601152
-0.0020139177795499563
-0.00629026535898447
-0.00857205968350172
-0.02113322541117668
0.006848610937595367
0.016821376979351044
-0.007933028042316437
0.0029434182215481997
-0.001027130289003253
-0.008765705861151218
-0.001729903626255691
-0.010353602468967438
0.00866242777556181
0.007068076636642218
0.013503576628863811
0.01720866933465004
-0.009553199633955956
-0.00559636764228344
-0.009811393916606903
0.006196669768542051
0.005512454081326723
0.014200701378285885
0.00857851468026638
-0.0039955610409379005
0.0015830554766580462
0.012031867168843746
0.02744608372449875
0.011263738386332989
0.047146331518888474
-0.012419159524142742
0.031086627393960953
0.00851396657526493
-0.0002908723254222423
0.0062934928573668
0.03242924064397812
0.008184768259525299
-0.003117699408903718
0.011870495975017548
-0.007778111845254898
-0.017389405518770218
0.004418354481458664
-0.0024141191970556974
-0.0026029241271317005
0.006758242845535278
0.013852139003574848
-0.007816840894520283
-0.015853146091103554
0.013619763776659966
-0.027523541823029518
0.004947653505951166
0.003630861174315214
-0.027523541823029518
0.001068280078470707
0.011851130984723568
-0.00957256369292736
-0.006345131900161505
5.577406409429386e-05
0.029744016006588936
-0.0037567310500890017
-0.015569132752716541
-0.007009982597082853
0.05375611037015915
-0.00608370965346694
-0.010979724116623402
0.009850122965872288
-0.01600806415081024
-0.008617243729531765
0.0028352991212159395
-0.0055318186059594154
0.0009867873741313815
-0.006241853814572096
-0.050063926726579666
-0.007997577078640461
-0.001329702092334628
-0.0030047392938286066
0.029150167480111122
-0.008868983946740627
-0.004628137685358524
0.007345635909587145
-0.008055671118199825
0.02239837870001793
0.016589000821113586
-0.017854154109954834
0.0011417041532695293
0.027523541823029518
-0.018615828827023506
0.005964294541627169
-0.002953100483864546
0.021636705845594406
0.0008121026330627501
-0.024683400988578796
-0.0067259687930345535
0.0131550133228302
0.026748958975076675
-0.013232472352683544
0.018706196919083595
-0.021675433963537216
-0.01735067553818226
0.009443466551601887
-0.013464847579598427
0.05582166835665703
0.01208350621163845
-0.008326775394380093
0.022798581048846245
-0.02429611049592495
-0.04792091250419617
-0.11164333671331406
-0.04327341169118881
-0.0031757932156324387
0.01940332166850567
0.020526468753814697
0.01821562647819519
-0.00364699843339622
0.011438019573688507
-0.003066060598939657
0.007507007103413343
-0.018744926899671555
-0.0056641437113285065
-0.002317296341061592
0.008139584213495255
-0.028091570362448692
0.021985268220305443
-0.002888551913201809
0.004815328866243362
-0.017996162176132202
0.016937565058469772
0.004857285413891077
0.007629649713635445
-0.014200701378285885
0.000216036249184981
-0.0013748861383646727
0.00958547368645668
-0.01740231364965439
0.01006958819925785
0.02332787960767746
-0.004518405068665743
-0.011360561475157738
-0.0010489154374226928
-0.011237919330596924
-0.025019055232405663
0.03343619778752327
0.00458940863609314
-0.004453856498003006
-0.013206652365624905
0.021507607772946358
-0.017699237912893295
0.0131550133228302
0.021559247747063637
0.00908199418336153
-0.016434084624052048
0.022540386766195297
-0.0011562275467440486
-0.0014297524467110634
0.010760258883237839
-0.02021663449704647
-0.02139142155647278
0.0026836099568754435
-0.012457888573408127
-0.043066855520009995
-0.006051435600966215
0.005864244420081377
-0.005673825740814209
-0.01834472455084324
0.018034890294075012
-0.020875031128525734
-0.03759313002228737
-0.008313865400850773
0.0065710521303117275
-0.02433483861386776
0.028039930388331413
0.015052744187414646
-0.011476748622953892
-0.020449010655283928
-0.018486730754375458
0.013942507095634937
-0.0018380226101726294
0.028969431295990944
0.013413208536803722
0.012645079754292965
-0.02638748660683632
-0.009908217005431652
0.019932622089982033
-0.015504584647715092
-0.00951447058469057
-0.011851130984723568
-0.018435092642903328
-0.0013192129554226995
-0.005515681579709053
0.004563589114695787
-0.017634689807891846
0.004127885680645704
0.014807458966970444
0.022023998200893402
0.004179524723440409
-0.0029256672132760286
-0.020449010655283928
-0.005238122306764126
0.024593032896518707
0.019571149721741676
-0.011812401935458183
0.005573775619268417
0.006842156406491995
0.0032435692846775055
-0.016756828874349594
-0.0015991926193237305
0.019945530220866203
-0.030208764597773552
-0.004040745086967945
-0.05329136177897453
0.009204636327922344
0.013271201401948929
-0.01635662652552128
0.010431060567498207
-0.02112031728029251
0.025896916165947914
-0.020720114931464195
0.032067764550447464
0.016550272703170776
0.003989106044173241
0.015904786065220833
-0.015517493709921837
-0.01816398836672306
-0.01065698079764843
-0.01941623166203499
0.029769834131002426
0.009482195600867271
0.01559495273977518
-0.0026819962076842785
-0.0013998986687511206
-0.020526468753814697
0.021752893924713135
0.029924752190709114
0.0003447300987318158
0.010017949156463146
-0.011967319063842297
0.005431768484413624
-0.007494097575545311
-0.005757738836109638
-0.0004990416928194463
-0.016705188900232315
-0.01615007035434246
0.015917696058750153
-0.013426117599010468
-0.0065742796286940575
0.004179524723440409
0.016511542722582817
0.01408451423048973
0.06604617089033127
-0.024838319048285484
-0.02313423343002796
0.015904786065220833
-0.015543313696980476
-0.02310841530561447
-0.006635600700974464
-0.015014014206826687
-0.0011021681129932404
0.013632673770189285
-0.023895908147096634
0.027549361810088158
0.0244897548109293
-0.005748056806623936
-0.033797670155763626
-0.022772761061787605
0.019971350207924843
-0.0036921824794262648
0.014433076605200768
-0.007197173777967691
-0.006751788314431906
0.041104577481746674
0.0023415021132677794
-0.004127885680645704
0.013322840444743633
-0.005883608944714069
-0.016537362709641457
0.012806450948119164
-0.004954108502715826
0.01159939169883728
-0.03480462729930878
0.010527883656322956
0.02117195539176464
0.02314714342355728
0.006997073069214821
0.015982244163751602
-0.008759250864386559
-0.007849114947021008
-0.0037405940238386393
-0.0038374168798327446
0.009230456314980984
0.020849211141467094
0.010882901027798653
-0.00817831326276064
0.02420574240386486
0.02330205962061882
0.013361569494009018
-0.007855569943785667
0.005935247987508774
-0.004834693390876055
-0.0016847195802256465
0.0007281893631443381
0.009882397018373013
-0.0001568330335430801
0.020849211141467094
0.017453953623771667
0.003398486180230975
0.011760762892663479
-0.013006552122533321
0.022553296759724617
0.020965399220585823
0.00901099108159542
0.005702872760593891
0.00507997814565897
-0.028866153210401535
-0.012838725000619888
0.025031963363289833
-0.03875500708818436
-0.017428133636713028
-0.0273169856518507
0.004321531858295202
0.0003844678576570004
-0.016434084624052048
0.0014224906917661428
0.010773168876767159
-0.03023458458483219
-0.011470293626189232
0.004944426007568836
-0.025961464270949364
-0.0069389790296554565
0.027936652302742004
-0.007151989731937647
0.029563279822468758
0.029950570315122604
0.00365022593177855
0.010902266018092632
0.0029046889394521713
0.027859194204211235
0.01317437831312418
0.015220570378005505
0.005012202076613903
-0.01374886091798544
-0.006906704977154732
-0.03547593578696251
-0.022772761061787605
-0.019919712096452713
-0.0008746341336518526
0.012199693359434605
0.019880982115864754
-0.007855569943785667
0.08045343309640884
0.007429549004882574
-0.005112252663820982
0.014936556108295918
0.010230960324406624
0.014071604236960411
-0.0013159854570403695
-0.0023640941362828016
-0.01821562647819519
0.0005942509742453694
0.013697221875190735
-0.01215450931340456
0.015440035611391068
-0.02620675042271614
-0.007145534735172987
0.018990211188793182
0.0010553703177720308
0.022708212956786156
0.015724049881100655
-0.0015838623512536287
0.02445102669298649
-0.011444474570453167
0.009449921548366547
0.01266444381326437
-0.013697221875190735
0.023973366245627403
0.02427029050886631
-0.00253837532363832
-0.00239636842161417
-0.03173211216926575
-0.007655469235032797
0.013619763776659966
-0.051329080015420914
-0.018886933103203773
-0.004444174002856016
-0.026594040915369987
0.002381844911724329
-0.015130202285945415
0.0016467972891405225
0.0038922831881791353
-0.014949466101825237
0.008623698726296425
-0.028039930388331413
-0.04523568972945213
-0.021662525832653046
0.005047704093158245
-0.021443059667944908
-0.005602822173386812
-0.014394347555935383
