-0.0265298243612051
-0.010295731015503407
0.0038046645931899548
-0.020822826772928238
-0.048355232924222946
0.006992356851696968
-0.0353216826915741
0.005539900157600641
-0.02732674777507782
-0.006812406238168478
-0.010295731015503407
-0.00898466445505619
0.0003683358954731375
0.004816885571926832
-0.009389552287757397
0.008123473264276981
0.03128565475344658
-0.012673646211624146
-0.011542529799044132
-0.0033580022864043713
-0.020630022510886192
0.012596525251865387
-0.005838746204972267
-0.014473150484263897
-0.018239254131913185
0.025797169655561447
0.007994937710464
-0.03812376782298088
-0.005809825845062733
-0.008142753504216671
-0.021645456552505493
-0.0048811533488333225
-0.017223820090293884
-0.01003865897655487
-0.002175471279770136
-0.007699304725974798
0.007287989370524883
0.04221121221780777
0.027043968439102173
0.02222386933863163
0.002090316265821457
0.0029466871637851
0.009222456254065037
0.01235873345285654
0.013689081184566021
0.01379190944135189
-0.025668632239103317
-0.005179999396204948
-0.0464014858007431
0.015501437708735466
0.004431277513504028
0.001499854144640267
-0.012165929190814495
-0.01048210822045803
-0.003402989823371172
-0.02066858299076557
-0.0023136474192142487
0.01973027177155018
-0.0028197579085826874
-0.019151858985424042
-0.0016822145553305745
-0.0036761288065463305
-0.03922917693853378
0.009074639528989792
0.00856049545109272
0.01366337388753891
0.004672282375395298
0.015000147745013237
-0.0037982380017638206
-0.007056624628603458
0.01589989848434925
0.018187839537858963
-0.015270072966814041
-0.007467939984053373
0.0432652086019516
-0.0069795032031834126
-0.02298223040997982
-0.019601736217737198
0.025797169655561447
0.009665904566645622
0.010662058368325233
-0.005604168400168419
-0.031105704605579376
0.025283025577664375
0.010829155333340168
0.015848485752940178
-0.004675495903939009
0.009768733754754066
0.005928721744567156
-0.026169924065470695
-0.014486003667116165
0.024653198197484016
0.011221189983189106
0.0038367987144738436
-0.017943620681762695
0.015989875420928
-0.013637666590511799
0.04287960007786751
-0.03311086446046829
-0.046992748975753784
-0.01376620214432478
-0.00845766719430685
-0.016131263226270676
-0.0002100759738823399
-0.029588980600237846
0.00995511095970869
0.005404937546700239
0.00857977569103241
0.015874192118644714
-0.03370213136076927
0.0026269538793712854
0.048766545951366425
-0.027223918586969376
-0.006793125998228788
0.004675495903939009
-0.008823994547128677
0.018534887582063675
-0.019627442583441734
-0.013650519773364067
0.002207605168223381
0.013277765363454819
0.02107989974319935
0.030103124678134918
-0.006831686943769455
0.05979493260383606
0.02141409181058407
-0.030180245637893677
-0.00857977569103241
-0.02107989974319935
-0.014845904894173145
0.0034254835918545723
-0.0010973758762702346
-0.008991091512143612
0.012827889993786812
0.009460247121751308
-0.009556649252772331
-0.0039042800199240446
0.01893334835767746
-0.028560692444443703
-0.007101612165570259
0.006934515666216612
0.02235240489244461
-0.0024711040314286947
-0.03336793929338455
0.007075905334204435
0.011574664153158665
0.03429339826107025
0.011163349263370037
-0.0030591560062021017
-0.011568237096071243
0.010263597592711449
-0.04221121221780777
0.021953944116830826
0.0008724379003979266
0.021606896072626114
0.0010805055499076843
0.014357468113303185
0.023419253528118134
-0.018354935571551323
0.004235260188579559
-0.021568335592746735
-0.016606846824288368
0.005726277362555265
0.008271289989352226
0.0098458556458354
0.012506550177931786
0.014820197597146034
-0.001371318125165999
0.002789230551570654
0.021915383636951447
0.01750659942626953
0.03228823468089104
-0.019923076033592224
0.02784089185297489
-0.0074743665754795074
0.02740386873483658
-0.0018685916438698769
0.003971761558204889
-0.02248094044625759
-0.012718633748590946
-0.036118607968091965
0.00319893890991807
0.01471736840903759
0.002853498561307788
-0.018689129501581192
0.010321438312530518
0.010636351071298122
0.014408881776034832
0.007455086335539818
0.013997566886246204
0.017725110054016113
0.021902529522776604
-0.00428024772554636
-0.0011295098811388016
-0.6404176354408264
-0.0032021524384617805
-0.007339403964579105
-0.007030917331576347
0.01897190883755684
0.01902332343161106
0.03305945172905922
-0.0018252107547596097
0.00042898880201391876
-0.031054290011525154
-0.002985247876495123
0.034344810992479324
0.01985880732536316
-0.030077416449785233
0.0024245097301900387
-0.02976893074810505
-0.0017288087401539087
-0.016902480274438858
0.02910054288804531
-0.032108284533023834
-0.041851311922073364
0.035398807376623154
0.015231512486934662
0.021696871146559715
-0.0049229278229177
-0.024910271167755127
0.027146797627210617
0.00027052804944105446
0.003823945065960288
-0.005909441038966179
-0.017275234684348106
0.03185121342539787
-0.0108163021504879
0.021221289411187172
0.05984634906053543
0.017699403688311577
-0.0216326043009758
0.01834208332002163
0.024396127089858055
0.016375482082366943
0.005045036785304546
-0.018779104575514793
0.00525069423019886
-0.004402357153594494
-0.0017561226850375533
0.005854813382029533
0.022365259006619453
-0.014550271444022655
0.00250323791988194
0.02830362133681774
-0.0162726528942585
0.016285507008433342
-0.010270023718476295
0.014498857781291008
0.0006338430102914572
0.00022333124070428312
0.010507815517485142
0.011195482686161995
0.005311748944222927
0.015745656564831734
-0.007030917331576347
0.009627344086766243
-0.012789328582584858
-0.018277814611792564
-0.028483571484684944
0.033213693648576736
-0.02399766631424427
-0.010546375997364521
0.015552852302789688
-0.015591412782669067
0.018252108246088028
0.02214674837887287
0.0021561908069998026
0.0021433373913168907
0.013547691516578197
0.008907542563974857
0.005414577666670084
-0.002565899398177862
-0.004042456392198801
0.007744292262941599
-0.006269341800361872
-0.008271289989352226
-0.031439896672964096
0.03036019578576088
0.0008619943400844932
-0.03390778973698616
-0.00997439119964838
0.008907542563974857
0.020565755665302277
0.0015183311188593507
-0.007435805629938841
0.004681922495365143
-0.0003452395903877914
-0.024061933159828186
-0.008155607618391514
0.025450121611356735
-0.00020264499471522868
-0.001833244226872921
0.007744292262941599
-0.012596525251865387
-0.009601636789739132
-0.023714886978268623
0.004611228127032518
0.0021417306270450354
0.018072158098220825
-0.005536687094718218
-0.018817665055394173
0.008862555027008057
0.04365081340074539
-0.018612008541822433
-0.01948605291545391
-0.008753299713134766
-0.006050830706954002
-0.017442330718040466
-0.000996957067400217
-0.032365355640649796
0.011683919467031956
0.0032583868596702814
0.012686500325798988
-0.01712099090218544
0.019511759281158447
-0.001599469454959035
0.02904912829399109
0.0005603365134447813
-0.0031330641359090805
0.008534788154065609
-0.02205677144229412
-0.00856049545109272
-0.006240421440452337
-0.014511710964143276
-0.0017529092729091644
-0.00635610381141305
0.021324116736650467
-0.0020854962058365345
0.017146699130535126
-0.004318808671087027
0.017480891197919846
-0.018252108246088028
-0.019678857177495956
-0.015000147745013237
-0.010893423110246658
-0.01518009789288044
0.008393398486077785
-0.010803448036313057
-0.028226498514413834
-0.022468088194727898
-0.02294366993010044
0.01412610337138176
0.010051513090729713
0.015617120079696178
-0.004264180548489094
0.017956474795937538
-0.03172267600893974
0.002257412998005748
0.015282927080988884
-0.0089203966781497
-0.041388582438230515
-0.013149229809641838
-0.022198161110281944
-0.00247271079570055
-0.006307902745902538
-0.011208336800336838
-0.006060470826923847
0.02383056841790676
-0.024473248049616814
0.006066897884011269
0.004730123560875654
0.005115731619298458
-0.014627393335103989
-0.05074600130319595
-0.011690346524119377
7.862786151235923e-05
-0.030565854161977768
0.011979551985859871
0.021709725260734558
0.018059303984045982
-0.005539900157600641
0.0003394153027329594
-0.03241677209734917
-0.01944749243557453
-0.0036150740925222635
0.01467880792915821
-0.02758381888270378
0.0010797021677717566
0.0010306978365406394
0.013380594551563263
0.01817498542368412
0.010552803054451942
0.012185209430754185
0.02331642434000969
0.006131165660917759
0.006054044235497713
-0.002920979866757989
0.018226400017738342
0.012538683600723743
-0.001982667250558734
-0.00547241885215044
-0.014331760816276073
0.014910172671079636
0.03082292526960373
0.009665904566645622
-0.016349775716662407
0.04372793808579445
-0.019139006733894348
0.022198161110281944
-0.004505185876041651
-0.005382443778216839
-0.011568237096071243
0.03817518427968025
0.019074738025665283
0.00617936672642827
-0.005282828118652105
-0.0028454649727791548
-0.00955022219568491
0.015668533742427826
0.006070110946893692
0.0012251085136085749
-0.001683821203187108
-0.007667170371860266
-0.00022795051336288452
0.002578752813860774
-0.002519305096939206
0.015128683298826218
-0.012281611561775208
-0.012435855343937874
0.006095818243920803
0.009601636789739132
0.009055359289050102
0.009640197269618511
-0.01102838572114706
0.00379502447322011
0.006327182985842228
-0.00425775395706296
0.03231394290924072
0.03652992099523544
0.020732851698994637
0.006343250162899494
-0.01586133800446987
0.039023518562316895
0.02133697085082531
0.017480891197919846
0.02248094044625759
0.013521984219551086
-0.0018252107547596097
-0.010559230111539364
-0.0034736846573650837
0.019383223727345467
0.007911388762295246
-0.007821413688361645
0.0038046645931899548
-0.02381771430373192
-0.0007880861521698534
-0.02640128880739212
-0.015912752598524094
-0.0016709675546735525
-0.02192823588848114
0.006818833295255899
-0.002567505929619074
0.015308634378015995
0.01640119031071663
0.016851065680384636
0.028020842000842094
0.0013729247730225325
0.008226302452385426
-0.002485564211383462
0.00403602933511138
0.0023345346562564373
-0.013226351700723171
-0.03449905291199684
0.010411413386464119
-0.01092555746436119
-0.006205074023455381
-0.00283582485280931
-0.020604316145181656
0.020887095481157303
-0.005067530553787947
0.029383322224020958
-0.010077220387756824
0.023136474192142487
0.0013440041802823544
-0.03542451187968254
-0.008084912784397602
0.006542481016367674
0.029074836522340775
0.007545061409473419
-0.0050353966653347015
-0.010160768404603004
-0.021581189706921577
-0.03431910276412964
0.004977555479854345
0.027301039546728134
-0.017866499722003937
0.01619553193449974
-0.003888213075697422
-0.007487220223993063
-0.0046594287268817425
0.02660694532096386
-0.012024539522826672
0.0197816863656044
-0.007416525389999151
2.866954673663713e-05
-0.013393447734415531
-0.01573280245065689
-0.014486003667116165
0.015000147745013237
0.02597711980342865
-0.02719821035861969
0.0067995525896549225
-0.0010949658462777734
-0.031645555049180984
-0.001248405547812581
-0.02488456293940544
-0.0019055457087233663
0.010462827980518341
-0.010636351071298122
0.023933397606015205
0.005716637242585421
-0.009755879640579224
0.01856059394776821
-0.010604217648506165
0.0020951363258063793
-0.0037725307047367096
-0.006391451228410006
0.0029482936952263117
0.03213399276137352
0.00994868390262127
-0.013611959293484688
0.023560643196105957
-0.011169775389134884
0.0085990559309721
-0.012577245011925697
-0.03563017025589943
0.016259800642728806
-0.0076093291863799095
0.0019328596536070108
0.0030623695347458124
0.015707096084952354
0.012018113397061825
-0.015372902154922485
0.0207971204072237
-0.005263547878712416
0.011645358987152576
0.027429575100541115
0.03395920246839523
-0.001733628916554153
-0.0016950680874288082
0.008727592416107655
0.007545061409473419
0.03107999823987484
0.025270171463489532
0.02087424136698246
0.03485895320773125
-0.012834316119551659
-0.019370371475815773
-0.010366425849497318
0.02969180978834629
0.02631131373345852
0.007911388762295246
-0.0010371245443820953
-0.024306152015924454
0.005298895295709372
0.029460445046424866
0.003496178425848484
0.019010469317436218
0.018277814611792564
0.038689326494932175
-0.0004711646761279553
0.005199280101805925
0.019126152619719505
-0.0038400120101869106
0.0022381325252354145
-0.006105458363890648
-0.016671115532517433
-0.022545209154486656
0.03015453927218914
0.014858758077025414
-0.0007587638683617115
0.00666458997875452
0.004861873108893633
0.015655681490898132
-0.008406252600252628
0.005356736481189728
-0.0077892797999084
-0.021773993968963623
0.00333229498937726
-0.013534837402403355
0.018830519169569016
-0.013521984219551086
-0.03015453927218914
-0.025231610983610153
-0.010077220387756824
-0.002797264140099287
-0.02335498481988907
-0.002671941416338086
0.00946667417883873
-0.04406213015317917
-0.00811704620718956
0.009582356549799442
-0.013573398813605309
0.0027378161903470755
0.009350991807878017
-0.01140756718814373
0.0032326795626431704
0.02235240489244461
-0.01273791491985321
0.011356152594089508
0.008226302452385426
-0.022763719782233238
-0.020334390923380852
-0.014550271444022655
0.016581140458583832
-0.016079850494861603
-0.004135644994676113
0.005160719156265259
-0.023226449266076088
-0.013959006406366825
-0.01088056992739439
0.003727543167769909
-0.03313657268881798
0.011266177520155907
-0.01422893162816763
0.0056234486401081085
-0.012108088470995426
-0.014048981480300426
-0.010726327076554298
-0.020000196993350983
-0.01838064379990101
0.0017047083238139749
-0.015064415521919727
0.007667170371860266
-0.01859915442764759
0.00940240640193224
-0.022622330114245415
0.0025546522811055183
0.001128706499002874
0.010321438312530518
0.0050096893683075905
-0.018110718578100204
0.013534837402403355
-0.01422893162816763
-0.0186762772500515
0.05763552710413933
8.530570630682632e-05
-0.02259662374854088
0.0010660451371222734
-0.030514439567923546
0.01140756718814373
-0.008785433135926723
-0.019408931955695152
-0.003534739138558507
-0.003043089061975479
-0.02969180978834629
-0.011574664153158665
-0.0017272020922973752
-0.01467880792915821
0.0403088815510273
-0.010797020979225636
-0.04555314779281616
-0.030103124678134918
-0.008065631613135338
-0.020514341071248055
0.018457764759659767
0.019139006733894348
0.005780905019491911
-0.0022284924052655697
0.025964265689253807
0.016838211566209793
-0.021439800038933754
0.02455037087202072
-0.032571014016866684
-0.00013897952158004045
-0.0007579605444334447
-0.024974538013339043
0.03267384320497513
0.004219193011522293
0.005353522952646017
-0.022172454744577408
0.013162082992494106
-0.019460346549749374
-0.0033547887578606606
-0.014074688777327538
-0.014344613999128342
0.019151858985424042
-0.0028599253855645657
0.023959103971719742
-0.0085990559309721
-0.0064749992452561855
-0.013689081184566021
0.0019344663014635444
0.0117417611181736
0.009074639528989792
-0.007821413688361645
-0.036041487008333206
0.012455135583877563
0.0006085374625399709
0.008277716115117073
-0.008798287250101566
-0.02496168576180935
-0.003952480852603912
0.031105704605579376
-0.02185111492872238
-0.02298223040997982
-0.0076093291863799095
-0.010379279963672161
0.00023216809495352209
0.00357329985126853
-0.0008925216388888657
0.027738062664866447
0.00018075370462611318
-0.004640148486942053
0.03452476114034653
0.01553999911993742
-0.003730756463482976
0.010000098496675491
0.03930629789829254
-0.026002826169133186
-0.0013062467332929373
-0.01593846082687378
0.0030928966589272022
0.027686648070812225
-0.005112518090754747
-0.025437267497181892
0.013065680861473083
0.02588714472949505
0.01678679697215557
-0.005919081158936024
0.0048811533488333225
0.00660032220184803
-0.011992406100034714
-0.0014789670240134
0.016182677820324898
-0.017133845016360283
0.023637764155864716
-0.028020842000842094
-0.016773944720625877
-0.0088754091411829
-0.0008354837773367763
-0.02251950092613697
-0.005723063834011555
0.008393398486077785
-0.0029434736352413893
0.007249428890645504
-0.013290619477629662
0.012705780565738678
0.014177517034113407
-0.01520580518990755
0.04074590280652046
-0.004505185876041651
0.0255143903195858
0.04090014472603798
-0.004598374478518963
-0.035861536860466
-0.015719948336482048
0.0022750867065042257
-0.00666458997875452
0.029254786670207977
0.026812603697180748
0.004884366877377033
-0.02525731734931469
0.017236674204468727
0.017943620681762695
-0.009788013994693756
-0.02054004743695259
-0.002365061780437827
0.0012933932011947036
0.009248162619769573
-0.032031163573265076
0.0163626279681921
-0.030565854161977768
0.03149131312966347
-0.01288573071360588
-0.0017995035741478205
-0.019768832251429558
-0.023162182420492172
-0.028894886374473572
0.044344909489154816
0.008386972360312939
0.014665953814983368
-0.005016116425395012
-0.003955694381147623
-0.006812406238168478
-0.00940240640193224
-0.021349824965000153
-0.017570866271853447
0.004203126300126314
0.01839349791407585
0.017018161714076996
0.012339453212916851
-0.0035218854900449514
-0.031902626156806946
0.018187839537858963
-0.0037436101119965315
-0.0006993160350248218
0.03323940187692642
-0.0016412436962127686
0.004476265050470829
0.015257219783961773
0.00668387021869421
-0.00565236946567893
0.006394664291292429
0.011555383913218975
-0.0063818106427788734
0.007975656539201736
0.019010469317436218
-0.012307318858802319
0.015797071158885956
-0.052905406802892685
-0.0067995525896549225
-0.007043770980089903
-0.014357468113303185
-0.020295830443501472
-0.0178407933562994
0.012551537714898586
-0.0244989562779665
-0.0028422516770660877
0.013740494847297668
0.01597702130675316
0.014383175410330296
0.006767418701201677
0.012063100934028625
0.016465457156300545
0.010700619779527187
-0.038560789078474045
-0.001511904294602573
0.001590632600709796
0.006092604715377092
0.00403602933511138
0.009460247121751308
-0.0014082721900194883
-0.01138828694820404
0.017853645607829094
-0.017930768430233
-0.050463221967220306
-0.036966945976018906
0.012487269006669521
0.007821413688361645
-0.018110718578100204
-0.007114465814083815
0.02871493622660637
-0.001751302625052631
0.018573448061943054
0.01569424197077751
-0.008001363836228848
-0.001897512236610055
-0.013072107918560505
-0.020719997584819794
0.002390769077464938
-0.017699403688311577
0.013573398813605309
-0.0021610110998153687
-0.004283461254090071
-0.015321487560868263
-0.02850927785038948
-0.027635233476758003
-0.0005290058325044811
0.03403632342815399
-0.03431910276412964
0.0023811287246644497
-0.022506648674607277
-0.019768832251429558
-0.02501310035586357
-0.010655632242560387
0.001250815694220364
-0.012924292124807835
-0.010302158072590828
0.004678709432482719
-0.005112518090754747
0.027301039546728134
-0.0163626279681921
0.01703101582825184
-0.011311165057122707
-0.0265298243612051
0.0013600712409242988
-0.00933813862502575
-0.010777740739285946
0.04748118668794632
0.004913287237286568
-0.009453820995986462
-0.00807205867022276
0.005141438916325569
-0.02050148695707321
0.0038689326029270887
0.016966747120022774
0.023753447458148003
-0.005748771131038666
-0.0089203966781497
0.011992406100034714
0.022288136184215546
-0.00343191041611135
0.009614490903913975
-0.011041239835321903
-0.014074688777327538
0.0022525929380208254
-0.0027265693061053753
0.004980769008398056
-0.0009118020534515381
-0.0016484737861901522
-0.00856049545109272
0.030103124678134918
-0.011780321598052979
0.004469838459044695
0.0008005381096154451
-0.009858708828687668
-0.0021240569185465574
-0.00040589249692857265
0.017725110054016113
0.0076543171890079975
-0.002101563150063157
0.011581091210246086
-0.016606846824288368
-0.00893967691808939
0.013599105179309845
-0.00904893223196268
-0.013933299109339714
-0.01623409241437912
0.02956327237188816
0.000170310158864595
0.052519798278808594
-0.002279906766489148
-0.004402357153594494
0.016838211566209793
-0.027712354436516762
0.004755830857902765
0.005045036785304546
-0.009730173274874687
0.018791958689689636
-0.0064075179398059845
-0.02817508392035961
-0.001772189629264176
-0.004688349552452564
-0.008104193024337292
-0.008091338910162449
0.007956376299262047
0.0007137763313949108
0.026247045025229454
0.0026205270551145077
-0.012911438010632992
-0.022699452936649323
-0.02982034534215927
-0.017699403688311577
-0.004511612467467785
-0.022635184228420258
0.013252058066427708
0.02416476234793663
0.0023811287246644497
-0.0034833247773349285
-0.004762257449328899
-0.01606699638068676
-0.02442183345556259
-0.011947418563067913
0.004717269912362099
-0.0028599253855645657
0.003878572955727577
-0.01524436566978693
-0.00811704620718956
0.00041091343155130744
0.0032969475723803043
0.018110718578100204
-0.02982034534215927
0.021105606108903885
0.20534905791282654
-0.02976893074810505
-0.011439701542258263
0.027378162369132042
-0.008309850469231606
0.0058869472704827785
0.01821354776620865
-0.0028663522098213434
0.003181265201419592
0.014164663851261139
0.02758381888270378
-0.02045007236301899
-0.008303423412144184
-0.0007692074286751449
0.004784751683473587
-0.003682555630803108
-0.028997715562582016
-0.014961587265133858
0.008978237397968769
-0.025334440171718597
0.022043919190764427
0.011227617040276527
0.007635036483407021
0.001841277815401554
0.019768832251429558
0.0017786164535209537
-0.0005490895709954202
-0.01193456444889307
0.01843205839395523
-0.010334291495382786
-0.01669682189822197
0.0013174937339499593
-0.015000147745013237
0.004910074174404144
0.003595793852582574
0.017480891197919846
0.007429379038512707
-0.016722530126571655
0.013252058066427708
0.03141419216990471
0.012827889993786812
-0.03095146082341671
0.019280394539237022
-0.01577136293053627
-0.009942256845533848
0.06169726699590683
-0.00443770457059145
-0.012204490602016449
0.02344495989382267
-0.0014894105261191726
-0.034344810992479324
0.031311362981796265
0.007911388762295246
0.016838211566209793
0.0017047083238139749
0.008637617342174053
0.02605424076318741
0.0023088273592293262
0.020090172067284584
0.026349874213337898
-0.009620917029678822
0.01961458846926689
-0.002978821052238345
0.01732664927840233
-0.03185121342539787
0.006767418701201677
-0.02353493683040142
-0.032699551433324814
-0.0024598571471869946
-0.00032555751386098564
0.017827939242124557
-0.0024212964344769716
-0.02107989974319935
-0.01224947813898325
-0.015514291822910309
-0.02213389426469803
0.02483314834535122
0.02956327237188816
0.0067995525896549225
0.023676324635744095
-0.010848435573279858
0.011240470223128796
-0.03681270033121109
0.01467880792915821
-0.0029579340480268
0.00551419286057353
0.02209533378481865
0.01863771490752697
-0.0010282878065481782
-0.02917766571044922
-0.01094483770430088
0.025964265689253807
0.004476265050470829
-0.02627275139093399
0.006005843169987202
0.013419155031442642
0.01191528420895338
0.0012845563469454646
-0.020899947732686996
0.00013737281551584601
-0.01817498542368412
0.0441906675696373
-0.0018236041069030762
0.006818833295255899
-0.011439701542258263
0.015308634378015995
-0.030437316745519638
-0.002982034580782056
0.014447443187236786
-0.024396127089858055
0.020809972658753395
-0.037044066935777664
-0.00613437918946147
-0.01847061887383461
-0.014100396074354649
0.03408773988485336
0.007718584965914488
-0.026079948991537094
0.030797218903899193
0.015102976001799107
0.01332917995750904
-0.008547642268240452
-0.009171041660010815
0.004508398938924074
-0.03159414231777191
-0.03208257630467415
-0.03969190642237663
0.017069576308131218
0.0014837870839983225
-0.015617120079696178
-0.00022995888139121234
0.008187741041183472
0.03850937634706497
0.019755978137254715
0.01569424197077751
0.004990409128367901
-0.01370193436741829
-0.007088758517056704
-0.012545110657811165
0.00668387021869421
0.015565705485641956
-0.0027008620090782642
-0.011780321598052979
-0.015038708224892616
-0.0068638208322227
-0.00595764210447669
0.008309850469231606
0.020681437104940414
-0.003910706844180822
-0.011465408839285374
-0.003891426371410489
-0.04866371676325798
-0.014807343482971191
-0.017442330718040466
-0.004209552891552448
0.020925655961036682
-0.017956474795937538
-0.013689081184566021
0.00639787781983614
-0.010790594853460789
-0.03228823468089104
0.009036079049110413
0.012403720989823341
0.008644044399261475
-0.013586251996457577
0.009858708828687668
-0.1601044088602066
-0.0015568919479846954
0.011626078747212887
-0.014306053519248962
0.007075905334204435
-0.003965334501117468
0.01092555746436119
0.02521875686943531
0.0036504215095192194
0.0008298603352159262
0.0028792056255042553
0.012236624024808407
-0.03688982501626015
-0.03205687180161476
0.0042673940770328045
-0.004983982071280479
-0.02320074290037155
0.016182677820324898
0.03969190642237663
0.005796972196549177
0.005369590129703283
-0.004077803809195757
-0.017763670533895493
-0.0169153343886137
0.002149763982743025
-0.0063818106427788734
-0.00816203374415636
0.003460831008851528
0.00549169909209013
-0.0026269538793712854
-0.0016219632234424353
0.0005920688272453845
0.016928186640143394
0.006417158059775829
-0.001394615275785327
0.008039925247430801
-0.004688349552452564
0.00518642645329237
-0.00660032220184803
0.012204490602016449
0.012654365971684456
0.04097726568579674
0.007185160648077726
-0.014434589073061943
0.014113249257206917
0.021915383636951447
0.03748108819127083
-3.1958257750375196e-05
0.02791801281273365
-0.017725110054016113
0.041311461478471756
-0.010636351071298122
0.00847694743424654
0.0006816423265263438
0.027223918586969376
0.01001295167952776
0.015552852302789688
-0.007680024020373821
0.012455135583877563
-0.012140221893787384
-0.0072172945365309715
-0.018650569021701813
0.009036079049110413
-0.006564974784851074
0.00247271079570055
-0.041979849338531494
-0.012037393637001514
0.00944739393889904
-0.0029547205194830894
0.00040689666639082134
0.012525830417871475
-0.000263097055722028
0.0027024687733501196
0.0005077170790173113
0.004527679644525051
0.032365355640649796
-0.00021770779858343303
0.03976902738213539
0.008110620081424713
-0.012075954116880894
-0.014910172671079636
0.029743222519755363
-0.0045501734130084515
-0.007410098798573017
-0.005154292564839125
0.007911388762295246
0.00456624012440443
0.003377282526344061
-0.0038753594271838665
0.023457814007997513
0.005896587390452623
-0.026324165984988213
-0.008714738301932812
-0.0236634723842144
0.018946202471852303
0.03524456173181534
-0.013676227070391178
0.008946103043854237
0.008836847729980946
-0.01415181066840887
-0.00016900472110137343
0.0019200060050934553
-0.016555432230234146
-0.0016155365156009793
0.030334489420056343
-0.01826496049761772
0.006523200310766697
0.022236723452806473
0.035398807376623154
-0.0068445405922830105
-0.03555304929614067
-0.008772579953074455
-0.008753299713134766
0.017146699130535126
0.0007402868359349668
0.012467988766729832
0.015360048040747643
0.010218609124422073
0.019460346549749374
-0.027249624952673912
0.065090611577034
-0.019151858985424042
-0.01767369545996189
0.034344810992479324
-0.010404986329376698
-0.022326698526740074
-0.1172248050570488
-0.042905308306217194
-0.002058182144537568
0.031131410971283913
0.008174887858331203
0.008194168098270893
-0.002903306158259511
0.004129217937588692
0.00045268761459738016
0.015707096084952354
-0.028483571484684944
-0.015090122818946838
0.0030848633032292128
0.0001526364649180323
-0.016966747120022774
0.028869178146123886
-0.019935928285121918
-0.010237890295684338
-0.01708243042230606
0.019344663247466087
0.007249428890645504
0.01037285290658474
-0.01127903163433075
0.016041288152337074
-0.0034511908888816833
0.000523382390383631
-0.02564292587339878
0.001651687198318541
0.018701983615756035
0.0011262964690104127
-0.018714837729930878
-0.012815035879611969
0.01043712068349123
-0.02353493683040142
0.026426995173096657
0.005970495752990246
-0.032545305788517
-0.02572004683315754
0.019717417657375336
-0.015617120079696178
0.014550271444022655
0.02335498481988907
0.011285457760095596
-0.022712305188179016
0.008425532840192318
-0.0118317361921072
-0.009216029196977615
-0.00938312616199255
-0.01237801369279623
-0.015360048040747643
-0.011150495149195194
-0.029126251116394997
-0.06262272596359253
-0.0029723942279815674
0.01754515990614891
-0.025064513087272644
-0.005090024322271347
-0.0038946398999542
-0.023496374487876892
-0.04097726568579674
-0.014730222523212433
-0.005944788455963135
-0.0010660451371222734
0.030514439567923546
0.015000147745013237
-0.017442330718040466
-0.026838310062885284
-0.01910044439136982
0.013059254735708237
0.0042063393630087376
0.007834266871213913
-0.00611509894952178
-0.007699304725974798
-0.024229031056165695
-0.008843274787068367
0.012281611561775208
-0.022275283932685852
-0.010694192722439766
-0.009556649252772331
0.00041412681457586586
0.0009455427061766386
-0.01244228146970272
-0.0017577293328940868
-0.0020356883760541677
0.03755820915102959
0.01922898180782795
0.0020453284960240126
0.002501631388440728
0.007275135722011328
-0.010167195461690426
-0.002967574167996645
0.018881933763623238
0.0034929648973047733
-0.005841959733515978
0.010707045905292034
0.0027410294860601425
-0.005748771131038666
-0.001915185945108533
0.008406252600252628
0.006947369314730167
-0.035990070551633835
-0.01919041946530342
-0.060360491275787354
0.017558014020323753
0.036375679075717926
0.001400238717906177
-0.0015576953301206231
-0.024807441979646683
0.018740544095635414
-0.002479137619957328
0.041054390370845795
0.007153026759624481
-0.015437169931828976
0.007943523116409779
-0.022930817678570747
-0.002201178576797247
-0.023303572088479996
-0.02201821096241474
0.03359930217266083
-0.004791178274899721
0.030925754457712173
0.014331760816276073
0.013971859589219093
0.01098339818418026
0.005967282224446535
0.015424316748976707
-0.013059254735708237
-0.0005358343478292227
-0.010366425849497318
-0.001391401863656938
-0.0098908431828022
0.005546327214688063
0.01233302615582943
-0.0197816863656044
-0.026966845616698265
0.013052827678620815
0.003263206919655204
-0.012725060805678368
0.008226302452385426
0.030514439567923546
0.012667220085859299
0.06622172892093658
-0.014935879968106747
-0.02037295140326023
0.01800788938999176
-0.010507815517485142
-0.029383322224020958
-0.005475632380694151
-0.00940240640193224
0.003303374396637082
0.008438386023044586
-0.012223770841956139
0.03437051922082901
0.0293062012642622
-0.023175034672021866
-0.018779104575514793
-0.028740642592310905
0.016285507008433342
0.001567335450090468
-0.008862555027008057
-0.01140756718814373
-0.0019135792972519994
0.03444764018058777
-0.005485272500663996
-0.010032232850790024
0.00573591748252511
-0.01922898180782795
-0.0057776919566094875
0.006889528129249811
-0.006754565052688122
0.00661960244178772
-0.022930817678570747
-0.019961636513471603
0.026555530726909637
0.021182727068662643
0.012673646211624146
0.028534986078739166
-0.003724329639226198
-0.011060520075261593
-0.002696041949093342
-0.0035154586657881737
0.03095146082341671
-0.005314962472766638
-0.004019962623715401
-0.019884513691067696
0.02167116478085518
0.01695389486849308
0.007744292262941599
-0.004019962623715401
0.03362501040101051
-0.0186762772500515
0.004456984810531139
-0.02095136232674122
0.011144068092107773
-0.0004916500765830278
0.01323920488357544
-0.001218681689351797
0.003189298789948225
0.0011447734432294965
-0.014138956554234028
0.03904922679066658
0.04018034413456917
0.019871661439538002
-0.01989736780524254
0.019408931955695152
-0.030720096081495285
-0.03172267600893974
0.01415181066840887
-0.040000393986701965
-0.026375580579042435
-0.0007282366277649999
0.019074738025665283
0.007365111261606216
-0.006992356851696968
0.002083889441564679
-0.0014845904661342502
-0.028020842000842094
-0.024267591536045074
0.008933249861001968
-0.011073374189436436
-0.018033595755696297
0.01944749243557453
-0.0019280395936220884
0.030977169051766396
0.01919041946530342
0.005613808520138264
-0.004167778883129358
0.01686391979455948
0.02804654836654663
-0.02606709487736225
0.008798287250101566
0.005382443778216839
0.01100910548120737
-0.015025855042040348
-0.030205952003598213
-0.01704386994242668
-0.012538683600723743
-0.013149229809641838
0.014498857781291008
0.005851599853485823
-0.026504116132855415
0.07002639770507812
-0.01787935383617878
-0.005549540277570486
0.0089203966781497
-0.016221240162849426
0.005417791195213795
0.004707629792392254
-0.0026269538793712854
-0.018162133172154427
-0.011985979042947292
0.01817498542368412
-0.020038757473230362
0.020013051107525826
-0.01326491218060255
-0.03120853379368782
-0.007782852742820978
-0.027506697922945023
0.02812366932630539
-0.016632555052638054
-0.0011712840059772134
0.038817863911390305
-0.011555383913218975
0.01741662435233593
0.01030858512967825
-0.0071080392226576805
0.006902381777763367
0.03712118789553642
-0.007461512926965952
-0.0006888724747113883
-0.023586349561810493
0.012005259282886982
0.017776524648070335
-0.042442578822374344
-0.016851065680384636
0.0073715378530323505
-0.023226449266076088
0.00011728906974894926
-0.013676227070391178
-0.030668681487441063
-0.011163349263370037
-0.017956474795937538
0.030668681487441063
-0.015013000927865505
-0.019254688173532486
-0.01834208332002163
-0.007917815819382668
-0.012866450473666191
-0.0019874873105436563
-0.007680024020373821
