-0.00588530907407403
-0.007844943553209305
0.01406326238065958
-0.014793322421610355
-0.04119075834751129
0.01667610928416252
-0.041011445224285126
-0.00015539793821517378
-0.02229885198175907
-0.03381330892443657
-0.012385405600070953
0.015946049243211746
-0.0055587030947208405
0.011098193936049938
-0.0006868328200653195
-0.002231806516647339
0.037809427827596664
0.004421986639499664
0.009913447313010693
0.014396272599697113
-0.005542693194001913
0.03486357256770134
0.0062503390945494175
-0.010105568915605545
-0.025334365665912628
0.02979157492518425
0.011905102990567684
-0.02792159654200077
-0.0017547057941555977
-0.0062503390945494175
-0.0007957014604471624
-0.020236752927303314
-0.03501726686954498
-0.02702503092586994
-0.002993886824697256
-0.0009918250143527985
0.016957886517047882
0.04147253558039665
0.028971858322620392
0.021274207159876823
0.01804657280445099
0.00826761033385992
0.0021485539618879557
-0.02083873189985752
0.006035803817212582
0.014101686887443066
-0.010342517867684364
-0.01645837165415287
-0.023797396570444107
0.00767203513532877
0.005520279053598642
0.005356975831091404
-0.020172713324427605
0.008190762251615524
-0.00961245782673359
-0.004991945810616016
-0.006407237611711025
0.006359207443892956
0.0007444691727869213
-0.009535609744489193
0.0084341149777174
-0.00812031701207161
-0.030867451801896095
0.005910925101488829
0.003973704297095537
-0.003422957146540284
-0.01785445213317871
0.004377158358693123
-0.011540072970092297
0.038372982293367386
0.012679991312325
0.021440712735056877
-0.016022898256778717
-0.0022526197135448456
0.043444979935884476
-0.007486317772418261
-0.014396272599697113
-0.025705799460411072
0.010912477038800716
0.020121481269598007
0.007973024621605873
0.01576673611998558
-0.028100909665226936
0.004796622786670923
0.010227245278656483
0.015036676079034805
-0.006647389382123947
0.013563747517764568
-0.006615369115024805
-0.014562777243554592
-0.015728311613202095
0.016407139599323273
-0.0008669463568367064
0.01187948603183031
-0.018084997311234474
0.01702192798256874
-0.006749853957444429
0.019980592653155327
-0.01667610928416252
-0.025641759857535362
-0.00936910416930914
-0.02083873189985752
-0.014140111394226551
-0.004412380512803793
-0.040601588785648346
0.017521442845463753
-0.01136075984686613
0.0008005044655874372
0.007550358306616545
-0.018866289407014847
-0.01228934433311224
0.03104676492512226
-0.012583930045366287
-0.018251502886414528
0.01597166620194912
-0.018712593242526054
0.030534442514181137
-0.023656507954001427
-0.011187850497663021
-0.021299822255969048
0.023080145940184593
0.00012077611609129235
0.04472578689455986
0.0009606053936295211
0.011027749627828598
0.020364833995699883
-0.04244595021009445
-0.0012095622951164842
-0.027870364487171173
-0.007262176834046841
-0.01707316003739834
-0.005232097115367651
-0.0010254462249577045
0.015292837284505367
-0.019634773954749107
-0.014191343449056149
-0.00498554203659296
0.018866289407014847
-0.04300950467586517
-0.011303123086690903
0.012513485737144947
0.01901998557150364
0.0028113718144595623
-0.03657985106110573
-0.023797396570444107
0.018853481858968735
0.03404385596513748
0.033429067581892014
-0.0015465746400877833
-0.014370656572282314
0.012590334750711918
-0.05297418311238289
0.009471569210290909
0.0009477973217144608
0.00418183533474803
-0.005363380070775747
0.01038094237446785
0.01570269651710987
-0.010637103579938412
0.008306034840643406
-0.00895924586802721
0.006413641851395369
0.015613039024174213
0.010086356662213802
0.02486046776175499
0.01420415099710226
-0.0014417085330933332
-0.0016322286101058125
0.0025375992991030216
0.008376479148864746
0.026077233254909515
0.026410244405269623
-0.01538249384611845
0.0341719351708889
0.025705799460411072
0.033864542841911316
-0.0030595280695706606
-0.0023790993727743626
-0.01524160522967577
-0.020236752927303314
-0.01176421344280243
0.002374296309426427
-0.009881427511572838
0.00937550887465477
-0.016778573393821716
0.027127495035529137
0.010028719902038574
0.01716281659901142
0.013973605819046497
0.015664272010326385
0.025795456022024155
0.0016298270784318447
-0.010060740634799004
-0.011604112572968006
-0.6332310438156128
0.005802056286484003
0.001304822275415063
-0.003781583160161972
0.036144379526376724
-0.011565688997507095
0.025808263570070267
-0.002550407312810421
-0.0012191683053970337
-0.013935182243585587
0.007620802614837885
0.03194333240389824
0.011495244689285755
-0.02347719483077526
-0.020851541310548782
-0.030944300815463066
0.007089267484843731
-0.022119538858532906
0.020813116803765297
-0.018418006598949432
-0.0556894950568676
0.031149230897426605
0.0005023165722377598
0.02283679135143757
-0.004738986492156982
0.00016550430154893547
0.008952842094004154
0.015356877818703651
0.005962157156318426
-0.007896176539361477
-0.013461283408105373
0.031559087336063385
0.014511545188724995
0.018315542489290237
0.04713370278477669
0.0035446337424218655
-0.008773528970777988
0.03696409612894058
0.026692021638154984
0.010169608518481255
-0.020672228187322617
-0.044469624757766724
0.016637684777379036
0.029253635555505753
0.01659926027059555
0.004085774999111891
0.006640985142439604
-0.012174071744084358
-0.017252473160624504
0.027742283418774605
0.00011066974548157305
-0.003157189581543207
0.012250920757651329
-0.0018875895766541362
0.007825732231140137
-0.005363380070775747
0.00703163119032979
-0.0028289828915148973
0.00471977423876524
0.014972635544836521
-0.0009734134655445814
-0.0020973216742277145
-0.014076070860028267
-0.03296797722578049
-0.021351056173443794
0.02728119306266308
-0.010143992491066456
-0.019775662571191788
0.022465357556939125
-0.03214826062321663
0.00899126660078764
0.020300794392824173
0.014127302914857864
0.0010022316128015518
0.015139141120016575
0.005904520861804485
0.03130292892456055
0.008767125196754932
-0.014037646353244781
0.00895924586802721
0.008165145292878151
-0.006647389382123947
-0.03137977421283722
0.0018299532821401954
0.009036094881594181
-0.03791189193725586
0.0056867836974561214
-0.01672734133899212
-0.0013872742420062423
0.027332425117492676
-0.01253269799053669
0.00040065249777399004
0.008171549998223782
-0.017239663749933243
0.012756839394569397
0.0337364599108696
0.005984571296721697
0.00682029826566577
-0.004825441166758537
-0.026512708514928818
-0.013205122202634811
-0.010291285812854767
0.0008941635023802519
0.002335872035473585
0.024360952898859978
-0.011533668264746666
0.02638462744653225
0.009477972984313965
0.017483018338680267
-0.004687754437327385
-0.0030243059154599905
-0.00797942839562893
-0.00749912578612566
-0.017278088256716728
-0.0030627301894128323
-0.03312167152762413
0.0017531048506498337
-0.004604501649737358
-0.012545506469905376
-0.024399377405643463
0.008587812073528767
-0.010143992491066456
0.029279252514243126
0.0023246649652719498
-0.02638462744653225
0.03084183670580387
-0.015715504065155983
0.01228934433311224
-0.004409178625792265
-0.031021149829030037
0.0006508101359941065
-0.010822820477187634
0.017739178612828255
-0.009452356956899166
0.023720549419522285
-0.00826761033385992
0.009151367470622063
-0.005260915495455265
-0.01483174692839384
-0.014050454832613468
-0.014959827996790409
-0.006045409943908453
0.011399183422327042
-0.018699783831834793
-0.04321443289518356
-0.02625654637813568
-0.015331261791288853
0.004886279348284006
-0.011251891031861305
0.020185520872473717
-0.021632833406329155
0.0046141077764332294
-0.0351453498005867
-0.008895205333828926
0.0041081891395151615
-0.0084084989503026
-0.008466135710477829
0.004911895375698805
-0.014844555407762527
-0.004681350197643042
0.00735823716968298
0.004466814920306206
-0.010143992491066456
0.017534250393509865
-0.03511973097920418
0.0006468076026067138
-0.0018955946434289217
0.018084997311234474
-0.018225885927677155
-0.042036090046167374
0.0074478937312960625
0.01584358513355255
-0.011924314312636852
0.02715311199426651
0.005545895081013441
0.017931301146745682
-0.01672734133899212
-0.01694507896900177
-0.024770811200141907
-0.023067336529493332
0.0034677854273468256
0.025167860090732574
-0.02068503573536873
-0.013281970284879208
0.027306808158755302
0.018571704626083374
-0.003973704297095537
-0.003142780624330044
-0.006147874519228935
0.01006714440882206
0.007876964285969734
0.014601201750338078
-0.01166815310716629
0.013653404079377651
-0.006935570854693651
0.01659926027059555
-0.009663689881563187
0.003014699788764119
0.02077469229698181
0.023874245584011078
0.026896949857473373
-0.0006884338799864054
0.02220919542014599
-0.007838539779186249
0.013768676668405533
-0.006205510813742876
0.00552348094061017
-0.017623906955122948
0.05722646415233612
0.005401804111897945
0.008619831874966621
-0.022132348269224167
-0.022798366844654083
-0.02464273013174534
0.01945546083152294
0.02283679135143757
-0.022478165104985237
0.008017852902412415
0.012084415182471275
0.002231806516647339
-0.006544924806803465
-0.022029884159564972
0.011943526566028595
-0.006897146813571453
-0.008824761025607586
0.01688103750348091
0.021440712735056877
0.015190373174846172
0.03132854402065277
-0.01073316391557455
0.010323305614292622
0.0072045400738716125
-0.005875702947378159
0.031482238322496414
0.04193362593650818
0.017457401379942894
0.008331650868058205
-0.008594215847551823
0.02812652476131916
0.011207062751054764
0.0020604985766112804
0.019122451543807983
0.008254801854491234
-0.021850571036338806
0.011488839983940125
0.00804987270385027
0.026999415829777718
0.010316901840269566
-0.0031475836876779795
0.0009213806479237974
-0.006202308926731348
0.004293906036764383
-0.016022898256778717
-0.01499825157225132
0.008709488436579704
-0.040806517004966736
0.007710459176450968
0.01868697628378868
0.001444110064767301
0.01813622936606407
0.004005724564194679
0.03827051818370819
-0.0013688626931980252
0.010790800675749779
0.008735104463994503
-0.010880457237362862
0.003229235066100955
0.0013592565665021539
-0.033992622047662735
-0.023156993091106415
-0.018494855612516403
-0.01861012727022171
-0.015318453311920166
0.017111584544181824
0.010457790456712246
-0.017444593831896782
0.03219949081540108
-0.003586260136216879
0.005577915348112583
-0.0012327769072726369
-0.01688103750348091
-0.042676493525505066
-0.0010646709706634283
0.027819132432341576
-0.005568309221416712
-0.009196195751428604
0.004559673368930817
-0.024693962186574936
-0.03842421621084213
-0.009638073854148388
0.002065301639959216
0.000347819208400324
-3.4246582799823955e-05
-0.009125751443207264
-0.010598679073154926
-0.001572190783917904
0.03414632007479668
-0.01583077572286129
0.009548417292535305
0.010874052532017231
0.02415602281689644
-0.01090607326477766
-0.002459149807691574
-0.02327226661145687
0.02451464906334877
0.022900832816958427
-0.030636906623840332
-0.008158741518855095
0.00249917502515018
-0.02242693305015564
0.007652822881937027
-0.01604851335287094
0.0013952793087810278
0.026115657761693
0.014498736709356308
0.004313118290156126
0.038577910512685776
0.00895924586802721
0.027255576103925705
-9.551019320497289e-05
0.016573645174503326
0.0036278862971812487
-0.01715000718832016
0.026282163336873055
0.03404385596513748
-0.004447602666914463
-0.027383657172322273
0.014524353668093681
-0.009228215552866459
-0.007640014868229628
-0.018302734941244125
-0.024745194241404533
0.013883949257433414
0.0066601973958313465
-0.007627206854522228
0.016778573393821716
0.02388705313205719
0.008767125196754932
0.0025648162700235844
0.019634773954749107
-0.00406336085870862
0.007307004649192095
0.03068814054131508
0.019468268379569054
0.003429361153393984
-0.010713951662182808
0.003746361006051302
0.0037527650129050016
0.02341315522789955
0.0023951095063239336
0.03775819391012192
0.026359012350440025
-0.018904713913798332
-0.027998443692922592
0.009843003004789352
0.027691051363945007
0.00950999278575182
0.01236619334667921
-0.015882009640336037
0.023080145940184593
-0.012615950778126717
0.03035512939095497
-0.007089267484843731
-0.0036182801704853773
0.00503357220441103
0.004969531670212746
0.016074130311608315
0.014319424517452717
0.009958275593817234
-0.0130578288808465
0.022029884159564972
-0.003589462023228407
-0.009452356956899166
-0.017188431695103645
0.005584319122135639
0.027870364487171173
-0.007748883217573166
0.012430233880877495
0.0011623324826359749
0.01617659442126751
-0.001266398117877543
0.010624295100569725
-0.036554235965013504
-0.03606753051280975
-0.021146126091480255
-0.018789440393447876
0.03271181508898735
-0.022862408310174942
-0.023349113762378693
0.008030661381781101
-0.007665630895644426
-0.00767203513532877
-0.042112939059734344
0.009330680593848228
0.01589481718838215
-0.04808150231838226
-0.03583698347210884
-0.009189791046082973
-0.012596738524734974
0.018097804859280586
0.005100814625620842
-0.011745002120733261
-0.023028912022709846
0.027665434405207634
-0.019762855023145676
-0.0021677662152796984
-0.01173859741538763
-0.03015020117163658
-0.007082863710820675
0.004911895375698805
-0.02258063107728958
-0.0008501357515342534
0.005513874813914299
0.00788336805999279
-0.03202017769217491
-0.0032020178623497486
0.020813116803765297
-0.017944108694791794
-0.024079173803329468
0.02804967761039734
0.005667571909725666
0.002761740470305085
0.009881427511572838
-0.025705799460411072
-0.002090917667374015
-0.017521442845463753
-0.011226275004446507
-0.009855811484158039
0.015715504065155983
0.003045119112357497
-0.007505530025810003
0.010092760436236858
-0.015011060051620007
-0.024117598310112953
0.008145933970808983
-0.006452065892517567
0.0011895496863871813
0.009951871819794178
0.014101686887443066
0.005526682827621698
-0.01848204806447029
0.04874752089381218
0.029253635555505753
-0.002444740617647767
-0.004470016807317734
-0.019570734351873398
-0.02069784328341484
0.00968290213495493
-0.020108671858906746
0.016688916832208633
-0.02311856858432293
-0.018392391502857208
-0.03132854402065277
-0.0037335529923439026
-0.001212764298543334
0.03186648339033127
-0.02194022759795189
-0.04167746379971504
-0.017111584544181824
-0.011130214668810368
-0.024412184953689575
0.0072941966354846954
0.01239180937409401
0.002050892449915409
0.0019852512050420046
0.008062681183218956
0.009042498655617237
-0.0327630490064621
0.03304482623934746
-0.021748105064034462
-0.03596506640315056
-0.009548417292535305
-0.01598447374999523
0.030227048322558403
0.006439257878810167
-0.006055016070604324
0.0004951120354235172
-0.0034325632732361555
-0.004444400779902935
-0.01323073823004961
-0.006679409183561802
-0.010694739408791065
0.007390257436782122
0.01868697628378868
0.013589364476501942
-0.00696118688210845
-0.003426159266382456
0.000658815202768892
-0.014921403490006924
-0.012795263901352882
-0.01361498050391674
-0.015933241695165634
-0.033019207417964935
0.013896757736802101
0.010950901545584202
-0.0027553364634513855
0.008671064861118793
0.003797593293711543
-0.008799144998192787
0.0400124154984951
-0.009285852313041687
-0.037040941417217255
-0.0039833104237914085
-0.014012030325829983
-0.0011343148071318865
0.024540266022086143
-0.01177061814814806
0.02605161815881729
-0.023771781474351883
-0.011866678483784199
0.016368715092539787
-0.008863185532391071
-0.014959827996790409
0.020954005420207977
0.033019207417964935
-0.010156800970435143
0.007780903484672308
0.0009886230109259486
0.0018347562290728092
0.01136075984686613
-0.0003484195622149855
-0.028792545199394226
0.004153017420321703
0.039833102375268936
-0.013717444613575935
-0.012750435620546341
-0.0004919099737890065
0.018661361187696457
0.008478943258523941
0.015023867599666119
-0.004780612885951996
-0.005264117382466793
0.020787499845027924
-0.014959827996790409
-0.007710459176450968
-0.012820879928767681
0.006865126546472311
-0.0038424215745180845
-0.000534737017005682
0.0011287112720310688
0.007851348258554935
0.01256471872329712
-0.02500135637819767
0.01722685620188713
0.018315542489290237
-0.03207141160964966
0.03737395256757736
0.016010088846087456
0.033505916595458984
0.02124859020113945
-0.010214436799287796
-0.04008926451206207
-0.002265427727252245
0.007659226655960083
-0.017892876639962196
0.038859687745571136
0.008081893436610699
-0.0016474382719025016
-0.03020143322646618
0.02007024735212326
0.03355714678764343
-0.015151948668062687
-0.011373567394912243
-0.002084513660520315
0.02063380368053913
0.01736774481832981
-0.03401823714375496
0.013358818367123604
-0.018507663160562515
0.03596506640315056
0.003120366483926773
-0.001125509268604219
-0.023105761036276817
-0.008972054347395897
-0.0032036188058555126
0.053998831659555435
0.0011030951282009482
0.016330290585756302
-0.020364833995699883
-0.021363863721489906
-0.017111584544181824
-0.007057247683405876
-0.008530175313353539
-0.021351056173443794
0.0035990681499242783
0.026115657761693
0.008171549998223782
-0.02514224499464035
-0.007633610628545284
-0.02220919542014599
0.015882009640336037
-0.003145982511341572
-0.02145352028310299
0.024629922583699226
-0.004844652954488993
0.005296137649565935
0.022811176255345345
0.0231954175978899
-0.02292644791305065
0.014242575503885746
-0.002233407460153103
-0.0395769402384758
0.022670287638902664
0.00936910416930914
-0.02771666646003723
0.010777992196381092
-0.008997670374810696
-0.022734327241778374
-0.005664369557052851
-0.015882009640336037
-0.020800309255719185
-0.012615950778126717
0.006570540834218264
-0.030022120103240013
-0.0050527844578027725
-0.006551328580826521
-0.007697651162743568
0.021235782653093338
0.023566851392388344
0.0076079946011304855
0.007281388621777296
0.00972773041576147
-0.03020143322646618
-0.01887909695506096
0.009157771244645119
0.004444400779902935
-0.009977487847208977
0.031482238322496414
-0.0037527650129050016
-0.006554530467838049
0.02776789851486683
-0.009490781463682652
-0.02722996100783348
-0.036631084978580475
0.01597166620194912
0.008133125491440296
-0.013947989791631699
-0.025026971474289894
0.01702192798256874
0.017751988023519516
-0.010925285518169403
0.004819036927074194
-0.01966038905084133
0.011059769429266453
-0.012097223661839962
-0.019493885338306427
-0.010470598936080933
-0.0038616335950791836
0.026000386103987694
-0.018020957708358765
0.010054335929453373
-0.0012079612351953983
-0.02112051099538803
-0.014793322421610355
-0.0045212493278086185
0.03522219881415367
-0.01763671450316906
0.016650492325425148
-0.017534250393509865
-0.007467105984687805
-0.03186648339033127
0.027306808158755302
-0.012647970579564571
-0.014319424517452717
-0.006083833985030651
-0.01323073823004961
0.014767706394195557
0.02222200483083725
-0.021018045023083687
-0.011059769429266453
0.0019724429585039616
0.01066271960735321
-0.020108671858906746
0.0074478937312960625
-0.02395109459757805
0.04867067188024521
-0.002478361828252673
-0.009112942963838577
-0.019621966406702995
0.004498835187405348
-0.012314961291849613
-0.007640014868229628
0.010457790456712246
0.015715504065155983
0.0010766785126179457
0.017675139009952545
0.007511933799833059
0.029689110815525055
-0.017034735530614853
0.0003330098697915673
-0.03176401928067207
-0.0005407407879829407
-0.030252665281295776
0.002299048937857151
0.0025728214532136917
-0.009119346737861633
-0.019429843872785568
-0.015420918352901936
0.0434705950319767
-0.01609974540770054
0.007095671724528074
0.00599097553640604
-0.01604851335287094
-0.01575392857193947
0.005949349142611027
0.02534717321395874
0.016163786873221397
0.0010302492883056402
0.007153308019042015
0.001676256419159472
0.006304773036390543
-0.004188239574432373
0.0001239781267940998
-0.02666640467941761
-0.02000620774924755
0.026922566816210747
-0.017751988023519516
0.01590762473642826
-0.004610905889421701
-0.002872209995985031
-0.0023070538882166147
-0.005830874666571617
-0.0055875214748084545
-0.0029906847048550844
0.014639626257121563
0.02132543921470642
-0.008517367765307426
-0.019212108105421066
-0.015472150407731533
0.010073548182845116
-0.021645640954375267
-0.016330290585756302
0.0030227049719542265
-0.021965842694044113
0.02354123629629612
-0.01873820833861828
-0.026820102706551552
0.005904520861804485
-0.04423907771706581
-0.02083873189985752
0.0054338243789970875
-0.0156258475035429
-0.0016682513523846865
0.023720549419522285
0.003935279790312052
0.021440712735056877
-0.001106297131627798
-0.03068814054131508
-0.021338246762752533
-0.018725400790572166
-0.01375586912035942
-0.028459535911679268
0.0033300986979156733
-0.009618861600756645
-0.008632640354335308
0.015792353078722954
0.004313118290156126
0.01672734133899212
-0.05435745790600777
0.0031107603572309017
0.20585133135318756
-0.022606246173381805
-0.006464874371886253
0.009919851087033749
0.005097612738609314
0.0043611484579741955
0.033710844814777374
0.0051808650605380535
0.014357848092913628
0.022888023406267166
0.025949154049158096
-0.015933241695165634
-0.008927226066589355
0.006737045478075743
0.009144962765276432
0.0022942458745092154
-0.0351453498005867
-0.030611291527748108
0.00710207549855113
-0.013070637360215187
0.013141081668436527
0.010240052826702595
-0.02415602281689644
-0.013896757736802101
0.01625344343483448
0.020864348858594894
-0.02902309037744999
-0.0033172904513776302
0.034274399280548096
-0.012808071449398994
-0.02153036929666996
-0.0008077090024016798
0.009285852313041687
-0.0038456234615296125
-0.019404228776693344
0.01454996969550848
0.020518530160188675
-0.0016906654927879572
0.015561806969344616
0.004943915642797947
0.017944108694791794
-0.01339724287390709
0.021005237475037575
-0.015561806969344616
0.005789248272776604
0.03401823714375496
-0.008312438614666462
-0.00282097770832479
0.011623324826359749
0.009247427806258202
-0.013589364476501942
0.018981562927365303
0.03137977421283722
-0.0021309428848326206
0.004284299910068512
-0.008344458416104317
0.012795263901352882
-0.009010478854179382
0.020236752927303314
0.017278088256716728
-0.011924314312636852
0.013070637360215187
-0.010169608518481255
0.00010816816939041018
-0.008850377053022385
0.011488839983940125
-0.024412184953689575
0.009477972984313965
-0.01848204806447029
-0.009663689881563187
0.017867259681224823
-0.0033653208520263433
-0.029407331719994545
-0.005363380070775747
-0.025590527802705765
-0.03376207500696182
0.012487869709730148
0.018443623557686806
0.003579856129363179
0.026115657761693
-0.020531339570879936
0.006749853957444429
-0.032814279198646545
-0.001233577379025519
0.01447312068194151
-0.01364059653133154
0.009932659566402435
-0.011584901250898838
0.005411410238593817
-0.03117484599351883
-0.011706577613949776
-0.0036855225916951895
-0.00920259952545166
-0.02722996100783348
0.012455849908292294
0.011066174134612083
0.009266640059649944
0.022529397159814835
-0.01228934433311224
-0.004505239427089691
-0.03312167152762413
0.0337364599108696
0.02256782166659832
0.014678049832582474
-0.005004753824323416
0.005744419991970062
-0.038782842457294464
-0.0029410533607006073
0.003691926598548889
-0.030995532870292664
-0.005747622344642878
-0.020864348858594894
0.014409080147743225
-0.01604851335287094
-0.015677079558372498
0.008600620552897453
0.013115465641021729
-0.014076070860028267
0.0075759743340313435
0.013768676668405533
-0.0018443623557686806
-0.001301620271988213
-0.01721404865384102
0.023566851392388344
0.002339074155315757
-0.0178416445851326
-0.025219092145562172
0.009381912648677826
-0.016074130311608315
-0.013935182243585587
0.020044632256031036
-0.018981562927365303
0.020403258502483368
0.032609350979328156
0.00048590623191557825
-0.023156993091106415
-0.015933241695165634
-0.019686006009578705
0.007223752327263355
0.009151367470622063
0.016432756558060646
-0.010022316128015518
-0.008946438319981098
-0.016061322763562202
0.0037911892868578434
-0.0065385205671191216
-0.005270521622151136
0.020851541310548782
-0.010214436799287796
-0.0044892290607094765
0.027306808158755302
-0.042112939059734344
-0.007082863710820675
-0.016407139599323273
-0.0001856169692473486
0.013999221846461296
-0.04416223242878914
-0.008632640354335308
-0.001339243957772851
0.018661361187696457
-0.0036118761636316776
-0.01351251546293497
0.031482238322496414
0.006865126546472311
0.010163204744458199
0.0046525318175554276
-0.15871761739253998
0.01534407027065754
0.029202403500676155
-0.022593438625335693
0.0084341149777174
0.007063651457428932
0.013192313723266125
0.02493731491267681
0.0031892098486423492
-0.019609156996011734
0.0025888315867632627
-0.005795652512460947
-0.01785445213317871
-0.029842806980013847
0.0009253831813111901
-0.0043611484579741955
-0.002944255480542779
0.013794293627142906
0.025795456022024155
0.01215486042201519
0.027588587254285812
-0.013909566216170788
-0.02137667126953602
-0.0005991776124574244
0.02305452898144722
0.002375897252932191
-0.010124780237674713
0.03056005947291851
0.0013352414825931191
-0.023169802501797676
0.013077041134238243
-0.00045548705384135246
-0.006247136741876602
-0.001839559292420745
0.004729380365461111
-0.0008437317446805537
-0.01471647433936596
-0.022875215858221054
-0.017124392092227936
0.007281388621777296
0.012820879928767681
0.026820102706551552
0.001588200917467475
-0.00997108407318592
0.02347719483077526
0.008081893436610699
0.037527650594711304
-0.007307004649192095
0.03312167152762413
-0.024220064282417297
0.014742090366780758
-0.005693187937140465
0.021197358146309853
-0.009266640059649944
0.024617113173007965
0.009554821066558361
2.002511973842047e-05
-0.0019356198608875275
0.011898698285222054
-0.026090042665600777
-0.0013496505562216043
-0.012039586901664734
0.001533766626380384
0.025231901556253433
0.030252665281295776
-0.03040636144578457
-0.03181524947285652
0.0224909745156765
-0.019532309845089912
-0.0039833104237914085
0.0031299726106226444
-0.014152918942272663
0.00524490512907505
0.003906461875885725
0.0020428874995559454
0.01552338246256113
0.007223752327263355
0.037963125854730606
0.003320492571219802
-0.010406558401882648
-0.022106731310486794
0.04321443289518356
0.0026640789583325386
-0.0101375887170434
0.013217929750680923
-0.00446041114628315
0.005786046385765076
0.009772558696568012
0.014575585722923279
0.008658256381750107
0.006404035724699497
-0.035529591143131256
-0.007108479738235474
-0.013666212558746338
0.0020220743026584387
0.010284881107509136
3.81740574084688e-05
-0.010150397196412086
0.018353966996073723
-0.01205239538103342
0.0062503390945494175
0.03437686339020729
-0.01552338246256113
0.005574712995439768
0.02313137799501419
-0.012116435915231705
0.012955364771187305
0.007249368354678154
0.021030854433774948
0.010156800970435143
-0.035042885690927505
0.010656315833330154
-0.0042362697422504425
0.007723267190158367
0.014921403490006924
0.021210167557001114
-0.015946049243211746
-0.0019900540355592966
7.792410542606376e-06
-0.0019788469653576612
0.06030040234327316
-0.007383853197097778
-0.0037431588862091303
0.014959827996790409
-0.014345040544867516
-0.041984859853982925
-0.10574343800544739
-0.04785095527768135
0.024565881118178368
0.018174653872847557
0.009458760730922222
0.010605083778500557
-0.006519308313727379
0.007018823176622391
-0.00657694460824132
0.019404228776693344
-0.0248732753098011
-0.014537161216139793
0.015292837284505367
0.010893264785408974
-0.02881816029548645
0.009221811778843403
0.003675916464999318
-0.005802056286484003
-0.008767125196754932
0.026410244405269623
0.014421888627111912
-0.0006820298149250448
0.010848436504602432
0.005203279200941324
-0.004991945810616016
0.006516106426715851
-0.036989711225032806
0.007543954066932201
0.00951639749109745
-0.003158790757879615
-0.010912477038800716
-0.024809235706925392
-0.0021293419413268566
-0.022260429337620735
0.021146126091480255
-0.011123809963464737
-0.02922801859676838
-0.0036503004375845194
0.030047735199332237
-0.0046493299305438995
0.020813116803765297
0.03117484599351883
0.015510574914515018
-0.016791382804512978
0.008709488436579704
-0.032404422760009766
-0.015420918352901936
0.016983503475785255
-0.012206092476844788
-0.013563747517764568
0.004918299615383148
-0.008466135710477829
-0.031354159116744995
0.0036823207046836615
-0.01082922425121069
0.013358818367123604
0.013217929750680923
-0.005398602224886417
-0.0007076459587551653
-0.029945271089673042
-0.007652822881937027
0.00767203513532877
-0.021645640954375267
0.051847074180841446
0.0009253831813111901
-0.010111972689628601
-0.02869008108973503
-0.010944496840238571
0.008274014107882977
0.015779543668031693
0.020787499845027924
0.00867746863514185
0.008152337744832039
-0.007210944313555956
-0.018725400790572166
0.026487091556191444
-0.03171278536319733
-0.01281447522342205
0.0015281630912795663
-0.0029650686774402857
0.010252861306071281
0.0030387151055037975
-0.0113543551415205
-0.014985444024205208
0.006432854104787111
0.018840674310922623
0.003528623841702938
0.002608043607324362
-0.0076079946011304855
-0.006173490546643734
-0.004156219307333231
0.02702503092586994
0.010118376463651657
0.007876964285969734
-0.004213855601847172
-0.004345138091593981
0.005321753676980734
-0.013025809079408646
-0.0008349261479452252
0.001234377850778401
-0.03291674330830574
-0.003547835862264037
-0.060659028589725494
7.214546349132434e-05
0.027588587254285812
-0.006698621436953545
-0.004591693636029959
0.011969142593443394
0.03716902434825897
-0.017239663749933243
0.011437607929110527
0.007364641409367323
-0.01846923865377903
-0.006400833837687969
-0.03422316908836365
-0.0027761494275182486
-0.030662523582577705
-0.006673005409538746
0.022055499255657196
-0.004748592618852854
0.01672734133899212
0.014562777243554592
0.010438578203320503
-0.003499805461615324
0.02465553767979145
0.017687946557998657
0.0018891905201599002
-0.017047543078660965
0.01755986548960209
0.002087715780362487
-0.016778573393821716
0.026973798871040344
0.011789830401539803
-0.0027249171398580074
-0.012980980798602104
0.009420337155461311
-0.018174653872847557
-0.04131883755326271
0.0038520274683833122
0.021030854433774948
0.020582571625709534
0.056970302015542984
-0.010284881107509136
0.0005371384904719889
0.024258486926555634
-0.0015825973823666573
-0.02971472591161728
0.004194643348455429
0.003695128718391061
-0.011783425696194172
0.0028129727579653263
-0.019263340160250664
0.006596156861633062
0.006307975389063358
-0.0006263947580009699
-0.02597476914525032
-0.008754316717386246
0.013883949257433414
-0.02751173824071884
0.009381912648677826
-0.01992935873568058
-0.011040558107197285
0.04477701708674431
0.008177953772246838
0.008318842388689518
0.01790568418800831
-0.03217387571930885
-0.01895594596862793
-0.007627206854522228
0.025859497487545013
-0.015126332640647888
-0.013973605819046497
0.007467105984687805
-0.003387734992429614
0.024834850803017616
0.015113524161279202
0.026333395391702652
0.006826702039688826
0.018366774544119835
-0.019814087077975273
0.009401124902069569
0.029484180733561516
0.020441683009266853
0.020851541310548782
-0.02389986254274845
0.027537353336811066
0.025398405268788338
0.02388705313205719
0.0065000965259969234
0.007896176539361477
-0.015433725900948048
0.00538259232416749
-0.014665242284536362
0.02033921703696251
-0.004201047588139772
0.015741119161248207
-0.011565688997507095
0.020031824707984924
0.0039833104237914085
-0.030867451801896095
0.0168169979006052
0.03027828224003315
0.021965842694044113
-0.014319424517452717
0.0006163884536363184
-0.018699783831834793
-0.017483018338680267
0.01075877994298935
-0.02404075115919113
-0.03652862086892128
-0.00456607760861516
0.011802637949585915
0.005331359803676605
-0.01861012727022171
0.003605472156777978
0.009106539189815521
-0.01763671450316906
-0.01736774481832981
0.012615950778126717
-0.023502811789512634
-0.007761691231280565
-0.010886861011385918
-0.023374730721116066
0.016509603708982468
0.02542402222752571
0.0009590043919160962
2.3874420094216475e-06
0.0060934401117265224
0.03855229541659355
-0.0065353186801075935
0.008523771539330482
0.018033765256404877
-0.01867416873574257
0.018033765256404877
-0.02179933711886406
-0.017265280708670616
-0.007134095765650272
-0.012827283702790737
0.0025311950594186783
0.009016882628202438
-0.014242575503885746
0.0840209499001503
0.0014216959243640304
-0.0041113910265266895
0.005750824231654406
-0.018994370475411415
0.0009517997968941927
0.019404228776693344
-0.013832717202603817
-0.014921403490006924
-0.008831165730953217
0.023387538269162178
-0.009253831580281258
-0.003390936879441142
-0.015228796750307083
-0.004437997005879879
0.016701726242899895
-0.011789830401539803
0.026820102706551552
-0.01867416873574257
0.008370074443519115
0.036349307745695114
0.0005399402580223978
-0.0018875895766541362
0.010272073559463024
-0.0004138608055654913
0.02346438728272915
0.023297881707549095
-0.009042498655617237
-0.0019740441348403692
-0.03355714678764343
-0.008587812073528767
0.00606141984462738
-0.044264696538448334
-0.020736267790198326
-0.019673198461532593
-0.023208225145936012
0.009644477628171444
-0.035324662923812866
0.004399572499096394
0.008933629840612411
-0.002356685232371092
0.0032036188058555126
-0.026218121871352196
-0.05686783790588379
-0.027665434405207634
0.0016042109346017241
-0.01985251158475876
-0.021722489967942238
-0.006218318827450275
