0.00575579097494483
-0.011094029992818832
-0.0002683974744286388
-0.012166816741228104
-0.04095861688256264
0.010258926078677177
-0.04306564852595329
-0.024320784956216812
-0.02565695159137249
-0.022419318556785583
0.017794130370020866
0.0008138244738802314
-0.010747140273451805
0.0223679281771183
0.005193701945245266
-0.0022435379214584827
0.03129711374640465
0.001846863655373454
0.012398076243698597
-0.00020004344696644694
-0.0028891372494399548
0.016573594883084297
0.01128674577921629
-0.01758856698870659
-0.035331305116415024
0.035074349492788315
-0.0001610987092135474
-0.02692887932062149
-0.003995649516582489
-0.0038318405859172344
0.006465628743171692
0.0008632080280221999
-0.01866777613759041
-0.005177642218768597
-0.013759937137365341
0.019746987149119377
0.013220331631600857
0.02381972409784794
0.023010315373539925
0.01984976977109909
0.036513298749923706
0.004313630983233452
0.00547314016148448
-0.013233180157840252
0.017768435180187225
0.017408696934580803
-0.009533028118312359
-0.030038032680749893
-0.030937375500798225
0.03350692614912987
0.00790136493742466
0.031785327941179276
-0.014864843338727951
-0.008864945732057095
-0.01681770198047161
-0.0056273131631314754
-0.010400251485407352
-0.013143245130777359
-0.003337202360853553
-0.00307221757248044
0.0029019848443567753
-0.01787121593952179
-0.017318762838840485
0.017061809077858925
0.003941046539694071
0.018025388941168785
-0.016021141782402992
0.013168941251933575
-0.031245721504092216
0.007907788269221783
0.026980269700288773
0.026569141075015068
-0.00900627113878727
-0.0069185118190944195
0.03217075765132904
-0.004894991870969534
-0.011370256543159485
-0.020890437066555023
0.008518056944012642
0.010811379179358482
-0.0034496202133595943
0.0012486404739320278
-0.030397770926356316
0.0029597997199743986
0.0032665396574884653
-0.007766463328152895
0.017010416835546494
0.025155888870358467
0.004541678819805384
-0.012385228648781776
-0.01047733798623085
-0.0013739060377702117
0.004416413139551878
0.025721190497279167
-0.008826402015984058
0.004740818869322538
-0.0024635556619614363
0.0137342419475317
-0.02435932867228985
-0.026299338787794113
0.00648490060120821
0.005848937202244997
-0.004853236488997936
-0.0014558103866875172
-0.029806774109601974
0.003969953861087561
0.004981713835150003
0.007727920077741146
0.01806393265724182
-0.024205155670642853
-0.004683003760874271
0.027365701273083687
-0.00047857858589850366
-0.010554424487054348
0.0107599887996912
-0.017010416835546494
0.027108747512102127
-0.021597063168883324
0.004063100088387728
-0.028367826715111732
0.024706218391656876
-0.01274496503174305
0.02551562711596489
0.004393929615616798
0.023318661376833916
0.02367839775979519
-0.005710823927074671
-0.0012317778309807181
-0.03718138113617897
-0.021507129073143005
-0.01115826889872551
-0.0034142888616770506
-0.010246078483760357
0.00761871412396431
-0.0033275666646659374
-0.015031864866614342
-0.013413048349320889
0.02695457451045513
-0.039493974298238754
-0.0254899300634861
0.0006046470953151584
0.024770457297563553
-0.006475264672189951
-0.01747293584048748
-0.012590792030096054
0.011614363640546799
0.037823766469955444
0.02667192369699478
0.015558621846139431
-0.00042598313302733004
0.004554526414722204
-0.0201067253947258
0.01733161136507988
0.0005801561055704951
-0.015417296439409256
-0.012243903242051601
-0.0010406675282865763
0.013387353159487247
0.0036808797158300877
0.011068334802985191
0.0039731659926474094
0.0003292235196568072
0.0038703838363289833
0.027314310893416405
0.021481433883309364
0.004242968745529652
0.019528575241565704
-0.012834900058805943
0.008614414371550083
0.022817598655819893
0.02965260110795498
0.035947997123003006
-0.03276175633072853
0.03265897557139397
0.006321091670542955
0.0020749112591147423
0.02333150990307331
-0.009539452381432056
-0.01149873435497284
-0.010162567719817162
-0.010246078483760357
0.011145421303808689
0.01361861266195774
0.021083153784275055
-0.026016687974333763
0.026980269700288773
0.024500655010342598
0.014633583836257458
0.014954778365790844
0.00035491902963258326
0.007066261023283005
0.009944156743586063
-0.0029308923985809088
-0.013670003041625023
-0.6401261687278748
0.0021198783069849014
0.0038479003123939037
-0.005367146339267492
0.012847747653722763
-0.020427918061614037
0.023948201909661293
0.01149873435497284
-0.002988707274198532
-0.03211936727166176
0.004872508347034454
0.018616385757923126
-0.011408799327909946
-0.012468738481402397
-0.02342144399881363
-0.0283164344727993
0.008800706826150417
-0.025734037160873413
-0.01298264879733324
-0.007355335168540478
-0.016033988445997238
0.02772543951869011
-0.01292483415454626
0.016175314784049988
0.0011289957910776138
-0.0037868735380470753
0.022701969370245934
0.030885985121130943
-0.004191577434539795
0.008473088964819908
-0.014864843338727951
0.019412945955991745
0.0007355335401371121
0.0280337855219841
0.0430399551987648
2.5482202545390464e-05
-0.02426939457654953
0.020299440249800682
0.025708341971039772
0.01970844529569149
0.009308192878961563
-0.037078600376844406
0.032324932515621185
-0.006661557126790285
0.017973998561501503
0.011691450141370296
-0.0052065495401620865
-0.03052624687552452
0.0019014666322618723
0.015995444729924202
-0.01413252204656601
0.007965602912008762
-0.0031171846203505993
0.0035845215898007154
-0.012423771433532238
-0.02384541928768158
-0.006725795567035675
0.001499974518083036
-0.009995547123253345
0.00756089948117733
0.00874931551516056
0.0129569536074996
-0.030654724687337875
-0.005575922317802906
-0.03607647493481636
0.007721496280282736
-0.011659330688416958
-0.015083255246281624
0.018732015043497086
-0.012173241004347801
0.020093876868486404
0.029601210728287697
0.00617334246635437
0.010265350341796875
0.010927009396255016
0.015584317967295647
0.04265452176332474
-0.0031749994959682226
0.006263277027755976
0.007605866529047489
0.013111126609146595
-0.020003942772746086
-0.02429508976638317
0.015931205824017525
0.024282243102788925
-0.016586441546678543
-0.00727182487025857
0.0030384922865778208
0.0014750820118933916
0.028367826715111732
-0.010676478035748005
0.01973414048552513
0.018308039754629135
-0.03862033039331436
0.023601312190294266
0.031502675265073776
-0.008800706826150417
0.009995547123253345
0.007188314571976662
-0.03245341032743454
-0.0002557504631113261
-0.01115826889872551
-0.010702173225581646
0.004252604208886623
0.015224580653011799
-0.015327362343668938
0.00756732327863574
0.011819927953183651
0.038440458476543427
-0.02098037116229534
-0.02220090664923191
-0.008479513227939606
-0.016445117071270943
-0.0034945872612297535
-0.005065224599093199
-0.037078600376844406
-0.0049174753949046135
-0.007978451438248158
-0.017794130370020866
-0.023113097995519638
0.021648453548550606
0.00617334246635437
0.014286695048213005
-0.017819825559854507
-0.013682850636541843
0.0252072811126709
-0.004920687060803175
0.007946331985294819
-0.020594939589500427
-0.01485199574381113
-0.01000839564949274
0.0012181270867586136
0.019412945955991745
-0.0018548935186117887
0.021854018792510033
-0.023806875571608543
0.004265452269464731
-0.0038864435628056526
0.011164692230522633
-0.019040361046791077
-0.023151639848947525
-0.023087402805685997
0.022393623366951942
-0.012025491334497929
-0.04656023532152176
-0.020337983965873718
-0.009642234072089195
0.00977071188390255
-0.017550023272633553
0.010226806625723839
-0.010721445083618164
0.010637935250997543
-0.036204952746629715
-0.01151158194988966
-0.0010358496801927686
-0.010702173225581646
-0.0109013132750988
0.010708597488701344
-0.025194432586431503
-0.01611107587814331
0.011819927953183651
-0.016496507450938225
-0.02939564548432827
0.02551562711596489
-0.011254626326262951
0.006452781148254871
0.0026643015444278717
0.016008293256163597
-0.02509164996445179
-0.04319412633776665
-0.008640110492706299
0.011145421303808689
-0.010766412131488323
0.011023366823792458
0.021404346451163292
0.009256801567971706
-0.015211733058094978
0.011460190638899803
-0.023858265951275826
-0.014517954550683498
0.02041507139801979
0.011338137090206146
-0.03348122909665108
-0.01973414048552513
0.013297418132424355
0.02132726088166237
0.0014815059257671237
-0.010470913723111153
0.010766412131488323
0.010258926078677177
-0.002115060342475772
0.013502982445061207
-0.022445013746619225
0.021905409172177315
-0.010978399775922298
-0.012256750836968422
9.149001562036574e-05
-0.012134697288274765
-0.003867171937599778
0.022843295708298683
0.0100533626973629
-0.0004986532148905098
0.040367621928453445
-0.004798633512109518
0.023549921810626984
0.004528830759227276
0.00023125945881474763
-0.01730591617524624
0.05750651657581329
-0.0011289957910776138
0.004442108795046806
0.014595041051506996
-0.012719269841909409
-0.017858369275927544
0.010991248302161694
0.03271036595106125
-0.03376388177275658
0.01645796373486519
-0.000513909908477217
-0.002235508058220148
-0.01332311425358057
0.007014870177954435
0.021725540980696678
0.004557738546282053
-0.004493499640375376
0.0011498733656480908
0.013965501450002193
-0.007445269729942083
0.01674061454832554
-0.01046449039131403
0.01923307776451111
0.005126251373440027
-0.003815780859440565
0.031451284885406494
0.024654828011989594
0.01775558665394783
0.01956711895763874
-0.015507231466472149
0.03265897557139397
-0.02166130207479
0.010213959030807018
0.046483151614665985
-0.0053478749468922615
-0.014466563239693642
0.002044397871941328
-0.0036744556855410337
0.012365956790745258
-0.0019319800194352865
-0.0021343319676816463
0.007027717772871256
-0.008068385533988476
0.0015288819558918476
-0.0188347976654768
-0.028239348903298378
0.030911680310964584
-0.014119674451649189
0.0036616080906242132
0.028085175901651382
0.0016686011804267764
0.015186036936938763
-0.007766463328152895
0.030834592878818512
-0.0008254677522927523
0.007355335168540478
-0.0060673486441373825
0.006674404721707106
-0.0070598372258245945
-0.01834658347070217
-0.044504597783088684
-0.013091854751110077
0.010336012579500675
-0.018564995378255844
-0.002836140338331461
0.013914110139012337
-0.010258926078677177
0.0005689142853952944
0.019644206389784813
-0.002614516532048583
0.0032119369134306908
0.015712795779109
-0.023922504857182503
-0.03689873218536377
0.014633583836257458
0.015815576538443565
-0.008428121916949749
-0.006536291446536779
0.012173241004347801
-0.011306017637252808
-0.02220090664923191
-0.0021985708735883236
0.003086671233177185
0.00233668414875865
0.008524480275809765
-0.011203235946595669
-0.005277212243527174
-0.0004464592202566564
0.035357002168893814
0.010458066128194332
-0.006642285268753767
0.0020604575984179974
0.0031589397694915533
-0.022123821079730988
-0.0021375438664108515
-0.012173241004347801
0.04196074232459068
0.00873646792024374
-0.022046733647584915
0.006732219830155373
0.02166130207479
-0.021815475076436996
0.002079728990793228
-0.02257349155843258
-0.02554132230579853
-0.0013449985999614
0.02492463029921055
-0.0035427664406597614
0.036513298749923706
-0.013901262544095516
0.02596529759466648
-0.0020572454668581486
-0.008408850990235806
0.007515932433307171
0.011588668450713158
0.001051909290254116
0.031785327941179276
0.002940528094768524
-0.032864537090063095
0.03833767771720886
-0.010278197936713696
-0.006359634920954704
-0.010284622199833393
-0.042294785380363464
0.022496405988931656
0.009160444140434265
0.01761426217854023
-0.015674252063035965
0.012725694105029106
-0.017575718462467194
-0.01525027584284544
0.018899036571383476
-0.0037643900141119957
0.0038286286871880293
0.02186686545610428
0.02189256064593792
0.009308192878961563
0.0025743674486875534
0.02495032548904419
0.0026370000559836626
0.016072532162070274
0.004413201007992029
0.04486433416604996
0.031014462932944298
-0.017819825559854507
-0.021314412355422974
-0.010297469794750214
0.017318762838840485
0.02993525192141533
0.0030111907981336117
-0.010779259726405144
0.018218105658888817
0.0067707630805671215
0.018089627847075462
0.007702224422246218
0.0031155787874013186
0.004666944034397602
0.005614465568214655
0.0005773456650786102
0.0004348159418441355
0.002127908170223236
-0.014684975147247314
0.0030995190609246492
0.008832826279103756
-0.006790034472942352
0.003818992991000414
0.013515830039978027
0.024847542867064476
0.005823241546750069
0.020749112591147423
0.0022001767065376043
0.010792108252644539
0.007079108618199825
0.005617677699774504
-0.01775558665394783
-0.03659038618206978
-0.00511982711032033
-0.02492463029921055
0.03471461310982704
-0.017909759655594826
0.01834658347070217
-0.007470964919775724
0.00396353006362915
-0.010400251485407352
-0.013194636441767216
0.02528436668217182
0.010310317389667034
-0.04743388295173645
-0.024397872388362885
-0.00465088477358222
0.004939958918839693
0.02563125640153885
0.012141121551394463
-0.006475264672189951
-0.003867171937599778
0.015160341747105122
0.008158319629728794
-0.02942134067416191
-0.005980626214295626
-0.022984620183706284
-0.015404448844492435
0.01262933574616909
0.018089627847075462
-0.012584368698298931
0.017151743173599243
0.021532824262976646
-0.04072735831141472
-0.010355284437537193
0.0016814488917589188
0.012012643739581108
-0.017601413652300835
0.014389476738870144
-0.013374504633247852
-0.0008017797372303903
0.02769974246621132
-0.015571469441056252
-0.00018177555466536433
-0.0210960004478693
-0.010689325630664825
-0.013670003041625023
0.011004095897078514
-0.008479513227939606
0.0028859253507107496
0.002784749260172248
-0.022637730464339256
-0.021789779886603355
0.016316639259457588
0.023100249469280243
0.018243800848722458
0.008550175465643406
0.012963376939296722
-0.0003932615218218416
0.005145522765815258
0.03831198439002037
0.024911781772971153
-0.007612290326505899
0.005665856413543224
-0.01848790794610977
0.0041498225182294846
0.00040470404201187193
-0.016779158264398575
0.010458066128194332
-0.007541627623140812
-0.02577258087694645
-0.006523443851619959
0.003902503289282322
0.004824329167604446
0.01045164279639721
-0.011729992926120758
-0.03389235585927963
-0.006533079314976931
0.002079728990793228
-0.027545569464564323
0.02069772034883499
0.0018725591944530606
0.007085532881319523
-0.002156815491616726
0.008730044588446617
0.007837126031517982
-0.03265897557139397
0.013978349044919014
-0.02259918674826622
-0.025130193680524826
-0.011331712827086449
-0.003484951565042138
0.029318559914827347
0.002044397871941328
0.008280373178422451
-0.016869092360138893
-0.01860353909432888
-0.023498529568314552
-0.009648658335208893
-0.020492156967520714
-0.00798487477004528
0.011986948549747467
0.024487806484103203
0.01384987123310566
-0.0029630118515342474
0.02299746870994568
-0.013207484036684036
-0.013425895944237709
0.008479513227939606
-0.008049113675951958
-0.012802780605852604
-0.03548547998070717
0.023601312190294266
0.03414931148290634
-0.004467803984880447
0.01923307776451111
-0.012879867106676102
-0.009719320572912693
0.028753258287906647
-0.019361555576324463
-0.013348809443414211
-0.01749863103032112
-0.015442992560565472
0.00021479827410075814
0.0005761411739513278
-0.013837023638188839
0.014517954550683498
-0.04242326319217682
0.01128674577921629
0.013361657038331032
-0.0042815119959414005
-0.009507332928478718
0.027134442701935768
0.03684733808040619
-0.020376527681946754
0.005871420726180077
0.0074902367778122425
0.012121849693357944
0.013862719759345055
0.0010840286267921329
-0.019155992195010185
0.015224580653011799
0.02805948071181774
-0.016380878165364265
0.01749863103032112
-0.000157585644046776
0.005771850701421499
-0.027571266517043114
0.00044686070759780705
-0.005653008818626404
-0.015314514748752117
0.02805948071181774
-0.03160545974969864
0.008286797441542149
-0.015301667153835297
0.0032585100270807743
0.0164194218814373
0.0021359380334615707
-0.0010719839483499527
-0.012834900058805943
0.009083357639610767
-0.018539300188422203
0.010747140273451805
0.009873493574559689
-0.02716013789176941
0.0555022694170475
0.005608041770756245
0.04596924036741257
0.026851791888475418
-0.002760659670457244
-0.032350629568099976
-0.0031701817642897367
0.012680727057158947
0.0012020673602819443
0.03330136090517044
0.006963478866964579
-0.011492310091853142
-0.017036113888025284
0.017627108842134476
0.015019016340374947
-0.015584317967295647
-0.016303790733218193
0.007637985982000828
0.011884165927767754
0.008890640921890736
-0.01817956194281578
0.032864537090063095
-0.023742636665701866
0.013939806260168552
0.002677149372175336
0.016213856637477875
-0.014993321150541306
0.0024555257987231016
-0.03242771327495575
0.054268885403871536
-4.514276952249929e-05
0.007130499929189682
-0.006616590078920126
-0.006687252316623926
-0.029061604291200638
-0.008363883942365646
-0.0011434495681896806
-0.019387250766158104
0.014762061648070812
0.035973694175481796
-0.006186190526932478
0.014055435545742512
0.00433932663872838
-0.014929082244634628
0.010432370938360691
-0.024205155670642853
-0.006957055069506168
0.02435932867228985
-0.006353211123496294
0.009719320572912693
0.0368216447532177
0.01117111649364233
-0.009025542065501213
0.001263897167518735
0.0009900794830173254
-0.005601617973297834
-0.0015786669682711363
0.015494382940232754
-0.02325442247092724
0.01255867350846529
-0.03132280707359314
0.0023222302552312613
-0.0022836870048195124
-0.006732219830155373
-0.018166715279221535
-0.012134697288274765
0.011203235946595669
-0.03628204017877579
-0.021738387644290924
-0.004400353413075209
-0.010740716941654682
0.03191380575299263
-0.012417348101735115
-0.009745016694068909
0.00506843626499176
0.025361454114317894
-0.040778748691082
-0.009565147571265697
-0.0027526298072189093
0.018115323036909103
0.0007335260743275285
0.035947997123003006
-0.0002880705869756639
-0.013888414949178696
0.03294162452220917
-0.029498428106307983
-0.01665068045258522
-0.02302316389977932
-0.0030095847323536873
-0.01165290642529726
-0.016213856637477875
-0.0012478374410420656
0.0065459273755550385
0.008640110492706299
-0.0052161854691803455
0.005293271970003843
-0.010618663392961025
-0.008466665633022785
-0.01221820805221796
-0.013233180157840252
-0.007528780028223991
-0.010978399775922298
0.03407222777605057
-0.015404448844492435
0.006009534001350403
-0.009526604786515236
-0.023357205092906952
-0.002964617684483528
-0.003311506938189268
0.01018183957785368
-0.030988765880465508
0.017177438363432884
-0.0294470377266407
-0.013207484036684036
-0.02888173609972
0.027134442701935768
0.0015200490597635508
-0.016123922541737556
0.0062086740508675575
0.0026032747700810432
-0.003854324109852314
0.029267167672514915
-0.01594405435025692
-0.027519874274730682
0.016380878165364265
-0.011434495449066162
-0.006687252316623926
0.00755447568371892
-0.004586645867675543
0.034868787974119186
0.014068283140659332
-0.0077793109230697155
0.0018484696047380567
0.0025952449068427086
-0.04072735831141472
-0.014762061648070812
-0.003729058662429452
0.023973897099494934
0.010599391534924507
0.015160341747105122
0.0020941828843206167
0.03800363838672638
-0.017061809077858925
0.013772784732282162
-0.02387111447751522
0.013798480853438377
-0.034509047865867615
0.0052161854691803455
-0.011036215350031853
-0.01792260818183422
-0.01871916837990284
-0.02107030525803566
0.030680419877171516
-0.010740716941654682
0.025721190497279167
0.01415821723639965
-0.01857784204185009
-0.0048339650966227055
0.011004095897078514
0.0029935252387076616
0.007066261023283005
0.005836089141666889
0.006025593727827072
-0.033995140343904495
0.0027092688251286745
-0.005736519116908312
-0.007503084372729063
-0.012622911483049393
-0.014299542643129826
0.035305608063936234
-0.01999109424650669
0.02053070068359375
0.00022122214431874454
-0.005550226662307978
-0.00581360561773181
-0.007830701768398285
0.0025888211093842983
-0.00686712097376585
0.0035909453872591257
0.021314412355422974
0.021725540980696678
0.002850593999028206
0.0025261882692575455
-0.003520282683894038
-0.02970399148762226
-0.02342144399881363
0.014684975147247314
-0.010997671633958817
0.01414536964148283
-0.0011747658718377352
-0.01235953252762556
-0.011697874404489994
-0.03517713397741318
-0.03432917967438698
-0.010220383293926716
-0.025104498490691185
-0.013233180157840252
0.005126251373440027
0.0017617474077269435
0.010856346227228642
0.0035491902381181717
-0.003086671233177185
-0.023549921810626984
-0.007920635864138603
0.007258977275341749
-0.018873341381549835
-0.016714919358491898
-0.0006524247000925243
0.017794130370020866
-0.004406777210533619
0.014800605364143848
0.015211733058094978
-0.03517713397741318
0.011929132975637913
0.19898590445518494
-0.005579134449362755
0.0014477805234491825
0.02636357769370079
-0.003918563015758991
0.029472732916474342
0.014338086359202862
-0.006700100377202034
-0.006218309514224529
0.011749264784157276
0.01267430279403925
0.002641818020492792
-0.032633278518915176
0.0013819357845932245
0.005296483635902405
-0.018192410469055176
-0.019155992195010185
-0.0181281715631485
0.010663630440831184
-9.982097253669053e-05
0.01857784204185009
0.01752432808279991
-0.0002752228465396911
-0.033172883093357086
0.011742841452360153
0.008473088964819908
8.275755681097507e-05
0.0012590792030096054
0.031117243692278862
-0.0100533626973629
-0.0007736752741038799
-0.0044870758429169655
-0.012462315149605274
0.006385330576449633
-0.009706472977995872
0.005103767849504948
0.02389680966734886
-0.015173189342021942
0.011762112379074097
0.014325238764286041
0.01472351886332035
-0.014466563239693642
-0.007997722364962101
-0.019978247582912445
0.000609465001616627
0.05334384739398956
-0.0012952135875821114
-0.007978451438248158
-0.0005420143133960664
0.003989225719124079
-0.013811328448355198
0.032633278518915176
0.0018821950070559978
0.017858369275927544
-0.008633686229586601
0.011222506873309612
0.014890539459884167
-0.016239551827311516
0.01916883885860443
0.008980575017631054
-0.016586441546678543
0.01832088828086853
0.009738592430949211
0.027083052322268486
-0.020607786253094673
0.010348860174417496
-0.042012132704257965
0.004239756613969803
-0.033095795661211014
-0.005277212243527174
0.010130449198186398
-0.008036266081035137
-0.014800605364143848
0.005807181820273399
-0.03381527215242386
-0.0283164344727993
0.007021293975412846
0.008909912779927254
0.0012036733096465468
0.02166130207479
-0.016612136736512184
-0.020145267248153687
-0.026273643597960472
-0.012301717884838581
-0.00046211740118451416
-0.017884064465761185
0.021417194977402687
-0.002002642722800374
-0.006044865120202303
-0.0247833039611578
-0.014106826856732368
-0.003989225719124079
-0.0013915715971961617
-0.006459204945713282
-0.004609129391610622
0.00910262856632471
-0.013246027752757072
0.028727563098073006
-0.015019016340374947
0.011460190638899803
-0.027288615703582764
0.03443196415901184
0.01895042695105076
0.006022381596267223
-0.009404551237821579
0.0031717875972390175
-0.015712795779109
0.0027686895336955786
0.007593018468469381
-0.02885604090988636
-0.01345159113407135
-0.016406573355197906
-0.0013554373290389776
-0.023408595472574234
-0.018475061282515526
0.025014564394950867
0.018847646191716194
-0.016162466257810593
0.018102476373314857
0.015173189342021942
0.0012076882412657142
-0.01648366078734398
0.007599442731589079
0.023498529568314552
-0.01040667574852705
-0.021430043503642082
-0.049746476113796234
0.009552299976348877
-0.026145165786147118
-0.005428173113614321
0.01262933574616909
-0.042577434331178665
0.041215572506189346
0.007612290326505899
-0.0020540335681289434
-0.0028907430823892355
0.004911051597446203
-0.012070458382368088
0.0023639854043722153
0.0186934731900692
0.019528575241565704
-0.006420661695301533
-0.003391805337741971
0.004095219541341066
0.002850593999028206
-0.01733161136507988
0.007368183229118586
0.0028216864448040724
-0.023639855906367302
-0.013682850636541843
-0.01634233444929123
-0.026466360315680504
-0.016265248879790306
-0.026183709502220154
0.015789881348609924
0.013271722942590714
-0.02579827606678009
-0.019271621480584145
0.01665068045258522
-0.011138997040688992
-0.022303689271211624
-0.009385279379785061
0.022072430700063705
-0.02403813600540161
-0.01553292665630579
0.012494434602558613
-0.1600315421819687
0.006041652988642454
0.010233230888843536
-0.005717247724533081
0.0027815373614430428
-0.02274051308631897
0.03543408587574959
0.027931002900004387
0.003645548364147544
-0.011999796144664288
-0.006552351173013449
-0.011273898184299469
-0.019528575241565704
-0.03412361815571785
-0.000788931967690587
-0.010348860174417496
-0.020209506154060364
-0.0013321507722139359
0.013464439660310745
0.030320683494210243
0.021905409172177315
-0.027108747512102127
-0.01916883885860443
0.0026707255747169256
0.009539452381432056
-0.014055435545742512
-0.017832674086093903
0.029729686677455902
-0.004422836937010288
-0.005942082963883877
0.016689224168658257
-0.006041652988642454
0.02276620827615261
-0.017203133553266525
-0.002264415379613638
0.005087708123028278
-0.02055639587342739
0.00022222587722353637
-0.005990262143313885
-0.000982852652668953
0.014582193456590176
0.0020781231578439474
0.018089627847075462
0.004975290037691593
0.03075750730931759
-0.001132207689806819
0.025245822966098785
-0.020402222871780396
0.02667192369699478
-0.024320784956216812
0.04018775373697281
-0.016997570171952248
0.022393623366951942
-0.0003244056133553386
0.03833767771720886
-0.00872362032532692
-0.012211783789098263
-0.006221521645784378
0.007098380476236343
-0.009976276196539402
0.0024587376974523067
-0.014222456142306328
-0.010721445083618164
0.017961150035262108
0.03417500853538513
-0.0261965561658144
-0.006240793503820896
0.00727182487025857
-0.018796253949403763
0.00095314224017784
0.0009346736478619277
-0.012365956790745258
0.017678501084446907
-0.002937316196039319
-0.004830752965062857
0.04375942796468735
-0.009687201119959354
0.011402375996112823
0.0025326122995465994
-0.013117549940943718
-0.04129265993833542
0.05131390318274498
0.011614363640546799
-0.02939564548432827
0.00020937813678756356
-0.014774909242987633
0.002410558518022299
0.009070510044693947
0.02027374505996704
0.00687354477122426
-0.0050009856931865215
-0.04252604395151138
0.001819562166929245
-0.020492156967520714
-0.0023350780829787254
0.035305608063936234
-0.000546832219697535
-0.018937580287456512
0.000511099467985332
-0.01526312343776226
0.01855214685201645
0.0065138079226017
-0.01648366078734398
-0.0015409267507493496
0.02001679129898548
-0.010361708700656891
-0.004856448620557785
0.025181584060192108
0.019130295142531395
-0.007496660575270653
-0.028239348903298378
-0.010920585133135319
0.002763871569186449
0.01784552074968815
0.012879867106676102
0.0030947010964155197
-0.0043650222942233086
0.004030980635434389
0.02829073928296566
-0.004583433736115694
0.07061121612787247
-0.010387403890490532
-0.01402974035590887
0.014903387054800987
-0.007496660575270653
-0.02913869172334671
-0.11234070360660553
-0.03633343055844307
0.030449161306023598
0.02659483626484871
-0.00977071188390255
0.0247833039611578
-0.01902751438319683
-0.004169093910604715
-0.023100249469280243
0.024898935109376907
-0.022496405988931656
-0.02965260110795498
0.0022852930705994368
0.021314412355422974
-0.021931104362010956
0.014248152263462543
-0.0038703838363289833
-0.004050252493470907
-0.032556191086769104
0.01455649733543396
0.002196964807808399
0.004962442442774773
-0.0024330420419573784
-0.005017045419663191
-0.015391601249575615
0.0023238363210111856
-0.04378512129187584
-0.003562038065865636
0.006536291446536779
0.006989174522459507
-0.006957055069506168
-0.007303944323211908
0.0031268205493688583
-0.03376388177275658
0.028958821669220924
-0.028367826715111732
-0.013374504633247852
0.008177591487765312
0.02398674376308918
-0.025464234873652458
0.02022235468029976
0.03165685012936592
-0.0002412967587588355
-0.016522202640771866
-0.006385330576449633
-0.017370155081152916
-0.0019528575940057635
0.012770661152899265
0.0036969392094761133
-0.02769974246621132
-0.0014839147916063666
-0.010233230888843536
-0.0648554265499115
-0.008363883942365646
0.0032071189489215612
0.012899138033390045
-0.005087708123028278
0.009622963145375252
-0.001569031155668199
-0.03047485649585724
-0.0175628699362278
-0.006745067425072193
-0.020993219688534737
0.019811226055026054
0.01552007906138897
0.0054153255186975
-0.023742636665701866
-0.01730591617524624
0.004275087732821703
0.008762164041399956
0.014993321150541306
0.01343874353915453
-0.017717042937874794
-0.007098380476236343
-0.013798480853438377
0.045917849987745285
-0.03792655095458031
-0.011729992926120758
0.006353211123496294
0.0002904795401263982
-0.007522356230765581
-0.00025173556059598923
-0.01724167726933956
-0.005688339937478304
0.014659279957413673
0.021558519452810287
-0.0022162364330142736
-0.009777136147022247
0.007965602912008762
-0.012179664336144924
-0.007605866529047489
0.011832775548100471
0.03474031016230583
0.006401390302926302
0.019387250766158104
0.0002579586871434003
0.01228887028992176
-0.020209506154060364
0.012410923838615417
0.009449518285691738
-0.04817905277013779
-0.0024715852923691273
-0.05298411101102829
0.016869092360138893
0.006510595791041851
0.0013136821798980236
-0.012243903242051601
-0.008216134272515774
0.033429838716983795
-0.008974151685833931
0.02245786227285862
0.013862719759345055
-0.0006741052493453026
-0.007689376827329397
-0.029215777292847633
-0.013143245130777359
-0.03435487672686577
-0.04524976760149002
0.020607786253094673
0.0016180131351575255
-0.004840388894081116
0.008010570891201496
0.001718386192806065
0.0014903387054800987
0.01577703468501568
0.019862618297338486
0.01594405435025692
0.010393827222287655
-0.0182694960385561
0.008164743892848492
-0.006070560775697231
0.011954829096794128
0.018141020089387894
-0.01331026665866375
-0.012076882645487785
0.016843397170305252
-0.01815386675298214
-0.016316639259457588
0.0036744556855410337
0.0294470377266407
0.014620736241340637
0.055605050176382065
0.0035363424103707075
-0.00935958418995142
0.021057458594441414
-0.004117703065276146
-0.009154019877314568
-0.007657257374376059
-0.0007154589402489364
-0.00907693337649107
0.0093467365950346
0.004156246315687895
0.018937580287456512
0.01454364974051714
-0.009256801567971706
-0.027057355269789696
0.005161582492291927
0.005630525294691324
0.014196760952472687
-0.0005171218072064221
0.0202480498701334
-0.018333734944462776
0.021905409172177315
-0.008216134272515774
0.004348962567746639
-0.0009226288530044258
0.006035229191184044
-0.022612035274505615
-0.01801254227757454
0.019348707050085068
0.005441021174192429
-0.016316639259457588
-0.006610165815800428
-0.014376629143953323
0.02203388698399067
0.0007961588562466204
0.018988970667123795
0.0077793109230697155
0.02500171586871147
-0.01775558665394783
-0.008132624439895153
0.01262933574616909
0.01681770198047161
0.013464439660310745
-0.018809102475643158
0.023177336901426315
-0.0004874114238191396
-0.0014967626193538308
0.0014036163920536637
-0.012532977387309074
-0.01937440223991871
0.019155992195010185
0.012012643739581108
0.011306017637252808
-0.014093979261815548
-0.010470913723111153
0.001756929443217814
0.009957004338502884
0.0035331305116415024
-0.002402528654783964
0.023459985852241516
0.023459985852241516
0.021597063168883324
-0.0044870758429169655
-0.009622963145375252
-0.025271518155932426
-0.007676529232412577
0.0046733682975173
-0.01747293584048748
-0.03330136090517044
-0.01485199574381113
0.021622758358716965
0.010072633624076843
0.007008446380496025
0.018230954185128212
0.0065138079226017
-0.01693333126604557
0.0016043625073507428
0.01834658347070217
-0.004866084083914757
-0.022676274180412292
0.022252298891544342
-0.014350933954119682
0.03918562829494476
0.01996539905667305
-0.009398126974701881
0.015365906059741974
0.0004275890823919326
0.04404207691550255
0.0038703838363289833
0.021442890167236328
0.0009467183845117688
-0.01931016519665718
0.0072654010728001595
-0.004731182940304279
-0.0074902367778122425
-0.01482630055397749
-0.018475061282515526
0.011588668450713158
0.013284570537507534
0.005489199887961149
0.09322325140237808
0.0004299980355426669
-0.02083904668688774
0.005611253436654806
-0.018873341381549835
-0.015417296439409256
0.0009475213591940701
-0.011550124734640121
0.0031059428583830595
-0.005235456861555576
0.032556191086769104
-0.009513757191598415
-0.017819825559854507
-0.01304046344012022
-0.015455840155482292
0.016984721645712852
-0.020260898396372795
0.027879612520337105
-0.025746885687112808
-0.0032536920625716448
0.029883859679102898
0.004933535121381283
-0.003093095263466239
0.003822204889729619
-0.009995547123253345
0.0009700049413368106
0.02205958217382431
0.006552351173013449
-0.01566140353679657
-0.027391396462917328
-0.011672178283333778
0.012134697288274765
-0.042320478707551956
-0.02274051308631897
0.012250327505171299
-0.03443196415901184
0.004795421846210957
-0.026209404692053795
0.0015168371610343456
-0.0050009856931865215
-0.0006921723834238946
0.022894686087965965
-0.030860289931297302
-0.048127662390470505
-0.035896606743335724
0.0011161480797454715
-0.045583806931972504
0.00036114215617999434
-0.02123732678592205
