-0.021112734451889992
-0.020817002281546593
0.010575653985142708
-0.017589658498764038
-0.03402210399508476
0.01238219439983368
-0.046828608959913254
0.001962442882359028
-0.007798339240252972
-0.03839380294084549
0.001980122411623597
0.012015743181109428
-0.0013757993001490831
0.041505422443151474
0.0037963062059134245
0.007226161193102598
0.036027941852808
-0.007534751668572426
0.0077211917378008366
-0.015185224823653698
-0.014953781850636005
0.01658673956990242
-0.009039130061864853
-0.02130560390651226
-0.02602446638047695
0.01883687824010849
0.018605435267090797
-0.015519531443715096
-0.00972703006118536
0.0017711808905005455
-0.006872567813843489
-0.012060745619237423
-0.01872115768492222
-0.001256059855222702
-0.0014714302960783243
0.027670282870531082
0.012510773725807667
0.03983389213681221
0.02140846662223339
0.006573620717972517
0.007194016128778458
0.0038863117806613445
8.70422154548578e-05
-0.012928656302392483
0.0069368574768304825
0.012285759672522545
-0.008569815196096897
-0.008781971409916878
-0.026538783684372902
0.02282284013926983
0.014478038065135479
0.03165624290704727
0.004487420432269573
-0.0059339385479688644
-0.009379865601658821
-0.005400334019213915
0.0012062352616339922
-0.001984944101423025
0.00399560434743762
-0.004191687796264887
0.012420767918229103
-0.015069503337144852
-0.0292646661400795
0.015300946310162544
0.00864696316421032
0.014966639690101147
-0.0006288335425779223
0.00593715300783515
-0.02427578717470169
0.017756812274456024
0.013037948869168758
0.02571587637066841
-0.013243676163256168
-0.007791910320520401
0.025548722594976425
-0.008897692896425724
-0.042251184582710266
-0.03052474372088909
0.010273491963744164
0.023607173934578896
0.004628857597708702
0.013449403457343578
-0.03196483477950096
0.007200445048511028
0.005101386923342943
0.0009659525821916759
0.01720392145216465
0.018399709835648537
-0.0012849901104345918
0.003985960967838764
0.012575062923133373
0.008762684650719166
0.011848589405417442
0.024430081248283386
-0.012639353051781654
0.015750974416732788
-0.010209202766418457
0.023067140951752663
-0.029624689370393753
-0.037416599690914154
-0.002422114135697484
-0.002066913526505232
-0.01967264525592327
0.001647423254325986
-0.03350778669118881
0.0029621473513543606
0.009141993708908558
-0.00813264586031437
-0.0030344733968377113
-0.03829094022512436
-0.010909960605204105
0.027798861265182495
-0.021074160933494568
-0.02977898344397545
0.018708299845457077
-0.02733597531914711
0.014246595092117786
-0.018258271738886833
-0.0011845375411212444
-0.027258828282356262
0.02333715744316578
-0.0037416599225252867
0.0339706726372242
0.018669726327061653
0.029830416664481163
0.020019808784127235
-0.025664443150162697
-0.003777019213885069
-0.026538783684372902
-0.024237213656306267
0.0022983564995229244
0.009090562351047993
-0.01111568696796894
-0.010929247364401817
-0.008769113570451736
-0.009855609387159348
-0.015378093346953392
0.025535864755511284
-0.037622325122356415
-0.037108007818460464
0.012774361297488213
0.02877606451511383
0.000651736743748188
-0.028544621542096138
-0.01955692283809185
0.002576409373432398
0.052768975496292114
0.028441758826375008
0.003068225458264351
-0.005991798825562
0.010369926691055298
-0.03849666565656662
0.012877224944531918
0.0029042866080999374
-0.012266472913324833
0.004796010907739401
0.009746316820383072
0.006155737675726414
-0.004532422870397568
-0.0005826253327541053
-0.003902384079992771
-0.003632367355749011
0.006750417407602072
0.030164722353219986
0.013745135627686977
0.01842542551457882
0.012157180346548557
0.013192243874073029
0.015185224823653698
0.022707117721438408
0.03258201479911804
0.013487976975739002
-0.027593133971095085
0.01566096767783165
-0.0033173479605466127
0.035770781338214874
0.010942105203866959
-0.003979531582444906
-0.016818182542920113
-0.026770226657390594
-0.012350048869848251
-0.008055497892200947
0.010228489525616169
0.013577982783317566
-0.014143731445074081
0.011559286154806614
0.010003475472331047
-0.0055964174680411816
-0.0014465179992839694
-0.017692523077130318
0.008248367346823215
0.019402628764510155
-0.023620031774044037
-0.004014891106635332
-0.6340506076812744
0.002634270116686821
-0.0029750054236501455
0.017165347933769226
0.011713581159710884
-0.013385113328695297
0.01616242714226246
0.019595498219132423
0.0018692227313295007
-0.018695442005991936
0.0012215040624141693
0.02151132933795452
-0.01029920857399702
-0.02018696255981922
0.0001482680963817984
-0.026538783684372902
0.006724701728671789
-0.041916877031326294
0.007772623561322689
0.0060400161892175674
-0.021228455007076263
0.04513136297464371
0.0005372207378968596
4.0055488170764875e-06
0.0024928327184170485
-0.004072751849889755
0.014143731445074081
-0.006316462066024542
0.008010495454072952
-0.009502016007900238
-0.011064255610108376
0.024622950702905655
0.017538227140903473
0.03070475533604622
0.0452856570482254
0.018772589042782784
-0.0276445671916008
0.014670907519757748
0.03818807378411293
0.015583820641040802
-0.004018105566501617
-0.016612455248832703
0.012639353051781654
0.0017856460763141513
0.014362316578626633
0.008685536682605743
0.026795942336320877
-0.019942661747336388
-0.011263553984463215
0.0208812914788723
0.0012817756505683064
0.0008269261452369392
-0.005400334019213915
0.0011475709034129977
0.0014183912426233292
-0.008113359101116657
-0.007656902074813843
-0.018245413899421692
0.005589988548308611
0.023594316095113754
-0.01115426141768694
0.007309737615287304
-0.01356512401252985
-0.034356411546468735
-0.020444121211767197
0.013333681970834732
-0.00458385469391942
-0.006168595515191555
0.014606617391109467
-0.019119754433631897
-0.006065732333809137
0.03595079481601715
-0.004236690700054169
-0.0011523927096277475
0.01752536930143833
0.002639091806486249
0.03790520131587982
-0.007386885117739439
-0.0005894561181776226
0.0205855593085289
0.004127398133277893
-0.02192278392612934
-0.03307061642408371
0.007258305791765451
0.010929247364401817
-0.02723311260342598
0.0037802336737513542
-0.017666807398200035
0.005634991452097893
0.026693079620599747
0.00532961543649435
0.003867024788632989
0.019312622025609016
-0.026191620156168938
0.006846852134913206
0.03883097320795059
0.02630734071135521
0.0024880110286176205
-0.013127954676747322
-0.026127329096198082
-0.00033651632838882506
-0.025162983685731888
-0.010768522508442402
-0.0038413088768720627
0.017242494970560074
0.0004524386895354837
0.00936700776219368
0.012125035747885704
0.0302933007478714
-0.027258828282356262
-0.028956076130270958
-0.005409977398812771
-0.0037191584706306458
-0.009315576404333115
-0.0015333091141656041
-0.04165972024202347
0.024095775559544563
-0.018361134454607964
-0.005168891046196222
-0.00379952066577971
0.023324299603700638
0.0046224286779761314
0.010967820882797241
0.004976022057235241
-0.023928621783852577
0.018708299845457077
-0.02076556906104088
0.01679246686398983
-0.0271302480250597
-0.016123853623867035
0.0029123229905962944
-0.02189706824719906
0.009431297890841961
-0.015390951186418533
-0.0001898554910439998
0.0023112143389880657
-0.0022951418068259954
-0.01731964200735092
-0.0010615835199132562
-0.019106896594166756
-0.031501948833465576
-0.02326001040637493
0.011630005203187466
-0.031090494245290756
-0.03430497646331787
-0.045619964599609375
-0.005853576119989157
0.009643453173339367
-0.01074923574924469
0.034253545105457306
-0.019492633640766144
0.0032450221478939056
-0.037930916994810104
-0.021061303094029427
0.012607208453118801
-0.01413087360560894
-0.004050250630825758
-0.010530651547014713
-0.02549729123711586
0.006155737675726414
-0.00414347043260932
-0.00792691856622696
-0.02436579205095768
0.025471575558185577
-0.02723311260342598
0.003703086171299219
-0.00829979870468378
0.019312622025609016
-0.012350048869848251
-0.03847094997763634
-0.013397971168160439
0.0020203033927828074
-0.0069368574768304825
0.023594316095113754
0.010511363856494427
0.013886572793126106
-0.007444745860993862
-0.015596678480505943
-0.021832779049873352
-0.0075604673475027084
0.00634539220482111
0.0015622394857928157
-0.022655686363577843
-0.023015709593892097
0.012150751426815987
0.009231999516487122
0.007412601262331009
0.010852099396288395
0.009662739932537079
0.003754517761990428
0.008614818565547466
0.006496473215520382
-0.015442383475601673
0.016753893345594406
-0.015030929818749428
0.01636815443634987
0.0017615375109016895
-0.00936700776219368
0.0008325514500029385
0.017551084980368614
0.02877606451511383
-0.006078590173274279
0.028827495872974396
-0.016329580917954445
0.0029075013007968664
0.007798339240252972
0.009386294521391392
-0.0022951418068259954
0.045105647295713425
0.012774361297488213
0.011990027502179146
-0.012594349682331085
-0.021074160933494568
-0.012819363735616207
-0.003645225428044796
0.019788365811109543
0.002828746335580945
-0.014272310771048069
0.01658673956990242
0.01638101227581501
-0.01638101227581501
-0.0009056809940375388
0.018155409023165703
-0.011546428315341473
0.012420767918229103
0.02407005988061428
0.01044707465916872
-0.002589267212897539
-0.00354557647369802
-0.016445303335785866
0.0037513033021241426
0.007997637614607811
-0.009148422628641129
0.0169081874191761
0.02651306800544262
0.008370517753064632
0.016741035506129265
-0.002414077753201127
0.042739786207675934
-0.011282840743660927
0.01657388173043728
0.02723311260342598
-0.0004596712824422866
-0.01341082900762558
0.01842542551457882
-0.004702790640294552
0.017962539568543434
0.014889491721987724
-0.005120673682540655
-0.022989992052316666
-0.009495587088167667
0.0051238881424069405
0.0012825792655348778
-0.018361134454607964
-0.007914060726761818
-0.0376480408012867
0.016753893345594406
0.0169081874191761
0.002084593288600445
0.020418405532836914
0.004281693138182163
0.014606617391109467
-4.7890796849969774e-05
0.02589588612318039
0.01721677929162979
0.00024872072390280664
-0.007251876872032881
-0.00442955968901515
-0.03816235810518265
-0.017756812274456024
-0.0012472199741750956
-0.0006268244469538331
-0.009849180467426777
0.010279920883476734
0.006088233552873135
0.011237837374210358
0.01863115280866623
-0.025021547451615334
0.010691375471651554
-0.006904712412506342
-0.026950238272547722
-0.03952530026435852
0.016869613900780678
0.021742772310972214
-0.004886016249656677
-0.004837799351662397
0.003310919040814042
-0.028133168816566467
-0.038445234298706055
0.009829893708229065
-0.011070684529840946
-0.02170419879257679
0.007329024374485016
-0.0005689637619070709
-0.020829860121011734
-0.04361412674188614
0.02918751910328865
-0.01238219439983368
-0.007277593016624451
-0.0014424999244511127
0.018451141193509102
-0.02530442178249359
-0.01902974769473076
-0.005493553820997477
0.012967230752110481
0.020868433639407158
-0.019492633640766144
0.018656868487596512
-0.006628267001360655
-0.017628232017159462
0.010787810198962688
-0.03790520131587982
-0.019428344443440437
0.014928066171705723
0.009585592895746231
0.008974840864539146
0.02702738530933857
0.00018171883129980415
0.0169081874191761
0.009592021815478802
0.008730540052056313
0.016020990908145905
-0.009463442489504814
0.021009869873523712
0.03962816298007965
0.007663330994546413
-0.021665625274181366
0.023632889613509178
-0.018489714711904526
-0.021832779049873352
-0.002819102955982089
-0.03857381269335747
0.0053971195593476295
-0.00478958198800683
0.014169447124004364
-0.016008133068680763
0.000338324491167441
0.006743988487869501
0.016098137944936752
-0.0006862924201413989
-0.021382750943303108
0.0033623508643358946
0.024507230147719383
0.01028635073453188
0.023079998791217804
0.007251876872032881
0.0023176432587206364
0.0088591193780303
0.019479775801301003
-0.009257715195417404
0.055340565741062164
0.0323505699634552
-0.005381046794354916
-0.018798304721713066
-5.22353730048053e-05
0.0021504901815205812
0.018695442005991936
0.027155965566635132
-0.016651028767228127
-0.020032666623592377
0.008396233431994915
0.026140186935663223
-0.013320823200047016
-0.001750286784954369
0.01729392632842064
0.02356860041618347
0.014375174418091774
-0.0018306488636881113
0.0056992811150848866
-0.013385113328695297
0.009765603579580784
-0.00486351503059268
-0.002012267243117094
-0.010929247364401817
0.011456422507762909
0.026178762316703796
-0.014362316578626633
0.0001433459110558033
0.028544621542096138
-0.0001921658986248076
-0.01197716873139143
0.01577669009566307
-0.022809982299804688
-0.035076454281806946
-0.026088755577802658
-0.012645781971514225
0.03163052722811699
0.0019463703501969576
0.014966639690101147
-0.010504934936761856
-0.0018258271738886833
-0.002581231063231826
-0.02774742990732193
0.00916128046810627
0.020701279863715172
-0.028853213414549828
-0.03011329099535942
-0.017628232017159462
0.00460957083851099
0.024520087987184525
0.0010246168822050095
-0.00047172559425234795
-0.006692556664347649
0.029238950461149216
-0.0008128627669066191
-0.0067118434235453606
-0.013082952238619328
-0.01998123526573181
-0.015378093346953392
0.0042849075980484486
-0.015480956993997097
0.0021954928524792194
0.01418230589479208
0.034459274262189865
-0.05122602358460426
-0.005554629024118185
0.0027226682286709547
-0.0034619998186826706
-0.015725258737802505
0.01541666779667139
0.006962573155760765
0.001590366242453456
0.01914547011256218
-0.016818182542920113
0.012594349682331085
0.005975726526230574
-0.011649291962385178
-0.008421949110925198
0.01752536930143833
0.01224075723439455
-0.0022163870744407177
0.015223798342049122
-0.005940367467701435
-0.009977759793400764
-0.010492077097296715
-0.0007264735177159309
-0.006628267001360655
-0.0009402367286384106
0.00864696316421032
-0.020148389041423798
-0.013642271980643272
0.04096538946032524
0.02057270146906376
-0.004442417528480291
0.006483615376055241
-0.019209759309887886
-0.00327555974945426
0.019068321213126183
-0.007952634245157242
0.027284543961286545
-0.02416006475687027
-0.018078260123729706
0.009463442489504814
0.015172366984188557
-0.00044480428914539516
0.01913261227309704
-0.02151132933795452
-0.03163052722811699
0.002274247817695141
-0.0006597729516215622
-0.015840979292988777
-0.004796010907739401
-0.008524812757968903
-0.0014585723401978612
-0.0197755079716444
0.008640534244477749
0.006930428557097912
-0.0327877402305603
0.03520503267645836
-0.033636365085840225
-0.013938005082309246
0.0028416041750460863
0.009990617632865906
0.03877954185009003
-0.029007507488131523
0.0091548515483737
-0.013899430632591248
-0.005165676586329937
0.0014183912426233292
-0.009547018446028233
-0.009772032499313354
-0.006724701728671789
0.0200712401419878
0.012041458860039711
0.02017410472035408
0.00798477977514267
0.023992912843823433
0.0015807227464392781
-0.007592612411826849
-0.016535308212041855
0.010877815075218678
-0.03060189262032509
-0.03656797483563423
0.023915763944387436
0.018271129578351974
-0.004882801789790392
0.01397657860070467
-0.022899987176060677
-0.012767932377755642
0.028390327468514442
-0.010479219257831573
-0.008222651667892933
-0.0276445671916008
-0.00040763680590316653
0.002261389745399356
0.010549938306212425
-0.028338894248008728
0.007695475593209267
-0.03674798458814621
-0.00038011278957128525
0.0247772466391325
0.006181453820317984
0.0003164258087053895
0.0026519496459513903
0.027824576944112778
-0.0018258271738886833
0.013539408333599567
0.009611308574676514
0.03052474372088909
0.017551084980368614
0.005516055505722761
-0.024918682873249054
-0.004844228271394968
0.02336287312209606
-0.022758550941944122
-0.004873158410191536
-0.0049053034745156765
0.001223111292347312
-0.012774361297488213
0.013205102644860744
0.0015485779149457812
0.0044809915125370026
0.02857033722102642
-0.018193982541561127
-0.03049902804195881
-0.021472755819559097
-0.016869613900780678
0.0013814247213304043
0.015918126329779625
0.004661002662032843
0.0019527992699295282
0.01811683364212513
-0.0286732017993927
0.021845636889338493
0.016741035506129265
-0.02518869936466217
0.03944815322756767
-0.007367598358541727
0.03656797483563423
0.01782110147178173
-0.004561353474855423
-0.04451417922973633
0.00637110834941268
0.020328400656580925
-0.001790467882528901
0.01976265013217926
-0.007579754572361708
0.007059007883071899
-0.031681958585977554
0.01463233307003975
0.030781902372837067
-0.006718272343277931
-0.002843211404979229
0.013333681970834732
0.0024188996758311987
0.0148509182035923
-0.01616242714226246
0.008222651667892933
-0.014079442247748375
0.029573258012533188
-0.005268540233373642
0.01596955955028534
-0.01810397580265999
-0.028544621542096138
-0.01658673956990242
0.04471990838646889
0.005172105506062508
0.007959063164889812
0.005239609628915787
-0.02305428311228752
-0.009315576404333115
-0.011816444806754589
-0.004561353474855423
-0.007676188834011555
0.012671497650444508
0.03358493372797966
-0.010890672914683819
0.0069111417979002
-0.002626233734190464
-0.025060120970010757
0.005554629024118185
-0.00478315306827426
0.01433660089969635
0.017898250371217728
0.006538261193782091
0.020289825275540352
0.024854393675923347
-0.003622723976150155
-0.025947319343686104
0.007727620657533407
0.0003208457201253623
-0.009450584650039673
0.02671879529953003
-0.0036387965083122253
-0.0205855593085289
0.01701105199754238
-0.03183625265955925
-0.008216222748160362
-0.00993918627500534
-0.015699543058872223
-0.008601960726082325
-0.012485058046877384
0.0286732017993927
-0.017872532829642296
-0.026564499363303185
-0.009791319258511066
-0.001867615501396358
0.022797124460339546
-0.0025474790018051863
-0.008254796266555786
0.021832779049873352
0.008936266414821148
-0.03489644452929497
-0.016316723078489304
-0.0022629969753324986
0.012800076976418495
0.0049245902337133884
0.028801780194044113
-0.001268114079721272
-0.022244231775403023
0.022552823647856712
-0.02476438879966736
-0.025008689612150192
-0.01567382551729679
0.002274247817695141
-0.008518383838236332
0.00031421586754731834
0.003934529144316912
0.01699819415807724
0.015018071047961712
-0.003487715730443597
0.012002885341644287
-0.01701105199754238
-0.0044906348921358585
-0.004246334079653025
-0.01883687824010849
-0.0033141335006803274
-0.03170767426490784
0.036002226173877716
-0.0025780166033655405
0.011089971289038658
0.004034177865833044
-0.012838651426136494
-0.0030794760677963495
-0.0029637545812875032
0.01965978741645813
-0.03379065915942192
0.010530651547014713
0.001256059855222702
-0.02140846662223339
-0.03193911910057068
0.013134383596479893
-0.014439464546740055
-0.01639387011528015
0.010929247364401817
-0.02059841714799404
0.008209792897105217
0.021048443391919136
-0.02304142527282238
-0.0025571223814040422
0.0032016264740377665
0.004471347667276859
-0.01449089590460062
0.0038638103287667036
-0.031167641282081604
0.028287462890148163
0.021987073123455048
-0.012054316699504852
-0.020225536078214645
-0.00759904133155942
-0.02774742990732193
-0.0012745431158691645
-0.002166562480852008
0.028956076130270958
0.006891854573041201
-0.016098137944936752
0.0056157042272388935
0.049194470047950745
-0.009045558981597424
0.004474562592804432
-0.034870728850364685
0.0077211917378008366
-0.015930984169244766
0.005628562532365322
-0.0015333091141656041
-0.0016184928826987743
-0.02365860529243946
-0.011070684529840946
0.04124826565384865
-0.01080066803842783
0.022167084738612175
0.007059007883071899
-0.01325653400272131
-0.020251251757144928
0.014529469422996044
0.015622394159436226
0.01449089590460062
0.009296288713812828
0.004773509223014116
-0.016663886606693268
0.005268540233373642
-0.003288417588919401
-0.001166054280474782
-0.015288088470697403
-0.014902349561452866
0.03582221642136574
-0.017332499846816063
0.01234361995011568
-0.007309737615287304
0.0044070580042898655
0.010678517632186413
-0.023079998791217804
-0.0013227603631094098
-0.014889491721987724
0.012665068730711937
0.019518349319696426
0.01892688497900963
-0.02621733583509922
0.005059598479419947
0.010421358980238438
-0.020328400656580925
-0.002688916167244315
0.019595498219132423
-0.010337782092392445
0.006483615376055241
0.010157770477235317
-0.011417848989367485
0.00039076077518984675
-0.027310259640216827
-0.031244788318872452
-0.005262110847979784
-0.019685503095388412
0.00880768708884716
0.004182044416666031
-0.022295664995908737
0.01954406499862671
0.001480270060710609
0.004918161313980818
-0.025214416906237602
-0.03111620992422104
-0.007714762818068266
-0.031373366713523865
-0.0138222835958004
0.006033587269484997
-0.007695475593209267
0.01833541877567768
-0.012247186154127121
-0.001333207474090159
-0.04171115159988403
0.010672088712453842
0.2201278954744339
-0.020624132826924324
0.00038915351615287364
0.009855609387159348
0.027927441522479057
0.026063039898872375
0.043768420815467834
-0.011597859673202038
-0.003793091746047139
0.01913261227309704
0.013642271980643272
-0.00018754508346319199
-0.006962573155760765
0.009418439120054245
-0.01238862331956625
-0.012478629127144814
-0.032607730478048325
-0.008370517753064632
0.010312066413462162
0.005419620778411627
0.031373366713523865
0.006994718220084906
0.0026455207262188196
-0.022141369059681892
0.004857086110860109
-0.008736968971788883
0.010607798583805561
0.013333681970834732
0.035693634301424026
0.001705283997580409
-0.011687865480780602
0.0028576767072081566
-0.008248367346823215
-0.011488567106425762
-0.02682165801525116
0.0033719942439347506
0.004786367528140545
-0.012562205083668232
0.006101091392338276
-0.00012847893231082708
0.035770781338214874
-0.005753927398473024
0.0077404784969985485
-0.01751251146197319
-0.018155409023165703
0.05405477061867714
-0.00043636627378873527
-0.027670282870531082
0.00537140341475606
-0.0007449567783623934
-0.022488532587885857
0.04412844404578209
0.024301502853631973
-0.00792691856622696
-0.009714172221720219
0.017833959311246872
0.016149569302797318
-0.009714172221720219
0.027258828282356262
-0.008312656544148922
4.746387276099995e-05
0.004615999758243561
0.004082395229488611
0.005165676586329937
-0.026333056390285492
0.011404991149902344
-0.02601160854101181
-0.006396824028342962
0.0020379831548780203
-0.0030376878567039967
0.021022727712988853
0.0035134314093738794
-0.0012094498379155993
-0.008634105324745178
-0.013095810078084469
-0.012620066292583942
0.006293960381299257
0.0025153341703116894
0.007772623561322689
0.03011329099535942
-0.015802405774593353
-0.009283430874347687
-0.03991103917360306
0.004869943950325251
0.0022517463658005
-0.015583820641040802
0.02620447799563408
-0.006068946793675423
0.008248367346823215
-0.02273283340036869
-0.0069368574768304825
-0.0012046280317008495
-0.00014173868112266064
-0.006698985584080219
0.0018370778998360038
0.001710105687379837
0.010466361418366432
0.028236031532287598
-0.010549938306212425
-0.004458489827811718
-0.022154226899147034
0.019942661747336388
0.01935119740664959
0.002721060998737812
-0.0050113811157643795
0.006801849231123924
-0.018798304721713066
0.007650473155081272
-0.004477777052670717
-0.039885323494672775
-0.007804768159985542
-0.021035585552453995
-0.001193377305753529
-0.02508583664894104
-0.0022404957562685013
0.01576383225619793
0.01586669497191906
0.003103584749624133
0.01577669009566307
0.019608356058597565
-0.010974249802529812
-0.012009314261376858
-0.013005804270505905
0.001193377305753529
0.0030296517070382833
-0.014015152119100094
-0.0501459576189518
-0.005972512066364288
-0.010318495333194733
-0.016406727954745293
0.028904644772410393
-0.0208812914788723
0.02661593072116375
0.005670350510627031
0.013282249681651592
0.004818512126803398
-0.00039919879054650664
-0.0009185389499180019
0.023992912843823433
0.023517169058322906
0.001944763120263815
-0.01541666779667139
-0.008036211133003235
0.007804768159985542
0.015480956993997097
-0.004281693138182163
0.00181779102422297
-0.0021183453500270844
-0.022681402042508125
0.0011805194662883878
-0.0011226587230339646
-0.03857381269335747
0.015275230631232262
-0.029238950461149216
0.00849909707903862
0.017538227140903473
-0.03358493372797966
-0.010575653985142708
0.025574438273906708
-0.004365270026028156
-0.03011329099535942
-0.0034459272865206003
0.018463999032974243
-0.0068339938297867775
-0.004371698945760727
0.009682027623057365
-0.15995274484157562
0.02877606451511383
0.005860005039721727
-0.006473971530795097
-0.002012267243117094
0.0022308521438390017
0.03754517808556557
0.007611899171024561
-0.014156589284539223
-0.013070093467831612
0.018579719588160515
-0.0019319051643833518
-0.015468099154531956
-0.028621770441532135
-0.0022003145422786474
0.0004950306029058993
-0.02089414931833744
0.0014762519858777523
0.012292188592255116
0.013475119136273861
0.02929038181900978
-0.009990617632865906
-0.017345357686281204
0.008357659913599491
0.006673269905149937
-0.0009715779451653361
-0.019299764186143875
0.029624689370393753
-0.00792691856622696
-0.02210279554128647
0.014889491721987724
0.014015152119100094
0.024430081248283386
0.007971921935677528
-0.00514317536726594
0.009109849110245705
-0.006853281054645777
-0.014195163734257221
-0.010466361418366432
0.005660707131028175
0.01964692957699299
0.012073603458702564
0.01566096767783165
-0.0032048409339040518
0.007695475593209267
-0.005419620778411627
0.022797124460339546
0.0007606273866258562
0.0216141939163208
-0.014465180225670338
0.04515707865357399
-0.0004693147202488035
0.014593759551644325
-0.0079397764056921
0.01688247174024582
0.018463999032974243
-0.0016096531180664897
-0.02109987661242485
0.004410272464156151
-0.03502502292394638
-0.022038506343960762
0.003722372930496931
-0.010054907761514187
0.018605435267090797
0.027387408539652824
-0.031244788318872452
-0.01044064573943615
0.02489296719431877
-0.03412496671080589
0.004561353474855423
0.0023272866383194923
-0.016843898221850395
0.015828121453523636
0.0025249775499105453
-0.016098137944936752
0.026744510978460312
-0.018001113086938858
0.03505073860287666
-0.0074190301820635796
-0.013899430632591248
-0.02211565338075161
0.056472063064575195
-0.0067118434235453606
-0.0013870500260964036
0.008974840864539146
-0.010607798583805561
0.004587069153785706
-0.012401481159031391
0.019094036892056465
0.011417848989367485
0.008556957356631756
-0.04145399108529091
-0.004133827053010464
-0.0009474693215452135
0.0032546655274927616
0.029624689370393753
-0.010897102765738964
-0.0072197322733700275
0.01998123526573181
-0.011276411823928356
0.013655129820108414
0.03121907263994217
-0.018013970926404
0.0014633940299972892
0.027104532346129417
-0.005959654226899147
0.010929247364401817
0.024828677996993065
0.0161752849817276
0.0023176432587206364
-0.012922227382659912
0.005905007943511009
0.012170038186013699
0.003100370289757848
0.014503753744065762
0.01521094050258398
-0.008949125185608864
-0.0079397764056921
0.01998123526573181
-0.009334863163530827
0.054929111152887344
-0.009489158168435097
-0.013282249681651592
0.0193383377045393
-0.011713581159710884
-0.03361064940690994
-0.1095496341586113
-0.026564499363303185
0.014606617391109467
0.020238393917679787
0.0015558104496449232
0.01311509683728218
-0.008100501261651516
-0.011957881972193718
0.001984944101423025
0.014452322386205196
-0.03402210399508476
-0.03183625265955925
-0.0061075203120708466
0.026693079620599747
-0.01914547011256218
0.003722372930496931
0.007059007883071899
0.004712434019893408
-0.018181124702095985
0.025960177183151245
0.007431888021528721
0.005644634831696749
-0.0036098661366850138
-0.004108111374080181
-0.014079442247748375
0.0011596252443268895
-0.027927441522479057
0.012311475351452827
0.018785446882247925
0.0027515986002981663
-0.024327218532562256
-0.008267654106020927
-0.004796010907739401
-0.019004032015800476
0.020752711221575737
-0.01505664549767971
-0.02826174721121788
-0.016663886606693268
0.030267585068941116
-0.011083542369306087
0.01892688497900963
0.026461636647582054
0.018013970926404
-0.03289060667157173
0.016972478479146957
-0.020495552569627762
-0.023105714470148087
-0.0013002589112147689
-0.009174138307571411
-0.027824576944112778
-0.02055984176695347
-0.013526550494134426
-0.05228037387132645
-0.014902349561452866
-0.0029750054236501455
0.02458437718451023
-0.0032321640755981207
0.02199993096292019
0.0208812914788723
-0.01913261227309704
0.005220322869718075
-0.006602551322430372
-0.017692523077130318
0.02027696743607521
0.011482138186693192
-0.00936057884246111
-0.010999965481460094
-0.027053100988268852
0.005827860441058874
-0.0005066831363365054
0.010312066413462162
0.012632924132049084
-0.008222651667892933
-0.018978316336870193
-0.014298026449978352
0.01863115280866623
-0.01976265013217926
-0.010993536561727524
-0.012002885341644287
0.012279330752789974
-0.007457604166120291
-0.01449089590460062
-0.011141403578221798
-0.02181992121040821
0.02018696255981922
0.0329420380294323
0.008563386276364326
-0.004497063811868429
0.002873749006539583
-0.01976265013217926
-0.0013974971370771527
0.02846747450530529
0.002819102955982089
-0.013205102644860744
0.00845409370958805
0.009900611825287342
0.036927998065948486
-0.013873714953660965
-0.002950896741822362
0.016201002523303032
-0.026898806914687157
0.014580901712179184
-0.05662635713815689
0.011134974658489227
0.005258896388113499
0.00015720838564448059
-0.007232590112835169
0.0009579163743183017
0.02273283340036869
-0.022488532587885857
0.024944398552179337
0.01253648940473795
-0.03386780992150307
0.007084723562002182
-0.011141403578221798
0.022809982299804688
-0.03060189262032509
-0.051148876547813416
0.024622950702905655
-0.009682027623057365
-0.0016096531180664897
0.013603698462247849
0.00379952066577971
-0.01680532470345497
0.02445579692721367
0.027490271255373955
0.014233737252652645
0.013693704269826412
-0.003500573569908738
0.009199854917824268
-0.01892688497900963
0.0216141939163208
0.013449403457343578
-0.00020713334379252046
-0.016933904960751534
0.005966083146631718
-0.01500521320849657
-0.021022727712988853
-0.004002033267170191
0.02682165801525116
0.0183097030967474
0.03826522454619408
0.0018467212794348598
-0.012356478720903397
0.028750348836183548
-0.025625869631767273
-0.023671463131904602
-0.007046150043606758
-0.00609144801273942
-0.017576800659298897
0.016509592533111572
-0.02140846662223339
0.027464555576443672
0.021061303094029427
-0.0054035484790802
-0.023915763944387436
-0.02611447125673294
0.022668544203042984
0.0011314984876662493
-0.012915798462927341
-0.001405533286742866
-0.003542361781001091
0.046031419187784195
-0.01505664549767971
-0.0071168686263263226
0.001073637860827148
0.010582082904875278
-0.016355296596884727
-0.01029920857399702
-0.01567382551729679
-0.008094072341918945
-0.020739853382110596
0.006763275247067213
-0.0023706823121756315
0.011610717512667179
0.015442383475601673
0.01658673956990242
-0.018155409023165703
0.01289651170372963
-0.028698917478322983
-0.02118988148868084
0.012375765480101109
0.006486829835921526
0.03816235810518265
-0.041325412690639496
0.020456979051232338
0.008055497892200947
-0.0007385278004221618
0.0065125455148518085
-0.002283891197293997
-0.01721677929162979
0.014580901712179184
-0.002733919071033597
0.0197755079716444
-0.01433660089969635
5.424442497314885e-05
-0.012407910078763962
-0.0018193982541561127
-0.0008719289326108992
-0.026538783684372902
0.006769704166799784
0.025870170444250107
0.027310259640216827
0.005683208350092173
-0.008781971409916878
-0.03412496671080589
-0.019916946068406105
-0.0007505821413360536
-0.027798861265182495
-0.041402559727430344
-0.014773770235478878
0.020907007157802582
0.010202773846685886
0.0007276789401657879
0.010607798583805561
0.006461113691329956
-0.023530026897788048
0.004227046854794025
0.0048120832070708275
-0.018695442005991936
-0.006130021996796131
0.004940662533044815
0.005442121997475624
0.036516543477773666
0.035179316997528076
0.005853576119989157
0.0016956405015662313
-0.007798339240252972
0.03314776346087456
-0.010479219257831573
0.024018628522753716
-0.00043757169623859227
-0.022398527711629868
0.02405720204114914
-0.01956978067755699
-0.013577982783317566
-0.00993918627500534
-0.021858494728803635
0.024532945826649666
0.03019043803215027
0.004432774148881435
0.08506811410188675
0.004297765903174877
-0.0018435068195685744
-0.0046127852983772755
-0.00864696316421032
0.01689532957971096
-0.005008166655898094
-0.022347096353769302
-0.0007256698445416987
0.0006682109669782221
0.012523631565272808
-0.0002641904284246266
-0.025355853140354156
-0.025317279621958733
-0.004934233613312244
0.015840979292988777
-0.014619475230574608
0.03535933047533035
-0.020096957683563232
-0.00486351503059268
0.03754517808556557
1.2908164535474498e-05
0.009109849110245705
0.017988255247473717
-0.022282807156443596
0.018579719588160515
0.030859051272273064
0.0019833368714898825
-0.022797124460339546
-0.02774742990732193
-0.005310328211635351
0.00424954853951931
-0.033944956958293915
-0.00637753726914525
-0.005175319965928793
-0.006490044295787811
0.00775333633646369
-0.033122047781944275
0.009129135869443417
0.004728506784886122
-0.009868467226624489
0.01773109659552574
-0.017962539568543434
-0.04904017597436905
-0.04065680131316185
0.006923999637365341
-0.016741035506129265
0.005454980302602053
-0.012041458860039711
