0.0036322427913546562
-0.010549865663051605
-0.004954248201102018
-0.024751607328653336
-0.023508137091994286
0.0194243174046278
-0.03222551941871643
-0.012637587264180183
-0.008239627815783024
-0.033612970262765884
0.0013138247886672616
0.012100931257009506
0.001468440517783165
0.008481777273118496
0.0033491896465420723
-0.005926118697971106
0.026741160079836845
-0.0029810569249093533
0.016086582094430923
0.009142780676484108
-0.006200991105288267
0.004276884254068136
0.011616632342338562
-0.02324635349214077
-0.03306322544813156
0.02181963436305523
0.015549926087260246
-0.01454205997288227
-0.005510537885129452
-0.017474032938480377
0.0001630009792279452
-0.010307716205716133
-0.02053689770400524
-0.007290663663297892
-0.0017572201322764158
0.017670370638370514
0.018940018489956856
0.021309157833456993
0.030445393174886703
0.022421736270189285
0.03751354292035103
0.008514500223100185
0.004682647995650768
-0.03934602439403534
0.014646773226559162
0.00833125226199627
0.009901951998472214
-0.0013506379909813404
-0.01603422500193119
0.02679351717233658
-0.0047317324206233025
0.028455840423703194
-0.017696548253297806
-0.0035144402645528316
-0.006449684966355562
-0.009221315383911133
-0.008658481761813164
0.006191174034029245
0.004191804677248001
-0.007814230397343636
0.012545962817966938
-0.016832664608955383
-0.01824629306793213
-0.0051604025065898895
0.01702900044620037
0.020995017141103745
-0.013979226350784302
-0.005719964392483234
-0.03204227238893509
0.0019960973877459764
0.017761994153261185
0.03476481884717941
-0.013678175397217274
-0.036937616765499115
0.02955533005297184
-0.021832725033164024
-0.017945243045687675
-0.035105135291814804
0.015091804787516594
0.01883530616760254
-0.0018390273908153176
0.014358812011778355
-0.015235786326229572
0.0015109803061932325
0.0005603798199445009
0.02109973132610321
0.008494867011904716
0.023625940084457397
-0.004960793070495129
-0.0007575353374704719
0.013966137543320656
0.022290844470262527
0.020392917096614838
0.017761994153261185
-0.017330052331089973
0.013069529086351395
-0.018887663260102272
-0.0039038429968059063
-0.0317019522190094
-0.04222564026713371
-0.0010176824871450663
-0.006443140562623739
-0.009836506098508835
-0.004820084199309349
-0.020248934626579285
-0.0067343744449317455
-0.002063179388642311
0.0038514863699674606
0.024437468498945236
-0.017487121745944023
-0.019398139789700508
0.045105256140232086
-0.00533056166023016
-0.004152536857873201
0.013795978389680386
-0.0018586611840873957
0.029790936037898064
-0.015170340426266193
-0.0032215702813118696
-0.030759533867239952
0.022474093362689018
0.01411011815071106
0.020746324211359024
0.008043291047215462
0.029345903545618057
0.015078715980052948
-0.021335335448384285
-0.011400661431252956
-0.021636387333273888
-0.02566784806549549
-0.01258523017168045
0.017539478838443756
-0.01621747389435768
0.011420294642448425
0.0018815671792253852
0.005710147321224213
-0.018063046038150787
0.0037991295102983713
-0.016557792201638222
-0.030314501374959946
0.01552374754101038
0.007552447263151407
-0.0038220356218516827
-0.01824629306793213
-0.009018433280289173
0.020877216011285782
0.02119135484099388
0.030471572652459145
-0.0050393277779221535
-0.004905163776129484
0.014816932380199432
-0.026832783594727516
0.023730652406811714
0.0059555694460868835
0.02252645045518875
-0.005739598069339991
0.01009828969836235
0.02535370923578739
-0.009967397898435593
-0.009345662780106068
0.0024656711611896753
0.00442086486145854
-0.0039169322699308395
0.01528814248740673
0.031440168619155884
0.020314380526542664
0.025196639820933342
0.020392917096614838
0.00897916592657566
-0.01096871867775917
0.01578553020954132
0.03086424618959427
-0.028324948623776436
0.012441249564290047
-0.013004083186388016
-0.007990933954715729
0.01479075476527214
0.0010839463211596012
-0.008121825754642487
-0.010536775924265385
0.0028436207212507725
-0.008154548704624176
0.0017048635054379702
0.020209668204188347
-0.017382409423589706
0.015432123094797134
0.012140198610723019
0.013180787675082684
0.012591774575412273
-0.001639417721889913
0.015392855741083622
-0.0006802274729125202
-0.012094386853277683
-0.0011821150546893477
-0.6312118172645569
-0.02426730841398239
0.009031523019075394
-0.011354848742485046
0.012572141364216805
-0.029188834130764008
0.037932395935058594
0.022644251585006714
-0.0005636520800180733
-0.013913780450820923
0.007100870832800865
0.011289402842521667
-0.0028321677818894386
-0.010687301866710186
-0.019319605082273483
-0.02973857894539833
0.01232344750314951
-0.023822277784347534
0.020680878311395645
-0.019031643867492676
-0.03924131020903587
0.014424257911741734
0.009162413887679577
0.009280216880142689
0.0014021765673533082
0.0034555390011519194
0.02259189635515213
0.0053763738833367825
-0.003759862156584859
-0.0002805989352054894
-0.01411011815071106
0.022303933277726173
0.01780126243829727
0.01780126243829727
0.04199003428220749
0.008560312911868095
-0.04329895228147507
0.005445091985166073
0.0379062183201313
0.030026540160179138
0.0006479135481640697
-0.028194056823849678
0.025720205157995224
-0.012748844921588898
0.025864185765385628
0.016649415716528893
0.010039388202130795
-0.006191174034029245
-0.0025507507380098104
0.014097028411924839
-0.008586491458117962
-0.015000181272625923
-0.003943110350519419
0.00180630455724895
0.0113417599350214
-0.021230623126029968
-0.005363284610211849
-0.003583158366382122
-0.004541939590126276
0.02107355184853077
0.0005656972643919289
0.019725369289517403
-0.010013209655880928
0.0002846893039532006
-0.017487121745944023
0.015196518041193485
-0.02808934450149536
-0.01935887150466442
0.016178205609321594
-0.005494176410138607
0.018913840875029564
0.033639147877693176
0.007833864539861679
0.0007346292841248214
0.013403302989900112
0.013599640689790249
0.018063046038150787
0.007094326429069042
-0.00495752040296793
0.0027945362962782383
-0.015864064916968346
-0.009378385730087757
-0.02924119122326374
0.0017326779197901487
0.009784149937331676
-0.04481729492545128
-0.022107597440481186
0.0016999550862237811
-0.019751546904444695
0.015052537433803082
-0.004329240880906582
0.006164995953440666
0.006538037210702896
-0.04235653206706047
0.015955690294504166
0.03798475116491318
0.008776283822953701
-0.004159081727266312
0.006194446701556444
-0.036283161491155624
0.018900752067565918
-0.009064245037734509
-0.006937256548553705
0.0037860404700040817
0.009666346944868565
-0.0034948065876960754
-0.008442509919404984
0.0034489945974200964
0.05015767365694046
-0.024437468498945236
-0.012114020064473152
-0.014489703811705112
-0.011773702688515186
0.003992194775491953
-0.011911138892173767
-0.028272591531276703
0.00023908173898234963
0.007709517143666744
0.0005640611052513123
-0.02955533005297184
0.007879676297307014
-0.006017742678523064
0.0029385171364992857
-0.018298650160431862
-0.0006622298387810588
0.01028808206319809
-0.018311738967895508
0.0160080473870039
-0.010929451324045658
-0.01494782418012619
-0.003547163214534521
-0.0007346292841248214
0.015955690294504166
-0.004878985695540905
0.021557852625846863
-0.01603422500193119
0.01047133095562458
-0.016989734023809433
-0.00037160952342674136
-0.010111378505825996
-0.023953167721629143
-0.014895468018949032
0.017879797145724297
-0.01603422500193119
-0.030157431960105896
-0.043246593326330185
-0.05214722454547882
0.0038580307736992836
-0.020772501826286316
0.01653161272406578
0.003406454809010029
0.00975797139108181
-0.03036685846745968
0.004263794980943203
-0.0027438157703727484
-0.012545962817966938
-0.009476554580032825
-0.0056250677444040775
-0.030445393174886703
-0.014594417065382004
0.014214831404387951
0.004368508234620094
-0.024463646113872528
0.017735816538333893
-0.03507895767688751
0.016086582094430923
-0.004908435977995396
0.022395558655261993
-0.01761801354587078
-0.03426742926239967
-0.004090363625437021
-0.001342457253485918
-0.0013948139967396855
0.0031512160785496235
0.03848214074969292
0.01700282283127308
-0.0050458721816539764
0.014725308865308762
-0.03358679264783859
-0.013586550951004028
0.001564973033964634
-0.0038842090871185064
-0.03955545276403427
-0.0021826180163770914
0.004132903181016445
-0.0012811018386855721
0.0022922398056834936
-0.026243772357702255
0.012703033164143562
0.005536715965718031
-0.0005366557161323726
0.01621747389435768
-0.03107367269694805
0.012179465964436531
-0.011361394077539444
0.012048575095832348
0.002198979491367936
-0.022238487377762794
0.0027061845175921917
0.03384857624769211
0.03664965555071831
-0.003205208806321025
0.0338747538626194
-0.018377184867858887
0.019437408074736595
-0.023717563599348068
-0.01187187060713768
-0.010870549827814102
0.07649306952953339
0.015301231294870377
0.0032019366044551134
-0.02048454061150551
-0.029162654653191566
-0.02772284671664238
-0.009692525491118431
0.026086702942848206
-0.007604803889989853
0.02041909471154213
-0.007827319204807281
0.006351516582071781
-0.010733113624155521
0.014672951772809029
0.03984341397881508
0.005850855726748705
0.009188592433929443
0.02153167314827442
0.010399339720606804
0.005301110912114382
0.011629721149802208
-0.00937184039503336
-0.008665026165544987
0.015131073072552681
-0.007061603479087353
0.02650555595755577
0.021871991455554962
0.032644372433423996
0.026492467150092125
0.002873071236535907
0.04104761406779289
-0.012310357764363289
-0.00013140292139723897
0.03225169703364372
-0.008822095580399036
-0.00991504080593586
0.011093066073954105
0.0066427504643797874
0.03966016322374344
-0.004679375793784857
-0.019869349896907806
0.017513301223516464
0.0035602524876594543
0.001498709199950099
-0.014882378280162811
-0.015340499579906464
0.005212759133428335
-0.017474032938480377
0.02340342290699482
0.021767279133200645
-0.01062840037047863
0.027644312009215355
-0.008481777273118496
0.021125908941030502
0.0021318974904716015
-0.002401861362159252
-0.013017172925174236
0.008056379854679108
0.019502853974699974
-0.006672200746834278
-0.03055010735988617
-0.007153227459639311
0.0023249625228345394
-0.02706838957965374
-0.006007926072925329
0.010497508570551872
0.012146743014454842
-0.008377064019441605
-0.0015379766700789332
-0.007375743240118027
0.030811890959739685
0.005333833862096071
-0.01886148378252983
-0.03803710639476776
0.0051309517584741116
0.03073335438966751
-0.015602282248437405
-0.0158509761095047
0.019306516274809837
-0.015680817887187004
-0.0248563215136528
0.006659111939370632
0.010903272777795792
0.003894026158377528
-0.011040708981454372
0.009221315383911133
-0.02566784806549549
-0.02109973132610321
0.022447915747761726
0.007611348293721676
0.005988291930407286
-0.0020451818127185106
0.0013310043141245842
-0.014502792619168758
-0.005111318081617355
0.00759171461686492
0.054869771003723145
0.019974062219262123
-0.02001333050429821
0.007945122197270393
0.010602221824228764
-0.016858842223882675
0.0017015911871567369
-0.017199160531163216
-0.0248563215136528
0.002483668737113476
-0.002488577039912343
0.006466046441346407
0.022788232192397118
-0.02144004963338375
0.014306454919278622
-0.02464689500629902
-0.0015469754580408335
0.006341699510812759
-0.0021008106414228678
-0.005294566508382559
0.028272591531276703
0.01353419478982687
-0.047566018998622894
0.03089042566716671
0.0009898679563775659
0.028010809794068336
0.006210807710886002
-0.03539309650659561
0.015484480187296867
-0.009705614298582077
-0.014803843572735786
0.0039234766736626625
0.019803903996944427
0.0050327833741903305
0.013625819236040115
0.014555149711668491
-0.004839717876166105
0.002086085267364979
0.02489558793604374
0.01678030751645565
-0.0005067960591986775
-0.013638908043503761
0.03269673138856888
0.009764515794813633
-0.0013440934708341956
0.003733683843165636
0.03151870518922806
0.03303704783320427
-0.002392044523730874
-0.034607745707035065
-0.00863884761929512
0.00789276510477066
0.022604985162615776
-0.0011289403773844242
-0.010648034512996674
0.015824798494577408
0.003390093334019184
0.04253977909684181
-0.00442086486145854
-0.004954248201102018
0.00045484842848964036
0.00887445267289877
0.001987916650250554
-0.012565596960484982
0.009823417291045189
-0.018403364345431328
0.0020926299039274454
0.005890123546123505
-0.0012639223132282495
-0.009293305687606335
-0.0022137046325951815
0.010883639566600323
0.008782828226685524
0.017042091116309166
-0.007284119259566069
-0.0011739343171939254
-0.00989540759474039
0.013966137543320656
0.001438171835616231
-0.031623419374227524
-0.007480456959456205
-0.015065627172589302
0.024961033836007118
-0.013822156004607677
0.017264606431126595
-0.02973857894539833
0.0004515761393122375
0.0025654758792370558
-0.024659983813762665
-0.016989734023809433
0.0059621138498187065
-0.03882245719432831
-0.03285380080342293
-0.010621855966746807
0.007303752936422825
0.021963614970445633
0.013272411189973354
0.005405824165791273
-0.02032747119665146
0.026466287672519684
-0.013213510625064373
-0.018141580745577812
-0.007807685993611813
-0.019136356189846992
-0.011760612949728966
0.013082618825137615
0.010189913213253021
0.010569498874247074
0.018665146082639694
0.015196518041193485
-0.037461183965206146
-0.006266437005251646
0.010955629870295525
-0.019882438704371452
-0.019803903996944427
0.017081357538700104
0.012696487829089165
0.015615371987223625
0.0070419698022305965
-0.021584030240774155
0.007696427870541811
-0.011132333427667618
0.015811709687113762
-0.011655899696052074
-0.002791264094412327
0.011610087938606739
-0.007179406005889177
0.011295948177576065
-0.02234320156276226
-0.015484480187296867
0.008651936426758766
-0.012441249564290047
0.008926808834075928
-0.004744821693748236
0.026400841772556305
-0.005320745054632425
0.0019306516041979194
0.021374603733420372
-0.020248934626579285
-0.01042551826685667
0.012467428110539913
-0.008913720026612282
0.00469246506690979
0.009692525491118431
-0.0453670397400856
0.03267055004835129
-0.01935887150466442
-0.031466349959373474
-0.010307716205716133
-0.004289973061531782
0.0010782198514789343
0.0453670397400856
-0.02172801084816456
-0.03788003697991371
-0.0022889673709869385
-0.005513810086995363
-0.02591654285788536
-0.0008884269627742469
0.018193935975432396
0.009751426987349987
0.011852237395942211
0.02405788190662861
0.01028808206319809
-0.013318223878741264
0.009051156230270863
-0.0198955275118351
-0.02277514338493347
-0.006416962016373873
-0.018913840875029564
0.019960973411798477
-0.02107355184853077
-0.008645392023026943
0.00492479745298624
-0.009888863191008568
-0.007454278413206339
-0.014803843572735786
-0.006472591310739517
-0.020563075318932533
0.009980486705899239
-0.0027536326088011265
0.02725163847208023
-0.004136175382882357
0.0017424948746338487
0.0032968330197036266
-0.002408405998721719
-0.0029548786114901304
-0.01299099437892437
0.006551126018166542
-0.05149276927113533
0.011891504749655724
0.019031643867492676
-0.00988231785595417
0.014699130319058895
-0.010039388202130795
0.002428039675578475
0.02451600320637226
-0.0072579411789774895
-0.02822023630142212
-0.002769994083791971
-0.029660044237971306
-0.030811890959739685
0.008769739419221878
-0.013226599432528019
-0.00475463829934597
-0.019529031589627266
-0.010327349416911602
0.018351007252931595
0.0023527771700173616
0.0002730317646637559
0.0046662865206599236
0.03348207846283913
-0.008409786969423294
0.026806605979800224
-0.007179406005889177
0.034974243491888046
0.003966016229242086
0.003154488280415535
-0.018560433760285378
0.006845632568001747
0.01774890534579754
-0.006060282699763775
0.02358667179942131
-0.006623116787523031
-0.0021907987538725138
0.004505944438278675
0.0002051317278528586
-0.009627079591155052
-0.02007877640426159
0.02390081249177456
-0.01985626108944416
-0.015078715980052948
-0.016453078016638756
0.010111378505825996
0.0023642301093786955
-0.0015559742460027337
-0.0029057941865175962
0.01411011815071106
0.01671486161649227
-0.016400720924139023
-0.004411047790199518
0.005409096833318472
-0.023481959477066994
0.03900570794939995
0.0040805465541779995
0.02157094143331051
0.026296129450201988
-0.001583788776770234
-0.028639089316129684
0.024817053228616714
0.016898110508918762
-0.002099174540489912
0.018010688945651054
-0.015419034287333488
0.003949655219912529
-0.02342960238456726
0.01973845809698105
0.014241009950637817
-0.0018848394975066185
-0.016178205609321594
-0.012565596960484982
0.0031315824016928673
0.01715989224612713
-0.01727769523859024
0.01790597476065159
-0.012310357764363289
0.03055010735988617
0.0031610329169780016
0.019751546904444695
-0.016989734023809433
0.0022840590681880713
-0.020680878311395645
0.04594296216964722
0.0025147555861622095
0.022474093362689018
-0.007310297805815935
-0.009306395426392555
-0.008776283822953701
-0.020890304818749428
-0.022264666855335236
-0.011223957873880863
0.0009579631150700152
0.03968634456396103
-0.008089102804660797
-0.0011731162667274475
-0.00921477098017931
-0.04434608668088913
0.003360642585903406
-0.014149385504424572
-0.03282761946320534
0.0313878133893013
-0.011865326203405857
-0.0029646954499185085
0.0035242571029812098
0.02973857894539833
-0.024201862514019012
0.014908556826412678
0.010576044209301472
-0.014018493704497814
-0.004564845468848944
0.015864064916968346
-0.0015985140344128013
0.004620474763214588
0.001099489745683968
-0.007611348293721676
-0.0035602524876594543
-0.01049096416682005
-0.03515749052166939
-0.011295948177576065
0.015720084309577942
-0.023913901299238205
-0.016741039231419563
-0.03243494778871536
-0.013979226350784302
0.026374664157629013
-0.010700390674173832
0.004411047790199518
-0.00032579744583927095
0.008357430808246136
-0.03426742926239967
-0.014816932380199432
0.0009743245900608599
-0.011295948177576065
0.004162353929132223
0.030628642067313194
-0.0018815671792253852
-0.023756831884384155
0.04916289821267128
-0.024097150191664696
-0.01770963706076145
-0.027330173179507256
0.01820702664554119
-0.01727769523859024
-0.013494927436113358
-0.0015739718219265342
0.011453017592430115
0.0038743922486901283
0.020798679441213608
-0.004306334536522627
-0.012637587264180183
0.026374664157629013
0.0006650931318290532
-0.030183609575033188
-0.005121135152876377
-0.016047313809394836
0.031623419374227524
-0.011184689588844776
0.007755329366773367
-0.02153167314827442
-0.03348207846283913
0.017919063568115234
0.014594417065382004
0.01752639003098011
-0.02399243600666523
0.021701833233237267
-0.004060912877321243
-0.00253275316208601
-0.022618073970079422
-0.004329240880906582
-0.012179465964436531
-0.005899940151721239
-0.0021940709557384253
0.005494176410138607
-0.004152536857873201
0.036780547350645065
-0.0021368057932704687
-0.020471451804041862
0.025275174528360367
-0.0004141493118368089
-0.03136163577437401
-0.008534134365618229
-0.005255299154669046
0.02530135214328766
0.011282858438789845
-0.008507955819368362
0.008632303215563297
0.004375052638351917
-0.012284179218113422
0.0017277695005759597
0.006708195898681879
0.027853738516569138
0.01157736498862505
0.0016058767214417458
0.01151191908866167
0.022015972062945366
-0.015039448626339436
0.013095707632601261
-0.02361285127699375
0.01876986026763916
-0.021885080263018608
0.008723927661776543
0.01420174166560173
-0.003733683843165636
-0.020065687596797943
-0.028194056823849678
0.03722558170557022
-0.013782888650894165
0.005985019728541374
0.005877034272998571
-0.0011518463725224137
-0.004453587811440229
0.014424257911741734
0.00921477098017931
0.011826058849692345
0.019712280482053757
0.004721915815025568
-0.02632230706512928
-0.0028927051462233067
0.003097223350778222
0.012035485357046127
-0.015458301641047001
-0.005379646085202694
0.01824629306793213
-0.015144161880016327
0.04104761406779289
-0.011400661431252956
0.010242270305752754
0.005108045879751444
-0.011898049153387547
0.008848274126648903
0.0002836667117662728
0.007604803889989853
0.011165056377649307
0.014528971165418625
-0.005294566508382559
0.0037991295102983713
-0.017644191160798073
-0.04384869709610939
-0.03617844730615616
0.017984509468078613
-0.0032771993428468704
0.00027425886946730316
-0.0005104773445054889
-0.02007877640426159
-0.01518342923372984
-0.02706838957965374
-0.012284179218113422
0.005242209881544113
-0.018233204260468483
0.0028910688124597073
0.025248995050787926
-0.02908411994576454
0.010320805013179779
0.013521105982363224
0.003936565946787596
-0.00031659414526075125
-0.005209486931562424
0.015497568994760513
-0.008848274126648903
-0.01824629306793213
-0.010988352820277214
-0.017552567645907402
0.02302383817732334
-0.00994776375591755
0.016649415716528893
-0.051230985671281815
0.010353527963161469
0.20712292194366455
-0.013429481536149979
0.019686101004481316
0.01333131268620491
-0.017971420660614967
-0.012722666375339031
0.025131193920969963
0.008475232869386673
-0.002072996227070689
0.008599580265581608
0.00414926465600729
-0.00031454896088689566
-0.017565656453371048
0.014764576219022274
-0.007473912090063095
-0.01170171145349741
-0.01316115353256464
-0.03575959429144859
0.009954308159649372
-0.007814230397343636
0.022081417962908745
0.018010688945651054
-0.003622425952926278
-0.007774963043630123
0.016492346301674843
-0.005396007560193539
-0.02147931605577469
-0.01302371732890606
0.03256583958864212
-0.02048454061150551
-0.011767157353460789
0.0169373769313097
-0.008795917965471745
-0.008272350765764713
-0.035942841321229935
0.009659802541136742
0.025366798043251038
-0.011878415942192078
0.02439820021390915
0.015144161880016327
0.011093066073954105
-0.023298710584640503
0.012644131667912006
-0.004453587811440229
-0.0025752929504960775
0.029319725930690765
-0.018508076667785645
-0.016675593331456184
-0.008043291047215462
-0.011381027288734913
-0.02905794233083725
0.02756577730178833
0.02609979175031185
0.029267368838191032
0.0033999101724475622
-0.001342457253485918
0.012689943425357342
-0.004365236032754183
0.020144222304224968
0.005081867799162865
-0.015419034287333488
0.014411169104278088
-0.0016377815045416355
0.025026479735970497
-0.006328610237687826
0.022892946377396584
-0.02492176741361618
-0.012388893403112888
-0.011381027288734913
-0.02609979175031185
0.00026178325060755014
-0.01005247700959444
-0.0011183053720742464
0.011394116096198559
-0.03308940306305885
-0.01266376581043005
0.0289008729159832
0.01867823675274849
0.011596998199820518
0.01671486161649227
-0.017788173630833626
-0.010150645859539509
-0.005382918287068605
-0.014241009950637817
0.005831222049891949
-0.018167758360505104
0.026518644765019417
0.006688562221825123
0.0030612279660999775
-0.013835245743393898
-0.005808316171169281
0.002171164844185114
-0.005971930921077728
-0.012860102578997612
0.0022087963297963142
0.0034097270108759403
-0.004620474763214588
0.024463646113872528
-0.003339372808113694
0.0028027170337736607
-0.01808922365307808
0.020183488726615906
0.013887601904571056
0.0056479740887880325
-0.014241009950637817
0.016741039231419563
0.0039169322699308395
-0.0046237469650805
0.0004859351902268827
-0.037749145179986954
-0.0015567922964692116
-0.0072644855827093124
0.013809067197144032
-0.010615311563014984
-0.005700330715626478
-0.0035700693260878325
0.007945122197270393
-0.015157250687479973
0.0010643125278875232
-0.008121825754642487
-0.014528971165418625
-0.01836409606039524
-0.029188834130764008
0.02286676876246929
-0.01420174166560173
-0.014921645633876324
-0.05445091798901558
0.0049117086455225945
-0.038272712379693985
-0.02327253296971321
0.012814290821552277
-0.009515821933746338
0.03520984947681427
0.024947945028543472
-0.0014913465129211545
-0.0166232381016016
0.012591774575412273
-0.018494987860322
0.00843596551567316
-0.0020828130654990673
0.012637587264180183
0.0005791954463347793
0.0007313569658435881
-0.00024235404271166772
-0.002537661464884877
-0.029476795345544815
0.007238307036459446
-0.0014823477249592543
-0.020903393626213074
-0.019869349896907806
-0.008442509919404984
-0.033770039677619934
-0.013822156004607677
-0.028769981116056442
0.009208226576447487
0.007035425398498774
-0.008462144061923027
-0.016152027994394302
0.026112880557775497
0.015301231294870377
-0.023573582991957664
0.004777544643729925
0.018717503175139427
-0.01187187060713768
-0.0007076328620314598
-0.010935995727777481
-0.1640857458114624
-0.0048822578974068165
0.010340439155697823
-0.022670431062579155
0.0020353649742901325
0.0029794208239763975
0.03020978905260563
0.03701615333557129
-0.020680878311395645
0.0040805465541779995
0.011040708981454372
-0.010216091759502888
-0.01867823675274849
-0.02679351717233658
0.012133654206991196
-0.014149385504424572
-0.010379706509411335
-0.015536836348474026
0.03020978905260563
0.006626388989388943
0.021309157833456993
-0.0212829802185297
-0.012264546006917953
0.017827440053224564
-0.0033328281715512276
-0.013508016243577003
-0.020641610026359558
0.02250027097761631
-0.005739598069339991
-0.010530231520533562
3.1930401746649295e-05
0.022827500477433205
0.03808946534991264
-0.00043562371865846217
-5.5117649026215076e-05
0.009096967987716198
-0.027984630316495895
-0.011230502277612686
-0.021243711933493614
0.003043230390176177
0.011538097634911537
-0.0013244596775621176
0.024254219606518745
-0.01205511949956417
0.006040649022907019
0.020680878311395645
0.016858842223882675
-0.0048528071492910385
0.036099910736083984
-0.015261963941156864
0.017395498231053352
0.00016054676962085068
0.020929571241140366
-0.0048822578974068165
0.02535370923578739
-0.0017097719246521592
-0.011413750238716602
-0.008363975211977959
-0.014843110926449299
-0.004165626130998135
-0.009437286294996738
-0.024869410321116447
0.0006957708392292261
0.008324707858264446
0.038115642964839935
-0.011021075770258904
-0.009627079591155052
0.018220115453004837
-0.03984341397881508
-0.008481777273118496
-0.011983129195868969
-0.024790875613689423
-0.0007104961550794542
-0.005549805238842964
-0.018377184867858887
0.02286676876246929
-0.02356049418449402
0.034948065876960754
0.00033479626290500164
-0.005543260835111141
-0.0010610403260216117
0.047723088413476944
0.002627649577334523
-0.013521105982363224
0.009502732194960117
-0.0027029120828956366
-0.011040708981454372
-0.019725369289517403
0.005680697038769722
0.006407145410776138
-0.0015347043517977
-0.0338747538626194
-0.0038122187834233046
-8.64089306560345e-05
0.017382409423589706
-0.009456920437514782
-0.006626388989388943
0.0005432002944871783
0.012519784271717072
-0.026335395872592926
0.029188834130764008
0.0036715103778988123
-0.02380918711423874
-0.003907115198671818
0.037461183965206146
-0.022107597440481186
0.0018308466533198953
0.008586491458117962
0.013665086589753628
0.017945243045687675
-0.008010568097233772
0.008239627815783024
0.018940018489956856
0.012644131667912006
0.03204227238893509
0.028691446408629417
-0.016610147431492805
-0.011832603253424168
0.023573582991957664
0.007467367686331272
0.06691180169582367
-0.007689883466809988
-0.005173491779714823
0.008926808834075928
-0.014332633465528488
-0.024659983813762665
-0.10518451780080795
-0.019594477489590645
0.008278896100819111
0.016178205609321594
-0.002334779594093561
0.010438608005642891
-0.02908411994576454
-0.0007886220701038837
-0.02094266191124916
0.026610268279910088
-0.03217316418886185
-0.02243482507765293
0.003730411408469081
0.011675533838570118
-0.014672951772809029
0.020366737619042397
-0.0005321562639437616
-0.012611408717930317
-0.01603422500193119
0.02442437782883644
0.004705554340034723
0.018809126690030098
0.0016287827165797353
0.019162535667419434
-0.011603543534874916
-0.00045689361286349595
-0.04047169163823128
0.023913901299238205
0.03193755820393562
0.004663014318794012
-0.01030117180198431
-0.01299099437892437
-0.00937184039503336
-0.013108797371387482
0.020366737619042397
-0.030995137989521027
-0.012794656679034233
-0.0006581394700333476
0.039450738579034805
-0.006858721375465393
0.010170280002057552
0.022330112755298615
0.010890183970332146
-0.006655839271843433
-0.011328671127557755
-0.004476493690162897
-0.014162474311888218
0.0023887723218649626
0.01468604151159525
-0.04020990803837776
-0.012572141364216805
-0.04654506593942642
-0.03555016592144966
-0.008645392023026943
0.007545902393758297
0.009234404191374779
0.013508016243577003
0.012683399021625519
-0.0071074157021939754
-0.03575959429144859
0.027461064979434013
-0.0036747825797647238
-0.014515882357954979
0.031963735818862915
0.0124281607568264
9.402722935192287e-05
-0.013599640689790249
-0.009483098983764648
0.01258523017168045
0.006714740768074989
5.4913129133637995e-05
0.02401861362159252
-0.012572141364216805
0.0019486491801217198
-0.017670370638370514
0.025275174528360367
-0.03151870518922806
-0.024031704291701317
0.01668868213891983
0.0006029195501469076
-0.0021875263191759586
-0.012395437806844711
-0.005566166713833809
-0.01983008161187172
0.020995017141103745
0.01059567742049694
-0.009293305687606335
-0.0016615056665614247
0.014882378280162811
-0.017199160531163216
-0.0009096968569792807
0.0025622036773711443
0.0043586911633610725
-0.004365236032754183
0.015039448626339436
0.01113887783139944
0.0034784451127052307
-0.01793215423822403
0.006443140562623739
0.02722545899450779
-0.03591666370630264
0.007166316732764244
-0.07183332741260529
0.008579946123063564
0.011217412538826466
-0.01727769523859024
-0.019214890897274017
-0.006839087698608637
0.05285404250025749
-0.01678030751645565
0.010314260609447956
0.031152209267020226
-0.024372022598981857
0.0004667104803957045
-0.01221218891441822
-0.002907430287450552
-0.017735816538333893
-0.030183609575033188
0.026701893657445908
-0.011845692992210388
0.016806485131382942
0.008848274126648903
0.008246173150837421
0.00721867335960269
-0.0016083308728411794
0.036126092076301575
-0.00475463829934597
0.03400564566254616
-0.002236610744148493
0.00954199954867363
-0.011786791495978832
0.03442449867725372
0.021518584340810776
-0.03767061233520508
-0.014869289472699165
0.015209607779979706
-0.025105014443397522
-0.02215995267033577
0.02109973132610321
0.04455551132559776
0.014345723204314709
0.060053080320358276
-0.0030563196633011103
-0.019398139789700508
0.025340620428323746
0.008148004300892353
-0.01637454330921173
0.005081867799162865
0.0005841039237566292
0.008036746643483639
0.006047193426638842
-0.008154548704624176
0.021675653755664825
0.03120456449687481
0.010569498874247074
-0.012860102578997612
-0.007303752936422825
0.010896728374063969
0.016309097409248352
-0.009594356641173363
0.0035962476395070553
-0.02181963436305523
0.021584030240774155
0.0027078206185251474
0.005199669860303402
0.01275538932532072
-0.010935995727777481
-0.03055010735988617
-0.012814290821552277
0.003249384695664048
-0.0022480636835098267
-0.04115232825279236
0.004607385490089655
0.0006049647345207632
0.0038874815218150616
0.0240840595215559
-0.007153227459639311
0.015772441402077675
0.016309097409248352
-0.01641380973160267
-0.021217534318566322
0.011943861842155457
0.005291294306516647
0.007153227459639311
-0.029476795345544815
0.006839087698608637
0.01914944499731064
0.0021057191770523787
0.015275053679943085
-0.004293245729058981
-0.001767036970704794
0.017788173630833626
0.010196458548307419
0.023193996399641037
0.002225157804787159
-0.0024034976959228516
-0.005216031335294247
-0.004525578115135431
-0.008069468662142754
-0.016989734023809433
0.021021196618676186
0.020903393626213074
0.022290844470262527
-0.01668868213891983
0.003890753723680973
-0.026086702942848206
-0.02600816637277603
-0.001272103050723672
-0.019529031589627266
-0.03348207846283913
-0.019306516274809837
0.021152088418602943
0.011760612949728966
0.004064185079187155
0.013062984682619572
0.01238234806805849
-0.021152088418602943
-0.013095707632601261
0.0065773045644164085
-0.021858902648091316
-0.014725308865308762
0.005549805238842964
-0.03238258883357048
0.03651876375079155
0.03471245989203453
0.023730652406811714
0.018508076667785645
0.01225800160318613
0.037749145179986954
0.011911138892173767
0.0037369560450315475
0.014345723204314709
-0.011760612949728966
0.004646652843803167
-0.02641393058001995
-0.022474093362689018
-0.015340499579906464
-0.019725369289517403
0.005913029424846172
0.032801441848278046
-0.013095707632601261
0.08445128053426743
0.006341699510812759
-0.016976645216345787
0.009901951998472214
-0.024725429713726044
-0.0026161964051425457
-0.010844371281564236
0.0023756830487400293
0.004100180231034756
-0.0026374664157629013
0.004221254959702492
-0.011767157353460789
-0.00984959490597248
-0.012814290821552277
0.000479390611872077
-0.005913029424846172
0.002336415695026517
0.030942780897021294
-0.0006094641867093742
-0.013324768282473087
0.03568105772137642
0.008645392023026943
-0.0024591265246272087
0.01976463571190834
-0.002120444318279624
-0.0010029571130871773
0.03125692158937454
-0.00506550632417202
0.025000302121043205
-0.04230417683720589
-0.015589193440973759
-0.012519784271717072
-0.05277550593018532
-0.02589036524295807
-0.0045746625401079655
-0.029345903545618057
0.0031463075429201126
-0.0077226064167916775
0.026125969365239143
-0.009090423583984375
-0.00017721499898470938
-0.0067409188486635685
-0.028691446408629417
-0.05476506054401398
-0.03918895497918129
0.0036060644779354334
-0.018625879660248756
-0.008023656904697418
-0.01393995899707079
