0.009576793760061264
-0.02505001612007618
0.009969017468392849
-0.02434401400387287
-0.027586394920945168
0.03250226378440857
-0.027115726843476295
-0.0010565523989498615
-0.017179396003484726
-0.02753409929573536
0.0044059790670871735
0.0011448027798905969
-0.006409587804228067
0.008445882238447666
0.003293044166639447
-0.010570427402853966
0.03877784311771393
0.0010255014058202505
-0.0008637091377750039
0.016251131892204285
-0.016002723947167397
0.004997582640498877
0.009053829126060009
-0.0179899912327528
-0.014512274414300919
0.010315481573343277
0.011472540907561779
-0.027952471747994423
0.0022650915198028088
-0.001696367166005075
0.002057539764791727
-0.003592114895582199
-0.009132273495197296
-0.01256423071026802
-0.007589527405798435
0.007086173631250858
0.023821048438549042
0.0297567006200552
0.047982025891542435
0.01753239706158638
0.020042628049850464
-0.009799053892493248
0.0038078378420323133
-0.013198325410485268
-0.007766027934849262
0.019977256655693054
-0.010642334818840027
-0.010452759452164173
-0.046020906418561935
0.021559225395321846
-0.0017339553451165557
0.002928603207692504
-0.02727261744439602
0.006501106545329094
-0.01851295493543148
-0.004654387012124062
-0.007236525882035494
0.01125028170645237
0.0034058084711432457
-0.0047589801251888275
-0.0027259541675448418
-0.010315481573343277
-0.02335038036108017
-0.002165401354432106
0.025298424065113068
0.01481297891587019
-0.013100269250571728
0.004942017607390881
-0.0036901705898344517
0.01647339202463627
0.011211059056222439
0.011518300510942936
0.0005123421433381736
-0.018565252423286438
0.03590153530240059
-0.012897620908915997
-0.016394948586821556
-0.024958496913313866
0.016133464872837067
0.02826624922454357
-0.012283137068152428
-0.005997753236442804
-0.034306492656469345
0.008955772966146469
0.014577644877135754
-0.010505056008696556
0.014839127659797668
0.0036901705898344517
0.005951993633061647
-0.02957366220653057
-0.02132389135658741
0.02525920234620571
0.01308065839111805
0.012832249514758587
-0.018003065139055252
0.010570427402853966
-0.012283137068152428
0.018094584345817566
-0.021415410563349724
-0.029338328167796135
-0.010348167270421982
-0.0029923394322395325
-0.027952471747994423
0.003057710127905011
-0.02414790168404579
-0.006363828666508198
-0.0007828130037523806
0.007223451975733042
0.01406775414943695
-0.03893473371863365
-0.016525689512491226
0.03723509609699249
-0.01325062196701765
0.0009102856856770813
0.007465322967618704
-0.010982261970639229
0.023128120228648186
-0.029155289754271507
-0.013002213090658188
-0.013047972694039345
0.042098671197891235
-0.007354193367063999
0.015937354415655136
0.013688605278730392
0.028292398899793625
0.018865955993533134
-0.01831684447824955
0.002116373274475336
-0.021572299301624298
-0.0009805590379983187
-0.006409587804228067
0.0011039461242035031
0.005020462442189455
0.001339280279353261
-0.008223622106015682
0.0004833339189644903
-0.006180790718644857
0.013335603289306164
-0.055695757269859314
-0.014943720772862434
0.010681556537747383
0.024370161816477776
0.002390929963439703
-0.028213953599333763
-0.019781146198511124
0.014211569912731647
0.03527398034930229
0.025677574798464775
0.021533077582716942
0.0015239522326737642
0.018526028841733932
-0.037182800471782684
0.0011456198990345001
0.005984678864479065
0.006291920784860849
-0.00486030476167798
-0.004402710124850273
-0.00508910184726119
-0.006798543035984039
-0.00486030476167798
-0.004098737146705389
-0.0060206325724720955
-0.00045473428326658905
0.03702590987086296
0.012773416005074978
0.005827789660543203
0.010335092432796955
0.003126349300146103
0.013584012165665627
0.0012657383922487497
0.0056741684675216675
0.02708957903087139
-0.0255076102912426
0.032476115971803665
-0.0050498791970312595
0.030593443661928177
-0.0013147663557901978
0.008622382767498493
-0.010086684487760067
-0.01818610168993473
-0.008557012304663658
0.014185421168804169
0.011008409783244133
0.017349358648061752
-0.03278989717364311
0.01588505692780018
-0.0031067379750311375
0.012263525277376175
0.002106567844748497
0.01219815481454134
0.037130504846572876
0.010916891507804394
-0.006285383831709623
0.0018810392357409
-0.629231333732605
-0.0020722481422126293
-0.010112832300364971
-0.007269211579114199
0.024945423007011414
0.014381533488631248
0.02957366220653057
0.00389935658313334
0.00153702637180686
-0.03569234907627106
-0.007589527405798435
0.027507951483130455
0.018225325271487236
-0.027952471747994423
-0.01282571256160736
-0.02557298168540001
0.00279622757807374
-0.016577985137701035
0.01621191017329693
-0.020657110959291458
-0.040922001004219055
0.01851295493543148
0.014446903951466084
-0.006154642440378666
-0.01589813083410263
-0.021938376128673553
0.0034646422136574984
0.004379830788820982
0.005925845354795456
0.006321337539702654
0.0011014947667717934
0.01269497163593769
-0.010590038262307644
0.02695883810520172
0.054336048662662506
0.012819175608456135
-0.019310476258397102
0.023873345926404
0.0179899912327528
0.024683941155672073
-0.006988117936998606
-0.022226005792617798
0.013675530441105366
0.006955432239919901
0.0297567006200552
-0.021010112017393112
0.02341575175523758
-0.017480099573731422
-0.004713220521807671
0.043824452906847
-0.0030838584061712027
0.00238766148686409
-0.008753123693168163
0.005517279263585806
-0.00034176569897681475
-0.005582649726420641
0.0011039461242035031
0.004974703304469585
-0.0009560451144352555
0.013662456534802914
0.0050923703238368034
0.008981921710073948
-0.010413537733256817
-0.03054114617407322
-0.021075483411550522
0.024775460362434387
-0.011694801039993763
-0.010642334818840027
0.022212931886315346
-0.028736919164657593
-0.005873548798263073
0.04016369953751564
0.00788369495421648
-0.016041947528719902
0.02655353955924511
-0.008517789654433727
0.01870906725525856
0.01040700078010559
-0.0038176432717591524
0.0044648125767707825
-0.028736919164657593
-0.01975499652326107
-0.02688039280474186
0.023049674928188324
0.02682809717953205
-0.032476115971803665
-0.005798372905701399
-0.011662116274237633
0.003918967675417662
0.025952130556106567
0.00037853667163290083
0.008223622106015682
0.012832249514758587
-0.011001872830092907
-3.6336863558972254e-05
0.03187470883131027
0.013910864479839802
-0.014656090177595615
0.026344353333115578
-0.0005107078468427062
-0.009923257865011692
-0.0009879132267087698
0.009792516939342022
-0.020199516788125038
0.0059029655531048775
-0.014446903951466084
0.00010137550998479128
0.012812638655304909
0.043798305094242096
0.004200061317533255
-0.007772564888000488
-0.009472200646996498
-0.004667461384087801
0.0017960574477910995
-0.017650064080953598
-0.03545701503753662
-0.0036803651601076126
0.018695993348956108
-0.002327193506062031
-0.012322358787059784
0.021010112017393112
-0.014211569912731647
0.015453611500561237
0.00066473736660555
-0.0018385483417659998
0.024553200230002403
-0.00554669601842761
0.0014152736403048038
-0.007628749590367079
-0.008230159059166908
-0.004461543634533882
-0.008844642899930477
0.008517789654433727
-0.0027668108232319355
0.014146199449896812
-0.002770079532638192
0.00766797224059701
-0.000685165636241436
0.0007562562241218984
0.0025805046316236258
0.013106806203722954
-0.026932690292596817
0.008288992568850517
0.007681046146899462
-0.03956229239702225
-0.02668428048491478
-0.011217596009373665
0.007027340121567249
-0.022657452151179314
0.02629205770790577
-0.013662456534802914
0.00011051718320231885
-0.031299445778131485
-0.0023337306920439005
0.005298287607729435
-0.023049674928188324
-0.026265909895300865
-0.01311988104134798
-0.03493405133485794
-0.017767731100320816
0.007766027934849262
0.016721801832318306
-0.024487828835844994
0.009962480515241623
-0.004281774628907442
0.006922747008502483
0.02035640738904476
0.0012256988557055593
-0.011792857199907303
-0.04806046932935715
0.009341459721326828
0.0294429212808609
-0.009563719853758812
0.030305812135338783
0.02676272578537464
-0.010341629385948181
-0.009766368195414543
0.0019938035402446985
-0.02983514405786991
-0.003222770756110549
-0.010812298394739628
0.018695993348956108
-0.018526028841733932
0.002327193506062031
0.01559742633253336
0.01883980818092823
0.01170787587761879
0.018212251365184784
0.0009315311326645315
0.015950428321957588
-0.0010606381110846996
0.002814204664900899
-0.013289844617247581
0.01666950434446335
0.009459126740694046
0.003052807180210948
-0.0011374485911801457
-0.013557863421738148
0.00270634307526052
0.024174049496650696
0.012721119448542595
-0.003984338603913784
0.029913589358329773
-0.021245446056127548
-0.012897620908915997
-0.008485104888677597
-0.007909843698143959
-0.014303088188171387
0.038045693188905716
0.012583841569721699
0.010380852036178112
-0.027115726843476295
-0.00794252846390009
-0.004781859926879406
-0.019598107784986496
0.042621634900569916
-0.013165639713406563
0.015558204613626003
-0.028030915185809135
0.03041040524840355
-0.0010026217205449939
-0.02269667387008667
0.013263695873320103
-0.018225325271487236
0.0033633175771683455
0.013858568854629993
0.022199857980012894
-0.007609138730913401
0.00696850661188364
-0.008609308861196041
0.010550815612077713
0.008092881180346012
-0.002824010094627738
0.02931218035519123
0.0186436977237463
0.01315256580710411
0.007628749590367079
-0.011577134020626545
0.03407115861773491
0.009138810448348522
0.023651085793972015
0.03807184100151062
-0.0032113310880959034
-0.013950087130069733
0.002335364930331707
-0.00866814237087965
0.015858909115195274
0.0010867862729355693
0.006726635154336691
0.017375506460666656
-0.015427462756633759
0.008655068464577198
-0.024370161816477776
-0.04813891276717186
0.0045922850258648396
-0.01533594448119402
0.0030838584061712027
0.001946409814991057
0.0156889446079731
0.01812073215842247
0.005700316745787859
0.01857832632958889
4.297606574255042e-05
0.015584352426230907
-0.004056246019899845
-0.019179735332727432
-0.01550590805709362
-0.011603282764554024
-0.0255076102912426
-0.01498294249176979
-0.010903816670179367
-0.008367437869310379
-0.007060025352984667
0.00242851790972054
3.531545007717796e-05
0.00288774655200541
0.0281355082988739
0.0023925642017275095
0.01550590805709362
-0.013976235873997211
-0.036869022995233536
-0.0339927151799202
0.005755881778895855
0.022029893472790718
0.0037195875775069
-0.003113275161013007
-0.006229818798601627
-0.018408361822366714
-0.03637220337986946
-0.023141194134950638
-0.01187130156904459
-0.010688094422221184
0.006203670520335436
0.0054453713819384575
-0.018395287916064262
-0.007988288067281246
0.01712709851562977
-0.013466345146298409
0.0047491746954619884
0.0024383235722780228
0.019218958914279938
-0.011629430577158928
-0.018369140103459358
-0.014133124612271786
0.03773191198706627
0.03655524179339409
-0.02498464472591877
-0.0007239794358611107
0.0037359301932156086
-0.02591290883719921
0.0160288717597723
-0.015244425274431705
-0.0036248001269996166
0.00971407163888216
-0.0015844200970605016
0.0025788703933358192
0.012283137068152428
0.0009895475814118981
0.011113002896308899
0.0004363487823866308
0.008779272437095642
0.004549794364720583
-0.004602090455591679
0.011537912301719189
0.05632331222295761
0.01311334315687418
-0.010263185016810894
0.03394041955471039
-0.012113173492252827
0.01200858037918806
-0.02753409929573536
-0.041235778480768204
0.006720098201185465
-0.002786422148346901
0.011367948725819588
-0.02067018486559391
0.006811616942286491
0.0012649212731048465
0.019532736390829086
0.027638692408800125
-0.005755881778895855
-0.000898845843039453
0.02493234910070896
0.013544789515435696
0.018486807122826576
-0.024121753871440887
8.794389577815309e-05
0.0038176432717591524
0.021441558375954628
0.009557182900607586
0.04126192629337311
0.019401995465159416
0.0008089612238109112
-0.014996017329394817
0.012636138126254082
0.00935453362762928
0.029521364718675613
-0.011910524219274521
-0.024566274136304855
0.013884716667234898
-0.01406775414943695
0.03655524179339409
0.014499200507998466
0.00811249203979969
0.016826393082737923
0.02243519201874733
-0.0009674849570728838
-0.013185251504182816
-0.0031214463524520397
-0.03318211808800697
0.022984305396676064
0.01105416938662529
-0.005017193965613842
-0.01844758540391922
0.01533594448119402
0.03618916869163513
-0.018604474142193794
0.0049289437010884285
0.011014946736395359
0.01500909123569727
0.014446903951466084
0.013832420110702515
-0.02643587253987789
-0.019715774804353714
-0.016316503286361694
-0.023638011887669563
0.013492492958903313
-0.020526370033621788
-0.014028532430529594
-0.004834156483411789
-0.0035855777096003294
-0.0044190529733896255
-0.022252153605222702
0.004484423436224461
0.004909332375973463
-0.03263300657272339
-0.019310476258397102
-0.015845835208892822
-0.009655238129198551
0.022016819566488266
0.008589698001742363
0.005572844296693802
0.003886282444000244
0.04557638615369797
-0.0044092475436627865
0.007164618466049433
0.001915358705446124
-0.025756018236279488
-0.022461339831352234
0.02263130433857441
-0.010413537733256817
-0.006961969658732414
-0.003654216881841421
-0.00011358143092365935
-0.03579694405198097
-0.018133806064724922
-0.0036901705898344517
-0.017192469909787178
-0.04003296047449112
0.013793197460472584
-0.012943379580974579
0.014002383686602116
0.016434170305728912
-0.004020292311906815
-0.00824323296546936
-0.02446168102324009
-0.011616356670856476
0.0053342413157224655
-0.011217596009373665
0.001696367166005075
-0.007151544094085693
0.003771883901208639
-0.015937354415655136
-0.01513983216136694
0.027690988034009933
-0.009870961308479309
0.002134350361302495
-0.00421967264264822
0.009171496145427227
0.027246467769145966
-0.005399612244218588
0.031560927629470825
0.01714017242193222
-0.004007217939943075
-0.00948527455329895
-0.03229307755827904
0.0018712335731834173
0.010576964356005192
-0.015375166200101376
0.016408022493124008
-0.005965068005025387
-0.020513296127319336
-0.024174049496650696
-0.0009691192535683513
-0.0024693745654076338
0.040189847350120544
-0.003181914333254099
-0.028213953599333763
-0.02558605559170246
-0.012256988324224949
-0.009936331771314144
0.013374825939536095
0.01338136289268732
-0.007818324491381645
0.005837595090270042
0.008981921710073948
-0.011113002896308899
-0.022592080757021904
0.03422804921865463
-0.02923373505473137
-0.0209316685795784
0.0024040041025727987
-0.03153477981686592
0.04298771172761917
0.015283647924661636
0.010995335876941681
-0.0025657962542027235
0.0033633175771683455
-0.009459126740694046
-0.03893473371863365
-0.015976576134562492
-0.013989309780299664
-0.006262504030019045
0.007334582041949034
0.013289844617247581
-0.028423139825463295
-0.009537571109831333
-0.008929625153541565
-0.016826393082737923
-0.003595383372157812
-0.0011946478625759482
-0.013270232826471329
-0.041183482855558395
0.010204351507127285
0.01812073215842247
-0.0035790407564491034
0.012505397200584412
-0.006154642440378666
-0.028501583263278008
0.04526260867714882
-0.027900174260139465
-0.03001818247139454
0.0010361240711063147
-0.0045857480727136135
-0.0033322665840387344
0.024579348042607307
-0.020944742485880852
0.035875387489795685
-0.023049674928188324
0.007125395815819502
0.03566620126366615
-0.0027945933397859335
-0.004886452574282885
-0.0027880563866347075
0.03477716073393822
-0.03472486510872841
-0.011681727133691311
-0.008805420249700546
0.007014266215264797
0.012642675079405308
0.005579381249845028
-0.05292404070496559
0.01583276130259037
0.03218848630785942
-0.016408022493124008
-0.018617548048496246
-0.010387388989329338
0.025298424065113068
-0.011145688593387604
0.006837765220552683
0.008753123693168163
0.0011178373824805021
0.019284328445792198
-0.011544449254870415
0.0051642777398228645
-0.005814715288579464
0.018682919442653656
-0.005837595090270042
0.022905860096216202
-0.01727091334760189
0.012407341040670872
0.015192128717899323
-0.007929454557597637
0.004079125821590424
0.010655408725142479
-0.025939056649804115
0.039013177156448364
0.01223737746477127
0.02923373505473137
0.027821728959679604
0.0028714039362967014
-0.02480160817503929
0.01040700078010559
0.025729870423674583
-0.025533758103847504
0.031900856643915176
0.0018140343017876148
0.015571278519928455
-0.0024170782417058945
0.014760682359337807
0.03409730643033981
-0.026122093200683594
-0.0017502979608252645
0.0008257124572992325
0.021101631224155426
-0.015362092293798923
-0.025782166048884392
0.003536549862474203
-0.017963843420147896
0.02472316287457943
0.009576793760061264
0.010374315083026886
-0.004500766284763813
-0.013714753091335297
-0.00798175111413002
0.04403363913297653
0.0023762215860188007
0.022069117054343224
0.009753294289112091
0.003314289730042219
-0.020291035994887352
-0.01563664898276329
-0.009818664751946926
-0.004621701780706644
0.005808178335428238
0.019637329503893852
-0.009106125682592392
0.0035267441999167204
-0.00284525565803051
-0.020264888182282448
0.0017127098981291056
-0.009145347401499748
-0.00862891972064972
0.024579348042607307
0.016394948586821556
0.010400463826954365
0.03153477981686592
0.006586088333278894
0.0029138948302716017
0.006501106545329094
0.013289844617247581
-0.03655524179339409
-0.0007934357272461057
0.010936502367258072
-0.02923373505473137
0.03027966432273388
-0.013008750975131989
-0.020055701956152916
-0.005464982707053423
-0.015989650040864944
0.0018483538879081607
-0.007576453033834696
0.011956283822655678
-0.01389779057353735
-0.00673970952630043
0.00490606389939785
-0.02753409929573536
-0.0019725579768419266
-0.015780463814735413
0.010459297336637974
0.0045301830396056175
0.014826053753495216
-0.041967928409576416
-0.014695311896502972
-0.0196242555975914
0.00647495873272419
0.0027782507240772247
0.02629205770790577
0.010308944620192051
-0.007602601312100887
0.033914271742105484
-0.019532736390829086
-0.023834122344851494
-0.0029138948302716017
-0.004265432246029377
0.010792686603963375
-0.018356066197156906
-0.011374485678970814
0.014643015339970589
-0.0044092475436627865
-0.0007456335006281734
0.009021143428981304
-0.0030380988027900457
0.02427864260971546
0.0032047939021140337
-0.03645065054297447
-0.008916550315916538
-0.011374485678970814
0.02282741479575634
-0.012910694815218449
0.00798175111413002
-0.00853740144520998
-0.0320577435195446
0.014564570970833302
-0.008092881180346012
0.028161656111478806
-0.02217371016740799
-0.0005920125404372811
-0.011165299452841282
-0.0013033264549449086
-0.027717137709259987
-0.009419904090464115
-0.015218277461826801
-0.005291750654578209
-0.009347996674478054
-0.003425419796258211
-0.005419223103672266
0.02335038036108017
-0.01406775414943695
0.00853740144520998
-0.009870961308479309
-0.007694120518863201
-0.004968165885657072
-0.010890742763876915
-0.02459242194890976
0.0457855723798275
0.008530864492058754
-0.018133806064724922
0.0013507201801985502
-0.014146199449896812
-0.045890163630247116
-0.006373634096235037
0.014368459582328796
0.03323441743850708
0.0014128221664577723
-0.0031949884723871946
0.014381533488631248
0.034960199147462845
-0.017480099573731422
-0.0059552621096372604
-0.02217371016740799
-0.008262844756245613
-0.022461339831352234
-0.018918253481388092
-0.010943039320409298
-0.003503864398226142
-0.01347941905260086
-0.009387219324707985
0.042673930525779724
-0.019062068313360214
-0.009171496145427227
0.005131592508405447
-0.016068095341324806
-0.013146028853952885
-0.00024942972231656313
0.020683258771896362
-0.005608798004686832
-0.0012714582262560725
0.013963161036372185
-0.015388241037726402
0.006157910916954279
0.00798175111413002
-0.012270063161849976
-0.029207587242126465
-0.01601579785346985
0.029129141941666603
-0.020630963146686554
0.01988573744893074
0.0025151341687887907
-0.006792006082832813
0.007066562306135893
-0.03564005345106125
0.006465152837336063
-0.007249600253999233
0.014917572028934956
0.01680024527013302
-0.00022552859445568174
-0.024906201288104057
-0.015375166200101376
0.019741922616958618
-0.016630282625555992
-0.007118858862668276
0.0035855777096003294
-0.019924961030483246
0.02067018486559391
0.015061387792229652
-0.019924961030483246
-0.007929454557597637
-0.03380967676639557
-0.016434170305728912
0.020317183807492256
0.003601920325309038
0.006916210055351257
0.04277852550148964
-0.006635116413235664
0.019179735332727432
0.0005397160421125591
-0.006674339063465595
-0.026017501950263977
-0.03153477981686592
0.013387899845838547
-0.01916666142642498
-0.008779272437095642
-0.012976065278053284
-0.0038634028751403093
0.018539104610681534
-0.01160981971770525
0.021964523941278458
-0.025612203404307365
0.013231010176241398
0.19851745665073395
-0.013688605278730392
-0.017035579308867455
-0.001964386785402894
-0.0008702462073415518
0.021703040227293968
0.03801954537630081
0.0014071023324504495
0.009668312966823578
0.006193865090608597
0.011328726075589657
-0.017166320234537125
-0.018212251365184784
0.008890402503311634
0.006278846878558397
-0.007399952504783869
-0.04897565767168999
-0.023991012945771217
0.006752783432602882
0.0052786762826144695
0.024121753871440887
0.011256818659603596
-0.002959654200822115
-0.014342310838401318
0.027690988034009933
0.022278303280472755
-0.013400973752140999
0.0038503287360072136
0.0173362847417593
-0.002959654200822115
-0.019375847652554512
-0.013414048589766026
-0.012381192296743393
0.0047491746954619884
-0.009073439985513687
0.015950428321957588
0.022932007908821106
-0.01949351467192173
0.006746246479451656
-0.001853256719186902
0.031560927629470825
-0.011498689651489258
0.0056120664812624454
-0.024370161816477776
-0.009328385815024376
0.054388344287872314
-0.010223962366580963
-0.006497838068753481
0.035823091864585876
0.004249089397490025
-0.02236982062458992
0.03723509609699249
0.03035810962319374
0.007759490981698036
-0.002039562910795212
0.019114365801215172
-0.004458275157958269
0.007256137207150459
0.007837935350835323
0.0014495932264253497
-0.012570767663419247
0.023376528173685074
-0.0012673726305365562
0.016774097457528114
-0.011524837464094162
0.0044778864830732346
-0.032737597823143005
-0.011577134020626545
0.0029694598633795977
0.0049322121776640415
0.0021735725458711386
-0.011472540907561779
-0.017022505402565002
-7.979810590086345e-09
-0.01720554381608963
-0.026775799691677094
0.019938034936785698
0.01575431600213051
0.004226209595799446
0.023115046322345734
-0.016708726063370705
-0.0011578768026083708
-0.01647339202463627
-0.010014777071774006
0.00775295402854681
-0.024370161816477776
0.013819346204400063
-0.0056708999909460545
-0.016434170305728912
-0.015623575076460838
-0.016891764476895332
0.010400463826954365
-0.01142024528235197
-0.020304109901189804
0.018565252423286438
0.022461339831352234
0.01975499652326107
0.013061046600341797
-0.01596350222826004
-0.0037359301932156086
-0.022788193076848984
0.0281355082988739
0.019323552027344704
0.01583276130259037
-0.0015876885736361146
0.008099418133497238
-0.022801266983151436
0.009178033098578453
-0.010256648063659668
-0.04076511040329933
0.019192809239029884
-0.029259882867336273
0.00902768038213253
-0.00908651389181614
-0.012956454418599606
0.021493855863809586
0.002047734335064888
-0.02250056341290474
0.02617439068853855
-0.0059552621096372604
-0.006818154361099005
0.006174253765493631
-0.00010178407683270052
0.0005090736085548997
-0.009799053892493248
-0.029024548828601837
-0.02792632207274437
0.01727091334760189
-0.023860272020101547
-0.012230840511620045
0.0050400737673044205
-0.030593443661928177
0.025076163932681084
0.008622382767498493
-0.007471860386431217
-0.01239426713436842
-0.00632787449285388
-0.007269211579114199
0.007053488399833441
0.0017927888548001647
0.0189705491065979
-0.0047655170783400536
-0.003080589696764946
-0.013074121437966824
0.0057362704537808895
-0.023716455325484276
-0.0029580199625343084
-0.0030380988027900457
-0.014250791631639004
-0.009982091374695301
0.003490790259093046
-0.034384939819574356
-0.021899152547121048
0.004536719992756844
0.01596350222826004
0.03192700445652008
-0.0291029941290617
-0.020578667521476746
-0.006494569592177868
-0.009687923826277256
-0.02871076948940754
-0.0005450274329632521
0.03448953106999397
-0.008249770849943161
0.0017862517852336168
0.014512274414300919
-0.1629558503627777
0.012374655343592167
0.033652786165475845
0.0005017194198444486
0.02695883810520172
0.0025854073464870453
0.032345376908779144
0.01804228685796261
-0.011354873888194561
-0.009164959192276001
-0.010668482631444931
0.016107317060232162
-0.0327114500105381
-0.024827755987644196
0.008700828067958355
0.0007272479706443846
-0.029207587242126465
-0.012701508589088917
0.03514323756098747
0.008204011246562004
0.01187130156904459
-0.016734875738620758
-0.012642675079405308
0.00794252846390009
0.013172176666557789
0.005245991051197052
-0.0232196394354105
-0.01825147308409214
0.011237206868827343
-0.01334867812693119
0.014969868585467339
0.007831398397684097
0.013217936269938946
0.012740731239318848
-0.005406149197369814
0.003657485358417034
-0.014760682359337807
-0.01546668540686369
-0.019924961030483246
0.0137409009039402
-0.0045236460864543915
0.03119485266506672
-0.0005907868617214262
-0.01086459495127201
0.018290694802999496
-0.00569051131606102
0.023311158642172813
-0.0041314223781228065
0.007033877074718475
-0.01614653877913952
0.0294429212808609
-0.013976235873997211
-0.0022324062883853912
-0.011296040378510952
0.024082530289888382
0.010472371242940426
0.022670526057481766
-0.00756991608068347
-0.00233863340690732
-0.004951823502779007
-0.011361410841345787
-0.01262306421995163
0.006661264691501856
0.015165980905294418
0.0031868170481175184
-0.03472486510872841
-0.012930305674672127
0.018016139045357704
-0.021559225395321846
0.013753975741565228
-0.0007754588150419295
-0.01753239706158638
0.007694120518863201
-0.0016146539710462093
-0.003438493935391307
0.012583841569721699
-0.01086459495127201
0.034384939819574356
-0.004768785554915667
-0.010936502367258072
-0.027900174260139465
0.0340188629925251
-0.009158422239124775
-0.011681727133691311
-0.015113684348762035
0.005697048269212246
-0.015806611627340317
0.019676553085446358
0.004915869794785976
0.011145688593387604
0.014015457592904568
-0.05221803858876228
-0.002078785328194499
-0.027507951483130455
0.009021143428981304
0.01151176355779171
-0.00788369495421648
-0.015388241037726402
-0.00025678391102701426
-0.013531715609133244
0.01746702566742897
0.02217371016740799
-0.01870906725525856
0.021297743543982506
0.03611072152853012
-0.0013972966698929667
0.01363630872219801
0.019859589636325836
0.0294429212808609
0.009269552305340767
-0.03454182669520378
0.006249430123716593
-0.0038699398282915354
-0.010243574157357216
0.02970440313220024
0.018290694802999496
0.009700997732579708
-0.011720949783921242
0.015414388850331306
-0.010093221440911293
0.058310579508543015
-0.014015457592904568
-0.003768615424633026
0.010609649121761322
-0.0005658643203787506
-0.043981343507766724
-0.10877668857574463
-0.047720544040203094
0.022461339831352234
0.03459412604570389
0.01784617453813553
0.016591059044003487
-0.007131933234632015
0.015662796795368195
-0.03200544789433479
0.031900856643915176
-0.026854244992136955
-0.00408566277474165
-0.0013311089714989066
0.007661434821784496
-0.0011497054947540164
0.01376704964786768
-0.0053309728391468525
-0.006657996214926243
-0.02250056341290474
0.03906547278165817
-0.009178033098578453
0.01426386646926403
-0.010740390978753567
0.015022165141999722
-0.020709408447146416
0.0156889446079731
-0.020748630166053772
-0.002730857115238905
0.02433094009757042
-0.015322869643568993
-0.015257499180734158
5.1019713282585144e-05
0.0021948181092739105
-0.016904838383197784
0.03344360366463661
-0.016591059044003487
-0.0029089918825775385
-0.012760342098772526
0.03762732073664665
-0.014930645935237408
0.018722141161561012
0.025468388572335243
0.00876619853079319
-0.023389602079987526
0.024409383535385132
-0.028736919164657593
-0.009413367137312889
0.007530693896114826
-0.0012788125313818455
-0.02406945638358593
-0.022918934002518654
-0.0011758537730202079
-0.03590153530240059
0.014904498122632504
0.001717612612992525
0.013329066336154938
-0.016957135871052742
-0.020565591752529144
-0.00784447230398655
-0.031430188566446304
-0.011073780246078968
-0.008321678265929222
-0.00879888329654932
0.040529776364564896
0.02008184976875782
-0.014146199449896812
-0.016604134812951088
-0.025468388572335243
0.010838446207344532
-0.0014103708090260625
0.012740731239318848
-0.006001021713018417
0.006275577936321497
-0.002227503340691328
-0.0051544723100960255
0.008334752172231674
-0.02277511917054653
-0.00719730369746685
-0.0035202070139348507
0.001179939485155046
0.007373804226517677
-0.015584352426230907
-0.02591290883719921
-0.00696850661188364
0.01317871455103159
0.022683599963784218
0.017689285799860954
-0.003379660425707698
0.010184740647673607
-0.024945423007011414
-0.008779272437095642
0.03294678404927254
0.0006688230205327272
-0.01426386646926403
0.020173368975520134
0.014433830045163631
0.010622723028063774
-0.01629035547375679
-0.022029893472790718
0.007922917604446411
-0.02962595783174038
-0.0255076102912426
-0.0628080815076828
0.006105614360421896
0.014826053753495216
-0.026135168969631195
0.008713901974260807
0.012976065278053284
0.02047407440841198
0.002413809532299638
0.023598788306117058
0.0020003404933959246
-0.025533758103847504
-0.011727486737072468
-0.01759776659309864
-0.017427803948521614
-0.02473623678088188
-0.015492833219468594
0.029913589358329773
-0.006726635154336691
0.02114085480570793
0.0050989072769880295
0.015924280509352684
0.002217697910964489
0.028344694525003433
0.00968138687312603
0.013623233884572983
-0.001009975909255445
-0.007053488399833441
-0.011041095480322838
-0.013923939317464828
0.01330945547670126
-0.009236866608262062
-0.012217766605317593
-0.016643356531858444
0.006108883302658796
0.003771883901208639
-0.011688264086842537
0.01380627229809761
0.02480160817503929
0.010282795876264572
0.060611624270677567
-0.010243574157357216
-0.011041095480322838
0.03462027385830879
-0.02583446353673935
-0.028030915185809135
-0.003487521782517433
-0.013329066336154938
-0.003487521782517433
-0.01546668540686369
-0.0003246059059165418
0.038490213453769684
0.02459242194890976
-0.006805079989135265
-0.01589813083410263
0.0016881958581507206
0.003126349300146103
0.006138300057500601
0.018329918384552002
-0.017780805006623268
-0.022422118112444878
0.02414790168404579
-0.01772850751876831
-0.002542916452512145
0.0067854686640203
-0.008955772966146469
-0.005069490522146225
-0.007229988928884268
0.0006974226562306285
-0.03145633637905121
-0.012891083024442196
0.003837254596874118
2.1858295440324582e-05
0.019702700898051262
0.02871076948940754
0.027063431218266487
-0.008282455615699291
-0.002240577479824424
0.009517960250377655
0.003369854763150215
0.050596848130226135
-0.002307582413777709
0.003237479366362095
-0.03433264046907425
0.028240101411938667
0.0235595665872097
0.0048668417148292065
-0.009537571109831333
0.010426611639559269
-0.026082871481776237
0.008007898926734924
-0.0007836301228962839
0.011923598125576973
-0.007249600253999233
0.0012461271835491061
-0.016852542757987976
0.007105784956365824
0.01376704964786768
-0.026069797575473785
0.021075483411550522
0.02831854671239853
0.043066155165433884
0.007478397339582443
0.02035640738904476
-0.03242382034659386
-0.01740165613591671
-0.0005536073003895581
-0.03754887729883194
-0.050335366278886795
-0.015793537721037865
0.027063431218266487
0.0052198427729308605
-0.007824861444532871
0.017571618780493736
-0.003002145094797015
-0.016251131892204285
1.5397841707454063e-05
0.014486126601696014
-0.009021143428981304
-0.021350039169192314
0.012819175608456135
-0.020173368975520134
0.024945423007011414
0.018434511497616768
-0.0012542984914034605
0.01308065839111805
-0.009785979986190796
0.03344360366463661
-0.00807326938956976
0.003311021253466606
0.011760172434151173
-0.004615164827555418
0.020787851884961128
-0.03323441743850708
-0.02722031995654106
0.008465493097901344
-0.013315992429852486
0.01831684447824955
-0.007792176213115454
-0.02152000367641449
0.07070484757423401
-0.0026916346978396177
-0.012230840511620045
0.007779102306813002
-0.0056676315143704414
0.003614994464442134
-0.005916039925068617
0.00343522522598505
-0.016277281567454338
0.002879575127735734
0.02434401400387287
0.01608116924762726
0.004768785554915667
-0.02787402644753456
-0.0032113310880959034
-0.006180790718644857
-0.01455149706453085
0.04107888787984848
-0.002938408637419343
0.02210833877325058
0.06422008574008942
0.012270063161849976
-0.002332096453756094
0.02604364976286888
0.005827789660543203
0.01040700078010559
0.04756365343928337
-0.00034646422136574984
-0.010073610581457615
-0.01036777812987566
0.0031181778758764267
-0.001356440014205873
-0.05574805289506912
-0.02433094009757042
0.004458275157958269
-0.03080262988805771
-0.008001361973583698
-0.01187130156904459
-0.017166320234537125
0.0023991011548787355
-0.0017061728285625577
0.02413482777774334
-0.03485560789704323
-0.06029784679412842
-0.02172918990254402
-0.001110483193770051
-0.021245446056127548
0.012002043426036835
-0.03658138960599899
