-0.012437117286026478
-0.01210046373307705
0.0022279461845755577
0.0015522576868534088
-0.036256927996873856
0.019665636122226715
-0.0355963259935379
-0.012684842571616173
-0.015867169946432114
-0.014253774657845497
-0.017277302220463753
-0.0021866585593670607
-0.007647747173905373
0.011903553269803524
0.005503964144736528
0.0051482548005878925
0.05160323530435562
0.02072005905210972
0.0024979040026664734
0.00450670812278986
-0.007330149412155151
0.006021648179739714
0.005392805207520723
-0.014774634502828121
-0.01288810558617115
0.032826874405145645
0.011033335700631142
-0.03150567039847374
-0.0061073992401361465
0.011103207245469093
0.0011235011043027043
-0.014088624157011509
-0.039712388068437576
-0.007717618718743324
0.00853066798299551
0.004195462446659803
-0.0021040833089500666
0.03419889509677887
0.03155648335814476
0.02014838345348835
0.027364198118448257
0.030235279351472855
0.014761930331587791
-0.009826465509831905
-0.012005184777081013
-0.002690050518140197
-0.01847146824002266
-0.006879161112010479
-0.03229331225156784
0.017810866236686707
0.00722851837053895
0.01970374770462513
-0.015460644848644733
-0.014431629329919815
-0.0175313800573349
-0.02417551912367344
-0.024378782138228416
0.0024756721686571836
0.01562579534947872
-0.005230830516666174
-0.02629707008600235
-0.005608771461993456
-0.04464150220155716
0.021698258817195892
-0.0006943474872969091
0.01240535732358694
-0.001799189718440175
0.022905129939317703
-0.0069553847424685955
0.0037952896673232317
0.018179278820753098
0.012849994003772736
-0.0063138375990092754
-0.01076655462384224
0.04105900228023529
-0.00039580583688803017
-0.016388028860092163
-0.02899029664695263
0.008695818483829498
0.0222445260733366
0.008498908020555973
0.0031982064247131348
-0.0124942846596241
0.008479852229356766
0.0019119367934763432
-0.007336501497775316
-0.0012291022576391697
0.01066492311656475
0.01676914654672146
0.00026559087564237416
-0.013466132804751396
0.012938921339809895
0.0011941664852201939
0.0068664574064314365
-0.01634991727769375
0.025941360741853714
-0.013618579134345055
0.03681590035557747
-0.01957670785486698
-0.04047462344169617
-0.025687282904982567
0.010385436937212944
-0.012214798480272293
-0.011350933462381363
-0.027618275955319405
0.0228924248367548
-0.000803124625235796
0.0022136543411761522
0.029346005991101265
-0.020707355812191963
-0.011674882844090462
0.05249251052737236
-0.008619595319032669
-0.01800142414867878
0.019081255421042442
0.006332893390208483
0.003703186521306634
-0.00933101400732994
-0.02347680553793907
-0.0063964128494262695
0.03948371857404709
-0.005554779898375273
0.012945272959768772
-0.009197622537612915
0.036333151161670685
0.011084151454269886
-0.028431326150894165
-0.014647595584392548
-0.019055848941206932
-0.013669394887983799
-0.008556075394153595
0.005611947271972895
-0.015092231333255768
0.022828906774520874
-0.009756593964993954
-0.024429596960544586
-0.00522130262106657
0.001337085384875536
-0.03747650235891342
-0.04385386034846306
0.02085980214178562
0.03300473093986511
-0.004871945362538099
-0.02488693781197071
0.007933584973216057
0.02179989032447338
0.0321916788816452
0.0272117517888546
-0.0019722802098840475
0.01873825117945671
0.0057358103804290295
-0.03267442807555199
0.007311093620955944
-0.019348038360476494
0.015016008168458939
0.01100157666951418
0.007609635591506958
0.028304286301136017
0.00023740410688333213
-0.007768434006720781
-0.008359165862202644
-0.017239190638065338
0.0018484173342585564
-0.00022211973555386066
0.016375325620174408
0.018877994269132614
0.017645714804530144
0.007800193969160318
0.01933533325791359
-0.00781289767473936
0.004786193836480379
0.0418720506131649
-0.02456934005022049
0.024696379899978638
-0.009324661456048489
0.02464556321501732
0.010328269563615322
0.007298389915376902
0.009223030880093575
-0.02899029664695263
-0.010226638987660408
-0.0034332287032157183
0.0136058758944273
0.012335485778748989
-0.0316581167280674
0.011986128985881805
0.010201230645179749
-0.008035215549170971
0.026424109935760498
0.008340109139680862
0.01797601766884327
0.015816353261470795
-0.002021507825702429
0.0040811276994645596
-0.6488135457038879
0.002620179206132889
0.0006959354504942894
-0.013834545388817787
0.011833681724965572
0.014342701993882656
0.006872809492051601
0.005164134781807661
0.009940801188349724
-0.00699349632486701
0.0006467078346759081
0.026601964607834816
0.00604387978091836
-0.012221151031553745
-0.018928809091448784
-0.032140862196683884
0.00679023377597332
-0.03874688968062401
0.01999593712389469
-0.011909904889762402
-0.026601964607834816
0.022562123835086823
0.004443188663572073
0.011173078790307045
-0.0012838877737522125
-0.015117639675736427
0.02091061696410179
-0.003407820826396346
-0.02182529866695404
0.012811882421374321
-0.008803801611065865
0.034681644290685654
0.007596931420266628
0.010715738870203495
0.04611515253782272
0.012043296359479427
-0.015181158669292927
0.031937602907419205
0.019843490794301033
0.008143198676407337
-0.00513555109500885
-0.03397022560238838
-0.0038937448989599943
0.0032442582305520773
0.01358046755194664
0.013059607706964016
0.010804666206240654
-0.022676458582282066
-0.017366230487823486
0.03757813200354576
-0.0026058871299028397
0.015359013341367245
0.0015721074305474758
0.004821129608899355
-0.016781849786639214
0.006174094974994659
0.002000864129513502
0.005024392157793045
0.016375325620174408
-0.001044101663865149
-0.004652802832424641
-0.006771177984774113
-0.0043383813463151455
-0.025369685143232346
-0.03066721186041832
0.034452974796295166
-0.02501397766172886
-0.012443468905985355
0.010747498832643032
-0.011020632460713387
0.019043143838644028
0.028532957658171654
0.001962752314284444
-0.008556075394153595
0.0070443120785057545
0.011693938635289669
0.03704456984996796
-0.004328853450715542
-0.007806546054780483
0.008708522655069828
-0.013377205468714237
-0.015295494347810745
-0.016070431098341942
0.003922328818589449
0.03877229988574982
-0.02794857695698738
-3.721845496329479e-05
0.01074114628136158
-0.0033093655947595835
0.020338941365480423
0.015689315274357796
-0.009223030880093575
-0.019564004614949226
0.000185596029041335
-0.003341125324368477
0.03412267193198204
-0.007495300378650427
-0.02174907550215721
0.011166727170348167
-0.023171911016106606
0.003887393046170473
-0.010194879025220871
0.0006046261987648904
-0.017594899982213974
0.019894305616617203
0.01121119037270546
-3.419135100557469e-05
0.0001777553407009691
0.05543981492519379
-0.013212054967880249
0.0049767522141337395
-0.006561563815921545
-0.013351798057556152
-0.0064059412106871605
-0.025814322754740715
-0.03524061664938927
-0.0023470453452318907
-0.01664210669696331
-0.004576579667627811
-0.02488693781197071
0.027389606460928917
0.0009591443813405931
0.012799178250133991
-0.0136058758944273
-0.010239342227578163
0.044234976172447205
-0.012697546742856503
-0.011700291186571121
-0.03694293648004532
-0.002720222342759371
-0.0021072591189295053
-0.019017737358808517
0.023451397195458412
-0.007120535243302584
0.023121096193790436
-0.019043143838644028
0.0143935177475214
-0.011757458560168743
0.005421388894319534
-0.010811017826199532
-0.008105087094008923
-0.025712691247463226
0.00924843829125166
-0.0026757586747407913
-0.04044921323657036
-0.015384421683847904
-0.019513187929987907
0.006498044356703758
-0.006126455031335354
0.0235530287027359
-0.006199502851814032
0.009940801188349724
-0.022549420595169067
0.0040493677370250225
-0.002064383588731289
-0.01826820708811283
-0.02061842754483223
0.001083007431589067
-0.026652779430150986
0.0027583339251577854
0.013250166550278664
0.0046877386048436165
-0.014406220987439156
0.01960211619734764
-0.009083287790417671
0.021444180980324745
0.003040995681658387
0.011109559796750546
-0.024925049394369125
-0.06738147884607315
0.008670411072671413
-0.00395091250538826
-0.02906651981174946
0.03135322406888008
0.010315565392374992
-0.01177651435136795
-0.007107831537723541
0.007933584973216057
-0.007247574161738157
-0.01972915418446064
-0.021291734650731087
0.00914680678397417
-0.023324357345700264
-0.005538899917155504
-0.006243966054171324
0.009292902424931526
0.018598508089780807
0.00981376226991415
0.00964225921779871
0.01485085766762495
0.05086641013622284
0.006189974490553141
-0.024759897962212563
0.0124942846596241
0.0023391053546220064
0.00045853134361095726
-0.01135728508234024
-0.01044260524213314
0.0075651719234883785
0.017963312566280365
0.041490934789180756
-0.01525738276541233
0.030286094173789024
-0.02483612298965454
-0.006221734452992678
-0.01854769140481949
-0.00025507048121653497
-0.012062352150678635
0.04962142929434776
0.031988415867090225
0.010245694778859615
-0.0036650747060775757
0.010633163154125214
-0.009305605664849281
0.016184767708182335
0.010760202072560787
0.0031426269561052322
-0.013224758207798004
-0.013453428633511066
0.008460796438157558
-0.010398141108453274
-0.010017024353146553
-0.003455460537225008
-0.008276590146124363
-0.003750826232135296
0.012805529870092869
0.008695818483829498
0.009832818061113358
-0.0037889378145337105
0.0017245542258024216
0.011890849098563194
0.0014125147135928273
-0.0016110131982713938
0.018954217433929443
0.05007876828312874
0.013002440333366394
0.0024296205956488848
-0.0014879441587254405
0.05401697754859924
0.001430776552297175
0.0035697955172508955
0.023095687851309776
0.003153742989525199
-0.006237614434212446
0.011948016472160816
0.020059457048773766
0.01580365002155304
0.008263885974884033
-0.011249301955103874
-0.004773490130901337
-0.005732634570449591
-0.008549723774194717
-0.01758219674229622
-0.006329717580229044
0.00838457327336073
-0.017315413802862167
0.005634179338812828
0.0016292750369757414
0.017569491639733315
0.011026984080672264
0.0013799610314890742
0.035342246294021606
-0.0040207840502262115
-0.005729458294808865
-0.002029447816312313
-0.01768382638692856
0.0002064383588731289
-0.006942680571228266
-0.024925049394369125
-0.01604502461850643
-0.02454393170773983
0.005075207445770502
-0.012621323578059673
0.016413437202572823
0.028228063136339188
-0.0024343845434486866
0.008797449991106987
0.01074114628136158
0.019970528781414032
-0.003690482582896948
-0.01824279874563217
-0.02357843704521656
0.004846537485718727
0.028659995645284653
0.013250166550278664
-0.005983536131680012
0.0035666197072714567
-0.02723715826869011
-0.01913207210600376
-0.010804666206240654
0.005052975844591856
-0.016438845545053482
0.013072311878204346
0.003136275103315711
-0.014723818749189377
-0.004694090690463781
0.026627371087670326
-0.026754410937428474
0.011338229291141033
-0.02627166360616684
0.007851009257137775
-0.0021580748725682497
-0.010296509601175785
-0.025839731097221375
0.0465724915266037
0.013148535043001175
-0.02362925186753273
3.7342513678595424e-05
-0.0034364047460258007
-0.05056151747703552
0.009115047752857208
-0.014520556665956974
-0.0011759046465158463
0.0003594806476030499
-0.009832818061113358
0.011624067090451717
0.017709234729409218
0.019195592030882835
0.023438693955540657
-0.007050663698464632
0.0004116857307963073
-0.012132223695516586
-0.026856042444705963
0.008537019602954388
0.023171911016106606
0.003075931454077363
-0.016311805695295334
0.024277150630950928
-0.025712691247463226
0.006170918699353933
-0.021228214725852013
-0.024798011407256126
0.021723667159676552
-0.010652218945324421
0.013631283305585384
-0.001176698599010706
-0.009851873852312565
0.007069719489663839
0.005243534222245216
0.012341837398707867
-6.024427057127468e-05
-0.011242950335144997
0.01930992677807808
0.012430764734745026
-0.0014220427256077528
-0.006123279221355915
0.012068703770637512
0.01161771547049284
0.020135680213570595
-0.0024867882020771503
0.03661263734102249
0.04098277911543846
-0.013389909639954567
-0.014037808403372765
0.008848265744745731
0.01587987318634987
0.02876162715256214
0.013872657902538776
-0.015003304928541183
0.0007713648374192417
0.0020548556931316853
0.04095736891031265
0.012500636279582977
0.023921441286802292
0.033766962587833405
0.019919713959097862
0.014634891413152218
0.019271815195679665
0.010487068444490433
-0.016870778053998947
0.013453428633511066
0.017747346311807632
-0.0018944689072668552
-0.0073047420009970665
0.02569998800754547
0.018407950177788734
-0.0026964026037603617
-0.003757178084924817
0.0035062760580331087
-0.006561563815921545
0.0036841307301074266
0.001940520596690476
-0.00513555109500885
-0.01438081357628107
-0.010086895897984505
-0.04217694327235222
0.026551147922873497
-0.015384421683847904
0.014215663075447083
0.014622187241911888
0.003820697544142604
-0.007412725128233433
-0.026805225759744644
-0.000664175720885396
0.0039032730273902416
-0.07281874865293503
-0.017124855890870094
-0.010957112535834312
-0.008054272271692753
0.022282637655735016
0.005729458294808865
-0.017226487398147583
-0.010874537751078606
0.02893948182463646
-0.013364501297473907
-0.0002417710784357041
-0.0023867450654506683
-0.023387877270579338
-0.004144647158682346
0.017988720908761024
0.019525893032550812
-0.022676458582282066
0.0002425650745863095
0.018776362761855125
-0.03488490730524063
-0.00560559518635273
0.010874537751078606
-0.0005863643018528819
-0.042380206286907196
0.03066721186041832
0.014825450256466866
0.016908889636397362
-0.012983384542167187
-0.03132781386375427
0.007495300378650427
-0.021291734650731087
-0.001315647503361106
0.0022755858954042196
-0.012189391069114208
0.0009234146564267576
-0.023921441286802292
0.011077799834311008
-0.01802683249115944
-0.010144063271582127
0.008632299490272999
0.0013664631405845284
0.011071448214352131
0.007762082386761904
0.024798011407256126
-0.009534276090562344
-0.008016159757971764
0.04276132211089134
0.01651506870985031
0.0004541643720585853
0.003915976732969284
-0.02708471193909645
0.00947075616568327
0.0049767522141337395
-0.029981201514601707
0.008486204780638218
-0.008365517482161522
-0.02718634344637394
-0.013618579134345055
-0.0011647887295112014
-0.020288126543164253
0.025788914412260056
-0.006421820726245642
-0.0465724915266037
-0.018382541835308075
0.007069719489663839
-0.019068552181124687
0.02059301920235157
0.008016159757971764
-0.0042780376970767975
-0.004817953798919916
0.02202855981886387
0.007711266633123159
-0.018585804849863052
0.013910769484937191
-0.02987957000732422
-0.01207505539059639
-0.016032319515943527
-0.02893948182463646
0.02805020846426487
-0.014673002995550632
-0.001780133810825646
-0.009311958216130733
0.016832666471600533
-0.0028313815128058195
-0.02229534275829792
-0.030108239501714706
-0.010245694778859615
0.03391940891742706
0.014596779830753803
0.015930689871311188
-0.011827330105006695
0.022231822833418846
0.0006566327647306025
-0.0094834603369236
0.006764825899153948
-0.0023740411270409822
-0.018776362761855125
-0.02352762036025524
0.012519692070782185
0.005621475167572498
-0.009356421418488026
-0.0008511611958965659
-0.015930689871311188
0.011192134581506252
0.04217694327235222
-0.027491237968206406
-0.03064180351793766
-0.0022327101323753595
-0.01246887631714344
-0.02014838345348835
0.012843641452491283
-0.010817369446158409
0.01570201851427555
-0.013275573961436749
0.007330149412155151
0.01795060932636261
0.008899081498384476
0.0007622339180670679
0.009165862575173378
0.03973779454827309
-0.02797398529946804
0.015168455429375172
-0.006355125457048416
0.017937904223799706
-2.462620977894403e-05
-0.00987728126347065
-0.01136998925358057
0.00490052904933691
0.02022460661828518
-0.011058744043111801
-0.010919000953435898
0.0005962892319075763
0.016083136200904846
-0.015003304928541183
0.006139159202575684
0.005335637368261814
-0.007641395088285208
0.02229534275829792
0.0024772603064775467
-0.015282790176570415
-0.012062352150678635
-0.015511460602283478
-0.024721786379814148
-0.011935313232243061
0.0073555572889745235
-0.003785761771723628
0.008194014430046082
-0.024798011407256126
0.016781849786639214
0.029142742976546288
-0.01311042346060276
0.02323543094098568
0.017442453652620316
0.04791910573840141
0.038873929530382156
-0.00482748169451952
-0.02881244197487831
-0.008676762692630291
0.013491540215909481
-0.004614691250026226
0.024658268317580223
0.0071840547025203705
-0.000592716271057725
-0.025636468082666397
0.02540779672563076
0.019538596272468567
-0.004335205536335707
-0.022536717355251312
-0.01826820708811283
-0.004208166617900133
0.013275573961436749
-0.03257279470562935
0.017175670713186264
-0.008949896320700645
0.03915341570973396
-0.013313685543835163
0.004541643895208836
-0.028380509465932846
-0.004503532312810421
0.009089639410376549
0.03234412521123886
0.00042994756950065494
0.023222727701067924
-0.009737538173794746
-0.011681235395371914
-0.010474364273250103
-0.003785761771723628
-0.014241070486605167
-0.023743586614727974
-0.00038210945785976946
0.0228924248367548
0.007781138177961111
-0.0036523710004985332
-0.009045176208019257
-0.02108847163617611
0.022536717355251312
-0.017709234729409218
-0.009559683501720428
0.030286094173789024
-0.0009242086671292782
0.007863713428378105
0.016603995114564896
0.013796433806419373
-0.01139539759606123
0.015765538439154625
0.007876417599618435
-0.03785761818289757
0.0006459138821810484
-0.002004039939492941
-0.03125159069895744
0.0272117517888546
0.014647595584392548
-0.0036873065400868654
-0.010150414891541004
-0.017544085159897804
-0.017594899982213974
0.0010718915145844221
0.018611211329698563
-0.025865137577056885
-0.02192693017423153
-0.01397428847849369
-0.005380101036280394
0.024848826229572296
0.009743890725076199
0.00022529570560436696
-0.005033920053392649
0.02723715826869011
-0.045937299728393555
-0.0014323645737022161
0.0018230094574391842
0.004646451212465763
0.001517321914434433
0.018319021910429
-0.007520708255469799
-0.01122389454394579
0.024251742288470268
-0.0026535268407315016
-0.00829564593732357
-0.017251893877983093
0.008746634237468243
0.019881602376699448
-0.0012378360843285918
-0.0105315325781703
0.028304286301136017
-0.004554347600787878
0.006205854471772909
-0.008733930066227913
-0.005405508913099766
0.01438081357628107
-0.011801921762526035
-0.019665636122226715
-0.012157631106674671
-0.01075385045260191
0.016603995114564896
0.009794705547392368
-0.014723818749189377
-0.018534988164901733
-0.007018904201686382
-0.005821561440825462
-0.01654047705233097
0.044158753007650375
-0.01572742685675621
9.800859697861597e-05
-0.012348189949989319
-0.009794705547392368
-0.04484476149082184
0.004964048508554697
-0.002690050518140197
-0.013085016049444675
0.0017912497278302908
-0.016527771949768066
0.012538747861981392
0.0035634436644613743
-0.014228366315364838
0.008822857402265072
-0.018090352416038513
-0.014253774657845497
-0.006853753235191107
-0.004360613413155079
-0.02545861341059208
0.044260382652282715
0.0001136403443524614
-0.007819249294698238
-0.028431326150894165
0.020288126543164253
-0.03262361139059067
0.0007201522821560502
0.0196275245398283
0.017353525385260582
-0.006821993738412857
-5.0964470574399456e-05
0.020034048706293106
0.02708471193909645
-0.005713578313589096
0.004468596540391445
-0.02373088337481022
-0.018827177584171295
-0.03056558035314083
-0.007723970338702202
0.005602419376373291
0.013059607706964016
-0.02522994391620159
-0.01918288692831993
0.0222445260733366
-0.013758322224020958
-0.008784745819866657
-0.0030187638476490974
-0.014037808403372765
-0.0022438261657953262
0.013961585238575935
0.011693938635289669
0.011198487132787704
0.0028679051902145147
0.014977896586060524
-0.015447940677404404
0.015359013341367245
0.003820697544142604
-0.02091061696410179
-0.01745515689253807
-0.025344278663396835
0.03142944723367691
-0.00939453300088644
0.03422430157661438
-0.015841761603951454
-0.020821690559387207
-0.001165582682006061
-0.004744905978441238
0.0033570053055882454
0.00031243651756085455
-0.003642842872068286
0.015486052259802818
0.0007689828635193408
-0.01789979264140129
-0.015867169946432114
0.004481300245970488
-0.02412470430135727
-0.0021088472567498684
0.012735658325254917
-0.001375991036184132
0.02239697426557541
-0.004243102390319109
-0.023400582373142242
-0.018280910328030586
-0.018801771104335785
-0.027796130627393723
0.0022803498432040215
-0.02101224847137928
0.025293461978435516
0.02352762036025524
0.005704050417989492
-0.008187662810087204
-0.006879161112010479
-0.03158189356327057
-0.027770722284913063
-0.007190406788140535
0.002602711319923401
-0.01448244508355856
-0.004150998778641224
0.0008110645576380193
-0.003129923017695546
0.0063964128494262695
-0.0005867613363079727
0.025344278663396835
-0.039966464042663574
-0.000185596029041335
0.1944204717874527
-0.040804922580718994
0.001530025852844119
0.04832563176751137
0.00525306211784482
0.013910769484937191
0.02718634344637394
0.011992480605840683
0.0049799284897744656
0.021888818591833115
0.021190103143453598
-0.006488516461104155
-0.009286549873650074
-0.0017610780196264386
0.02967630699276924
-0.008365517482161522
-0.017442453652620316
-0.012589563615620136
0.017074039205908775
-0.0005657204892486334
0.015943393111228943
0.004119239281862974
0.00014113237557467073
-0.0077938418835401535
0.022600235417485237
-0.0016991464653983712
0.0016927944961935282
-0.010290157981216908
0.018598508089780807
-0.01829361356794834
0.005278469994664192
0.005564307793974876
0.004554347600787878
0.0011520847911015153
-0.004732202272862196
0.010340973734855652
0.009121399372816086
0.009731186553835869
0.02876162715256214
0.008289294317364693
0.012919865548610687
-0.013377205468714237
0.01629910245537758
-0.030921289697289467
-0.005227654241025448
0.042532652616500854
-0.006841049529612064
-0.022117488086223602
0.008822857402265072
0.006501220166683197
-0.03422430157661438
0.030870474874973297
0.01358046755194664
0.0136058758944273
0.004640099126845598
0.014914377592504025
-0.001245776074938476
-0.003798465710133314
0.030082833021879196
0.005529372021555901
-0.011535139754414558
0.01072844211012125
-0.008340109139680862
0.01800142414867878
-0.006879161112010479
0.010105951689183712
-0.015181158669292927
0.004201814532279968
-0.003407820826396346
-0.01312312763184309
0.002958420431241393
-0.005554779898375273
-0.01936074160039425
0.0060565839521586895
-0.018992329016327858
-0.026729002594947815
0.01844606176018715
0.01842065341770649
0.010080543346703053
0.031200775876641273
-0.017467860132455826
0.007063367869704962
-0.03579958528280258
-0.008143198676407337
-0.0042875660583376884
-0.010760202072560787
0.0379338413476944
-0.0006455168477259576
-0.02585243433713913
-0.02462015673518181
-0.0020977312233299017
-0.007774786092340946
-0.0062852539122104645
-0.021024951711297035
0.001408544834703207
0.0018531812820583582
-0.004770313855260611
0.008098735474050045
-0.016997816041111946
-0.008441740646958351
-0.023171911016106606
0.048478078097105026
0.012849994003772736
-0.004341557621955872
-0.01397428847849369
0.015409829095005989
-0.032801467925310135
0.005154606886208057
0.015028712339699268
-0.021571220830082893
-0.004595635458827019
-0.03216627240180969
0.0069553847424685955
-0.018827177584171295
-0.01492708083242178
0.01913207210600376
0.010245694778859615
-0.020008640363812447
0.032750651240348816
-0.0006042291643097997
0.0020548556931316853
0.005862849298864603
-0.016362622380256653
0.01562579534947872
-0.014545964077115059
-0.01002337597310543
-0.024950457736849785
0.018204687163233757
-0.01617206260561943
-0.0071840547025203705
-0.003947736695408821
0.0008297233725897968
0.006250318139791489
0.014800041913986206
-0.015498756431043148
-0.00938182882964611
-0.010842777788639069
-0.023908738046884537
-0.019691042602062225
0.01960211619734764
0.023400582373142242
-0.005437268875539303
-0.029269782826304436
-0.016921592876315117
0.01012500748038292
-0.02407388761639595
0.02195233665406704
0.01779816299676895
-0.0018706490518525243
-0.000863865134306252
0.002912368858233094
-0.03732405602931976
-0.009229382500052452
-0.014545964077115059
0.007882769219577312
0.007342853583395481
-0.02572539448738098
-0.012970680370926857
-0.0018833529902622104
-0.030082833021879196
-0.009451700374484062
-0.003283957950770855
0.026017583906650543
-0.0061073992401361465
-0.020313534885644913
0.014177551493048668
-0.15793487429618835
-0.002151722786948085
0.006898216903209686
-0.008625946938991547
0.014355405233800411
-0.012614971958100796
0.012157631106674671
0.03424971178174019
0.00743178091943264
-0.01933533325791359
-0.007844657637178898
-0.008981656283140182
-0.026805225759744644
-0.05579552426934242
0.0022168303839862347
0.0018325373530387878
-0.01011230330914259
0.02575080282986164
0.01999593712389469
-0.013796433806419373
-0.007546115666627884
-0.00044860641355626285
-0.031048329547047615
-0.017645714804530144
0.021024951711297035
0.009623203426599503
-0.002335929311811924
0.02313379943370819
-0.004011256154626608
-0.00048235116992145777
0.01565120369195938
-0.01693429797887802
0.011052392423152924
0.004446364473551512
-0.0009901101002469659
0.001085389405488968
-0.0053292857483029366
-0.009705779142677784
-0.011516083963215351
0.017760051414370537
0.007660450879484415
0.027338789775967598
0.006586971692740917
-0.005294349975883961
0.012157631106674671
0.007450836710631847
0.02619543857872486
0.011662178672850132
0.033589109778404236
-0.022600235417485237
0.02439148537814617
-0.008244830183684826
-0.0020612075459212065
-0.0006451198714785278
0.03569795563817024
-0.009947152808308601
-0.006726714316755533
0.010950760915875435
-0.007164998911321163
-0.00860689114779234
-0.00900071207433939
-0.014304590411484241
0.00769856246188283
0.002340693259611726
0.02444230206310749
-0.022930538281798363
-0.02321002259850502
0.020034048706293106
-0.01957670785486698
-0.0038270496297627687
0.009165862575173378
-0.013618579134345055
0.0033506532199680805
-0.0017499621026217937
0.004875121172517538
0.0143935177475214
-0.0014863561373203993
0.02310839109122753
-0.010417196899652481
-0.01539712492376566
-0.00782560184597969
0.04471772536635399
-0.0005629415391013026
-0.02190152183175087
-0.005141903180629015
-0.01397428847849369
-0.00040930372779257596
0.003360181348398328
0.02014838345348835
0.012449820525944233
0.0023232256062328815
-0.04217694327235222
-0.0143935177475214
-0.010525180026888847
-0.004894176963716745
0.011363637633621693
-0.006942680571228266
0.005970832426100969
-0.003944560419768095
0.013173943385481834
0.01847146824002266
0.016324510797858238
-0.004417780786752701
-0.004891001153737307
0.010874537751078606
-0.01676914654672146
0.014634891413152218
0.006625083275139332
0.025204535573720932
0.0025344279129058123
-0.037984658032655716
-0.003017175942659378
-0.005805681925266981
0.01871284283697605
0.005729458294808865
0.022358862683176994
-0.016654811799526215
0.005113319493830204
-0.00014500309771392494
-0.02540779672563076
0.058183856308460236
-0.004929112736135721
-0.01567661203444004
0.0166167002171278
-0.008054272271692753
-0.059098538011312485
-0.10081814229488373
-0.037273239344358444
0.01453325990587473
0.026754410937428474
0.014520556665956974
0.0009186507086269557
-0.014977896586060524
0.030997512862086296
-0.0002308536641066894
0.020364349707961082
-0.02347680553793907
-0.029422229155898094
-0.008181311190128326
-0.0007280922145582736
-0.024264447391033173
0.035520102828741074
-0.017315413802862167
-0.00430344557389617
-0.00632018968462944
0.019348038360476494
0.014952489174902439
0.011433509178459644
0.004519411828368902
0.020707355812191963
-0.0014895321801304817
-0.003661898896098137
-0.020605724304914474
0.0058755530044436455
0.011363637633621693
-0.0010647454764693975
-0.012589563615620136
-0.011497028172016144
-0.008143198676407337
-0.012449820525944233
0.0281264316290617
-0.009343717247247696
-0.010144063271582127
-0.019271815195679665
0.012132223695516586
-0.020681947469711304
0.00213584303855896
0.01960211619734764
0.023641955107450485
-0.015016008168458939
0.007711266633123159
-0.0038651612121611834
0.0007777168066240847
0.012634027749300003
-0.012291021645069122
-0.03562173247337341
-0.022181008011102676
-0.011503380723297596
-0.02993038482964039
-0.0005772333825007081
-0.001250540022738278
0.0037889378145337105
0.001534789800643921
-0.003039407776668668
0.0037254183553159237
-0.045962706208229065
-0.004379669204354286
0.002277173800393939
-0.003264901926741004
0.014634891413152218
0.009909041225910187
-0.004833833314478397
-0.028380509465932846
-0.01913207210600376
0.015155751258134842
-0.0011314409784972668
0.01918288692831993
-0.008498908020555973
0.021571220830082893
-0.026068400591611862
-0.005345165263861418
0.009534276090562344
-0.014495148323476315
-0.0038905690889805555
-0.013364501297473907
5.771341602667235e-05
0.007292037829756737
-0.008683115243911743
-0.004379669204354286
-0.011649475432932377
0.009896337054669857
0.006968088448047638
0.005923192948102951
-0.004744905978441238
-0.0010917412582784891
-0.004992632195353508
-0.01580365002155304
0.03254738822579384
0.008390924893319607
0.0007475450402125716
0.007870065048336983
0.0011274709831923246
-0.0033093655947595835
-0.007939936593174934
0.009902688674628735
0.00675847427919507
-0.03432593494653702
-0.005878729280084372
-0.04979928210377693
-0.0016054551815614104
0.021698258817195892
-0.008168607018887997
0.01575283519923687
0.006974440533667803
0.033665332943201065
0.00469726650044322
0.03308095410466194
-0.001645154901780188
-0.00533881364390254
0.005780274048447609
-0.012163982726633549
-0.009489811956882477
-0.02723715826869011
-0.034580010920763016
0.03605366498231888
0.009883632883429527
0.010017024353146553
0.016337214037775993
0.0068664574064314365
0.0020866154227405787
0.032039232552051544
0.030260687693953514
-0.010137711651623249
0.0038842170033603907
-0.010264750570058823
-0.010220286436378956
-0.01795060932636261
-0.009674019180238247
0.005402333103120327
-0.025687282904982567
-0.003047347767278552
0.006739418487995863
-0.01004878431558609
-0.03343666344881058
0.01318664662539959
0.03709538280963898
0.0036110831424593925
0.0701255202293396
-0.026424109935760498
-0.011979776434600353
0.00891178473830223
-0.03137863054871559
-0.010169470682740211
0.006701306439936161
-0.02614462375640869
-0.0019500484922900796
0.0024566163774579763
-0.010232990607619286
0.027542052790522575
0.019538596272468567
0.005672290921211243
-0.010563291609287262
-0.020999545231461525
0.02567457966506481
-0.016362622380256653
0.0197545625269413
-0.0031664466951042414
-0.0018500052392482758
0.03229331225156784
-0.0030505238100886345
-0.006504395976662636
0.02190152183175087
-0.014774634502828121
-0.01312312763184309
-0.007336501497775316
0.011897201649844646
0.009445348754525185
-0.03064180351793766
0.00442095659673214
-0.0008694230928085744
0.010537884198129177
0.021520404145121574
0.01732811890542507
-0.01666751503944397
-0.012799178250133991
-0.009311958216130733
-0.014711114577949047
0.0213298462331295
0.015054119750857353
0.01847146824002266
-0.015054119750857353
0.004925936926156282
0.046038929373025894
-0.005738986190408468
0.0029314246494323015
0.02174907550215721
-0.014888969250023365
-0.0005522225983440876
-0.0011449388694018126
0.0040493677370250225
-0.01161771547049284
0.01894151233136654
-0.0029901801608502865
0.011331877671182156
0.012818234041333199
-0.018014129251241684
0.0024693203158676624
0.018357133492827415
0.011554195545613766
0.012614971958100796
0.011592308059334755
-0.013428021222352982
-0.020326238125562668
0.017417045310139656
-0.03671426698565483
-0.03511357679963112
-0.01058234740048647
0.014749226160347462
-0.02439148537814617
-0.0024391484912484884
0.0036460189148783684
-0.004605163354426622
-0.022943241521716118
0.006453580688685179
0.004405077081173658
-0.022701866924762726
-0.019767265766859055
0.009553331881761551
-0.016553180292248726
6.977219163672999e-05
0.024340670555830002
0.022600235417485237
-0.0047417301684618
-0.005138726904988289
0.034630827605724335
-0.010264750570058823
0.00769856246188283
-0.004941816441714764
-0.002785329706966877
0.013796433806419373
-0.0015490816440433264
-0.02456934005022049
-0.0032220263965427876
-0.019932417199015617
0.01760760322213173
0.013669394887983799
0.0019246406154707074
0.0826769769191742
-0.007577875629067421
-0.003941384609788656
0.019030440598726273
-0.030082833021879196
0.016235582530498505
0.005503964144736528
0.007584227714687586
-0.02185070514678955
-0.001875413116067648
0.022778090089559555
-0.015498756431043148
-0.003915976732969284
-0.037197016179561615
-0.015638498589396477
0.018750954419374466
-0.02595406584441662
0.036511003971099854
-0.02127903141081333
0.011560548096895218
0.025420501828193665
0.0049481685273349285
0.008867321535944939
0.01627369411289692
-0.015193862840533257
0.03778139501810074
0.01493978500366211
0.0030679914634674788
0.005415036808699369
-0.022879721596837044
-0.01051882840692997
0.008714874275028706
-0.05798059329390526
-0.0189669206738472
0.007774786092340946
-0.012189391069114208
-0.016578588634729385
-0.02069465070962906
0.0017420221120119095
0.01359317172318697
-0.0070951273664832115
0.010182174853980541
-0.023171911016106606
-0.03267442807555199
-0.018776362761855125
-0.00010029132681665942
-0.028355102986097336
-0.008549723774194717
-0.010671274736523628
