-0.00036685154191218317
-0.01860535889863968
0.00870478805154562
-0.010408458299934864
-0.04798562824726105
0.010189874097704887
-0.027901610359549522
-0.012150701135396957
-2.5389299480593763e-05
-0.011597812175750732
0.00029452593298628926
-0.0046384818851947784
-0.014246536418795586
0.010485605336725712
-0.007766162510961294
0.00870478805154562
0.02594721131026745
-0.015738051384687424
-0.010929201729595661
0.0064610871486365795
-0.019801143556833267
-0.0014481192920356989
0.011694245971739292
0.007451144512742758
-0.028107335790991783
0.00015690637519583106
0.03605350852012634
-0.028133051469922066
-0.004037376027554274
-0.0008968374459072948
0.007901170291006565
-0.0007566061685793102
-0.011977119371294975
-0.011662101373076439
-0.005223515909165144
-0.000830940785817802
0.026950126513838768
0.029547419399023056
0.026538673788309097
0.0037737891543656588
0.011250649578869343
0.015583756379783154
0.0009008555789478123
-0.01378365233540535
-0.01368078961968422
0.01841249130666256
-0.004632052965462208
-0.0070139761082828045
-0.012311425060033798
0.022989898920059204
0.002859272062778473
0.028055904433131218
-0.008614783175289631
-0.005487102549523115
-0.015429462306201458
-0.01242714561522007
-0.0192353967577219
-0.0001382222690153867
-0.0018708222778514028
-0.011977119371294975
0.026487242430448532
-0.0050467196851968765
-0.02295132540166378
0.024121392518281937
0.016753824427723885
0.024121392518281937
-0.021369805559515953
0.014272252097725868
-0.032041847705841064
0.00015750908642075956
0.011694245971739292
0.017049554735422134
-0.010402028448879719
-0.015108014456927776
0.029135966673493385
0.003442698623985052
-0.002434961963444948
-0.034484848380088806
0.018566785380244255
0.023478498682379723
-0.003433055244386196
0.0017390289576724172
-0.050557203590869904
0.020958352833986282
-0.01383508462458849
0.006200714968144894
-0.009913429617881775
0.006110709626227617
-0.011019207537174225
-0.010093439370393753
-0.009225532412528992
0.011398514732718468
-0.005496745929121971
0.022192709147930145
-0.017538154497742653
0.015352314338088036
-0.013732220977544785
0.017383860424160957
-0.03510202467441559
-0.04294533655047417
-0.01620093546807766
0.0010985455010086298
-0.02839021012187004
-0.005528890527784824
-0.03512774035334587
0.0023144192527979612
0.009746276773512363
0.0049470714293420315
0.03821363300085068
-0.041196662932634354
0.008049036376178265
0.03893367573618889
-0.023401349782943726
-0.002741944044828415
0.019595416262745857
-0.020791199058294296
0.014246536418795586
-0.001814568997360766
-0.010074152611196041
-0.02044403739273548
0.027747316285967827
-0.010549894534051418
0.012317853979766369
-0.006827536970376968
0.013577926903963089
0.018091043457388878
-0.04258531332015991
-0.006686100270599127
0.0004544458643067628
-0.010697760619223118
-0.01953112706542015
-0.014066525734961033
-0.004378109704703093
-0.013050753623247147
0.0027821247931569815
-0.005345665849745274
-0.0034266263246536255
0.02386423386633396
-0.03911368548870087
-0.023928523063659668
0.013307911343872547
0.023671366274356842
-0.003465200075879693
-0.011437088251113892
-0.007193986792117357
-0.0020733338315039873
0.035873498767614365
0.02355564571917057
0.02324705570936203
0.01368078961968422
0.022192709147930145
-0.031116081401705742
0.005731402430683374
-0.005924270488321781
0.009238390251994133
-0.000613562180660665
0.006731102708727121
0.017332429066300392
0.006136425770819187
-0.013269336894154549
0.0002812662278302014
-0.030318893492221832
0.004664197564125061
0.016753824427723885
0.028750231489539146
0.017885318025946617
0.021459810435771942
0.011186359450221062
0.007586152292788029
0.0008799614734016359
0.017653876915574074
0.03816220164299011
-0.045054029673337936
0.03422768786549568
-0.021806972101330757
0.02877594716846943
-0.0036998563446104527
0.01599520817399025
-0.005651040468364954
-0.015352314338088036
-0.019453980028629303
0.006316435988992453
0.004326678346842527
0.010646328330039978
-0.023491356521844864
0.022822745144367218
-0.0018820728873834014
0.005426027346402407
0.021588388830423355
-0.010729905217885971
0.023208482190966606
0.010627041570842266
-0.02162696234881878
0.017795313149690628
-0.6262304186820984
-0.00033510863431729376
-0.0009675558540038764
-0.01478656753897667
0.006110709626227617
0.0012584654614329338
0.02939312532544136
0.005291019566357136
0.006975402589887381
-0.020495468750596046
0.002973385853692889
0.007078265771269798
-0.0009916643612086773
-0.011906401254236698
-0.03484486788511276
-0.024699997156858444
0.00945697445422411
-0.008904085494577885
0.01821962371468544
-0.009662700816988945
-0.04579978436231613
0.01699812337756157
0.009836281649768353
0.016278082504868507
-0.005075650289654732
-0.011102783493697643
0.01721670851111412
0.00769544392824173
-0.005220301449298859
0.0037094997242093086
-0.001301057287491858
0.03579635173082352
0.0032080423552542925
0.009257677011191845
0.04531118646264076
0.02304133027791977
-0.019286828115582466
0.03291618451476097
-0.0009538943413645029
0.002724264282733202
-0.015558040700852871
-0.027541588991880417
0.04032232612371445
0.006981831509619951
0.01146923378109932
0.003526275046169758
0.0258700642734766
-0.03985944390296936
-0.009084095247089863
0.019582558423280716
0.005750689189881086
0.008994090370833874
0.008775506168603897
0.0033526935148984194
-0.010106297209858894
-0.0100612947717309
0.010755620896816254
0.013899373821914196
-0.015853771939873695
0.016753824427723885
-8.834773325361311e-05
0.021665535867214203
-0.014915146864950657
-0.009154814295470715
-0.016728108748793602
0.021974125877022743
-0.035282034426927567
-0.006232859566807747
0.026230085641145706
-0.03402196243405342
0.028724515810608864
0.025638623163104057
0.012883600778877735
-0.011404943652451038
0.006477159447968006
0.014915146864950657
0.036593541502952576
-0.010048436932265759
-0.009167672134935856
0.013462205417454243
-0.009489119052886963
-0.02364565059542656
-0.0347934365272522
0.011539951898157597
0.013655073940753937
-0.044642575085163116
-0.006563950330018997
-0.002983029233291745
0.00895551685243845
0.027798747643828392
-0.008171185851097107
0.011154214851558208
-0.0032739390153437853
-0.01900395378470421
-0.0022838818840682507
0.026140080764889717
-0.003789861686527729
-0.01581519842147827
0.00015067834465298802
-0.010247734375298023
0.002635866403579712
-0.01770530827343464
0.020662620663642883
-0.007746875751763582
0.008158328011631966
-0.010074152611196041
-0.0031855409033596516
0.009765563532710075
0.04327964037656784
-0.030344609171152115
-0.02162696234881878
0.0021938765421509743
-0.016458092257380486
-0.0036805695854127407
-0.026332948356866837
-0.031244659796357155
0.016278082504868507
0.005561035126447678
0.017859602347016335
-0.017949607223272324
0.017293855547904968
-0.017075270414352417
-0.004509903024882078
-0.0014441012172028422
-0.006776105146855116
0.017190992832183838
-0.015660904347896576
-0.003629137994721532
-0.014259394258260727
-0.008537635207176208
-0.01833534426987171
-0.008942659012973309
0.0026439025532454252
-0.0025972926523536444
0.010189874097704887
-0.00046288385055959225
0.007650441490113735
-0.022617019712924957
-0.0031903625931590796
-0.012298567220568657
-0.012234277091920376
-0.01404081005603075
0.011147785931825638
-0.004188456106930971
-0.026821548119187355
-0.03240187093615532
-0.019852574914693832
-0.007502575870603323
-0.019158247858285904
-0.005233159288764
-0.020971210673451424
0.006428942549973726
-0.020148305222392082
-0.005255660507827997
0.02497001178562641
-0.006174999289214611
-0.0020540470723062754
0.0005243606283329427
-0.029058819636702538
-0.015069440938532352
0.006203929428011179
0.005712115205824375
-0.030550334602594376
0.02929026260972023
-0.02355564571917057
0.011604241095483303
-0.009251248091459274
0.002463892102241516
-0.023401349782943726
-0.045696921646595
-0.0005247624358162284
0.018978238105773926
-0.011694245971739292
0.021678393706679344
0.028930241242051125
-0.004002016503363848
-0.031836122274398804
0.010762049816548824
-0.02626865915954113
-0.009238390251994133
-0.0003636370529420674
0.017833886668086052
-0.025612907484173775
-0.010144871659576893
-0.006891826167702675
0.020199736580252647
0.012883600778877735
0.008910514414310455
-0.0011081889970228076
0.002746765734627843
0.011308509856462479
0.02112550474703312
-0.011199218221008778
0.01920967921614647
0.009000519290566444
-0.010376312769949436
0.01106420997530222
-0.02607578970491886
0.01833534426987171
0.004574192687869072
0.016869544982910156
-0.022822745144367218
0.04711129143834114
-0.006284291390329599
-0.016470950096845627
0.004934213124215603
-4.555508348857984e-05
-0.009148385375738144
0.04536261782050133
0.010633470490574837
0.012555724941194057
-0.01232428289949894
-0.012285709381103516
-0.01393794734030962
0.01258144062012434
0.020881205797195435
-0.0008839796064421535
-0.01721670851111412
-0.030576050281524658
0.013976520858705044
-0.022385576739907265
-0.023928523063659668
0.01369364745914936
-0.008319051936268806
0.0008269227109849453
0.021279798820614815
0.022977041080594063
-0.0019318972481414676
0.018142474815249443
-0.012086411938071251
0.023697081953287125
0.010453460738062859
-0.016676677390933037
0.05256303399801254
0.03715928643941879
0.0218198299407959
0.003957014065235853
0.017461007460951805
0.025021443143486977
0.005914627108722925
0.012131414376199245
0.0336105115711689
-0.0014842820819467306
-0.0011692639673128724
-0.0022099490743130445
0.0016538454219698906
0.017280997708439827
-0.011398514732718468
-0.0003572081041056663
0.006329293828457594
-0.014555125497281551
0.0005046720034442842
-0.033661942929029465
-0.028055904433131218
-0.005432456266134977
-0.03541061654686928
0.0003353095380589366
0.002031545853242278
0.015699477866292
0.03008745051920414
0.020611189305782318
0.02507287636399269
0.009534121491014957
0.020186878740787506
-0.009489119052886963
0.0037705746944993734
0.0016715250676497817
0.0033655513543635607
-0.02054690010845661
-0.023915665224194527
0.0048506371676921844
-0.023992814123630524
-0.01504372525960207
-0.00696897367015481
0.011186359450221062
-0.0002832752652466297
0.019376832991838455
-0.01131493877619505
0.0016602743417024612
0.016959549859166145
-0.021074073389172554
-0.028261631727218628
-0.0029219542630016804
0.02517573907971382
0.004995288327336311
-0.004214171785861254
-0.0020861919037997723
-0.0053649526089429855
-0.015699477866292
-0.003290011314675212
-0.019171105697751045
-0.0033848381135612726
-0.006091422867029905
-0.007939743809401989
-0.025111449882388115
-0.023774228990077972
0.001359721296466887
-0.004738130606710911
0.017178134992718697
-0.007914028130471706
0.0017518867971375585
-0.017756739631295204
-0.011694245971739292
-0.015056583099067211
0.036079224199056625
0.03461342677474022
-0.020855490118265152
-0.004548477008938789
0.008338338695466518
-0.0325818806886673
0.008679072372615337
-0.03067891299724579
0.0027274787425994873
0.0071296971291303635
-0.009006948210299015
0.011250649578869343
0.013102184981107712
-0.018965380266308784
0.013018608093261719
0.008563350886106491
0.011462804861366749
0.010607754811644554
-0.010543465614318848
-0.003526275046169758
0.06125496327877045
-0.0028624865226447582
-0.008184043690562248
0.027927326038479805
0.009739847853779793
-0.0027628380339592695
-0.025522900745272636
-0.03661925718188286
-0.0032787607051432133
-0.012137843295931816
0.0004431952256709337
0.0019126103725284338
-0.010832767933607101
-0.017075270414352417
-0.005721758585423231
0.02516288124024868
0.0052685183472931385
0.008736932650208473
0.008222617208957672
-0.001524462946690619
0.017563870176672935
-0.03132180869579315
0.004654554184526205
0.011160643771290779
0.02769588492810726
-0.0003011557855643332
0.05150868743658066
0.043819673359394073
-1.4954825019231066e-05
-0.026435811072587967
0.009006948210299015
0.023002756759524345
0.029341693967580795
0.010582039132714272
-0.01670239306986332
0.0007738839485682547
-0.014336541295051575
0.04888567700982094
-0.012022122740745544
-0.0038766523357480764
0.015699477866292
0.007174699567258358
0.0015911632217466831
-0.004198099486529827
-0.002631044713780284
-0.02414710819721222
0.02444283850491047
0.019865432754158974
-0.009077666327357292
-0.024417122825980186
0.008518348447978497
0.025227170437574387
0.0019238609820604324
0.002515323692932725
0.013385058380663395
0.011398514732718468
-0.00038372751441784203
0.013719363138079643
-0.01994257979094982
-0.04055376723408699
0.004381324164569378
-0.023877091705799103
0.019183963537216187
-0.002645509783178568
-0.01504372525960207
-0.016020923852920532
0.004477758426219225
-0.012047838419675827
-0.017988180741667747
0.0035327039659023285
0.013449347577989101
-0.03903653845191002
-0.03741644695401192
-0.02616579644382
0.005769975949078798
0.0151465879753232
0.009270534850656986
-0.008409056812524796
-0.004786347504705191
0.04109380021691322
0.0031823264434933662
0.0058214073069393635
0.005271732807159424
-0.026847263798117638
-0.019556842744350433
0.012234277091920376
-0.0029573135543614626
-0.009039092808961868
0.008331909775733948
0.010453460738062859
-0.03944798931479454
-0.0033655513543635607
-0.00896194577217102
0.012980034574866295
-0.017653876915574074
0.03764788806438446
0.007689015008509159
-0.0074575734324753284
0.013796510174870491
-0.0019785070326179266
-0.005426027346402407
-0.009984147734940052
-0.00558675080537796
0.027027273550629616
0.00860192533582449
0.021999841555953026
-0.004789561964571476
0.010652757249772549
-0.013230763375759125
0.0037094997242093086
0.007753304671496153
-0.020482610911130905
-0.00911624077707529
-0.01519802026450634
0.017833886668086052
-0.009379827417433262
-0.020752625539898872
0.041222378611564636
0.0063646528869867325
0.0017084914725273848
-0.024172823876142502
-0.03924226388335228
-0.005921056028455496
0.02053404226899147
-0.012414287775754929
0.003248223103582859
0.0008112521609291434
-0.020405463874340057
-0.00880765076726675
-0.0008048232411965728
-0.016483807936310768
0.022887034341692924
-0.006628239527344704
-0.04055376723408699
-0.013385058380663395
-0.008396198973059654
-0.01942826434969902
0.020084016025066376
0.023324202746152878
-0.005834265146404505
-0.018463922664523125
0.014465120621025562
-0.001652238192036748
-0.027335863560438156
0.043331071734428406
-0.02628151699900627
-0.01589234545826912
-0.015738051384687424
0.010549894534051418
0.03247901797294617
-0.002001008251681924
0.007335423491895199
-0.0005468619056046009
-0.027027273550629616
-0.008679072372615337
-0.0258700642734766
-0.004439184907823801
-0.018862517550587654
0.018399633467197418
0.010678473860025406
0.023928523063659668
-0.006853252649307251
0.00870478805154562
-0.0009579124161973596
-0.006538234651088715
-0.0015847343020141125
3.777003803406842e-05
0.0027403368148952723
-0.030961787328124046
0.009084095247089863
0.014760851860046387
-0.013320769183337688
0.007264704909175634
-0.014002236537635326
-0.022089846432209015
0.01932540163397789
-0.016548097133636475
-0.016946692019701004
0.008376912213861942
-0.020752625539898872
-0.012092840857803822
0.013307911343872547
-0.017653876915574074
0.012298567220568657
-0.016766682267189026
-0.0057249730452895164
0.03877938166260719
0.02526574395596981
-0.01659952849149704
0.008177614770829678
0.04135095700621605
-0.03384195268154144
0.014657989144325256
0.0017245637718588114
0.014426547102630138
0.022591304033994675
-0.0009731811587698758
-0.023594219237565994
0.003204827895388007
0.02526574395596981
-0.003420197404921055
-0.006117138545960188
0.005072435829788446
0.01883680187165737
-0.02515002340078354
0.027515873312950134
-0.01303789485245943
-0.011771393939852715
0.015120872296392918
-0.028827378526329994
-0.01352649461477995
-0.02022545225918293
0.0006754407659173012
-0.0037962906062602997
0.003317334223538637
0.004284890368580818
0.0029428484849631786
0.02121550962328911
-0.016072355210781097
0.03368765860795975
0.020816916599869728
-0.02666725404560566
0.04369109123945236
0.013359342701733112
0.03692784532904625
0.03291618451476097
0.0017470651073381305
-0.034073393791913986
-0.015352314338088036
0.017075270414352417
-0.008241903968155384
0.030936071649193764
0.006666813511401415
-0.001013362081721425
-0.008222617208957672
0.0162137933075428
0.018271055072546005
-0.010852054692804813
-0.01951826922595501
-0.011906401254236698
0.0040663061663508415
0.01328219473361969
-0.031141797080636024
0.0012849848717451096
-0.01141780149191618
0.016766682267189026
-0.001674739527516067
0.015918061137199402
-0.011790680699050426
-0.018065327778458595
-0.008910514414310455
0.05755189433693886
-0.002060475992038846
0.028621651232242584
0.0063550095073878765
-0.014272252097725868
-0.03070462867617607
-0.009084095247089863
0.0012383750872686505
-0.029315978288650513
0.004828135948628187
0.013320769183337688
-0.015570898540318012
-0.006724673788994551
0.00410166522487998
-0.02525288611650467
0.018541069701313972
-0.02485429123044014
-0.007515433710068464
0.023915665224194527
-0.012099269777536392
-0.002606936264783144
0.03173325955867767
0.004635267425328493
-0.013809368014335632
0.007586152292788029
0.005985345225781202
-0.010890628211200237
-0.0025024658534675837
0.00785616785287857
-0.01419510506093502
0.0038412930443882942
0.0030746418051421642
0.001500354497693479
0.004998502787202597
-0.024224255234003067
-0.03150181844830513
-0.003712714184075594
0.01157209649682045
-0.013667931780219078
-0.026744401082396507
0.013095756061375141
-0.003953799605369568
0.015699477866292
0.0037834325339645147
0.02032831683754921
0.002242093672975898
0.020469753071665764
-0.02797875739634037
-0.00809403881430626
-0.007058979012072086
0.008113325573503971
0.0022662021219730377
0.01708812825381756
0.005371381528675556
-0.03268474340438843
0.028030188754200935
-0.0231441929936409
-0.0206369049847126
-0.017255282029509544
0.010627041570842266
-0.009276963770389557
-0.006104280706495047
-0.021665535867214203
0.01650952361524105
0.004207742866128683
-0.0014505301369354129
0.009939145296812057
-0.026950126513838768
0.0176153015345335
-0.0009490726515650749
-0.013166474178433418
-0.004689913708716631
-0.01972399465739727
0.01679239794611931
-0.01568662002682686
0.014606556855142117
-0.018901091068983078
-0.027824463322758675
0.015159446746110916
-0.012710019014775753
0.01901681162416935
-0.011938545852899551
0.008511919528245926
-0.01599520817399025
-0.012054267339408398
-0.033147625625133514
0.0057153296656906605
-0.004998502787202597
0.008788364008069038
0.004654554184526205
0.004927784204483032
0.0073418524116277695
0.015956634655594826
-0.013757936656475067
-0.008177614770829678
-0.01740957610309124
-0.011257078498601913
-0.0214469525963068
-0.0012311424361541867
-0.006178213749080896
0.039087969809770584
0.016380945220589638
-0.019904006272554398
-0.02094549499452114
2.9909650038462132e-05
-0.038599371910095215
-0.010286307893693447
0.017049554735422134
0.03564205765724182
0.010543465614318848
0.019659705460071564
0.017769597470760345
0.028518788516521454
-0.0077211600728333
0.005949986167252064
-0.01131493877619505
-0.016162361949682236
-0.022809887304902077
-0.010382741689682007
-0.008222617208957672
-0.0033334067557007074
-0.028210200369358063
-0.004702771548181772
0.03471628949046135
-0.006490017287433147
-0.004702771548181772
0.011880685575306416
0.005123867187649012
-0.0028978458140045404
0.0009731811587698758
0.0126778744161129
-0.0021633391734212637
0.012504292652010918
0.0028480214532464743
-0.03733929619193077
0.006236074026674032
0.005021004006266594
-0.020058300346136093
-0.022578446194529533
-0.00945697445422411
0.035256318747997284
-0.024725712835788727
0.02594721131026745
-0.0033334067557007074
-0.016136646270751953
0.012259993702173233
-0.029007388278841972
-0.0026422953233122826
-0.020932637155056
-0.015120872296392918
0.011790680699050426
0.021806972101330757
-0.04243101924657822
-0.0098041370511055
0.008229046128690243
-0.02596006914973259
0.0022565587423741817
0.005940342787653208
-0.0022099490743130445
0.0034812723752111197
0.01022201869636774
-0.01495372038334608
-0.025330033153295517
-0.024828575551509857
-0.033147625625133514
0.024018529802560806
-0.011430659331381321
-0.007849738933146
0.018991095945239067
-0.008184043690562248
0.00871121697127819
0.005255660507827997
0.0020492253825068474
-0.03764788806438446
0.0004488205595407635
0.012459290213882923
-0.019261112436652184
-0.02246272563934326
-0.006666813511401415
-0.0002382726815994829
0.004423112608492374
0.002611757954582572
0.02485429123044014
-0.036079224199056625
0.001841892022639513
0.21621818840503693
-0.011488520540297031
-0.02818448282778263
0.013063611462712288
-0.01618807762861252
0.013121471740305424
0.03240187093615532
0.0012914137914776802
-0.0001501760707469657
0.023799944669008255
0.003029639134183526
-0.015056583099067211
-0.003433055244386196
0.0018627861281856894
0.003558419644832611
0.0022388792131096125
-0.020881205797195435
-0.01384794246405363
0.01994257979094982
0.011694245971739292
0.029830293729901314
0.016676677390933037
-0.01005486585199833
-0.00846048817038536
0.012735734693706036
0.0013765973271802068
0.004117737524211407
-0.0023787086829543114
0.02818448282778263
0.00910338293761015
-0.0019077886827290058
0.0016289332415908575
0.006310007069259882
0.007123268209397793
0.005573892965912819
0.004979216028004885
0.027104420587420464
-0.02536860667169094
0.025330033153295517
-0.012761450372636318
0.012890029698610306
-0.02615293860435486
-0.0023915665224194527
-0.012947889976203442
-0.004275246523320675
0.05703757703304291
-0.002468713792040944
-0.009424829855561256
0.003966657444834709
0.0024060318246483803
-0.03178469091653824
0.031938984990119934
0.03435626998543739
0.014387973584234715
-0.0179110337048769
0.015313740819692612
0.019543984904885292
0.0029814220033586025
0.01944112218916416
0.013487921096384525
-0.004837779328227043
0.027798747643828392
-0.003908797167241573
0.01620093546807766
-0.02728443220257759
0.012954318895936012
-0.013925089500844479
0.0029267759528011084
0.0005561035359278321
0.014760851860046387
0.007586152292788029
-0.020894063636660576
-0.020662620663642883
0.009334824047982693
-0.012620014138519764
-0.015493751503527164
0.014220820739865303
0.007425428368151188
0.0037737891543656588
0.03795647621154785
-0.013295052573084831
-0.013410774059593678
-0.026718685403466225
-0.007804736029356718
-0.0040534483268857
-0.016522381454706192
0.00417559826746583
-0.0018451064825057983
-0.0015236593317240477
-0.009900571778416634
-0.018541069701313972
0.012485005892813206
-0.0016273260116577148
-0.02165267802774906
0.00747043127194047
0.012491434812545776
0.01800103858113289
0.01418224722146988
-0.017589585855603218
0.006400012411177158
-0.03785361349582672
0.022372718900442123
0.012806453742086887
0.005133510567247868
-0.011443517170846462
0.015738051384687424
-0.039499420672655106
-0.016342371702194214
0.00221316353417933
-0.027413010597229004
0.0030167812947183847
-0.012800024822354317
0.007116839289665222
-0.0017695664428174496
-0.03512774035334587
0.04155668243765831
0.017023839056491852
-0.0058117639273405075
0.048962824046611786
0.017036696895956993
0.011134928092360497
-0.0028174840845167637
-0.009071237407624722
0.037982191890478134
-0.008087609894573689
-0.03008745051920414
-0.049451425671577454
0.0018579643219709396
-0.034150540828704834
-0.017332429066300392
0.029315978288650513
-0.015378030017018318
0.04209671542048454
0.00596605846658349
0.014722278341650963
-0.018283912912011147
0.012459290213882923
-0.01931254379451275
0.0025908637326210737
0.007277562748640776
0.028724515810608864
-0.025394322350621223
-0.009836281649768353
0.006448229309171438
-0.006113924086093903
-0.013397916220128536
0.004111308604478836
0.009289821609854698
-0.024892864748835564
-0.015532325021922588
-0.0001294829125981778
-0.040193747729063034
-0.021176936104893684
-0.0066732424311339855
0.0047156293876469135
0.013449347577989101
-0.01539088785648346
-0.0030119596049189568
-0.012189274653792381
-0.0037094997242093086
-0.04880852997303009
0.001883680117316544
0.02102264203131199
-0.013706505298614502
-0.003809148445725441
0.01751243881881237
-0.15943777561187744
0.00671824486926198
0.007373997010290623
-0.004455257207155228
0.006223216187208891
-0.00553853390738368
0.027721600607037544
0.02666725404560566
-0.004979216028004885
-0.006904684007167816
-0.010132012888789177
-0.0027676597237586975
-0.04772846773266792
-0.030370324850082397
0.005901769269257784
0.015030867420136929
-0.012247134931385517
-0.004275246523320675
0.03119322843849659
0.014477978460490704
0.012137843295931816
-0.013629358261823654
-0.022475583478808403
0.0035937789361923933
0.020675478503108025
-0.004606337286531925
-0.031167512759566307
-0.001032648840919137
0.004439184907823801
0.002124765422195196
0.0009338039089925587
-0.0007586152059957385
0.03705642372369766
0.017371002584695816
0.009148385375738144
0.005638182628899813
-0.010832767933607101
-0.0007521862862631679
-0.02104835771024227
0.009534121491014957
-0.004239887464791536
0.025522900745272636
0.0258700642734766
-0.001509997877292335
0.008916943334043026
-0.00829333532601595
0.03723643347620964
-0.006821108050644398
0.024635707959532738
-0.0002617785066831857
0.03916511684656143
-0.015699477866292
0.004866709467023611
0.009926287457346916
0.02857021987438202
0.008614783175289631
0.022707024589180946
0.00955340825021267
0.02325991354882717
-0.006506089586764574
-0.004159525968134403
-0.017345286905765533
0.0004584639682434499
-0.012028551660478115
0.021472668275237083
-0.013140758499503136
-0.015738051384687424
0.030576050281524658
-0.031938984990119934
0.013385058380663395
0.009392685256898403
0.0005243606283329427
0.005445314105600119
0.0002517332904972136
-0.0061396402306854725
0.021498383954167366
-0.015699477866292
0.05477458983659744
-0.015172304585576057
-0.020264025777578354
-0.020598331466317177
0.03831649571657181
-0.009759134612977505
-0.012452861294150352
-0.0034266263246536255
-0.005204229149967432
-0.008119754493236542
-0.0018129617674276233
0.007579723373055458
0.005573892965912819
-0.003452342003583908
-0.03571920469403267
0.007836881093680859
1.831997542467434e-05
0.00455490592867136
0.023414207622408867
0.0018209979170933366
-0.006666813511401415
-0.002606936264783144
0.009990576654672623
0.008814079686999321
0.009945574216544628
-0.00869835913181305
-0.0008831759914755821
0.018142474815249443
0.006107495166361332
0.014220820739865303
0.02949598804116249
0.009180529974400997
0.002147266874089837
-0.028853094205260277
0.009141956456005573
0.0048120636492967606
0.023799944669008255
0.03098750300705433
0.011250649578869343
0.011649243533611298
-0.0023835303727537394
0.015956634655594826
0.00272908597253263
0.05099437013268471
-0.00880765076726675
-0.01418224722146988
0.012620014138519764
0.0016715250676497817
-0.0364135317504406
-0.10219446569681168
-0.036182086914777756
0.03173325955867767
0.026101507246494293
0.019955437630414963
0.03553919494152069
-0.007714731153100729
0.0011242612963542342
-0.019865432754158974
0.02386423386633396
-0.02767016924917698
-0.03520488739013672
-0.006602523848414421
0.020096873864531517
-0.013057182542979717
-0.002880166284739971
-0.005573892965912819
-0.006059278268367052
-0.028313063085079193
0.019595416262745857
0.022925609722733498
0.006737531628459692
-0.0028383780736476183
0.008139041252434254
-0.007753304671496153
0.007483289111405611
-0.03196470066905022
0.008164756931364536
0.03592493012547493
-0.016869544982910156
-0.03160468116402626
-0.004468115046620369
-0.0061492836102843285
-0.024417122825980186
0.00972056109458208
-0.011642814613878727
-0.0069946893490850925
-0.007875454612076283
0.0331733413040638
-0.013513636775314808
0.01611093059182167
0.035256318747997284
0.017139561474323273
-0.03322477638721466
0.002650331472977996
-0.013976520858705044
-0.00971413217484951
0.015352314338088036
0.014027952216565609
-0.03957657143473625
-0.015918061137199402
-0.025728628039360046
-0.05364309623837471
0.013050753623247147
-0.002460677642375231
0.016933834180235863
-0.005377810448408127
0.0017422434175387025
-0.01131493877619505
-0.050660066306591034
-0.0036612828262150288
-0.002111907582730055
-0.017538154497742653
0.023774228990077972
0.006885397247970104
-0.014207962900400162
-0.040913790464401245
-0.020302601158618927
-0.0016859901370480657
0.006859681569039822
0.010807052254676819
0.0014473156770691276
0.0071296971291303635
-0.007399712689220905
-0.029264546930789948
0.002491215243935585
-0.028235916048288345
-0.019492553547024727
0.012877171859145164
0.0007509808638133109
0.009669129736721516
-0.0066925291903316975
-9.688617137726396e-05
-0.002778910333290696
0.01629094034433365
0.012485005892813206
0.013160045258700848
-0.017268139868974686
0.010858483612537384
-0.014387973584234715
-0.007438286207616329
0.022899892181158066
-0.006316435988992453
-0.005737831350415945
0.019299685955047607
-0.00996486097574234
0.012491434812545776
-0.00769544392824173
-0.0014215998817235231
0.006445014849305153
-0.034459132701158524
0.0006826733006164432
-0.057397596538066864
0.011854969896376133
0.01404081005603075
0.0038348641246557236
0.0011130106868222356
-0.01428510993719101
0.034381985664367676
0.005638182628899813
0.03353336453437805
0.008653356693685055
-0.001325165736488998
0.002181018702685833
-0.009392685256898403
-0.013706505298614502
-0.012395001016557217
-0.029470272362232208
0.032144710421562195
-0.008781935088336468
0.006496446207165718
0.013565068133175373
-0.000860674655996263
0.007824023254215717
0.01519802026450634
0.03384195268154144
0.0014320468762889504
0.006833965890109539
0.005117438267916441
-0.0285959355533123
-0.004873138386756182
0.008595496416091919
0.03039604052901268
-0.005075650289654732
-0.01708812825381756
0.02104835771024227
-0.0061396402306854725
-0.024738570675253868
0.006036777049303055
0.044231124222278595
0.013256479054689407
0.05904340744018555
-0.02959885075688362
-0.021485526114702225
0.029058819636702538
-0.005435670726001263
-0.030036019161343575
-0.008389770053327084
0.010009863413870335
0.005271732807159424
0.0004982430255040526
0.0036355669144541025
0.0037705746944993734
0.022707024589180946
-0.006403226871043444
-0.007155412808060646
-0.015005151741206646
-0.002001008251681924
0.01182925421744585
0.014169389382004738
-0.007103981450200081
-0.005769975949078798
0.021189793944358826
-0.004416683688759804
5.2034254622412845e-05
0.00465776864439249
0.007258275989443064
-0.002783732023090124
-0.00498243048787117
-0.02032831683754921
-0.009534121491014957
-0.014156531542539597
0.007804736029356718
0.008563350886106491
0.008537635207176208
0.00911624077707529
0.011514236219227314
-0.027155853807926178
-0.0072261313907802105
-0.024918580427765846
-0.0016168790170922875
0.03381623700261116
0.009489119052886963
0.0065575214102864265
-0.03703070804476738
0.015635188668966293
0.018579643219709396
0.01469656266272068
0.011649243533611298
-0.006409655790776014
-0.013217905536293983
0.0077211600728333
-0.009077666327357292
0.0206369049847126
0.01277430821210146
-0.0034362697042524815
-0.010003434494137764
0.0201225895434618
0.016573812812566757
-0.016882402822375298
0.0184253491461277
0.02406996116042137
0.020071158185601234
-0.002761230804026127
0.016149504110217094
-0.016869544982910156
-0.006232859566807747
0.02738729491829872
-0.03823934867978096
-0.042122431099414825
-0.019775427877902985
0.012465719133615494
0.008749790489673615
-0.008068323135375977
0.01721670851111412
0.0020106518641114235
-0.02153695747256279
0.02152409963309765
0.013423631899058819
-0.01419510506093502
-0.01629094034433365
0.011269936338067055
-0.018489638343453407
0.028750231489539146
0.015120872296392918
-0.012002835981547832
0.022115562111139297
-0.014606556855142117
0.029367409646511078
-0.006438585929572582
0.00515922624617815
0.015236593782901764
-0.0034459130838513374
0.0039602285251021385
-0.00460312282666564
-0.008736932650208473
-0.015133730135858059
-0.017435291782021523
0.027798747643828392
-0.005043505225330591
-0.02857021987438202
0.06999832391738892
0.009907000698149204
-0.024918580427765846
0.016432376578450203
-0.015275167301297188
0.00014846838894300163
-0.0010607754811644554
0.0021874476224184036
-0.009823423810303211
-0.008756219409406185
-0.002110300352796912
-0.0071104103699326515
0.015519467182457447
-0.019158247858285904
0.004088807385414839
-0.003966657444834709
0.0009482690365985036
0.03546204790472984
-0.008524777367711067
-0.0012078376021236181
0.03975658118724823
-0.006274648010730743
-0.00870478805154562
0.0173967182636261
-0.016663819551467896
-0.0017100987024605274
0.04099093750119209
0.011032065376639366
0.012748592533171177
-0.019749710336327553
-0.0035423473455011845
0.0021504813339561224
-0.03564205765724182
-0.021074073389172554
-0.01771816611289978
-0.034381985664367676
0.0050467196851968765
-0.030216028913855553
-0.00810046773403883
0.006107495166361332
-0.01157852541655302
0.019196821376681328
-0.026538673788309097
-0.046648405492305756
-0.028621651232242584
0.0032835823949426413
-0.005345665849745274
0.009939145296812057
-0.01539088785648346
