-0.0037528949324041605
0.003920935094356537
0.008916008286178112
-0.025252139195799828
-0.03600670397281647
0.015051119029521942
-0.016830366104841232
-0.014089006930589676
-0.01573645882308483
-0.057094085961580276
2.7414625947130844e-05
0.022154930979013443
-0.026543742045760155
0.005387166980654001
0.0075123799033463
0.008105462417006493
0.03047126717865467
0.0007590634049847722
-0.0012578293681144714
0.0059308260679244995
0.008566749282181263
0.013654080219566822
0.0025568450801074505
-0.005433295853435993
-0.020467940717935562
0.018860027194023132
0.01371997781097889
-0.03350257873535156
-0.02759811095893383
0.004471183754503727
0.009377295151352882
-0.021100562065839767
-0.018860027194023132
-0.006978605408221483
-0.011334467679262161
-0.007756202481687069
0.012606300413608551
0.004345977678894997
0.012263630516827106
0.000593494507484138
0.017634322866797447
-0.005907761864364147
0.01033281721174717
-0.0021631040144711733
0.005403641611337662
0.02523896098136902
-0.01058981940150261
-0.01172326598316431
-0.01261948049068451
0.022708473727107048
0.004026371985673904
0.008685365319252014
-0.0035815599840134382
-0.011683727614581585
-0.013258691877126694
-0.016896264627575874
-0.007360814139246941
0.0008995086536742747
0.005265255458652973
-0.039986949414014816
-0.003283371217548847
-0.0197430606931448
-0.02981228567659855
0.004932470619678497
0.0016540414653718472
-0.01726529374718666
-0.00522901164367795
0.012402016669511795
-0.025779323652386665
-0.015631021931767464
0.031182965263724327
0.05461632087826729
-0.008784212172031403
-0.016461336985230446
0.007123581133782864
-0.02074471116065979
0.01202639751136303
-0.009423423558473587
-0.0032784289214760065
0.021720003336668015
0.016659032553434372
0.011690317653119564
-0.03682383894920349
0.022827090695500374
0.005822094157338142
0.018556896597146988
-0.0119011914357543
0.02862612158060074
0.005347628146409988
0.010168071836233139
-0.006576627027243376
0.017225755378603935
0.01074797473847866
0.00522901164367795
0.00011871948663610965
0.0071828896179795265
0.008968726731836796
0.024830391630530357
-0.023828741163015366
-0.024395465850830078
0.0006247960845939815
-0.002812199993059039
-0.012836943380534649
0.004286669194698334
-0.04378267750144005
0.008975316770374775
-0.001594733214005828
-0.011920960620045662
0.02074471116065979
-0.04032961651682854
0.011551931500434875
0.04436257854104042
-5.529259942704812e-05
0.010721615515649319
0.009759504348039627
-0.0038649216294288635
0.036270298063755035
-0.006504139397293329
-0.01528835203498602
-0.0024431708734482527
0.022734833881258965
-0.011986859142780304
0.016830366104841232
-0.015301531180739403
0.029311461374163628
0.013146664947271347
-0.027150005102157593
-0.02065245434641838
-0.018517356365919113
-0.03031311184167862
-0.013383897952735424
-0.0004386340151540935
-0.007413532584905624
0.005779260769486427
0.004820443689823151
-0.0026705192867666483
-0.006761142052710056
0.04196389019489288
-0.016527235507965088
-0.02674143575131893
0.00838223472237587
0.02023070678114891
-0.005031317472457886
-0.02852068468928337
0.011406955309212208
0.003924230113625526
0.01172326598316431
0.011795754544436932
0.0198221392929554
-0.009238908998668194
0.01878095045685768
-0.024672236293554306
0.009673836641013622
0.014787526801228523
0.0030494332313537598
-0.0064514209516346455
-0.01045143324881792
0.019242236390709877
-0.01456347294151783
-0.007532149087637663
-0.00465899333357811
-0.007321275305002928
-0.009133472107350826
0.018240585923194885
0.015710098668932915
0.013113715685904026
-0.015182915143668652
-0.00036841139080934227
0.007169710006564856
0.007466251030564308
0.01668539084494114
0.02193087711930275
-0.02057337760925293
0.018438279628753662
-0.012461325153708458
0.026385586708784103
-0.010965438559651375
0.01473480835556984
0.006309740245342255
-0.023262018337845802
-0.03099845163524151
-0.0033657439053058624
0.002415164140984416
-0.012751276604831219
-0.02107420191168785
0.00817795004695654
0.0014950624899938703
-0.0028023154009133577
0.010444844141602516
-0.013930851593613625
0.022813910618424416
-0.00635257363319397
-0.013812235556542873
-0.011064285412430763
-0.6246082782745361
-0.004438234958797693
0.011710086837410927
-0.023064324632287025
0.02174636349081993
0.008184540085494518
0.03405612334609032
0.024250488728284836
0.00021890514472033828
-0.029100587591528893
-0.011459673754870892
0.02541029453277588
-0.019281774759292603
-0.003907755482941866
-0.029153306037187576
-0.030181314796209335
-0.015551944263279438
-0.009845171123743057
0.02741359733045101
-0.007294916082173586
-0.030708499252796173
0.017304832115769386
0.0033772760070860386
0.016738109290599823
-0.00994401890784502
-0.011459673754870892
0.016290003433823586
-0.011209261603653431
0.004375631920993328
0.018174687400460243
-0.02310386300086975
0.0479210764169693
0.0073739937506616116
0.01460301224142313
0.0443362221121788
0.005074151325970888
-0.021785901859402657
0.012553581967949867
0.015261992812156677
0.027967140078544617
-0.0032784289214760065
-0.022550318390130997
0.02336745522916317
-0.01528835203498602
0.001878094975836575
0.015591482631862164
0.02353879064321518
-0.02625378966331482
-0.005756196100264788
0.0016738109989091754
-0.0076244063675403595
0.00353543134406209
0.01134105771780014
0.03624393790960312
0.011387186124920845
-0.0008509088074788451
0.0014654082478955388
0.005163113586604595
-0.020217526704072952
0.025858402252197266
0.007051093503832817
0.008724904619157314
0.0012289989972487092
-0.012902841903269291
-0.010023096576333046
0.018490998074412346
-0.016131848096847534
-0.04655039682984352
0.0338716059923172
-0.0198221392929554
0.008151590824127197
0.02894243225455284
0.019321313127875328
-0.00451072258874774
0.008230668492615223
0.010220790281891823
0.024250488728284836
0.000133134686620906
0.009364116005599499
0.015301531180739403
0.003232300281524658
-0.027229081839323044
-0.026820514351129532
0.017383910715579987
0.0034036352299153805
-0.030919373035430908
0.0025815567933022976
-0.004082385450601578
0.01469526905566454
0.015986870974302292
0.0018813898786902428
0.012461325153708458
-0.001513184397481382
-0.028178013861179352
-0.00440199114382267
0.013561822474002838
-0.028309810906648636
0.008191130124032497
0.0017347666434943676
-0.03363437578082085
-0.017318012192845345
-0.02886335365474224
0.0018995117861777544
0.01092590019106865
0.017924275249242783
0.006448125932365656
-0.0002041810512309894
-0.003561790566891432
0.010181251913309097
-0.012052756734192371
0.009383885189890862
-0.014932502061128616
-0.015314711257815361
-0.00255190278403461
-0.009126882068812847
-0.03031311184167862
0.013403667137026787
0.0041351038962602615
-0.008659006096422672
0.002827027114108205
0.0016680448316037655
-0.0025601398665457964
0.019584905356168747
-0.0075123799033463
-0.019149979576468468
0.024619517847895622
-0.027360878884792328
0.01400992926210165
0.0037133560981601477
-0.028230732306838036
-0.017001701518893242
-0.007993435487151146
0.004761135671287775
-0.00508074089884758
0.028046218678355217
0.012797405011951923
0.0060659172013401985
-0.012731506489217281
0.0073739937506616116
-0.011677137576043606
-0.018675513565540314
0.009100522845983505
0.010009916499257088
-0.001718292129226029
-0.03716650977730751
-0.024487722665071487
-0.0241186935454607
0.005960480310022831
-0.024579979479312897
0.00889623910188675
-0.040408696979284286
-0.003532136557623744
-0.017489347606897354
0.014233983121812344
-0.012896251864731312
-0.0030164842028170824
-0.0040329620242118835
-0.01651405543088913
-0.03893258050084114
-0.017291653901338577
0.025252139195799828
0.016369080170989037
-0.04902816191315651
-0.014787526801228523
-0.028467966243624687
9.2797863544547e-06
-0.005166408605873585
0.029311461374163628
-0.004342682659626007
-0.041094034910202026
0.01668539084494114
0.00964747741818428
-0.007578277960419655
0.011624419130384922
0.01692262478172779
0.004563441034406424
-0.005614515393972397
-0.008573338389396667
-0.026346048340201378
-0.02199677564203739
0.025357576087117195
0.017911095172166824
-0.04156850278377533
-0.0040131923742592335
0.004263604991137981
0.020428400486707687
0.016738109290599823
0.004899521358311176
-0.00776938209310174
0.01485342439264059
-0.008441542275249958
0.01677764765918255
-0.0019868267700076103
0.029074227437376976
0.014352599158883095
-0.004649108741432428
0.007354224566370249
-0.013812235556542873
-0.010042865760624409
0.010912720113992691
0.011802343651652336
-0.016395440325140953
0.03242184966802597
-0.004606274887919426
0.02505444549024105
0.017423449084162712
0.008039564825594425
-0.018833668902516365
0.031130246818065643
0.027123644948005676
0.019374031573534012
-0.01176939532160759
-0.029838645830750465
-0.013522284105420113
0.004201001953333616
0.029021508991718292
0.00454696686938405
-0.0016210924368351698
0.008533800020813942
-0.004682058002799749
-0.003482712898403406
0.013060997240245342
0.018504178151488304
-0.0013525579124689102
-0.0006322095869109035
0.02667553909122944
-0.013957210816442966
-0.009028035216033459
0.007281736470758915
-0.023565148934721947
0.006543678231537342
0.009219139814376831
-0.005891287233680487
0.027835344895720482
0.034925974905490875
0.027835344895720482
0.040514133870601654
-0.0011680432362481952
0.038141801953315735
-0.005037907510995865
0.024329567328095436
0.04375631734728813
0.0024234014563262463
-0.01887320727109909
0.009990147314965725
0.002950585912913084
0.023644227534532547
-0.008948957547545433
-0.020191168412566185
-0.005350923165678978
-0.008296567015349865
-0.012046166695654392
-0.016632672399282455
0.0008476139046251774
0.023420173674821854
-0.008988496847450733
0.016461336985230446
-0.003235595067963004
-0.007545328699052334
0.016382260248064995
0.015433327294886112
0.02639876678586006
0.00010831995314219967
0.020467940717935562
0.011486032977700233
0.008751263841986656
0.008500850759446621
0.005614515393972397
-0.021733183413743973
-0.011696906760334969
0.009574989788234234
-0.01232293900102377
-0.01837238110601902
0.0010963791282847524
0.0032817237079143524
-0.012230681255459785
-0.0074003529734909534
0.00451072258874774
0.017726579681038857
0.0041153342463076115
-0.032817237079143524
-0.033212628215551376
0.029232382774353027
0.02962777204811573
-0.007406943012028933
-0.0032257104758173227
-0.0074333022348582745
-0.006425061728805304
-0.010649127885699272
0.01485342439264059
0.0024942418094724417
-0.0024744723923504353
0.0009168068645521998
0.010003326460719109
-0.0124876843765378
-0.020599735900759697
0.019413571804761887
0.00412521930411458
0.020257066935300827
0.014945682138204575
-0.0065272036008536816
-0.004481068812310696
-0.0032257104758173227
0.0007726548356004059
0.02090286649763584
0.02160138636827469
-0.04125219210982323
-0.0025304858572781086
0.0014093948993831873
-0.030075877904891968
-0.001238059950992465
-0.03294903412461281
-0.005304794758558273
0.02912694588303566
-0.017673861235380173
0.007571687921881676
0.013047817163169384
-0.030418548732995987
0.021983595564961433
0.008533800020813942
-0.009159831330180168
-0.008059334009885788
-0.0007887175306677818
-0.00039477061363868415
0.02361786738038063
0.002637570258229971
-0.004731481429189444
0.034319713711738586
-0.0021449821069836617
-0.027044568210840225
-0.006616165861487389
-0.020349323749542236
-0.0004163934208918363
0.013548643328249454
-0.00325042218901217
0.018728232011198997
0.008922598324716091
-0.017080780118703842
0.0064514209516346455
0.006747962441295385
0.008276797831058502
-0.006128520239144564
-0.004072500858455896
0.007749612908810377
0.005410231649875641
0.01710713841021061
0.012217502109706402
0.019347673282027245
0.03192102536559105
0.0028039629105478525
0.049476269632577896
0.038062725216150284
0.01232293900102377
-0.01759478449821472
-0.001156511134468019
0.01607912965118885
0.03679748252034187
0.005874812602996826
-0.014721628278493881
-0.03329170495271683
0.014444856904447079
0.011360826902091503
-0.00439869612455368
0.01349592488259077
0.024527261033654213
0.019519008696079254
0.006069212220609188
-0.0031449852976948023
0.005031317472457886
-0.024487722665071487
0.016382260248064995
0.03258000686764717
-0.01020102109760046
-0.00261285831220448
0.003285018727183342
0.014945682138204575
0.029838645830750465
0.0162372849881649
-0.0057265423238277435
0.007630996406078339
0.007947307080030441
0.010998387821018696
-0.008916008286178112
-0.026860052719712257
0.0004242188297212124
-0.0037166511174291372
0.013449795544147491
-0.0005111218779347837
-0.009733145125210285
-0.0076573556289076805
0.001878094975836575
-0.016738109290599823
-0.04090952128171921
0.009825401939451694
0.013410257175564766
-0.060309913009405136
-0.02049429900944233
-0.018675513565540314
0.00495223980396986
0.0157628171145916
0.01447121612727642
-0.0048599825240671635
0.0047578406520187855
0.00811864249408245
0.010128533467650414
-0.011064285412430763
0.01002968568354845
-0.021021483466029167
-0.007578277960419655
0.01033281721174717
0.0016540414653718472
-0.007314685732126236
0.004444824531674385
0.01032622717320919
-0.015565123409032822
0.003943999297916889
0.01905772089958191
0.008243848569691181
-0.030418548732995987
0.03176286816596985
0.0037232409231364727
0.00012201438948977739
0.004392106086015701
0.0009423423907719553
0.016224104911088943
-0.015512404963374138
-0.01955854706466198
-0.000789953104685992
0.009726555086672306
0.011782574467360973
0.0027940780855715275
-0.010062634944915771
-0.009884710423648357
-0.002553550060838461
-0.006039557978510857
-0.0090543944388628
0.00537728238850832
-0.0380890853703022
0.015459686517715454
-0.021100562065839767
0.0008871527388691902
0.0399605892598629
-0.013904492370784283
-0.0005259489407762885
-0.02244488149881363
-0.007446481846272945
0.009258678182959557
-0.006566742435097694
-0.00721583841368556
0.01635590009391308
-0.0010370708769187331
-0.001864915364421904
-0.02667553909122944
0.0014975336380302906
0.003841857425868511
0.03648117184638977
-0.00935752596706152
-0.04852733761072159
-0.0209160465747118
-0.01075456477701664
0.003060965333133936
0.0065403832122683525
0.008296567015349865
-0.004016487393528223
-0.0004489306011237204
0.021891338750720024
0.0028797455597668886
0.0026342752389609814
0.01511701662093401
-0.025766145437955856
-0.014115366153419018
0.011149953119456768
-0.010813873261213303
0.03468874469399452
-0.019505828619003296
0.0053673977963626385
0.015973692759871483
0.008593108505010605
-0.027888063341379166
-0.029944082722067833
-0.014102187007665634
-0.006036262959241867
0.019914396107196808
0.0010123590473085642
0.02015163004398346
0.00734763452783227
0.0110445162281394
0.0009901184821501374
-0.010253739543259144
0.004701827187091112
0.0015263640088960528
-0.011808933690190315
-0.032395489513874054
0.015617841854691505
-0.0021186228841543198
-0.006375638302415609
-0.007795741315931082
-0.019176337867975235
-0.008691955357789993
0.011947319842875004
-0.004484363365918398
-0.027492674067616463
-0.018411919474601746
-0.019677164033055305
-0.01163759920746088
-0.011940729804337025
-0.011037926189601421
0.01971670240163803
-0.008810571394860744
-0.007321275305002928
0.03816816210746765
-0.009851761162281036
-0.011196081526577473
0.01793745346367359
0.03716650977730751
-0.019281774759292603
0.0357431136071682
0.009864941239356995
0.024171411991119385
0.005196062847971916
-0.008606287650763988
-0.024606339633464813
-0.005387166980654001
0.009377295151352882
-0.005878107622265816
-0.005960480310022831
-0.018398741260170937
0.012309758923947811
-0.0016037942841649055
0.01469526905566454
0.005008253268897533
0.0037924337666481733
0.01895228400826454
-0.03223733603954315
-0.00451072258874774
-0.01710713841021061
-0.02355196885764599
-0.020863328129053116
0.033476218581199646
-0.0049818940460681915
0.0007240550476126373
0.017568424344062805
-0.006780911237001419
0.007453071419149637
0.02455362118780613
-0.0005836097989231348
0.040672287344932556
0.0071499403566122055
0.05140049383044243
0.0335552953183651
-0.020257066935300827
-0.05045156180858612
-0.0052487812936306
-0.006866578944027424
-0.01651405543088913
0.025028087198734283
-0.011756215244531631
-0.00821748934686184
-0.01601323112845421
0.031868305057287216
0.02386828139424324
-0.0012100533349439502
-0.021482771262526512
-0.0006194418529048562
0.007841870188713074
0.023235658183693886
-0.02065245434641838
0.003617804031819105
-0.014392138458788395
0.030181314796209335
0.006464600563049316
-0.002242181682959199
-0.024408644065260887
-0.018253764137625694
-0.008981906808912754
0.04019782319664955
-0.005403641611337662
0.03142019733786583
0.00408897502347827
-0.01088636089116335
-0.030603062361478806
-0.017383910715579987
0.0037924337666481733
-0.008369054645299911
0.014932502061128616
0.0161582063883543
-0.005423411261290312
0.002840206725522876
-0.0031301581766456366
-0.02936417981982231
0.005051087122410536
-0.037535540759563446
0.008981906808912754
0.024435004219412804
-0.0019769419450312853
-0.006490959785878658
0.006062622182071209
0.025594810023903847
0.00030107179190963507
0.0181878674775362
-0.0159209743142128
0.001991769066080451
0.03489961847662926
0.010108763352036476
-0.0025815567933022976
0.002960470737889409
-0.037930928170681
-0.025344397872686386
-0.0035782651975750923
-0.006715013179928064
-0.020388862118124962
0.011756215244531631
0.01358818169683218
-0.022563498467206955
-0.011565110646188259
0.006309740245342255
-0.032632723450660706
0.03700835630297661
0.03207917883992195
-0.00889623910188675
-0.010154892690479755
0.01854371652007103
-0.0362175777554512
-0.017067600041627884
0.027703547850251198
0.01045143324881792
-0.007617816794663668
0.024435004219412804
0.0033410321921110153
-0.01443167682737112
0.01387813314795494
-0.009561809711158276
-0.019795779138803482
-0.026227431371808052
-0.0013962152879685163
0.0006696891505271196
-0.014154905453324318
-0.004896226339042187
-0.015420148149132729
0.00567052885890007
0.0018846847815439105
-0.0024695300962775946
-0.0005663115298375487
0.00833610538393259
-0.007538739126175642
-0.021192818880081177
0.017133498564362526
-0.026201071217656136
0.023604687303304672
-0.033318065106868744
0.005380577407777309
-0.010121943429112434
-0.03081393614411354
-0.01565738022327423
0.00031795818358659744
0.025687066838145256
-0.015209274366497993
0.0013566764537245035
-0.00048558638081885874
-0.008738083764910698
-0.0228666290640831
0.00040877395076677203
-0.003950589336454868
0.0069588362239301205
0.005864928010851145
0.0036639326717704535
-0.016474517062306404
0.016830366104841232
-0.01996711455285549
-0.004691942594945431
-0.014102187007665634
-0.014879783615469933
-0.011261980049312115
0.01016148179769516
-0.011143363080918789
0.03487325832247734
0.021614566445350647
-0.01828012429177761
-0.027360878884792328
-0.006072507239878178
-0.044995199888944626
-0.008817161433398724
-0.01878095045685768
0.02336745522916317
-0.005719952285289764
0.0013673849171027541
0.006355868652462959
0.048632774502038956
9.163950016954914e-05
0.014510754495859146
-0.007004964631050825
-0.011808933690190315
-0.027202723547816277
0.007808920927345753
-0.0006746315048076212
-0.023762842640280724
-0.05187495797872543
-0.031288404017686844
0.026728257536888123
-0.01091931015253067
0.019097261130809784
0.0150247598066926
-0.01990121603012085
-0.010556870140135288
0.0010411895345896482
0.007288326509296894
0.020955584943294525
0.009785863570868969
-0.015802357345819473
-0.036718402057886124
-0.015683740377426147
0.015551944263279438
-0.004362452309578657
-0.024065975099802017
0.009825401939451694
0.04647131636738777
-0.016065949574112892
0.0362175777554512
-0.013469565659761429
-0.006270201411098242
0.011657368391752243
-0.02617471292614937
0.0034299944527447224
0.008876469917595387
-0.014062647707760334
0.012349298223853111
0.016632672399282455
-0.02438228577375412
-0.005663938820362091
-0.01277763582766056
-0.013080766424536705
0.026767795905470848
0.016290003433823586
-0.007874819450080395
0.024342747405171394
-0.005443180445581675
-0.006991785019636154
-0.028257092460989952
-0.015341070480644703
-0.0324745699763298
-0.0189654640853405
-0.03123568370938301
0.011453084647655487
0.03642845153808594
-0.006118635646998882
0.00649754935875535
0.012803995050489902
-0.0008224902558140457
-0.0228666290640831
0.005149933975189924
0.012975329533219337
-0.027281800284981728
-0.002827027114108205
0.002528838347643614
-0.010721615515649319
0.01146626379340887
0.0159209743142128
0.01675128936767578
-0.02556844986975193
0.02100830338895321
0.20602372288703918
-0.009937428869307041
0.006787501275539398
0.029179664328694344
-0.016698570922017097
0.015499225817620754
0.035611316561698914
0.005196062847971916
0.012817174196243286
0.011400366201996803
-0.00048599825822748244
-0.015934152528643608
-0.01248109433799982
0.007064273115247488
0.0018467933405190706
0.0016194450436159968
-0.029838645830750465
0.009878120385110378
0.019532186910510063
0.016276823356747627
0.04257015138864517
-0.010168071836233139
-0.006019788794219494
3.879233918269165e-05
0.02405279502272606
0.006177944131195545
0.010721615515649319
0.0021350975148379803
0.0320001021027565
0.012454735115170479
-0.011413545347750187
0.014668909832835197
-0.020257066935300827
0.01762114278972149
8.855052874423563e-05
0.011525572277605534
0.006787501275539398
-0.0008706782246008515
0.00834269542247057
0.03147291764616966
0.014194443821907043
-0.03819452226161957
0.018570076674222946
-0.011657368391752243
-0.004263604991137981
0.0377727746963501
-0.006263611372560263
0.0020823790691792965
0.023973718285560608
0.008751263841986656
-0.017410269007086754
0.00990447960793972
0.0110840555280447
0.01702806167304516
-0.01228339970111847
0.011196081526577473
0.007947307080030441
-0.016527235507965088
0.029258742928504944
-0.007024734281003475
-0.006013198755681515
0.03650752827525139
-0.0015922620659694076
0.01150580309331417
-0.04048777371644974
0.035005055367946625
-0.0340297631919384
0.0022833680268377066
-0.006454715970903635
0.012210912071168423
0.013113715685904026
-0.0014802353689447045
-0.01971670240163803
0.002896220190450549
-0.03310719132423401
-0.025700246915221214
0.024092333391308784
-0.008428363129496574
0.04006602615118027
0.01828012429177761
-0.0034991875290870667
0.01573645882308483
-0.03721923008561134
-0.0015675503527745605
0.006161469500511885
-0.028652479872107506
0.023341095075011253
0.0013113715685904026
-0.0021762836258858442
-0.02125871740281582
-0.009232318960130215
0.02150912955403328
0.005077446345239878
-0.019795779138803482
0.0007170533644966781
-0.004082385450601578
-0.002510716440156102
0.007927537895739079
-0.039327967911958694
0.00465899333357811
0.00013993043103255332
0.016804007813334465
0.014958861283957958
-0.008573338389396667
-0.00467876298353076
0.0299704410135746
-0.019953934475779533
0.015723278746008873
-0.012237271293997765
-0.02157502807676792
0.008415183052420616
-0.030866654589772224
0.006932477001100779
-0.020797429606318474
-0.028731558471918106
0.02202313393354416
0.024145051836967468
-0.021126920357346535
0.03310719132423401
0.016395440325140953
0.004247130360454321
0.0035815599840134382
-0.008962137624621391
0.022313086315989494
-0.020968765020370483
-0.040276899933815
-0.05393097922205925
0.02759811095893383
-0.01617138646543026
-0.019611265510320663
0.0014629370998591185
-0.014537113718688488
0.03065578080713749
0.026214251294732094
0.004774315282702446
-0.00233938149176538
0.003706766292452812
-0.012645839713513851
-0.002052724827080965
0.014286701567471027
0.04375631734728813
-0.020085731521248817
0.015064298175275326
0.015301531180739403
0.008474491536617279
-0.012665608897805214
-0.003561790566891432
0.01726529374718666
-0.016395440325140953
-0.0037891389802098274
0.00033278524642810225
-0.020599735900759697
-0.0015840248670428991
-0.012856713496148586
0.004540376830846071
0.023064324632287025
-0.009752914309501648
0.001441520289517939
0.013825414702296257
-0.003729830728843808
-0.012336118146777153
-0.016316361725330353
0.012402016669511795
-0.008388823829591274
-0.011545341461896896
0.020850148051977158
-0.16543051600456238
-0.007037913892418146
0.008303157053887844
-0.022919347509741783
-0.011261980049312115
-0.010240559466183186
0.020520659163594246
0.025463012978434563
-0.0009102170588448644
-0.020046193152666092
0.008968726731836796
0.0209160465747118
-0.02117963880300522
-0.02844160608947277
0.011031337082386017
-0.006866578944027424
-0.03706107288599014
0.027703547850251198
0.020375682041049004
0.00437892647460103
-0.004151578526943922
-0.015341070480644703
-0.026148352771997452
-0.012586531229317188
0.019426750019192696
-0.024079155176877975
-0.025120344012975693
0.026280149817466736
-0.013416847214102745
-0.016711750999093056
-0.0014028050936758518
0.006023083347827196
0.05408913642168045
-0.004243835806846619
0.009634297341108322
-0.022075852379202843
-0.004174642730504274
-0.00184185104444623
-0.02108738198876381
0.027650829404592514
0.0007471193675883114
-0.002983535174280405
0.011268570087850094
0.022813910618424416
0.016184566542506218
-0.012145014479756355
0.011518982239067554
0.012375657446682453
0.018398741260170937
-0.02928510122001171
0.02496218867599964
-0.025950659066438675
-0.015393788926303387
0.008520619943737984
0.021706823259592056
0.014510754495859146
0.009667246602475643
-0.0011853415053337812
0.0268468726426363
-0.020955584943294525
-0.01286989264190197
-0.029759567230939865
-0.015551944263279438
-0.00821089930832386
0.021482771262526512
-0.020942406728863716
-0.013970390893518925
0.020876508206129074
-0.01719939522445202
-0.003881396260112524
0.011090644635260105
-0.013509104028344154
0.01553876418620348
-0.010477792471647263
0.014207623898983002
0.018266944214701653
-0.027466315776109695
0.024487722665071487
-0.008784212172031403
3.047785685339477e-05
-0.016474517062306404
0.06199690327048302
-0.016830366104841232
-0.009304807521402836
0.0001416808518115431
-0.01667221076786518
-0.011327877640724182
0.0006165588274598122
-0.0052323066629469395
0.018925925716757774
0.026280149817466736
-0.042622871696949005
0.005472834687680006
-0.004767725244164467
0.015986870974302292
0.007472841069102287
0.007604637183248997
0.01219114288687706
0.016448158770799637
-0.008032974787056446
0.010556870140135288
0.012955560348927975
-0.0002660634636413306
0.012257040478289127
0.009957198053598404
-0.002835264429450035
0.011881421320140362
0.016830366104841232
0.0071367607451975346
-0.0030395484063774347
-0.02048111893236637
-0.006629345938563347
0.006342689041048288
0.00440199114382267
0.0052191270515322685
0.0003490538219921291
-0.015011579729616642
-0.023143401369452477
0.028072576969861984
-0.030523985624313354
0.0360594242811203
-0.019255416467785835
0.005403641611337662
0.004151578526943922
-0.016290003433823586
-0.02828345075249672
-0.1088108941912651
-0.04164757952094078
0.03350257873535156
0.02219446934759617
-0.014062647707760334
0.00011974914377788082
0.002079084049910307
0.01635590009391308
-0.005169703625142574
0.015341070480644703
-0.028810635209083557
-0.02471177652478218
-0.009080753661692142
0.012718327343463898
0.011822113767266273
-0.00736740417778492
-0.02175954170525074
-0.007571687921881676
-0.008652416057884693
0.0149852205067873
-0.0013031342532485723
0.006365753244608641
-0.009878120385110378
-0.005308089312165976
-0.004260309971868992
0.005327858962118626
-0.03313354775309563
0.019874857738614082
0.0323164127767086
-0.009950608015060425
-0.011874832212924957
-0.033660732209682465
-0.00804615393280983
-0.017634322866797447
-0.015130196698009968
-0.00867218617349863
-0.028547042980790138
-0.0029324640054255724
-0.005041202064603567
-0.013812235556542873
-0.004780904855579138
0.02513352409005165
0.019163157790899277
-0.01821422576904297
0.009146652184426785
-0.015644202008843422
-0.00893577840179205
0.03421427682042122
0.00451072258874774
-0.02631968818604946
-0.018438279628753662
-0.04241199791431427
-0.04159485921263695
0.012764455750584602
-0.003120273584499955
0.01795063354074955
0.005462950095534325
-0.003594739595428109
-0.00319440895691514
-0.038141801953315735
0.010833642445504665
0.016316361725330353
-0.018227405846118927
0.019532186910510063
0.003917640075087547
0.004668878391385078
-0.027466315776109695
-0.031973741948604584
0.007749612908810377
-0.010286688804626465
-0.01387813314795494
0.01574963890016079
0.0045766206458210945
0.0015889671631157398
-0.0217727217823267
-0.005495898891240358
-0.02775626629590988
-0.005314679350703955
0.013733157888054848
-0.008415183052420616
-0.00851403083652258
-0.016448158770799637
-0.005937416106462479
-0.021983595564961433
0.035347722470760345
0.017713401466608047
0.01116972230374813
-0.012230681255459785
0.015327890403568745
-0.014550293795764446
0.007690304424613714
0.02082378976047039
0.019439930096268654
0.003095561871305108
0.0043855165131390095
-0.005532142706215382
-0.0008789154817350209
0.0009431660873815417
0.010405304841697216
0.001929165911860764
-0.040935881435871124
0.00550578348338604
-0.06199690327048302
0.013601361773908138
0.03115660697221756
-0.0030790872406214476
-0.005920941475778818
-0.018490998074412346
0.03827359899878502
-0.014392138458788395
0.0061680590733885765
-0.010734795592725277
-0.009159831330180168
0.004853392951190472
-0.027123644948005676
-0.01651405543088913
-0.01922905631363392
-0.035690393298864365
0.030866654589772224
0.014642550610005856
0.01626364327967167
-0.011275159195065498
-0.015631021931767464
0.007209248840808868
0.004293259233236313
0.024158231914043427
-0.03126204386353493
0.017963813617825508
-0.03012859635055065
-0.016290003433823586
-0.006362458691000938
-0.0020840263459831476
0.017001701518893242
-0.01626364327967167
-0.037878211587667465
0.02548937313258648
-0.002004948677495122
-0.02361786738038063
0.0027561867609620094
0.026069276034832
0.016408618539571762
0.029944082722067833
-0.008065924048423767
-0.0030757924541831017
0.033238984644412994
0.014233983121812344
-0.024263668805360794
0.0037364205345511436
0.011182902380824089
-0.0009719965164549649
0.027914421632885933
0.0013113715685904026
0.04106767475605011
0.02405279502272606
0.0017874850891530514
-0.005934121087193489
-0.003301493125036359
-0.0012092295801267028
0.016804007813334465
0.02583204209804535
0.022115392610430717
-0.010912720113992691
0.025252139195799828
0.006685358937829733
0.009324576705694199
0.003963768947869539
0.0036902918945997953
0.0016392144607380033
-0.01980895921587944
-0.00876444298774004
-0.0030659076292067766
-0.04164757952094078
0.004751250613480806
-0.025370756164193153
0.01837238110601902
0.005120279733091593
0.02541029453277588
-0.014576653018593788
0.014154905453324318
-0.026622820645570755
-0.005993429571390152
0.004039551597088575
0.00922572985291481
0.013957210816442966
-0.02666235901415348
0.013087356463074684
0.012560172006487846
0.0020856738556176424
-0.04283374547958374
0.0011474500643089414
-0.030523985624313354
0.00497200945392251
-0.012632659636437893
0.00495223980396986
-0.009304807521402836
0.014102187007665634
-0.0024431708734482527
0.002579909283667803
0.0012100533349439502
-0.010102174244821072
0.021390512585639954
0.030919373035430908
0.022879809141159058
-0.018728232011198997
0.009364116005599499
-0.012731506489217281
-0.01404946856200695
0.030075877904891968
-0.028230732306838036
-0.038906220346689224
-0.0218518003821373
0.028046218678355217
-0.0017084074206650257
0.007986846379935741
0.015723278746008873
0.00863264687359333
-0.022734833881258965
0.013107125647366047
-0.00440199114382267
-0.019163157790899277
-0.02090286649763584
-0.0038879860658198595
-0.017120318487286568
0.017845196649432182
0.001560960547067225
-0.01617138646543026
0.004635929130017757
0.007334454916417599
0.036191217601299286
-0.010642537847161293
0.018912745639681816
-0.014550293795764446
0.01333117950707674
-0.010820463299751282
-0.004912700969725847
-0.0209951251745224
-0.029021508991718292
-0.0019719996489584446
0.01625046320259571
0.013522284105420113
-0.0401187427341938
0.08202991634607315
0.0003896223206538707
0.0008649121737107635
0.021390512585639954
-0.02481721341609955
0.007808920927345753
-0.016711750999093056
-0.00303790089674294
-0.011209261603653431
0.003634278429672122
0.007927537895739079
-0.02336745522916317
0.01362772099673748
-0.03292267397046089
0.012527222745120525
-0.010088994167745113
-0.002303137443959713
0.03903801739215851
-0.020599735900759697
-0.012876482680439949
0.05783214420080185
-0.02075789123773575
0.0316837914288044
0.014405317604541779
-0.026635998860001564
-0.02041522227227688
0.01228339970111847
-0.008164770901203156
0.004942355211824179
-0.04301825910806656
-0.001424222020432353
0.039064373821020126
-0.02413187362253666
-0.015512404963374138
0.001965409843251109
-0.033054471015930176
0.010715026408433914
-0.031130246818065643
-0.00554202776402235
0.00825043860822916
-0.00594730069860816
0.01632954180240631
-0.02108738198876381
-0.026214251294732094
-0.002622743137180805
-0.005703477654606104
-0.014102187007665634
0.004171347711235285
-0.016830366104841232
