-6.729123560944572e-05
-0.016369841992855072
0.022076880559325218
-0.022696351632475853
-0.03690463677048683
0.013167046941816807
-0.033820461481809616
-0.004655915312469006
-0.015051819384098053
-0.019032247364521027
0.0003620443749241531
-0.005631252191960812
-0.007460008375346661
0.010689164511859417
-0.004570243880152702
-0.0025190708693116903
0.03988336771726608
0.0018106336938217282
0.013483372516930103
-0.005776234436780214
-0.010096053592860699
-0.015921713784337044
0.005522515159100294
0.0014424110995605588
-0.04262485355138779
0.015486766584217548
0.005749874282628298
-0.03867078572511673
-0.01973080076277256
-0.008283772505819798
-0.010939588770270348
-0.0016450571129098535
-0.022459106519818306
-0.008283772505819798
-0.0036673981230705976
-0.004313229117542505
-0.015671290457248688
0.025648722425103188
0.026386814191937447
0.009812679141759872
-0.0013237890088930726
-0.004916224628686905
0.005143583752214909
-0.01602715626358986
-0.010478280484676361
0.012791410088539124
-0.013628355227410793
-0.018320515751838684
-0.033899545669555664
0.025213774293661118
0.01813599281013012
0.013641535304486752
-0.025806885212659836
0.008178330957889557
-0.022735891863703728
-0.013424061238765717
-0.015934893861413002
0.02475246600806713
0.013720616698265076
-0.017055213451385498
-0.0076708924025297165
-0.012125808745622635
-0.022920414805412292
0.015170441009104252
0.016264399513602257
0.023632146418094635
-0.01704203337430954
0.0038618065882474184
-0.011071390472352505
0.00043082868796773255
0.008540786802768707
0.013575633987784386
-0.013971040956676006
-0.014300546608865261
0.03574477508664131
-0.005417073145508766
-0.0192299522459507
-0.020416172221302986
-0.005008486099541187
0.012125808745622635
0.0008336493629030883
0.0021846226882189512
-0.024343879893422127
-0.011203193105757236
0.0018996002618223429
0.012106038630008698
0.008316723629832268
0.008962554857134819
-0.0019111329456791282
-0.008758260868489742
-0.029286464676260948
0.03714188188314438
0.02825840748846531
0.02002076432108879
-0.00569715304300189
0.020271189510822296
-0.009041636250913143
0.026320913806557655
-0.004804192576557398
-0.030604487285017967
-0.024844728410243988
-0.011644730344414711
-0.029444627463817596
-0.007941086776554585
-0.02614957094192505
0.0015264350222423673
-0.016633447259664536
-0.0006783698336221278
0.015671290457248688
-0.018979527056217194
0.005914627108722925
0.04193948209285736
-0.011222963221371174
-0.008988915011286736
0.008580327965319157
-0.020996101200580597
-0.0026689961086958647
-0.013826058246195316
-0.006092560011893511
-0.009397502057254314
0.039725203067064285
-0.01325271837413311
0.020508432760834694
-0.008204691112041473
0.024857908487319946
0.006326509173959494
-0.024409780278801918
-0.018109632655978203
-0.003489465219900012
-0.011881974525749683
-0.0030841731932014227
0.014682773500680923
0.004603194538503885
0.00840898510068655
0.0006507736979983747
-0.0023576130624860525
-0.02257772907614708
0.030129998922348022
-0.025912325829267502
-0.03020908124744892
0.005463204346597195
0.0275993961840868
-0.012844131328165531
-0.03094717301428318
-0.01209285855293274
0.012784820050001144
0.021747374907135963
0.026096850633621216
0.011598600074648857
0.01988896355032921
0.014063302427530289
-0.031263500452041626
0.01615895889699459
-0.002299949526786804
0.010353068821132183
-0.000506203097756952
0.001346854493021965
0.033530496060848236
-0.012277381494641304
-0.0035125305876135826
-0.0063825249671936035
-0.021351968869566917
0.009404092095792294
0.0003288878651801497
0.011881974525749683
0.019348572939634323
0.03260788321495056
0.017661504447460175
-0.002079180907458067
0.001346854493021965
0.013628355227410793
0.03938251733779907
-0.01776694692671299
0.019335392862558365
-0.013971040956676006
0.028021162375807762
0.017951469868421555
-0.009120717644691467
-0.006893259007483721
-0.01390513963997364
-0.02410663478076458
-7.264570740517229e-05
0.025016071274876595
0.012224660255014896
-0.02970823273062706
0.01390513963997364
0.0012644780799746513
-0.014089662581682205
0.019124509766697884
0.004395605530589819
0.02709854766726494
0.006893259007483721
-0.01784602738916874
0.011677681468427181
-0.6377121210098267
-0.003891461994498968
0.0073018460534513
-0.017661504447460175
0.0025882672052830458
0.001871592248789966
0.02897013910114765
0.013707436621189117
0.012936392799019814
-0.020627055317163467
0.0040166741237044334
0.01573719084262848
0.0005148526397533715
-0.01594807393848896
-0.012765049934387207
-0.03020908124744892
0.0021038937848061323
-0.033108729869127274
0.03722096234560013
-0.030261801555752754
-0.025503739714622498
0.015539487823843956
-0.011736991815268993
0.009562254883348942
-0.0002238579181721434
-0.00104700424708426
0.004421966150403023
-0.019032247364521027
-0.002159909810870886
0.0038618065882474184
-0.012639838270843029
0.03271332383155823
0.01725291647017002
0.014616872183978558
0.05219370126724243
0.016356661915779114
-0.024291157722473145
0.029022859409451485
0.02423843741416931
0.015961255878210068
0.005028256680816412
-0.021971438080072403
0.014946377836167812
-0.0026558157987892628
0.01485411636531353
0.005970642901957035
0.026676779612898827
-0.007888365536928177
-0.005884971469640732
0.027783919125795364
-0.008751670829951763
-0.014142383821308613
0.01376015692949295
0.003683873452246189
-0.002512480830773711
0.014906836673617363
-0.005225960165262222
-0.008336493745446205
-0.006626359187066555
0.021681474521756172
0.003838741220533848
0.017925109714269638
-0.017068393528461456
-0.021734194830060005
-0.030393604189157486
0.006669194903224707
-0.013746976852416992
-0.010755064897239208
0.007275485433638096
-0.009015275165438652
0.02214278094470501
0.030709929764270782
0.005891561508178711
0.008718720637261868
0.018544578924775124
0.006003593560308218
0.016488464549183846
0.009311830624938011
-0.010366248898208141
0.014748673886060715
0.014036942273378372
-0.01376015692949295
-0.03279240429401398
0.021536491811275482
0.026927204802632332
-0.04454916715621948
-0.007624761201441288
-0.03980428725481033
-0.002118721604347229
0.021971438080072403
0.014142383821308613
0.012073088437318802
-0.002542136237025261
-0.013457012362778187
0.009351370856165886
0.037405483424663544
-0.00302156712859869
-0.003169844625517726
0.009410682134330273
-0.007400697562843561
-0.006366049870848656
-0.010814376175403595
-0.0016557660419493914
-0.009252519346773624
0.025806885212659836
0.0027101843152195215
-0.00020944204879924655
-0.006155166309326887
0.044311922043561935
-0.012830951251089573
-0.006939389742910862
-0.003390613477677107
0.006254017818719149
0.0071832239627838135
-0.024436140432953835
-0.03255516290664673
-0.007130502723157406
0.0029111825861036777
0.011921515688300133
-0.025437837466597557
0.027915721759200096
0.006181526463478804
0.008217871189117432
-0.00584213575348258
-0.02475246600806713
0.03806449472904205
-0.012402594089508057
-0.009904940612614155
-0.032001592218875885
-0.01741107925772667
0.0018650020938366652
-0.013522912748157978
0.0065571628510952
-0.0011516223894432187
0.011104341596364975
-0.00972700770944357
0.008619868196547031
-0.01850503869354725
0.0011112579377368093
-0.017938289791345596
-0.02089066058397293
-0.034268591552972794
0.006339689251035452
-0.003469694871455431
-0.03882895037531853
-0.025358757004141808
-0.00972700770944357
0.014326906763017178
-0.020547974854707718
0.029840033501386642
-0.007644531782716513
-0.001217523473314941
-0.03537572920322418
0.00761158112436533
0.020851118490099907
-0.015130900777876377
-0.03015635907649994
0.006972339935600758
-0.020917020738124847
0.0036212673876434565
0.01485411636531353
0.007347976788878441
-0.022630449384450912
0.02016574703156948
-0.008211281150579453
0.009819269180297852
0.010801196098327637
0.009839039295911789
-0.026268193498253822
-0.04837143421173096
0.011473387479782104
0.008837342262268066
-0.008936193771660328
0.020943380892276764
0.03719460219144821
-0.015605389140546322
-0.009654516354203224
0.006583523470908403
-0.014550970867276192
-0.02112790383398533
-0.005637842230498791
0.01522316224873066
-0.012613477185368538
-0.0013938089832663536
-0.006820767652243376
0.02483154833316803
-0.0003960246394854039
0.0028568143025040627
0.0028469290118664503
0.0021681473590433598
0.027335790917277336
0.015447226352989674
-0.004810783080756664
-0.0016434096032753587
0.007295255549252033
-0.011242733336985111
0.007090962026268244
0.0003865513426717371
0.015565847977995872
0.018979527056217194
0.02796844206750393
8.299424371216446e-05
0.04507637768983841
-0.016910230740904808
-0.013206587173044682
-0.017002493143081665
0.006613179109990597
0.0026376929599791765
0.03774816915392876
0.001464652712456882
0.016633447259664536
-0.017437441274523735
-0.00334942527115345
-0.01973080076277256
0.009984022006392479
0.03260788321495056
0.0033345974516123533
0.009654516354203224
-0.0035388909745961428
0.008053118363022804
-0.01466959249228239
-0.010181725025177002
0.020416172221302986
-0.014550970867276192
-0.0017266097711399198
0.010847327299416065
0.0026179226115345955
-0.00035380671033635736
0.01892680674791336
0.016224859282374382
0.021958258002996445
0.02038981206715107
-0.007677482441067696
0.03893439099192619
0.03342505544424057
0.009199798107147217
0.007736793253570795
-0.009278879500925541
0.037906333804130554
-0.005364352371543646
0.0072227646596729755
0.03007727861404419
0.005291861016303301
-0.0035520712845027447
0.019322212785482407
0.001945730997249484
0.013410881161689758
-0.00398701848462224
0.00024033320369198918
-0.01739789918065071
-0.00432970467954874
-0.006656014826148748
-0.010952768847346306
-0.020297549664974213
-0.0032192703802138567
-0.026386814191937447
0.008132199756801128
0.014946377836167812
0.008949373848736286
0.020719317719340324
0.0012784820282831788
0.056991301476955414
-0.012119218707084656
0.006847127806395292
-0.00943045224994421
0.003356015309691429
-0.0011919868411496282
-0.0013608584413304925
-0.03442675247788429
-0.025661902502179146
-0.007440238259732723
-0.014471889473497868
-0.0029573135543614626
0.014867296442389488
0.01768786460161209
0.012626657262444496
0.004468096885830164
-0.003250573528930545
0.008138790726661682
-0.0006470668013207614
-0.029655510559678078
-0.01659390516579151
0.013424061238765717
0.025279676541686058
0.012211480177938938
-0.0030874682124704123
-0.0012793057831004262
-0.020719317719340324
-0.0349276028573513
-0.0028040932957082987
-0.003683873452246189
-0.009390912018716335
0.002026459900662303
-0.004168246872723103
-0.01675206795334816
-0.011348175816237926
0.04048965871334076
-0.006939389742910862
0.0010807786602526903
-0.0012084620539098978
-0.00047819511382840574
-0.01747698150575161
-0.02360578626394272
-0.0036344476975500584
0.028732895851135254
0.009516123682260513
-0.023170839995145798
0.009147077798843384
0.004375835414975882
-0.019612178206443787
0.00840898510068655
-0.001692011603154242
0.00114750349894166
0.008962554857134819
0.010392609052360058
0.010873687453567982
0.019348572939634323
0.016343481838703156
0.021892357617616653
0.009542484767735004
0.007071191910654306
0.008982324972748756
-0.0035421859938651323
0.014867296442389488
0.03919799625873566
-0.0005959934205748141
-0.020574335008859634
0.0350857637822628
0.015829453244805336
0.007295255549252033
-0.014366447925567627
-0.03519120812416077
0.013041834346950054
-0.00841557513922453
-0.012613477185368538
-0.006260607857257128
-0.001003344776108861
0.0019309032941237092
0.0027596100699156523
0.01908496953547001
-0.005486269481480122
-0.004860208835452795
0.029523707926273346
-0.0060398392379283905
0.0063199191354215145
-0.01204672735184431
0.005117223132401705
0.010366248898208141
0.012817771174013615
0.007367746904492378
0.046341679990291595
0.031184418126940727
-0.0058322506956756115
-0.005094157997518778
0.012152169831097126
0.006787816993892193
0.010287167504429817
0.005921217147260904
0.005674087908118963
0.018083272501826286
0.003792610252276063
0.029286464676260948
0.013496552594006062
0.01609305664896965
0.007137093227356672
0.023487165570259094
0.015381325036287308
0.002387268701568246
0.006263902876526117
-0.03948796167969704
0.007347976788878441
0.018175533041357994
0.014590511098504066
-0.0022719416301697493
0.02112790383398533
0.02709854766726494
-0.013931499794125557
-0.018043730407953262
0.014498249627649784
0.002782675437629223
0.008323313668370247
0.009549074806272984
-0.026189111173152924
-0.016040336340665817
-0.021022463217377663
-0.029734592884778976
0.027045825496315956
-0.004606489557772875
-0.013812878169119358
-0.008132199756801128
-0.00902845524251461
0.009166847914457321
-0.02723034843802452
0.026123210787773132
0.012435544282197952
-0.04958401620388031
-0.021589212119579315
-0.011295454576611519
0.0006474786787293851
0.024989711120724678
0.00407928042113781
-0.008586918003857136
-0.011051620356738567
0.01813599281013012
0.0012554166605696082
-0.01980988122522831
-0.018597301095724106
-0.014946377836167812
-0.008138790726661682
0.014471889473497868
-0.009746777825057507
-0.026268193498253822
-0.011071390472352505
-0.0035520712845027447
-0.0321861132979393
-0.006283673457801342
0.0029276579152792692
-0.014524610713124275
-0.025793705135583878
0.022485466673970222
0.005028256680816412
0.017437441274523735
0.016949772834777832
-0.03350413590669632
0.006761456374078989
-0.005324811674654484
-0.019994404166936874
0.007315026130527258
-0.004102345556020737
0.0035916119813919067
-0.015209982171654701
0.003257163567468524
-0.016277581453323364
-0.01849185861647129
0.006893259007483721
-0.0011079628020524979
0.002092360984534025
-0.010702344588935375
0.001631053164601326
-0.009384321980178356
-0.012771639972925186
0.05651681497693062
0.017134295776486397
-0.008936193771660328
-0.008020168170332909
-0.04673708602786064
0.023777129128575325
0.02185281738638878
-0.020587515085935593
0.01746380142867565
-0.0027266594115644693
-0.0065275076776742935
-0.02299949713051319
0.00407928042113781
-0.00021211928105913103
0.028284767642617226
-0.031263500452041626
-0.04599899426102638
-0.037115518003702164
-0.015684470534324646
-0.016620267182588577
0.015750370919704437
-0.011888564564287663
-0.01183584425598383
0.006122215650975704
-0.001477833022363484
0.01871592178940773
-0.016079876571893692
0.02190553769469261
-0.02549055963754654
-0.00735456682741642
-0.009199798107147217
-0.011526108719408512
0.02183963730931282
0.005222665145993233
0.014247825369238853
-0.013878779485821724
-0.01572401076555252
-0.00045966042671352625
-0.02526649460196495
-0.009555664844810963
0.0014374685706570745
0.00815197080373764
0.012389413081109524
0.009700647555291653
-0.016712527722120285
0.01644892431795597
0.0003488641232252121
-0.005960757844150066
0.008211281150579453
-0.007018471136689186
-0.012185120023787022
-0.030973533168435097
0.04407468065619469
0.006827357690781355
0.007822465151548386
0.007651121821254492
-0.012916622683405876
0.002627807902172208
0.05274726822972298
-0.010728704743087292
-0.026755861937999725
-0.003548776265233755
-0.006847127806395292
-0.014326906763017178
0.01165132038295269
-0.012844131328165531
0.0042967540211975574
-0.01974398083984852
0.0160139761865139
0.032449718564748764
-0.0036542180459946394
0.0034663998521864414
0.0032785814255476
0.04447008669376373
-0.030261801555752754
0.0011425609700381756
0.0083694439381361
0.018320515751838684
-0.0003132363490294665
-0.006069494411349297
-0.02991911582648754
0.01557902805507183
0.026162751019001007
-0.0075654503889381886
-0.02891741879284382
0.006171641405671835
0.022959955036640167
-0.011980826035141945
0.022037340328097343
0.015526307746767998
0.007084371987730265
0.010801196098327637
-0.026676779612898827
0.003990313969552517
-0.01182925421744585
-0.004972240887582302
-0.014379628002643585
0.01091981865465641
0.010820966213941574
0.011236143298447132
0.039646122604608536
-0.014893656596541405
0.0133977010846138
0.013239538297057152
-0.01950673572719097
0.02170783467590809
0.011275684460997581
0.03263424336910248
0.03115805611014366
0.012475085444748402
-0.011717221699655056
0.015394505113363266
0.019414475187659264
-0.02439660020172596
0.015974435955286026
0.001383923809044063
-0.0010675983503460884
-0.014102842658758163
0.016580725088715553
0.03471671789884567
-0.006263902876526117
-0.0014185219770297408
0.02360578626394272
0.006945979781448841
0.006959159858524799
-0.019401295110583305
0.011809483170509338
-0.011763352900743484
0.019625358283519745
-0.010392609052360058
0.02388257160782814
-0.029681870713829994
-0.013476782478392124
0.012290561571717262
0.04499729722738266
0.009041636250913143
0.024567943066358566
0.008066299371421337
-0.005931102205067873
-0.004118821118026972
-0.007347976788878441
-0.005206189583986998
-0.01945401541888714
-0.008428755216300488
0.01609305664896965
0.0015371439512819052
-0.0022356959525495768
-0.016501644626259804
-0.02089066058397293
-0.006181526463478804
0.018584121018648148
-0.010755064897239208
0.02658451907336712
-0.0006746628787368536
0.016290761530399323
0.015842633321881294
0.017305638641119003
-0.015776731073856354
0.009522713720798492
0.004095755517482758
-0.027493953704833984
0.021589212119579315
0.010386019013822079
-0.035718414932489395
0.009502943605184555
-0.014485069550573826
-0.010708934627473354
-0.002560259075835347
-0.010306937620043755
0.009944481775164604
0.0032192703802138567
0.022406386211514473
-0.013391111046075821
-0.02294677495956421
-0.014353266917169094
-0.00986540038138628
0.026268193498253822
0.0020758858881890774
0.0207588579505682
-0.0016763601452112198
0.0007273837691172957
-0.039936088025569916
-0.015710830688476562
-0.01325271837413311
0.004464801866561174
0.0022159256041049957
0.010016972199082375
-0.006214477121829987
-0.008580327965319157
0.030314521864056587
0.0018271090229973197
-0.01008287351578474
-0.013681075535714626
-0.0065505728125572205
0.0251874141395092
-0.0167388878762722
-0.023315822705626488
0.013522912748157978
-0.005796005018055439
0.013667895458638668
-0.0017546177841722965
-0.007941086776554585
0.011051620356738567
-0.006402295548468828
-0.015486766584217548
0.015064999461174011
-0.03450583294034004
0.02125970646739006
0.01768786460161209
0.020271189510822296
-0.00584543077275157
-0.030525406822562218
0.0037267091684043407
-0.0032950567547231913
0.02074567787349224
-0.012066498398780823
-0.0017892158357426524
0.0025783819146454334
-0.012125808745622635
-0.036377426236867905
0.003377433167770505
-0.015486766584217548
0.003235745709389448
0.009417272172868252
-0.017780127003788948
0.004000199027359486
0.021444229409098625
-0.008211281150579453
0.02891741879284382
-0.02433069981634617
-0.014524610713124275
-0.027414873242378235
0.005634547211229801
-0.022828154265880585
0.04639440029859543
-0.004323114641010761
-0.01495955791324377
-0.0056872679851949215
-0.00675486633554101
-0.017437441274523735
0.014511429704725742
0.019994404166936874
0.03824901953339577
0.006840537767857313
0.0026871187146753073
0.018004190176725388
0.021088363602757454
-0.01652800478041172
0.01495955791324377
-0.016580725088715553
-0.010155364871025085
-0.022182323038578033
-0.010695754550397396
0.0060629043728113174
-0.013944679871201515
-0.019322212785482407
-0.010985719040036201
0.03672011196613312
-0.018452318385243416
-0.0018600595649331808
0.010662803426384926
-0.01077483594417572
-0.016224859282374382
0.020956560969352722
0.022551368921995163
0.014036942273378372
-0.00789495650678873
-0.0030067393090575933
-0.020930200815200806
0.013865599408745766
0.013186817057430744
-0.0262286514043808
-0.016277581453323364
-0.0041616568341851234
0.03313509002327919
0.00016969542775768787
0.03287148475646973
0.00830354355275631
0.0024778826627880335
-0.004870093893259764
0.012547575868666172
0.005657612346112728
-0.02249864861369133
0.013575633987784386
0.022314123809337616
-0.007479778956621885
-0.03020908124744892
-0.02265680953860283
0.016422562301158905
-0.017384719103574753
0.006204592064023018
0.006886668503284454
-0.026821762323379517
0.009166847914457321
-0.009733597747981548
-0.032818764448165894
-0.011638140305876732
-0.013318619690835476
-0.03144802153110504
0.006978930439800024
-0.027362151071429253
0.033319614827632904
0.02723034843802452
-0.004557063337415457
-0.0024235143791884184
-0.0018617070745676756
-0.017239736393094063
-0.03453219681978226
-0.016211679205298424
0.010155364871025085
-0.01850503869354725
0.014893656596541405
-0.004916224628686905
-0.007387517485767603
0.014893656596541405
0.00761158112436533
0.022551368921995163
-0.0505329892039299
0.0031550168059766293
0.19179867208003998
-0.033609580248594284
-0.02096974104642868
0.010247626341879368
-0.022380026057362556
0.009740187786519527
0.034268591552972794
0.0022175731137394905
-0.0033741381485015154
0.013852418400347233
0.013575633987784386
-0.016422562301158905
-0.038486264646053314
0.0011087865568697453
-0.0011928105959668756
-0.007249124813824892
-0.030235441401600838
-0.003075935412198305
0.01113729178905487
0.007684072479605675
0.035059403628110886
0.004164951853454113
-0.03044632449746132
-0.003891461994498968
0.03181706741452217
0.017081573605537415
0.0036542180459946394
-0.005117223132401705
0.03780089318752289
-0.0009695704793557525
-0.01594807393848896
-0.0228545144200325
0.00119775312487036
0.004448326770216227
-0.02089066058397293
0.014208285138010979
0.014498249627649784
-0.02032390981912613
0.024449320510029793
0.020956560969352722
0.007967446930706501
0.0018287565326318145
-0.0048569138161838055
-0.024291157722473145
-0.02773119881749153
0.045972634106874466
-0.014748673886060715
0.0007298550917766988
0.011868794448673725
0.012132398784160614
-0.02396165207028389
0.02825840748846531
0.028732895851135254
-0.004141886252909899
-0.02970823273062706
0.024726105853915215
0.008784621022641659
0.0018238138873130083
0.026769042015075684
0.01668616756796837
-0.01644892431795597
0.006514327134937048
0.0014934844803065062
0.02672949992120266
-0.006250722799450159
0.013575633987784386
-0.01617213897407055
-0.006985520478338003
0.011822664178907871
-0.012270791456103325
-0.004692160990089178
-0.02090384066104889
-0.026610879227519035
0.006768046412616968
-0.017964649945497513
-0.01887408457696438
0.0026640533469617367
0.025068791583180428
0.013219768181443214
0.023052217438817024
-0.01805691048502922
0.003100648522377014
-0.030314521864056587
-0.0051666488870978355
0.004804192576557398
-0.028311127796769142
0.006359459366649389
-0.005153468810021877
0.009397502057254314
-0.03932979702949524
-0.023118117824196815
0.010353068821132183
-0.005651022307574749
-0.02024482935667038
0.00826400239020586
-0.01376015692949295
-0.009542484767735004
0.014326906763017178
-0.01361517421901226
0.00010595667117740959
-0.016989313066005707
0.04389015585184097
0.018913626670837402
-0.004507637582719326
-0.011618370190262794
0.003657513065263629
-0.0336359404027462
-0.00906140636652708
0.005769644398242235
-0.03677283227443695
0.004860208835452795
-0.029286464676260948
0.008738490752875805
-0.0005494506913237274
-0.021786915138363838
0.012099448591470718
0.008099249564111233
-0.010043333284556866
0.03561297431588173
-0.012270791456103325
-0.01907178945839405
-0.010148774832487106
-0.005117223132401705
0.030630847439169884
-0.013694255612790585
-0.007486368995159864
-0.037695448845624924
0.019612178206443787
-0.03453219681978226
-0.018241435289382935
0.027652116492390633
-0.019678078591823578
0.02533239684998989
0.01623803935945034
0.013028654269874096
-0.01871592178940773
-0.024699745699763298
-0.018083272501826286
-0.025978228077292442
0.02235366590321064
-0.004085870459675789
-0.008290362544357777
0.0074929590336978436
-0.005008486099541187
0.011157061904668808
-0.02177373506128788
0.0026492257602512836
0.009918120689690113
-0.005769644398242235
0.009713827632367611
0.008000398054718971
-0.03698371723294258
-0.013351569883525372
-0.013127505779266357
0.017635144293308258
0.010168544948101044
-0.03144802153110504
-0.014920016750693321
-0.008718720637261868
0.010761655867099762
-0.01012241467833519
0.005792709998786449
0.02862745337188244
-0.017490161582827568
0.010708934627473354
0.0056147766299545765
-0.1657545417547226
-0.006738391239196062
0.018478678539395332
-0.016079876571893692
-0.0005688091623596847
-0.00453399820253253
0.028284767642617226
0.022024160251021385
-0.006840537767857313
-0.009450223296880722
-0.007848825305700302
-0.009516123682260513
-0.03595566004514694
-0.03316145017743111
-0.003970543388277292
-0.004418671131134033
-0.023473983630537987
0.00484043825417757
0.04961037635803223
0.01142725721001625
0.013470192439854145
-0.007769743911921978
-0.0011137292021885514
0.002525661140680313
0.02452840283513069
0.01376015692949295
-0.025885965675115585
0.004873388912528753
0.007315026130527258
-0.012264201417565346
0.0060629043728113174
0.0014193457318469882
0.022630449384450912
-0.01639620214700699
0.0072227646596729755
0.009338190779089928
-0.02723034843802452
-0.015025459229946136
-0.010287167504429817
0.009674286469817162
-0.0019210181199014187
0.0339522659778595
0.003456514561548829
-0.0013106088154017925
0.02410663478076458
0.011611780151724815
0.03387318551540375
0.02214278094470501
0.013562453910708427
-0.016330301761627197
0.03144802153110504
-0.01979670114815235
0.014801395125687122
-0.010287167504429817
0.022169142961502075
0.0005119694396853447
0.010689164511859417
-0.000795756233856082
0.00028625805862247944
0.004550473298877478
-0.014076482504606247
0.0009382674470543861
0.013601994141936302
0.024594303220510483
0.013048425316810608
-0.03648287057876587
-0.010959358885884285
0.00043082868796773255
-0.012099448591470718
-0.004158361814916134
-0.0039540682919323444
-0.016356661915779114
0.00029099470702931285
-0.012066498398780823
-0.010016972199082375
0.009041636250913143
0.00906799640506506
0.02730943076312542
0.0013196702348068357
-0.011262504383921623
-0.02410663478076458
0.03614018112421036
-0.027862999588251114
-0.013707436621189117
-0.01886090449988842
-0.018557759001851082
-0.007255714852362871
0.019111329689621925
0.006079379934817553
-0.00024053914239630103
0.012501445598900318
-0.04085870459675789
-0.02301267720758915
-0.01623803935945034
0.013746976852416992
0.019480375573039055
-0.016343481838703156
-0.0007352095562964678
0.007591811008751392
-0.00866599939763546
0.007578630466014147
0.016659807413816452
-0.016422562301158905
0.009819269180297852
0.02715126797556877
-0.006708735600113869
0.00017319642938673496
-0.0037728401366621256
0.01821507327258587
0.0035619563423097134
-0.032660603523254395
-0.019480375573039055
0.00903504528105259
0.0028057408053427935
0.027704836800694466
-0.006656014826148748
-0.0018435842357575893
-0.00032065020059235394
0.021206986159086227
-0.04004152864217758
0.05424981564283371
-0.0052720909006893635
-0.006675784941762686
0.02476564608514309
-0.013773337006568909
-0.03940887749195099
-0.10333298146724701
-0.03961976245045662
0.021351968869566917
0.01791192777454853
0.02526649460196495
-0.0006165875238366425
-0.014999098144471645
0.015354964882135391
-0.021022463217377663
0.01841277815401554
-0.028232047334313393
-0.023025857284665108
0.006395705044269562
-0.010577131994068623
-0.0013847475638613105
0.02839021012187004
-0.004609784577041864
-0.02103564329445362
-0.02199779823422432
0.005430253688246012
0.0137996980920434
0.0036904634907841682
0.019282672554254532
0.025754163041710854
-0.018663201481103897
-0.008000398054718971
-0.03503304347395897
0.021365148946642876
0.028706533834338188
-0.0028914122376590967
-0.019256312400102615
-0.01051782164722681
0.009259109385311604
-0.02846929058432579
0.019638538360595703
-0.012316922657191753
-0.017384719103574753
-0.03242335841059685
0.017635144293308258
-0.006787816993892193
0.004359360318630934
0.021299246698617935
0.029655510559678078
-0.019401295110583305
-0.002680528676137328
-0.011163651943206787
0.00039993750397115946
0.009957661852240562
-0.01784602738916874
-0.03434767201542854
-0.030340882018208504
-0.007216174155473709
-0.03996244817972183
-0.002006689552217722
0.0015750371385365725
-0.01260029710829258
-0.005113928113132715
-0.0005066149751655757
-0.007618171162903309
-0.0228545144200325
0.0015832748031243682
0.009219569154083729
-0.03308236971497536
0.017371539026498795
-0.008092659525573254
-0.006573638413101435
-0.010537591762840748
-0.01154587883502245
-0.013826058246195316
0.0016425858484581113
0.028653813526034355
-0.007413877639919519
0.015051819384098053
0.00609915005043149
-0.020956560969352722
0.018399596214294434
-0.028785616159439087
0.003851921297609806
-0.011374535970389843
0.0013097850605845451
0.004023264162242413
-0.004748176783323288
-0.017134295776486397
-0.00797403696924448
0.004837143234908581
0.012106038630008698
0.030314521864056587
-0.0029639035928994417
0.00558841647580266
-0.01062985323369503
-0.007763153873383999
0.025437837466597557
-0.0015371439512819052
0.0009654516470618546
-0.0014284071512520313
-0.011018670164048672
0.009641336277127266
-0.030024558305740356
-0.016409382224082947
0.003215975360944867
-0.02206370048224926
-0.004962355364114046
-0.055884163826704025
-0.0017200196161866188
0.01697613298892975
-0.009964251890778542
0.004474686924368143
0.006718620657920837
0.03102625533938408
0.005545580759644508
0.0047514718025922775
0.0031665496062487364
-0.017819667235016823
0.0026640533469617367
-0.026834942400455475
-0.025543279945850372
-0.026914024725556374
-0.019981224089860916
0.03445311263203621
0.008633049204945564
-0.00811901967972517
0.018544578924775124
-0.00037337112007662654
0.013074785470962524
0.013008884154260159
0.025740982964634895
-0.018333695828914642
-0.006349574308842421
0.0076379417441785336
-0.01760878413915634
-0.02198461815714836
0.011091161519289017
-0.0005057912203483284
-0.016211679205298424
-0.0275203138589859
0.026637239381670952
-0.0033411874901503325
-0.01617213897407055
0.006323214154690504
0.028522010892629623
0.011994007043540478
0.06980248540639877
-0.00453070318326354
-0.022775432094931602
0.045023657381534576
-0.003110533580183983
-0.02190553769469261
0.005723513662815094
-0.02037663199007511
0.006833947729319334
0.00720958411693573
-0.014933197759091854
0.020205289125442505
0.029101941734552383
0.005690563004463911
-0.025833245366811752
-0.008250822313129902
0.013312029652297497
-0.015842633321881294
0.021299246698617935
-0.02563554234802723
-0.03429495170712471
0.020205289125442505
-0.003156664315611124
-0.003657513065263629
0.015486766584217548
-0.008474886417388916
0.006023363675922155
-0.003316474612802267
0.001132675795815885
0.0033329499419778585
-0.007334796246141195
0.0012974286219105124
0.008995505049824715
0.007651121821254492
0.03880259022116661
0.016646627336740494
-0.01849185861647129
0.0030841731932014227
-0.005914627108722925
-0.007908136583864689
0.03859170526266098
-0.004326409660279751
-0.002733249682933092
-0.016435742378234863
0.01768786460161209
0.02118062414228916
-0.009272289462387562
-0.01660708710551262
-0.004797602538019419
-0.011051620356738567
-0.004847028758376837
-0.012125808745622635
0.009450223296880722
-0.016923410817980766
0.013094555586576462
-0.013918319717049599
0.0095754349604249
0.011519518680870533
-0.0365355908870697
0.015354964882135391
0.022103240713477135
0.022103240713477135
0.004415376111865044
0.03321417421102524
-0.04062145948410034
-0.024950170889496803
0.010326707735657692
-0.023276280611753464
-0.03882895037531853
0.0003058224683627486
0.0036904634907841682
0.009628156200051308
-0.0034532195422798395
0.016277581453323364
0.005163353867828846
-0.014867296442389488
-0.006537392735481262
0.009265699423849583
-0.021233346313238144
-0.028126604855060577
0.01623803935945034
-0.03020908124744892
0.01799101009964943
0.027203988283872604
0.007275485433638096
-0.017938289791345596
-0.0014926607254892588
0.03980428725481033
-0.017239736393094063
0.0064978520385921
-0.015381325036287308
0.010102644562721252
-0.00701188063248992
-0.021734194830060005
-0.014920016750693321
-0.019836241379380226
-0.0018732397584244609
0.029523707926273346
0.022525008767843246
-0.02199779823422432
0.07154227048158646
0.020719317719340324
-0.01048487052321434
0.020442532375454903
-0.011018670164048672
-0.011512928642332554
0.014801395125687122
-0.007051421329379082
-0.025279676541686058
9.202990440826397e-06
0.011084571480751038
-0.00584543077275157
0.006606589071452618
-0.04267757385969162
-0.009819269180297852
0.008745080791413784
0.006263902876526117
0.025147873908281326
-0.007084371987730265
-0.0008031700854189694
0.046710725873708725
0.025371937081217766
0.007315026130527258
0.01551312766969204
-0.010247626341879368
0.011763352900743484
0.029444627463817596
-0.00584543077275157
-0.004570243880152702
-0.03574477508664131
0.011249324306845665
0.015552667900919914
-0.04552450403571129
-0.025371937081217766
0.000846005801577121
-0.031078975647687912
0.012428954243659973
-0.017292458564043045
0.009338190779089928
0.01849185861647129
0.00903504528105259
0.022327303886413574
-0.03519120812416077
-0.05335355922579765
-0.02462066523730755
0.0019144279649481177
-0.018676381558179855
0.011849024333059788
-0.02299949713051319
