0.009218997322022915
-0.017595259472727776
0.005423502530902624
-0.026060903444886208
-0.03465423360466957
0.010898079723119736
-0.033224139362573624
-0.003904028097167611
-0.005934250541031361
-0.023839151486754417
0.0007182389963418245
-0.015667187049984932
-0.00239732232876122
0.009033850394189358
-0.005142591428011656
-0.002459569601342082
0.030185192823410034
0.0007246233872137964
-0.010163879953324795
-0.001471591996960342
-0.00033557723509147763
-0.002908070106059313
-0.002493087435141206
-0.004724416881799698
-0.01214941218495369
0.014339243061840534
0.01500321552157402
-0.028116663917899132
-0.00334858987480402
0.0057842181995511055
-0.001359865884296596
-0.008197501301765442
-0.022051533684134483
-0.010042577981948853
-0.0016176338540390134
0.004248782992362976
0.008235807530581951
0.010687396861612797
0.025077713653445244
0.013905107043683529
0.013522046618163586
0.012711234390735626
0.006735485978424549
-0.00952544528990984
-0.010693781077861786
0.008899779058992863
-0.003677383763715625
-0.005541612859815359
-0.025192633271217346
0.00898277573287487
0.0011052900226786733
0.024311592802405357
-0.0093147624284029
-0.009972349740564823
-0.02510325238108635
-0.016509920358657837
-0.02975105680525303
0.026226896792650223
-0.0019647828303277493
-0.015130901709198952
0.010017040185630322
-0.004804220981895924
-0.036314163357019424
0.015079827047884464
0.009895737282931805
0.01634392887353897
-0.019689325243234634
0.00490956287831068
-0.029444606974720955
0.005563958082348108
0.0237625390291214
0.02348162792623043
-0.012992145493626595
0.005056402646005154
0.03222818300127983
-0.015462888404726982
-0.016254547983407974
-0.036160942167043686
0.0011691334657371044
0.027912365272641182
0.003603963879868388
0.0006615779711864889
-0.025409700348973274
0.0027037709951400757
0.008197501301765442
0.003075659042224288
0.02368592657148838
0.022243063896894455
0.00657587731257081
-0.009538214653730392
-0.011625895276665688
0.02201322838664055
0.0015952886315062642
0.026482271030545235
-0.01682913862168789
0.012232408858835697
-0.007163237314671278
0.0277846772223711
-0.021834466606378555
-0.03651846572756767
-0.01649715192615986
0.002781979041174054
-0.027018556371331215
-0.000791658996604383
-0.04813797399401665
0.005576726980507374
-0.0170845128595829
-0.006997243966907263
0.018016627058386803
-0.020966194570064545
-0.005860830191522837
0.0580209456384182
-0.019689325243234634
-0.008733786642551422
0.015347969718277454
-0.007725059520453215
0.015143671073019505
-0.02537139505147934
-0.005388388875871897
-0.011364137753844261
0.017786789685487747
0.011708891950547695
0.01856568083167076
0.00011890845780726522
0.016535459086298943
0.010221339762210846
-0.025396931916475296
-0.005777833983302116
-0.0093147624284029
-0.011198144406080246
-0.001047830912284553
-0.012162180617451668
-0.0010406485525891185
0.02253674529492855
-0.009174306876957417
-0.00708024064078927
-0.015782104805111885
0.011485439725220203
-0.03639077767729759
-0.03547143191099167
0.027554841712117195
0.02765699103474617
-0.011734429746866226
-0.029163695871829987
-0.0016104514943435788
0.013381591066718102
0.03700367361307144
0.02463081106543541
0.015360738150775433
0.01473507285118103
0.010304335504770279
-0.04062998294830322
-0.010930001735687256
0.004070021212100983
0.018284769728779793
0.008689096197485924
-0.00029068728326819837
0.020812971517443657
0.005410734098404646
0.01009365264326334
0.0014005660777911544
-0.013496508821845055
0.007418611086905003
0.0013223577989265323
0.021770622581243515
0.015054290182888508
0.01582041196525097
0.010253260843455791
0.014479698613286018
0.014071100391447544
0.016267316415905952
0.005985325202345848
-0.025179864838719368
0.0147095350548625
0.02100450173020363
0.036569539457559586
0.00803789310157299
0.007456917315721512
-0.014262630604207516
-0.01130667794495821
-0.013713576830923557
-0.0018051740480586886
0.0072206961922347546
0.03161528706550598
-0.017148355022072792
0.037642110139131546
0.0028857248835265636
0.028704022988677025
0.01628008484840393
-0.004184939432889223
0.04190685227513313
0.0034986219834536314
-0.02752930298447609
-0.0005630195955745876
-0.6447679400444031
0.005969364196062088
0.021630167961120605
-0.008063429966568947
0.005624609533697367
0.006409884430468082
0.008363494649529457
0.01728881150484085
0.000632449344266206
-0.02590768039226532
-0.001531445188447833
0.017582491040229797
0.016267316415905952
-0.01916581019759178
-0.033479515463113785
-0.027478229254484177
0.01580764353275299
-0.020812971517443657
0.0211960319429636
-0.0035273516550660133
-0.02786128968000412
0.026661032810807228
0.009927659295499325
0.0017604836029931903
-0.009404143318533897
-0.008095351979136467
0.011396058835089207
0.010693781077861786
-0.0008363494416698813
0.00012180136400274932
-0.006422652862966061
0.022434594109654427
0.026060903444886208
0.008171964436769485
0.04905731976032257
0.02995535545051098
-0.022855961695313454
0.02133648656308651
0.02415836788713932
0.015526731498539448
-0.01158120483160019
-0.021642936393618584
0.007035550195723772
0.005439463537186384
0.02556292526423931
0.008523102849721909
0.020710820332169533
-0.013905107043683529
0.005120246205478907
0.015858717262744904
-0.012762309052050114
-0.006748254410922527
0.007635678630322218
0.0009129616082645953
0.024911722168326378
-0.005002135876566172
0.005324545316398144
0.009212612174451351
-0.00017347467655781657
0.01777402125298977
0.001481966464780271
0.007041934411972761
-0.017888939008116722
-0.03291769325733185
-0.0242860559374094
0.008931701071560383
-0.01396895106881857
0.01341989729553461
0.01396895106881857
-0.015156439505517483
0.020544828847050667
0.021081114187836647
0.024579735472798347
-0.005570342764258385
0.010853389278054237
0.018450763076543808
0.03156420961022377
-0.006355617195367813
-0.0021068344358354807
0.007922974415123463
-0.014479698613286018
-0.020902352407574654
-0.015424582175910473
0.014683998189866543
0.003418817650526762
-0.04221330210566521
-0.0170845128595829
-0.011172606609761715
0.0010414465796202421
0.026277972385287285
0.005343698430806398
0.0072143119759857655
0.005085132084786892
-0.006837635301053524
-0.0016192300245165825
0.03787194564938545
-0.003505006432533264
-0.015731031075119972
-0.0018722097156569362
-0.002360612154006958
0.012264329940080643
-0.012941070832312107
-0.008178348653018475
-0.006432229653000832
0.03276446834206581
0.010406485758721828
0.0003451537631917745
0.004577576648443937
0.05127907544374466
-0.003117157379165292
-0.008299650624394417
-0.0005155359976924956
-0.016522688791155815
-0.0031570594292134047
-0.01237924862653017
-0.0327133946120739
0.014045563526451588
0.008337956853210926
0.0012656967155635357
-0.006684411317110062
0.036033254116773605
0.013585889711976051
0.016267316415905952
0.005327737424522638
-0.026009829714894295
0.03639077767729759
-0.010163879953324795
-0.006144933868199587
-0.017416497692465782
-0.009301993064582348
0.010821468196809292
-0.010425638407468796
0.01938287727534771
-0.011625895276665688
0.02847418747842312
-0.0115748206153512
0.008171964436769485
-0.01736542396247387
0.0021531209349632263
0.0005821726517751813
-0.006761023309081793
-0.030031967908143997
0.006438613869249821
-0.024605272337794304
-0.038127318024635315
-0.024911722168326378
-0.010342641733586788
0.012909149751067162
-0.01910196617245674
0.00999150238931179
-0.018603986129164696
0.0049702138639986515
-0.034628696739673615
-0.0042838966473937035
-0.0027340964879840612
-0.013560352846980095
-0.02125987596809864
0.0024962795432657003
-0.03419456258416176
0.005637378431856632
-0.004919139202684164
-0.00951906107366085
-0.018744442611932755
0.02369869500398636
-0.01681637018918991
0.004325394984334707
0.010617168620228767
0.017276043072342873
-0.008586946874856949
-0.049568068236112595
-0.002346247434616089
0.02374977059662342
-0.006524802651256323
0.032815542072057724
0.011836579069495201
-0.0014540350530296564
-0.010821468196809292
0.019485026597976685
-0.023532701656222343
-0.024337129667401314
-0.009091310203075409
0.042494211345911026
-0.011868501082062721
-0.029393533244729042
-0.006377962417900562
0.03628862649202347
-0.004529694095253944
0.022728275507688522
0.008529487065970898
0.007093009538948536
0.005465000867843628
0.006895094644278288
-0.018399687483906746
0.012194102630019188
-0.010144727304577827
-0.007865515537559986
0.0024962795432657003
-0.003078851383179426
0.0008626848575659096
0.012711234390735626
0.022383520379662514
-0.0010805507190525532
0.030057504773139954
-0.01596086658537388
0.000640828802715987
-0.005474577657878399
0.009155153296887875
-0.011670585721731186
0.0362120158970356
0.007507991977035999
0.024375436827540398
-0.03276446834206581
-0.016637608408927917
-0.01891043595969677
0.008676327764987946
0.031742971390485764
-0.0002152722008759156
-0.008427337743341923
-0.022498438134789467
0.012717618606984615
-0.02489895187318325
-0.013164523057639599
0.019497795030474663
-0.0202639177441597
-0.0100298086181283
0.014352011494338512
0.021374793723225594
-0.0025266052689403296
0.006895094644278288
-0.015169207938015461
0.012277099303901196
-0.008331572636961937
-0.020940657705068588
0.034960683435201645
0.02906154654920101
0.022575050592422485
0.011230066418647766
-0.009633979760110378
0.024937259033322334
-0.0002509846235625446
0.0019536102190613747
0.041217342019081116
0.01103853527456522
-0.013790189288556576
0.02409452572464943
0.010917233303189278
0.024988332763314247
0.020838508382439613
-0.013739114627242088
-0.0026654647663235664
-0.004360509105026722
0.021349254995584488
-0.020940657705068588
-0.030670402571558952
-0.012392017059028149
-0.036237552762031555
0.004727608989924192
0.02025114744901657
-0.0017971936613321304
0.01930626481771469
0.01167697086930275
0.022511206567287445
-0.006933400873094797
0.004804220981895924
-0.006818482652306557
-0.0038561455439776182
0.008689096197485924
-0.011127916164696217
-0.029929818585515022
-0.015667187049984932
-0.009474370628595352
-0.008567793294787407
-0.008638021536171436
0.011823810636997223
0.013585889711976051
0.0090530039742589
0.01032348908483982
-0.008025123737752438
0.008101736195385456
0.01060440018773079
-0.021911079064011574
-0.025345856323838234
0.005442655645310879
0.03130883723497391
0.008497565984725952
-0.017735715955495834
0.011957881972193718
-0.019127503037452698
-0.028372038155794144
-0.006741870194673538
-0.010189417749643326
-0.014849990606307983
0.015309663489460945
0.00881678331643343
-0.010151111520826817
-0.017480341717600822
0.02025114744901657
-0.01237924862653017
-0.008459259755909443
-0.01080231461673975
0.01341989729553461
-0.02004684880375862
-0.015143671073019505
-0.004226437769830227
0.027171779423952103
0.02975105680525303
-0.03156420961022377
0.001765271881595254
0.018080471083521843
-0.020097924396395683
0.00048560937284491956
-0.00605555297806859
-0.00011352166620781645
0.007182390429079533
0.000288293173070997
0.009691438637673855
0.024784034118056297
-0.004705263767391443
0.025282014161348343
-0.0046094986610114574
0.01829753816127777
-0.0022393097169697285
-0.013879570178687572
0.025256475433707237
0.043566782027482986
0.008580561727285385
-0.023673158138990402
0.01662483997642994
-0.013573121279478073
-0.025486312806606293
-0.010393716394901276
-0.0393020398914814
-0.014990446157753468
0.0010901272762566805
0.00696532242000103
0.012366480194032192
0.016650376841425896
-0.0064162686467170715
0.017454804852604866
0.021425867453217506
-0.007578219752758741
-0.013004914857447147
0.021974921226501465
0.005279854871332645
0.015169207938015461
0.0047978367656469345
0.017748484387993813
0.011568436399102211
0.028091127052903175
0.00801235530525446
0.041830241680145264
0.03021072968840599
-0.0042838966473937035
-0.011325831525027752
0.01735265552997589
0.0007098595378920436
0.013828495517373085
0.008363494649529457
-0.027759140357375145
0.0040380991995334625
0.0051042851991951466
0.03250909596681595
-0.0009313165792264044
0.018131544813513756
0.028780635446310043
0.01762079820036888
0.01345820352435112
-0.018616754561662674
-0.009570135734975338
-0.027350541204214096
0.023239022120833397
0.015079827047884464
0.00551926763728261
-0.029904279857873917
0.010221339762210846
0.02603536657989025
-0.000942489190492779
-0.0030932161025702953
0.016739757731556892
-0.005646954756230116
0.00425835931673646
0.015118133276700974
-0.0258310679346323
-0.026609957218170166
-0.018552912399172783
-0.028959397226572037
0.028627410531044006
-0.01608855463564396
0.003048525657504797
0.007488838862627745
-0.004459466319531202
-0.004564808215945959
-0.019868087023496628
0.018757211044430733
0.0216046292334795
-0.05653977394104004
-0.04481811448931694
0.010642706416547298
-0.00465738121420145
0.020276686176657677
0.010847005061805248
-0.005895944312214851
-0.010036192834377289
0.03460315987467766
-0.009308377280831337
-0.015897024422883987
-0.0031011963728815317
-0.025473544374108315
-0.0032065382692962885
0.016190703958272934
-0.014352011494338512
-0.01241755485534668
0.01689298264682293
0.008197501301765442
-0.038255006074905396
-0.01702066883444786
0.01130667794495821
-0.004424352198839188
-0.019229652360081673
0.036033254116773605
0.006160894874483347
0.013043221086263657
-0.0020701244939118624
-0.01930626481771469
-0.009716975502669811
-0.008727402426302433
-0.006508841644972563
-0.004714840091764927
0.01036817952990532
0.0022233487106859684
-0.009538214653730392
0.0035018143244087696
0.0035433124285191298
-0.020442679524421692
0.014147712849080563
0.008133658207952976
0.007769749965518713
0.0032943228725343943
0.02381361462175846
-0.002285596216097474
-0.012704850174486637
0.04170255362987518
0.005832100752741098
-0.021425867453217506
-0.01467122882604599
-0.04933823272585869
-0.0037731491029262543
0.008791245520114899
-0.028627410531044006
0.02289426699280739
-0.006259852088987827
-0.015935329720377922
-0.012104721739888191
-0.006735485978424549
-0.0009065772756002843
0.017250504344701767
-0.016203472390770912
-0.03914881497621536
0.008842320181429386
-0.014428623951971531
-0.0345776230096817
0.01990639418363571
-0.011715276166796684
-0.008082583546638489
-0.012008956633508205
-0.005493730306625366
-0.006349232979118824
-0.021847235038876534
0.008191117085516453
-0.02671210654079914
0.005889560095965862
-0.014760609716176987
-0.0004660573322325945
0.031742971390485764
-0.00738668953999877
0.001717389328405261
4.154813359491527e-05
0.011817426420748234
-0.004906370770186186
-0.025524618104100227
-0.01925518922507763
-0.007169621530920267
0.02086404524743557
0.005892752204090357
0.03130883723497391
-0.012449475936591625
0.009033850394189358
-0.015565037727355957
-0.012813383713364601
0.0022440978791564703
0.0038976436480879784
-0.014122175052762032
-0.043107111006975174
0.003287938656285405
0.02362208254635334
0.0051138619892299175
0.01335605327039957
-0.010214954614639282
-0.006349232979118824
0.03373488783836365
-0.01938287727534771
-0.01776125282049179
-0.015641650184988976
-0.016203472390770912
0.005091516766697168
0.009940427727997303
-0.023583777248859406
0.009563751518726349
-0.02059590257704258
0.0009712187456898391
0.025333087891340256
0.0030038352124392986
-0.0015889042988419533
0.01823369413614273
0.038714680820703506
-0.02321348525583744
0.0016902558272704482
0.013943413272500038
0.021694010123610497
-0.001033466192893684
-0.0011938728857785463
-0.03350505232810974
0.008146426640450954
0.040349073708057404
-0.00026036164490506053
-0.02436266839504242
0.0072206961922347546
0.0072143119759857655
-0.009876584634184837
0.0014516408555209637
-0.010706549510359764
-0.012909149751067162
0.007705906871706247
-0.005624609533697367
-0.02611197903752327
-0.007188774645328522
0.01643330790102482
-0.0023398632183670998
0.010827852413058281
-0.0032320755999535322
-0.00028430295060388744
0.015296895056962967
-0.025460775941610336
0.0032815542072057724
0.005094708874821663
-0.030849164351820946
0.039736174046993256
0.003238460049033165
0.015015983954071999
0.04045122116804123
0.014581847935914993
-0.016037479043006897
-0.010508635081350803
0.014581847935914993
-0.016637608408927917
0.026941943913698196
-0.0008810398867353797
0.0076548317447304726
-0.024196675047278404
0.01547565683722496
0.027963439002633095
-0.017940014600753784
6.908062641741708e-05
0.002676637377589941
0.0031011963728815317
0.010668243281543255
-0.013917876407504082
0.00629177363589406
-0.020940657705068588
0.02051929011940956
-0.004060444422066212
0.01944672130048275
-0.02987874299287796
-0.008120888844132423
-0.004456274211406708
0.06563108414411545
-0.01957440748810768
0.018489068374037743
0.0022536744363605976
-0.007552682422101498
-0.004842527210712433
-0.00435731653124094
-0.014071100391447544
-0.023775307461619377
0.009710591286420822
0.026865331456065178
-0.0010055346647277474
0.01315175462514162
-0.0005961384158581495
-0.03480745851993561
0.014364780858159065
-0.00881039910018444
-0.016331158578395844
0.02403068169951439
-0.00851671863347292
0.00975528173148632
0.018667830154299736
0.02105557546019554
-0.024541430175304413
0.003179404651746154
0.005512883421033621
-0.02308579906821251
0.00189774704631418
0.0012888399651274085
-0.032330334186553955
0.01649715192615986
-0.017952783033251762
-0.0013502893270924687
-0.0004141844983678311
-0.024579735472798347
0.005889560095965862
-0.002984682098031044
0.023724233731627464
-0.02226860262453556
-0.020302223041653633
0.014964909292757511
-0.00824857596307993
0.019395645707845688
0.0100298086181283
0.011945112608373165
0.01211110595613718
0.021374793723225594
-0.057918794453144073
-0.015794873237609863
-0.0038657221011817455
0.01473507285118103
-0.007303692866116762
0.031538672745227814
0.0021132188849151134
-0.024745728820562363
0.03608432784676552
-0.008108120411634445
-0.0165609959512949
-0.01796555146574974
0.012455861084163189
-0.003623116761445999
-0.02934245765209198
-0.015347969718277454
0.03720797225832939
-0.005359658971428871
0.0027484612073749304
0.009927659295499325
-0.011625895276665688
0.002874552272260189
-0.0049159470945596695
-0.029495682567358017
-0.0007425793446600437
-0.02704409323632717
0.014058331958949566
0.013075142167508602
0.0072206961922347546
-0.0011435961350798607
-0.023941300809383392
-0.015922561287879944
-0.006231122650206089
0.03399026393890381
-0.016918519511818886
0.0008674731361679733
-0.006170471198856831
-0.010783161967992783
-0.023034723475575447
0.007303692866116762
-0.019433951005339622
-0.013751883059740067
0.007891052402555943
-0.02226860262453556
-0.010176649317145348
0.021170495077967644
-0.026763182133436203
0.013100679963827133
-0.006658873986452818
-0.009129616431891918
-0.029572295024991035
-0.0012409574119374156
-0.031078999862074852
0.04527778923511505
-0.002207387937232852
-0.022996418178081512
-0.019012585282325745
0.002727712271735072
-0.050564028322696686
0.002306345384567976
0.005646954756230116
0.03473084792494774
0.005544805433601141
-0.0011204528855159879
0.03511390835046768
0.022255832329392433
-0.015233051963150501
0.006946169305592775
-0.014964909292757511
-0.016369465738534927
-0.02913815900683403
0.004469042643904686
0.0014628134667873383
-0.003974256105720997
-0.0222175270318985
-0.01649715192615986
0.04535439983010292
-0.014339243061840534
0.0006340454565361142
0.019676556810736656
-0.005541612859815359
-0.009340299293398857
0.01267931330949068
0.005407541990280151
-0.012532472610473633
-0.0012824556324630976
0.0025601231027394533
-0.009008313529193401
-0.002382957376539707
0.012257945723831654
-0.021642936393618584
-0.03243248164653778
-0.002789959544315934
0.02031499147415161
-0.008286882191896439
0.017582491040229797
0.007022781763225794
0.0008642809698358178
-0.006342848762869835
-0.009359452873468399
0.007827209308743477
-0.007680369075387716
0.005235164426267147
0.0007122536771930754
-0.005120246205478907
-0.023737002164125443
0.011159838177263737
0.01490106526762247
-0.028423111885786057
0.012072799727320671
0.013202829286456108
-0.018412455916404724
0.015015983954071999
-0.002999047050252557
-0.011670585721731186
-0.019395645707845688
-0.03049164079129696
-0.010783161967992783
0.0007334018591791391
-0.01763356663286686
-0.006502457428723574
0.028142200782895088
0.008159195072948933
-0.0002611597010400146
-0.017646335065364838
-0.01588425412774086
-0.03021072968840599
-0.0044818115420639515
0.005905520636588335
-0.026073671877384186
-0.016446078196167946
-0.0054139262065291405
-0.013292210176587105
0.005985325202345848
-0.011836579069495201
0.021017270162701607
-0.045328862965106964
0.003007027320563793
0.20021311938762665
-0.014288168400526047
0.01063632220029831
0.01804216392338276
-0.013547584414482117
-0.0034092413261532784
0.03256016969680786
0.01103215105831623
-0.014122175052762032
0.009480754844844341
-0.0035911952145397663
-0.00908492598682642
-0.020978963002562523
-0.0006915045669302344
0.004746762104332447
-0.011421596631407738
-0.047014329582452774
-0.01642053946852684
0.018259232863783836
0.013598659075796604
0.023839151486754417
0.026022598147392273
-0.011064073070883751
-0.0032193069346249104
0.02699301764369011
0.010285182856023312
-0.009359452873468399
0.008133658207952976
0.022191990166902542
0.0038146472070366144
-0.0070866248570382595
0.0013614619383588433
-0.006984475534409285
-0.009691438637673855
-0.006093859206885099
0.00046246612328104675
0.011217297054827213
0.0007433773716911674
0.017135586589574814
0.0031778085976839066
0.012966608628630638
-0.01829753816127777
-0.026431195437908173
-0.031742971390485764
-0.0005255115684121847
0.05133014917373657
-0.006875941529870033
-0.021962152794003487
0.0016934480518102646
0.0004732397210318595
-0.009225381538271904
0.04474150389432907
0.029291383922100067
0.009027466177940369
0.008503950200974941
0.027401616796851158
0.0020557597745209932
0.003447547322139144
0.018961509689688683
-0.001843480160459876
-0.008306034840643406
0.016458846628665924
-0.0012593123828992248
0.023468859493732452
-0.013024067506194115
0.0019711670465767384
-0.022038765251636505
0.008197501301765442
0.012098337523639202
-0.010546941310167313
-0.0035018143244087696
-0.006990859750658274
-0.011044920422136784
0.019880855455994606
-0.0257161483168602
-0.018527373671531677
0.005841677542775869
0.01910196617245674
0.008203885518014431
0.028218813240528107
-0.018284769728779793
-0.004666957538574934
-0.013700808398425579
0.0007082634838297963
0.009902122430503368
-0.009716975502669811
0.022153683006763458
-0.006074706092476845
0.005857638083398342
-0.04604391008615494
-0.013598659075796604
0.002740480937063694
-0.006958938203752041
-0.012870843522250652
0.002635139273479581
0.029827669262886047
0.008631637319922447
0.007616525981575251
-0.01497767772525549
0.002949568210169673
-0.024605272337794304
0.053730662912130356
0.012296251952648163
0.009799972176551819
-0.014147712849080563
0.017646335065364838
-0.01621624082326889
-0.016535459086298943
0.012845305725932121
-0.025473544374108315
-0.0039678714238107204
-0.020557597279548645
0.009506292641162872
-0.005203242879360914
-0.021247105672955513
0.02683979459106922
0.004421160090714693
-0.012264329940080643
0.028116663917899132
-0.003441162873059511
-0.01264739129692316
-0.0014356799656525254
-0.02248566970229149
0.01878274790942669
-0.023302866145968437
-0.008721018210053444
-0.048418886959552765
0.01080231461673975
-0.03370935097336769
-0.01607578620314598
0.027146242558956146
-0.022843193262815475
0.02146417461335659
0.01998300477862358
0.005643762648105621
0.002264847047626972
-0.004702071659266949
-0.014645691961050034
-0.0014596213586628437
0.014083868823945522
0.012091953307390213
-0.026456734165549278
-0.0017493109917268157
-0.004705263767391443
0.00036071561044082046
-0.006920631974935532
0.005062786862254143
-0.012296251952648163
-0.01477337907999754
-0.018999816849827766
0.020940657705068588
-0.048623185604810715
-0.012564394623041153
-0.01493937149643898
0.022511206567287445
0.008638021536171436
-0.028576336801052094
-0.011804657056927681
-0.010789546184241772
0.00039423341513611376
-0.03776979446411133
-0.0011579608544707298
0.036441851407289505
-0.00013706395111512393
0.003603963879868388
0.021770622581243515
-0.15935330092906952
0.0222175270318985
0.013113448396325111
-0.0033932803198695183
0.004009369760751724
0.0012433514930307865
0.020915120840072632
0.037923019379377365
0.005800179205834866
-0.001688659773208201
-0.0002440017560729757
-0.011115147732198238
-0.024515891447663307
-0.02240905724465847
-0.011281141079962254
0.005701221525669098
-0.037846408784389496
0.0023430553264915943
0.03447547182440758
0.014990446157753468
0.007878283970057964
0.00013038032921031117
-0.014786147512495518
-0.004251975100487471
0.0205831341445446
0.015028752386569977
-0.027554841712117195
0.001099703717045486
0.003907220438122749
-0.007514376193284988
0.013445434160530567
0.01292191818356514
0.01802939549088478
-0.004698879085481167
0.0057842181995511055
0.004331779200583696
-0.012468629516661167
-0.023251790553331375
-0.013828495517373085
0.02630350925028324
0.007290923967957497
0.009863816201686859
0.007961280643939972
-0.006004478316754103
0.018284769728779793
0.0028569952119141817
0.03424563631415367
-0.0032001538202166557
0.0273760799318552
-0.014569079503417015
0.028091127052903175
-0.010700165294110775
0.01076400838792324
-0.013841263949871063
0.01642053946852684
0.025064945220947266
-0.00316184782423079
-0.0040476759895682335
0.008120888844132423
-0.008440106175839901
-0.0003269982698839158
0.008669942617416382
0.010661859065294266
0.022370751947164536
0.029316920787096024
-0.03820393234491348
-0.028244350105524063
0.010444791056215763
-0.025690611451864243
0.0015968848019838333
-0.0039678714238107204
-0.028550799936056137
0.01262185350060463
-0.0037029210943728685
-0.012309020385146141
0.02140033058822155
-0.006684411317110062
0.03937865048646927
0.0004584759008139372
-0.02105557546019554
-0.023251790553331375
0.03235587105154991
-0.021502479910850525
-0.009263686835765839
-0.0019504179945215583
-0.01937010884284973
-0.0033581664320081472
0.009959581308066845
0.015118133276700974
0.02168124169111252
-0.004210476763546467
-0.04078320786356926
-0.023979606106877327
-0.011779120191931725
0.004919139202684164
0.026661032810807228
0.012972992844879627
-0.0020573558285832405
0.002601621439680457
-0.005998094100505114
0.021770622581243515
0.02442651055753231
-0.016407771036028862
0.004408391658216715
0.024196675047278404
-0.004041291773319244
-0.005391580983996391
0.01419878751039505
0.013585889711976051
0.007188774645328522
-0.02962336875498295
0.01998300477862358
0.006946169305592775
-0.0046797264367341995
0.009863816201686859
0.01184296328574419
-0.012609085068106651
-0.003639077767729759
0.005563958082348108
-0.024324361234903336
0.05914459004998207
0.013547584414482117
-0.018463531509041786
0.009889353066682816
-0.026482271030545235
-0.011057688854634762
-0.09842108935117722
-0.04632481932640076
0.01957440748810768
0.01181104127317667
0.00213716016151011
0.016905751079320908
-0.003948718309402466
0.011287525296211243
-0.030670402571558952
0.017416497692465782
-0.015718262642621994
-0.02267719991505146
-0.01889766752719879
0.005733143538236618
-0.012008956633508205
0.015143671073019505
-0.002529797377064824
-0.010885311290621758
-0.021579092368483543
0.017710179090499878
-0.0027356925420463085
0.012704850174486637
0.0017556954408064485
-0.011708891950547695
-0.0002176663256250322
0.005062786862254143
-0.041625943034887314
0.005072363652288914
0.021515248343348503
0.0016096534673124552
-0.017518647015094757
-0.009378605522215366
-0.0005358860944397748
-0.01876997947692871
0.029393533244729042
-0.011996188201010227
-0.011230066418647766
-0.0009943620534613729
0.025064945220947266
-0.009940427727997303
0.005005327984690666
0.020417140796780586
0.024260517209768295
-0.03212603181600571
0.0065184179693460464
-0.017467573285102844
-0.012481397949159145
0.020825739949941635
-0.0004365297209005803
-0.03340290114283562
-0.010930001735687256
-0.01341989729553461
-0.035088371485471725
-0.008497565984725952
-0.002410090994089842
0.020698051899671555
-0.001142798108048737
0.003677383763715625
-0.014326474629342556
-0.02995535545051098
0.011453518643975258
-0.0044977725483477116
-0.014479698613286018
0.03506283462047577
0.015935329720377922
0.005193666089326143
-0.01473507285118103
-0.008395415730774403
0.004539270419627428
0.0029830860439687967
0.017416497692465782
-0.002052567433565855
0.0042998576536774635
-0.015386275947093964
-0.006365193985402584
0.02537139505147934
-0.029087083414196968
0.0010661858832463622
-0.007124931085854769
-0.0024404164869338274
-0.0013431069673970342
-0.012130258604884148
-0.028448648750782013
-0.009467986412346363
0.004682918544858694
0.009985118173062801
0.0100298086181283
0.004523309879004955
0.005717182531952858
-0.009978733956813812
-0.0050979009829461575
0.028755098581314087
-0.0009768051095306873
-0.0056022643111646175
0.01393064484000206
0.0029543566051870584
0.015105364844202995
-0.011651433072984219
-0.016203472390770912
0.0065343789756298065
-0.03585449233651161
-0.010036192834377289
-0.058787066489458084
0.01668868213891983
0.0030644864309579134
-0.009768051095306873
-0.004982982762157917
0.009863816201686859
0.03460315987467766
0.003875298658385873
0.008095351979136467
-0.013739114627242088
-0.028806172311306
-0.010578862391412258
-0.024809570983052254
-0.0021706779953092337
-0.01783786527812481
-0.02773360349237919
0.026941943913698196
0.005886367987841368
0.012641007080674171
0.00759098818525672
0.016739757731556892
0.006263044197112322
0.020161766558885574
0.01977870613336563
-0.01804216392338276
0.000900990969967097
0.0037188821006566286
-0.009768051095306873
-0.017339885234832764
0.02004684880375862
0.007303692866116762
-0.014492467045783997
-0.01797831989824772
0.02105557546019554
-0.001545810024254024
-0.024605272337794304
0.00708024064078927
0.038663603365421295
0.013202829286456108
0.05996178463101387
-0.021106651052832603
-0.01423709373921156
0.029419070109725
-0.02228137105703354
-0.018450763076543808
-0.003383703762665391
-0.014032794162631035
2.980193130497355e-05
0.0030166038777679205
-0.008727402426302433
0.023941300809383392
0.020136229693889618
-0.00019093186710961163
-0.021974921226501465
-0.008408185094594955
0.030057504773139954
0.012155796401202679
0.004098750650882721
-0.011651433072984219
-0.014620154164731503
0.0314875990152359
-0.009870200417935848
0.004899986088275909
-0.006888710428029299
0.013585889711976051
-0.005449039861559868
-0.007010012865066528
-0.007310077082365751
-3.5188724723411724e-05
0.00027233228320255876
0.015501194633543491
0.0021690819412469864
0.003926373086869717
0.008797629736363888
0.019216883927583694
0.0011380098294466734
-0.005892752204090357
-0.0010198993841186166
-0.013943413272500038
0.026814257726073265
0.00711854686960578
0.004319010768085718
-0.02516709454357624
0.01796555146574974
0.03324967995285988
-0.0020701244939118624
-0.00145483308006078
0.00669717974960804
-0.014415855519473553
0.006144933868199587
-0.01211110595613718
0.026609957218170166
-0.012060031294822693
0.011485439725220203
0.0025393739342689514
-0.0018594410503283143
0.022600587457418442
-0.036978136748075485
0.01984255015850067
0.011064073070883751
0.031104538589715958
-0.00804427731782198
0.007686753757297993
-0.030312879011034966
-0.02663549594581127
0.01345820352435112
-0.03991493582725525
-0.04259636253118515
-0.006106627639383078
0.021617397665977478
0.0016663145506754518
0.0026606766041368246
0.038714680820703506
-0.0042455908842384815
-0.025856604799628258
-0.0019280727719888091
0.008906164206564426
-0.017480341717600822
-0.01884659193456173
0.024056218564510345
-0.019012585282325745
0.015526731498539448
0.03138544782996178
-0.013879570178687572
0.011549283750355244
0.00877847708761692
0.029240308329463005
-0.023864688351750374
0.011702507734298706
0.00284422654658556
-0.02073635905981064
0.012947455048561096
-0.011498209089040756
-0.02699301764369011
-0.012187718413770199
-0.004156209994107485
0.016190703958272934
0.02032775990664959
-0.024643579497933388
0.08509057760238647
0.0024611656554043293
-0.015705492347478867
0.013253903947770596
-0.007642063312232494
-0.004485003650188446
0.00454246299341321
-0.004660573322325945
-0.010751239955425262
0.0032975152134895325
0.015309663489460945
-0.0028777443803846836
0.003565657651051879
-0.028448648750782013
-0.001380615052767098
0.0003890461230184883
-0.015462888404726982
0.023468859493732452
-0.026405658572912216
0.00827411375939846
0.03404133766889572
-0.0039295656606554985
-0.020366067066788673
-0.0024994718842208385
-0.026086442172527313
0.015437350608408451
0.028908323496580124
-0.00948713906109333
-0.0011994591914117336
-0.028499724343419075
0.0003269982698839158
-0.0024005144368857145
-0.03197281062602997
-0.028806172311306
0.005959787871688604
-0.01241755485534668
-0.005969364196062088
-0.014364780858159065
-0.012960224412381649
-0.005563958082348108
0.010610784403979778
0.02053206041455269
-0.03876575455069542
-0.038586992770433426
-0.022115377709269524
-0.007424995303153992
-0.0222175270318985
0.00440519955009222
-0.006671642418950796
