-0.011113625019788742
-0.028731858357787132
0.010904412716627121
-0.015824077650904655
-0.025739485397934914
-0.0001738485152600333
-0.031318485736846924
-0.015050625428557396
-0.012945819646120071
-0.036669258028268814
-0.0023790004197508097
0.009896388277411461
-0.008780587464571
0.0256000105291605
-0.00317147234454751
0.0012077271239832044
0.029923737049102783
-0.015849437564611435
0.0103338323533535
-0.01912076026201248
-0.03050699643790722
0.0015738491201773286
-0.018892528489232063
-0.008831306360661983
-0.02076910249888897
0.008248046971857548
0.01792888343334198
-0.01937435194849968
0.0029448254499584436
-0.0028465588111430407
-0.01134185679256916
-0.00973789393901825
-0.0007362063624896109
-0.0034234782215207815
-0.017421700060367584
0.006431701593101025
0.021453797817230225
0.023824872449040413
0.03433622047305107
0.0009961370378732681
0.03355008736252785
0.004897475708276033
0.002789500867947936
-0.0022442801855504513
-0.011868057772517204
0.003344231052324176
-0.004054286051541567
-0.015469050034880638
-0.036796052008867264
0.015697281807661057
0.0031017346773296595
0.031039535999298096
-0.009008820168673992
0.006834276951849461
-0.011823679320514202
-0.002087370725348592
-0.00487528694793582
-0.0069103543646633625
-0.017269546166062355
-0.011170683428645134
0.0004003963840659708
-0.013643194921314716
-0.031090255826711655
0.02226528897881508
0.00861575361341238
0.033727601170539856
-0.01730758510529995
-0.00036156526766717434
-0.020084405317902565
0.023774154484272003
0.01740902103483677
0.02438277378678322
-0.005271522793918848
0.006688462104648352
0.018537500873208046
-0.009871029295027256
-0.02330501191318035
-0.030912742018699646
0.0005357109475880861
0.028376830741763115
0.0028798426501452923
0.023495204746723175
-0.026677772402763367
-0.0023092629853636026
-0.005826252978295088
-0.0007476971950381994
0.010777616873383522
0.01715542934834957
-0.0020493322517722845
-0.002445568097755313
-0.011126304976642132
0.01937435194849968
0.01576068066060543
0.02505479007959366
-0.02500407211482525
0.006444381084293127
-9.262014646083117e-05
0.03271323814988136
-0.017865484580397606
-0.04052383825182915
0.007480934262275696
0.00794373732060194
-0.02743854559957981
-0.0009034178801812232
-0.026728490367531776
0.002941655460745096
-0.012204065918922424
0.004640715196728706
0.004187420941889286
-0.02532106079161167
-0.008133931085467339
0.02154255472123623
-0.008603074587881565
-0.006314415484666824
0.020261919125914574
-0.02567608654499054
0.020490150898694992
-0.016229823231697083
0.005195445381104946
-0.01945042796432972
0.03169887512922287
0.006063994485884905
0.026728490367531776
0.021035373210906982
0.03621279448270798
0.001854384085163474
-0.022430121898651123
-0.004678753670305014
-0.007918378338217735
-0.029543349519371986
-0.008863004855811596
0.006491929292678833
-0.014264493249356747
-0.007899358868598938
-0.010524026118218899
-0.0019954440649598837
-0.008533337153494358
0.029594067484140396
-0.035046275705099106
-0.04280615970492363
0.008184649050235748
0.014074299484491348
-0.011570088565349579
-0.023951668292284012
-0.020376035943627357
0.012425958178937435
0.02360932156443596
0.04407411441206932
0.007702826056629419
-0.01212798897176981
0.018017640337347984
-0.04298367351293564
0.018765732645988464
-0.0012449732748791575
0.016293220221996307
-0.01007390208542347
0.016698965802788734
0.005582171492278576
-0.007430215831845999
0.003654880216345191
-0.009503322653472424
0.0021016353275626898
0.009604758583009243
0.020059047266840935
0.010809315368533134
0.00957306008785963
0.01374463178217411
0.007981776259839535
0.00014125810412224382
0.0012671625008806586
0.029847659170627594
0.011443293653428555
-0.030811304226517677
0.020680345594882965
-0.00821634754538536
0.032586440443992615
-0.011620806530117989
0.0006422984297387302
-0.02417990006506443
-0.014987227506935596
-0.01313601341098547
0.004051115829497576
0.001863893703557551
0.015481729991734028
-0.002905201632529497
0.0036358607467263937
0.0023805852979421616
-0.0019051022827625275
0.0015231309225782752
-0.0070498292334377766
0.017814766615629196
0.014758995734155178
-0.029543349519371986
0.0030985649209469557
-0.6366147994995117
-0.012533734552562237
0.005610700696706772
0.0012893517268821597
0.0011554239317774773
0.005861121695488691
0.023228934034705162
0.0012814269866794348
0.01458148192614317
-0.021035373210906982
0.004304707050323486
0.001985934330150485
0.003509065369144082
-0.019513826817274094
-0.016825761646032333
-0.03154671937227249
0.002409114269539714
-0.028478268533945084
-0.0038989614695310593
-0.001065874588675797
-0.025333739817142487
0.04534206911921501
-0.0010531950974836946
0.01852482184767723
-0.007455574814230204
0.004986232612282038
0.01775136962532997
-0.016597529873251915
0.01006122212857008
0.0015476974658668041
-0.010168998502194881
0.02748926356434822
0.02624666690826416
0.030177326872944832
0.04326262325048447
0.025878960266709328
-0.0360606387257576
0.009205352514982224
0.022671034559607506
0.02634810283780098
0.005128877703100443
-0.01380802970379591
0.021048052236437798
-0.0006870731012895703
0.00758871017023921
0.005055970512330532
0.019057363271713257
-0.017662612721323967
0.014961868524551392
0.03301754593849182
-0.010168998502194881
-0.010993169620633125
0.011696884408593178
-0.0025660237297415733
0.008856665343046188
-0.011925116181373596
-0.004304707050323486
-0.004786530043929815
0.006380983162671328
0.021694708615541458
-0.004285687580704689
-0.007030810229480267
-0.010872713290154934
-0.03278931602835655
-0.025460535660386086
0.02435741387307644
-0.01305993553251028
0.011817339807748795
0.02652561664581299
-0.038013290613889694
0.008710850030183792
0.007163945585489273
0.0015350179746747017
-0.010302133858203888
0.021098770201206207
-0.011912436224520206
0.03286539018154144
-0.01593819260597229
-0.005141557194292545
0.008222687989473343
-0.0002868747978936881
-0.028731858357787132
-0.026804568246006966
0.0006621102220378816
0.002713423455134034
-0.0314706414937973
0.001402675174176693
-0.012533734552562237
0.0024011896457523108
0.028402190655469894
-0.013554438017308712
0.000582466775085777
0.01256543304771185
-0.01890520751476288
0.01563388481736183
0.03687212988734245
0.004098664503544569
-0.008064193651080132
-0.015025266446173191
-0.025853600353002548
0.010435269214212894
-0.0026864795945584774
0.006758200004696846
0.006479249801486731
0.010016843676567078
0.009617438539862633
0.01229916326701641
-0.006618724670261145
0.051859356462955475
-0.020629627630114555
-0.007474594283849001
-0.03864726796746254
-0.014188415370881557
0.0032459646463394165
-0.013820708729326725
-0.03458981215953827
0.012457657605409622
-0.004231799393892288
-0.003886281978338957
-0.0020334827713668346
0.014480045065283775
0.01606498844921589
0.013922145590186119
-0.004960873629897833
-0.02741318568587303
0.005246163345873356
-0.024712441489100456
8.29618948046118e-05
-0.012216745875775814
-0.019057363271713257
0.005274692550301552
0.0015001491410657763
0.010872713290154934
-0.005252503324300051
0.01743438094854355
-0.007259042002260685
0.0026088173035532236
-0.014480045065283775
0.007690146565437317
-0.02335572987794876
-0.011151663959026337
-0.02769213542342186
0.019234877079725266
-0.022024376317858696
-0.0430343896150589
-0.042070746421813965
-0.004583657253533602
0.01596355251967907
-0.028072522953152657
0.03337257355451584
-0.02198633924126625
0.0018448744667693973
-0.035274505615234375
-0.008254386484622955
0.013097974471747875
-0.008311444893479347
-0.005246163345873356
-0.0067898984998464584
-0.025105508044362068
-0.012914121150970459
0.001863893703557551
-0.016749683767557144
-0.026677772402763367
0.009598419070243835
-0.011715903878211975
0.00408915476873517
0.011513031087815762
0.011151663959026337
-0.01751045696437359
-0.03694820776581764
0.004060625564306974
0.02611987106502056
0.005363449454307556
0.023026062175631523
0.016927197575569153
0.0011554239317774773
0.0029479952063411474
-0.0006228828569874167
-0.013034576550126076
-0.011582768522202969
-0.0005935613880865276
0.029695505276322365
-0.037962570786476135
-0.007271721493452787
0.008406541310250759
0.018955925479531288
-0.014277172274887562
0.021200206130743027
0.007373157888650894
-0.0010563649702817202
-0.0015825662994757295
0.0037531466223299503
-0.01735830307006836
0.010657161474227905
-0.0016142651438713074
0.018930567428469658
-0.011430613696575165
-0.006891334895044565
-0.006992771290242672
0.007639428600668907
0.03877406194806099
-0.0039845481514930725
0.03502091392874718
0.007100547663867474
-0.0016800402663648129
0.0075379922054708
-0.0017529476899653673
0.0036675597075372934
0.038140084594488144
0.012432297691702843
0.006102032959461212
-0.007354138419032097
-0.006371473427861929
-0.011880737729370594
-0.0007163945119827986
0.01994493044912815
0.010695199482142925
-0.007829621434211731
0.007005451247096062
0.02888401411473751
-0.006453890819102526
-0.026753848418593407
0.011544729582965374
-0.014213775284588337
-0.0010175338247790933
0.010549385100603104
0.005252503324300051
0.011113625019788742
-0.0018195153679698706
0.002168203005567193
-0.0007532445015385747
0.01135453674942255
-0.027844291180372238
0.029619427397847176
0.02071838453412056
0.011753941886126995
0.02609451301395893
0.008406541310250759
0.04536742717027664
-0.013313527218997478
0.018093716353178024
0.031014177948236465
0.010974150151014328
-0.019082721322774887
0.0317242331802845
0.0017529476899653673
0.0037119381595402956
0.0120138730853796
-0.011868057772517204
-0.00866647157818079
0.005097178742289543
0.0065046087838709354
-0.004713622387498617
-0.02634810283780098
0.0002357603661948815
-0.03552809730172157
0.016863800585269928
0.02908688597381115
-0.007335119415074587
0.01957722380757332
-0.000567409850191325
0.02298802323639393
-0.014644879847764969
0.004494900349527597
0.003642200492322445
0.006720161065459251
0.00794373732060194
-0.0023568111937493086
-0.04100566357374191
-0.031318485736846924
0.009680835530161858
-0.011481331661343575
0.004244479350745678
0.015278857201337814
0.017497777938842773
0.003043091855943203
0.009871029295027256
-0.02748926356434822
0.010929771699011326
0.00519861513748765
-0.029264399781823158
-0.040954943746328354
0.008520657196640968
0.0041335332207381725
-0.007030810229480267
-0.004165232181549072
0.004656564444303513
-0.023064101114869118
-0.009370187297463417
0.03570561110973358
-0.009794951416552067
-0.019780097529292107
0.0015429427148774266
-0.0029464103281497955
-0.0023171876091510057
-0.02278514951467514
0.031115613877773285
-0.008958101272583008
-0.0030621110927313566
-0.0034139687195420265
0.009376526810228825
-0.02392631024122238
0.012876082211732864
0.001057157409377396
0.020959295332431793
0.021796144545078278
-0.030684510245919228
0.009211692959070206
0.0008249632082879543
-0.028351472690701485
0.005055970512330532
-0.0055219437927007675
-0.025714125484228134
0.021846864372491837
0.018347308039665222
0.00972521398216486
0.029670145362615585
0.008412880823016167
0.020528189837932587
0.010625462047755718
0.00890104379504919
0.0008804362150840461
-0.01456880196928978
0.010993169620633125
0.054572779685258865
-0.0006062409374862909
-0.02896009013056755
0.029847659170627594
-0.016331259161233902
-0.012571773491799831
-0.005223974119871855
-0.04311046749353409
0.013503720052540302
-0.004688263405114412
-0.00573432631790638
0.002567608840763569
0.011303817853331566
-0.004767510574311018
0.00956038013100624
0.005135217681527138
-0.005233483854681253
-0.003550273831933737
0.03740467131137848
0.02056622877717018
0.008038834668695927
0.013668553903698921
0.0017228337237611413
0.024611005559563637
0.013300847262144089
-0.001694304752163589
0.046407151967287064
0.027134235948324203
-0.015976231545209885
-0.020528189837932587
0.010118280537426472
0.02265835553407669
0.014492725022137165
0.01307261548936367
-0.021403079852461815
0.0028164449613541365
0.009097577072679996
0.058680955320596695
0.0017957411473616958
0.005065479781478643
0.0040828147903084755
0.012578113004565239
0.008571375161409378
0.012876082211732864
0.026855286210775375
-0.03453909233212471
0.01743438094854355
-0.0010936111211776733
-0.00035998033126816154
-0.011551069095730782
0.014708276838064194
0.02330501191318035
-0.018372666090726852
0.016026949509978294
0.011303817853331566
-0.008330464363098145
-0.002727688057348132
0.019742058590054512
-0.013769990764558315
-0.03332185745239258
-0.03322041779756546
-0.018296590074896812
0.018017640337347984
-0.005246163345873356
0.0030922251753509045
-0.005794554017484188
-0.015747999772429466
0.00015037153207231313
-0.04321190342307091
0.03141992166638374
0.008203668519854546
-0.06568006426095963
-0.021136809140443802
-0.015481729991734028
0.0077281855046749115
0.020553549751639366
0.012286483310163021
-0.00978861190378666
-0.01748509891331196
0.025891639292240143
-0.01079663634300232
-0.002998713403940201
-0.014708276838064194
-0.02139039896428585
-0.011893417686223984
0.021301642060279846
-0.016648247838020325
-0.006102032959461212
0.014797033742070198
0.01810639724135399
-0.02898545004427433
-0.008114911615848541
0.019742058590054512
-0.004957703873515129
-0.020452113822102547
0.016965236514806747
0.0057374960742890835
0.012964839115738869
0.028072522953152657
-0.018220512196421623
0.007011790759861469
-0.0013170881429687142
-0.0027308580465614796
-0.018955925479531288
0.02438277378678322
0.016775043681263924
-0.01035919226706028
0.023520564660429955
-0.014315211214125156
-0.01609034836292267
0.004570977762341499
-0.011950475163757801
-0.018144434317946434
-0.006802578456699848
0.017015954479575157
-0.0026246667839586735
0.0006062409374862909
0.04295831173658371
0.02097197435796261
0.0007857358432374895
0.0024851916823536158
-0.035096991807222366
-0.0010389306116849184
0.004415653180330992
-0.00758871017023921
0.010606442578136921
-0.003727787407115102
0.0018068357603624463
0.0038514130283147097
0.010105600580573082
0.006273207254707813
0.020502831786870956
-0.016914518550038338
-0.026652412489056587
-0.011024868115782738
-0.019488466903567314
-0.015316895209252834
0.00994710624217987
-0.013934824615716934
-0.004808719269931316
-0.025967717170715332
-0.009344828315079212
0.02133968099951744
-0.020807139575481415
0.03590848296880722
-0.025219622999429703
-0.016217144206166267
-0.01034651231020689
0.002489946549758315
0.023190895095467567
-0.00583893246948719
-3.6998528230469674e-05
-0.021872222423553467
0.018410705029964447
-0.007918378338217735
-0.018664296716451645
-0.004060625564306974
-0.0017053993651643395
0.005223974119871855
-0.017015954479575157
0.03852047026157379
-0.00020346714882180095
-0.007151265628635883
-0.012476676143705845
-0.006149581633508205
-0.014429327100515366
-0.007423876319080591
-0.028605062514543533
-0.033829037100076675
0.01389678567647934
0.026855286210775375
-0.003049431601539254
0.013884106650948524
-0.017041314393281937
-0.0021174848079681396
0.034031908959150314
-0.013351565226912498
-0.03301754593849182
-0.024496888741850853
0.006108372937887907
-0.004796039313077927
0.003025657497346401
-0.016179105266928673
0.006669443100690842
-0.04584924876689911
-0.020274600014090538
0.021808825433254242
0.008875684812664986
0.014606840908527374
0.005861121695488691
0.04300903156399727
-0.02903616800904274
0.009034179151058197
-0.01451808400452137
0.012679548934102058
0.012495695613324642
0.002345716580748558
-0.028706500306725502
-0.011969494633376598
0.04138604924082756
-0.02288658730685711
-0.0021349191665649414
-0.014112338423728943
0.003325211815536022
-0.016445375978946686
0.012521054595708847
-0.0021967319771647453
-0.013262808322906494
0.03763290122151375
-0.019729379564523697
-0.03187638521194458
-0.012660530395805836
-0.004472711123526096
0.013655874878168106
0.007151265628635883
0.018740374594926834
0.010276774875819683
0.01596355251967907
-0.008406541310250759
0.01219138689339161
0.014264493249356747
-0.03043091855943203
0.025244982913136482
0.012248444370925426
0.041994668543338776
0.014847752638161182
-0.011259439401328564
-0.026627054437994957
0.008089552633464336
0.018892528489232063
-0.008685491047799587
0.022468160837888718
0.000612976960837841
-0.01512670237571001
-0.02410382404923439
0.0317242331802845
0.03451373428106308
-0.0322314128279686
-0.0033474010415375233
-0.001149876625277102
-0.0044473521411418915
0.004631205461919308
-0.007436555810272694
-0.003211095929145813
-0.019640622660517693
0.04156356304883957
-0.0016221898840740323
0.005141557194292545
-0.014239134266972542
-0.015900155529379845
-0.009110256098210812
0.039458759129047394
0.0012457657139748335
0.00817830953747034
0.00013442304043564945
-0.025866281241178513
-0.009966125711798668
0.010371871292591095
-0.017396342009305954
-0.000774245010688901
-0.01939970999956131
0.019742058590054512
-0.011189701966941357
0.020490150898694992
-0.008171969093382359
-0.03055771440267563
0.008812286891043186
-0.0180303193628788
-0.008222687989473343
0.018093716353178024
0.0036041620187461376
0.001756117562763393
0.034006550908088684
0.005376128945499659
-0.01733294315636158
0.01728222519159317
-0.006419021636247635
-0.019716698676347733
0.019589902833104134
0.004555128049105406
-0.03608599677681923
0.01917147822678089
-0.03689748793840408
-0.022544238716363907
-0.0019906891975551844
-0.004992572590708733
-0.01273660734295845
-0.010676180943846703
0.018296590074896812
-0.006114712450653315
-0.029670145362615585
-0.011582768522202969
-0.003220605431124568
0.0302787646651268
-0.010834675282239914
0.01245131716132164
0.007576030679047108
-0.006000596564263105
-0.03717643767595291
-0.015519767999649048
-0.012730267830193043
0.0027356126811355352
0.003639030735939741
0.0363142304122448
0.002443983219563961
-0.012032892554998398
0.02771749533712864
-0.013503720052540302
-0.029467273503541946
-0.03210461884737015
0.01800495944917202
0.006891334895044565
-0.007030810229480267
0.008298764936625957
0.0014692427357658744
0.010802975855767727
0.00041050041909329593
0.013541758991777897
-0.006187620107084513
-0.003149283118546009
-0.0061210524290800095
-0.031115613877773285
-0.005176425911486149
-0.02893473207950592
0.025929678231477737
-0.01040991023182869
0.014708276838064194
-0.003401289228349924
-0.02898545004427433
0.005949878599494696
-0.005626549944281578
0.010416249744594097
-0.030988818034529686
-0.00045210518874228
-0.004983062855899334
-0.017941562458872795
-0.018042998388409615
-0.005195445381104946
-0.01733294315636158
-0.027971085160970688
0.0023409617133438587
-0.027083517983555794
-0.003578802803531289
0.014061620458960533
-0.01006122212857008
0.006720161065459251
-0.011994853615760803
-0.00344883743673563
-0.02487727627158165
-0.003927490208297968
-0.030760586261749268
0.029771581292152405
0.00030014870571903884
-0.019742058590054512
-0.019133439287543297
-8.999508281704038e-05
-0.047624386847019196
0.004827738273888826
0.011322837322950363
0.03831759840250015
0.013402284123003483
8.613178215455264e-05
0.02911224588751793
0.03174959123134613
-0.017573855817317963
-0.004047946073114872
-0.02632274478673935
-0.0004156514769420028
-0.035299863666296005
0.0052144648507237434
-0.006542647257447243
-0.014226454310119152
-0.015507088974118233
-0.004577317275106907
0.03568025305867195
-0.0035883125383406878
0.023850232362747192
0.013643194921314716
-0.0005222389590926468
-0.021010013297200203
0.013630515895783901
0.013085294514894485
0.020008329302072525
0.008032494224607944
0.006656763609498739
-0.012362560257315636
-0.004656564444303513
0.016420016065239906
-0.006114712450653315
-0.029467273503541946
0.00029915812774561346
0.018359987065196037
-0.02029995806515217
0.027032800018787384
-0.010092921555042267
0.0010096090845763683
-0.005100348498672247
-0.015367614105343819
-0.008843985386192799
-0.0301519688218832
0.028706500306725502
0.016889160498976707
0.020654985681176186
-0.030050532892346382
0.006327094975858927
0.019767416641116142
-0.03717643767595291
0.00583893246948719
0.01172858290374279
-0.007030810229480267
0.02017316222190857
0.0034361579455435276
-0.020008329302072525
-0.008127591572701931
-0.04029560834169388
-0.018119076266884804
0.018791092559695244
-0.010790296830236912
0.01217870693653822
-0.0029020318761467934
-0.013034576550126076
0.013085294514894485
-0.006498269271105528
-0.0031984164379537106
-0.011582768522202969
-0.02619594894349575
0.004777020309120417
-0.03212997689843178
-0.01172858290374279
-0.002130164299160242
-0.018867168575525284
0.024813877418637276
-0.016863800585269928
-0.008330464363098145
-0.03578168898820877
0.011436953209340572
0.21463941037654877
-0.007328779436647892
-0.0006335812504403293
0.013440322130918503
0.005537793040275574
0.0032000013161450624
0.038038648664951324
0.0006189204868860543
-0.011500351130962372
0.009554040618240833
-0.014619520865380764
-0.008710850030183792
-0.017840126529335976
0.00784230139106512
-0.0031920764595270157
-0.012952160090208054
-0.04546886309981346
-0.007119567133486271
0.01870233565568924
0.012540074065327644
0.02606915310025215
0.02022388204932213
-0.009649137035012245
-0.00961109809577465
0.03352472931146622
-0.005281032528728247
-0.010536705143749714
0.010276774875819683
0.018715014681220055
0.008824965916574001
-0.015557806938886642
0.0016657757805660367
-0.01105656661093235
-0.008932742290198803
-0.021948300302028656
0.006184450350701809
0.01252739503979683
-0.00249945605173707
0.001947895740158856
0.006450720597058535
0.040777429938316345
-0.009332148358225822
-0.002252205042168498
-0.02407846413552761
-0.011449633166193962
0.05023637413978577
-0.005610700696706772
-0.01855017989873886
-0.0023504714481532574
-0.003363250521942973
-0.028173958882689476
0.054623499512672424
0.02609451301395893
0.012914121150970459
0.006517288275063038
0.015747999772429466
0.027362467721104622
-0.004903815686702728
0.016876479610800743
-0.01234988123178482
-0.00890104379504919
0.023748796433210373
3.127787203993648e-05
0.010676180943846703
-0.012318181805312634
0.011024868115782738
-0.03311898186802864
-0.008507977239787579
0.0028925221413373947
-0.022328685969114304
0.016673607751727104
0.004288857337087393
-0.0066440836526453495
0.0251308660954237
-0.011360876262187958
-0.016318580135703087
0.005132047459483147
0.018879849463701248
0.014606840908527374
0.025587331503629684
-0.011481331661343575
-0.003212680807337165
-0.024217939004302025
-0.005360279697924852
0.004967213608324528
-0.025663407519459724
0.002619911916553974
-0.012051912024617195
0.020376035943627357
-0.028605062514543533
0.002597722690552473
0.01162714697420597
-0.0030383369885385036
-0.03187638521194458
0.020236561074852943
0.017218828201293945
-0.014391288161277771
0.033829037100076675
-0.02019852213561535
-0.0010508176637813449
-0.02544785477221012
0.0225822776556015
0.008869344368577003
-0.005559982266277075
-0.006758200004696846
-0.006444381084293127
-0.029695505276322365
0.010435269214212894
0.00990906823426485
-0.02156791277229786
-0.008672812022268772
-0.007499953266233206
0.0018797431839630008
-0.01389678567647934
-0.0027007439639419317
-0.009503322653472424
0.0046819234266877174
-0.0010524025419726968
0.029796941205859184
0.005217634607106447
-0.015266177244484425
0.003372760023921728
-0.012996538542211056
0.003188906703144312
0.005810403265058994
-0.011918776668608189
-0.050515323877334595
0.009902727790176868
-0.02746390365064144
-0.012356220744550228
0.01849946193397045
-0.014302531257271767
0.03032948262989521
0.012051912024617195
0.0070498292334377766
-0.018093716353178024
0.007087868172675371
0.002521645277738571
0.007360478397458792
0.01519010029733181
0.02154255472123623
-0.001455770805478096
-0.005525113549083471
-0.011823679320514202
0.013097974471747875
-0.0042983670718967915
0.010454288683831692
-0.0017640423029661179
-0.0193489920347929
-0.00011698865273501724
-0.007912038825452328
-0.03778505697846413
-0.002697574207559228
-0.03149599954485893
0.018436064943671227
0.022531559690833092
-0.03890085592865944
-0.016825761646032333
0.02557465061545372
0.004431502427905798
-0.03568025305867195
-0.0009723629336804152
0.04293295368552208
-0.0037911853287369013
-0.007030810229480267
0.014860431663691998
-0.1569221019744873
0.016052309423685074
0.01268588937819004
0.004580487031489611
0.018195154145359993
-0.010543045587837696
0.022823188453912735
0.014961868524551392
-0.013884106650948524
-0.013972863554954529
-0.007138586137443781
0.011462312191724777
-0.018968606367707253
-0.04696505144238472
-0.01234988123178482
-0.011031207628548145
-0.0372525155544281
0.008983460254967213
0.023241613060235977
0.006453890819102526
0.02606915310025215
-0.004282517824321985
-0.029340477660298347
0.012444977648556232
0.007664787583053112
0.013326206244528294
-0.024611005559563637
0.007005451247096062
-0.01576068066060543
-0.013503720052540302
0.016293220221996307
0.0031857367139309645
0.03329649567604065
0.01240059919655323
-0.01640733703970909
0.008558696135878563
-0.025143546983599663
-0.013757310807704926
-0.023368408903479576
0.009268750436604023
0.010149979032576084
0.005046460777521133
0.008913722820580006
0.005281032528728247
0.02201169729232788
0.021022692322731018
0.02482655830681324
0.0013804859481751919
0.010067562572658062
-0.017687970772385597
0.04260328412055969
-0.0009684005635790527
-0.005661418661475182
-0.0017085692379623652
0.021707387641072273
0.019805455580353737
0.004716792143881321
-0.012432297691702843
0.00651094876229763
-0.018347308039665222
-0.01211530901491642
0.00550292432308197
0.0059213493950665
0.022797830402851105
0.02632274478673935
-0.03063379041850567
-0.006060824729502201
0.025118187069892883
-0.026677772402763367
0.00800713524222374
0.00506231002509594
-0.032434288412332535
0.01378266979008913
0.007043489720672369
-0.0013448246754705906
0.003610501764342189
-0.006745520047843456
0.03633958846330643
-0.007170285098254681
-0.00329668284393847
-0.025929678231477737
0.05812305584549904
-0.011937796138226986
-0.01745973899960518
0.006314415484666824
-0.01648341491818428
-0.0167116466909647
-0.0090151596814394
0.03590848296880722
0.00935116782784462
0.008159290067851543
-0.039281245321035385
-0.008374841883778572
0.001503319013863802
0.0054236771538853645
0.02611987106502056
0.001263992628082633
-0.017244186252355576
0.0346151702105999
-0.01450540404766798
0.010403569787740707
0.02161863073706627
-0.019805455580353737
-0.004910155665129423
0.02024924010038376
0.0018512142123654485
0.012121649459004402
0.02164399065077305
0.009763252921402454
0.004263498354703188
-0.02575216442346573
0.0033537407871335745
0.014442007057368755
0.018740374594926834
0.023241613060235977
0.013364245183765888
-0.011969494633376598
-0.014048940502107143
0.012216745875775814
-0.00725270202383399
0.0626876950263977
0.0036834091879427433
-0.01034651231020689
0.0030177326407283545
-0.008507977239787579
-0.032459646463394165
-0.09971197694540024
-0.029873019084334373
0.007024470251053572
0.029391195625066757
0.02278514951467514
0.017713330686092377
-0.007785243447870016
0.00013739480345975608
-0.008710850030183792
0.009211692959070206
-0.042222898453474045
-0.023038741201162338
-0.006165430881083012
0.017269546166062355
-0.00990906823426485
0.013212090358138084
0.005119367968291044
0.0061907898634672165
-0.004716792143881321
0.02061694674193859
0.011937796138226986
0.008913722820580006
-0.00017216450942214578
-0.011570088565349579
-0.010213376954197884
0.019551865756511688
-0.03433622047305107
0.010663500986993313
0.017053993418812752
-0.003090640064328909
-0.018562860786914825
-0.024192580953240395
-0.003718277905136347
-0.007753544487059116
0.031039535999298096
-0.016597529873251915
-0.02371075749397278
1.5354142306023277e-05
0.017687970772385597
-0.01702863536775112
0.026576334610581398
0.017396342009305954
0.022772470489144325
-0.032434288412332535
0.010226056911051273
-0.00470728287473321
-0.027311749756336212
0.0021602781489491463
-0.0042508188635110855
-0.027134235948324203
-0.006352454423904419
-0.020439432933926582
-0.033829037100076675
-0.0007920755888335407
-0.006327094975858927
0.013402284123003483
-0.0011015358613803983
0.027844291180372238
-0.00755701120942831
-0.042197540402412415
-0.002299753250554204
0.000820208340883255
0.0014129772316664457
0.035173069685697556
0.003908471204340458
-0.003152452874928713
-0.00636196369305253
-0.011538390070199966
-0.0041335332207381725
0.006891334895044565
0.0103338323533535
0.031014177948236465
-0.0016562661621719599
-0.013376924209296703
-0.023824872449040413
0.03590848296880722
-0.015697281807661057
-0.010473308153450489
-0.006301735993474722
0.002100050449371338
0.0012822194257751107
-0.016597529873251915
-0.011297478340566158
-0.002155523281544447
-0.0035249146167188883
0.010536705143749714
-0.0037975250743329525
-0.008457259275019169
-0.006244678050279617
-0.018385346978902817
0.010543045587837696
0.007918378338217735
0.01640733703970909
-0.013884106650948524
-0.001234671100974083
0.005651908926665783
0.024940673261880875
-0.010714218951761723
-0.021732747554779053
0.00990906823426485
-0.014315211214125156
0.015101343393325806
-0.06324559450149536
0.007297080475836992
0.0067898984998464584
-0.0001740466250339523
-0.0001498762285336852
0.00017919769743457437
0.036517102271318436
-0.01453076396137476
0.015532447956502438
0.007595050148665905
-0.0256000105291605
0.007005451247096062
-0.021022692322731018
0.008571375161409378
-0.03289075195789337
-0.04151284322142601
0.01285072322934866
-0.007829621434211731
-0.002911541610956192
0.014733636751770973
0.02278514951467514
0.011100945062935352
0.03169887512922287
0.004032096825540066
0.006942053325474262
0.007721845526248217
0.006859636399894953
0.004532938823103905
-0.01919683814048767
0.00608935346826911
-0.008305104449391365
-0.009230711497366428
-0.007068848703056574
0.026855286210775375
0.007404856849461794
-0.009731554426252842
0.00311282929033041
0.02624666690826416
0.021529875695705414
0.039357319474220276
0.010080241598188877
1.176944533654023e-05
0.035071633756160736
-0.02420525997877121
-0.028731858357787132
0.008431900292634964
-0.004624865483492613
-0.007328779436647892
0.010739577934145927
-0.031064895913004875
0.02281050942838192
0.023723436519503593
0.02505479007959366
-0.02906152792274952
-0.009027838706970215
0.0044695413671433926
0.009661816991865635
-0.022379403933882713
0.001595245790667832
-0.014429327100515366
0.0322314128279686
-0.011481331661343575
-0.006935713347047567
-0.0012291237944737077
0.0008709265384823084
-0.0024962862953543663
-0.007518972735852003
0.009699854999780655
-0.007709166035056114
-0.03968698903918266
-0.009953446686267853
0.011208721436560154
0.012571773491799831
0.010378210805356503
0.005477565340697765
-0.004311046563088894
0.0054014879278838634
-0.012508375570178032
-0.012362560257315636
0.02433205582201481
0.0067708794958889484
0.01111996453255415
-0.03329649567604065
0.021504515781998634
0.019209517166018486
0.0026627052575349808
0.00484358798712492
-0.008882024325430393
-0.008704510517418385
0.013313527218997478
-0.004292027559131384
0.012026552110910416
-0.020363356918096542
0.007404856849461794
0.002299753250554204
0.018347308039665222
0.005474395584315062
-0.012261124327778816
0.013440322130918503
0.02774285338819027
0.025168905034661293
0.011975834146142006
0.0024740970693528652
-0.015418332070112228
-0.020287279039621353
-0.002291828626766801
-0.02896009013056755
-0.03332185745239258
-0.02118752710521221
0.021301642060279846
0.014771674759685993
-0.002722933189943433
0.014289852231740952
0.007297080475836992
-0.02554929256439209
-0.012793665751814842
0.008609414100646973
-0.013250129297375679
-0.019704019650816917
0.009319468401372433
-0.00030312046874314547
0.03301754593849182
0.026829926297068596
-0.000505597039591521
-0.0006640913779847324
-0.004992572590708733
0.011088266037404537
-0.002921051112934947
0.006751860026270151
0.006108372937887907
-0.01939970999956131
0.017649931833148003
-0.0069610727950930595
-0.020490150898694992
-0.022569598630070686
-0.016863800585269928
0.01380802970379591
0.022544238716363907
-0.015519767999649048
0.06623796373605728
0.002743537537753582
-0.02002100832760334
0.0038355637807399035
-0.0025501742493361235
0.025777524337172508
2.5829629521467723e-05
-0.007518972735852003
-0.013579796999692917
0.005350769963115454
0.007423876319080591
-0.01813175529241562
-0.011208721436560154
-0.036745332181453705
0.008267066441476345
0.023102138191461563
-0.004231799393892288
0.047903336584568024
0.0020731063559651375
0.015798717737197876
0.02898545004427433
-0.00637464364990592
0.001150669064372778
0.016103027388453484
-0.023862911388278008
0.0207944605499506
0.01986885443329811
0.0167116466909647
0.002527985256165266
-0.031014177948236465
-0.006282716523855925
0.0030747908167541027
-0.02611987106502056
-0.005119367968291044
0.010016843676567078
-0.012964839115738869
0.016901839524507523
-0.02097197435796261
0.0053254105150699615
-0.005680438131093979
0.005449036136269569
0.008875684812664986
-0.010974150151014328
-0.03451373428106308
-0.025042109191417694
0.002391679910942912
-0.01676236465573311
-0.002003368688747287
-0.012387920171022415
