-0.017698103561997414
-0.02292337827384472
-0.014168531633913517
-0.01708262786269188
-0.04496750235557556
0.011719184927642345
-0.00682677049189806
0.004022581968456507
-0.005799928680062294
-0.023538855835795403
-0.009521052241325378
-0.014080606400966644
0.0015284869587048888
0.022885696962475777
-0.006443667691200972
0.0016140571096912026
0.040822453796863556
-0.008849051780998707
-0.0004961498198099434
0.019871115684509277
-0.01743432879447937
-0.00973458494991064
0.01190759614109993
-0.012962699867784977
-0.01673092693090439
0.017585057765245438
0.004082245286554098
-0.03295942023396492
-0.012460269033908844
-0.0051028067246079445
0.0021557395812124014
0.007216154132038355
-0.012209054082632065
0.012837091460824013
0.006048003677278757
0.022182293236255646
0.012887335382401943
0.0062489756383001804
0.015361803583800793
0.005690022371709347
0.02375238761305809
0.0023567117750644684
0.010469389148056507
-0.006720004137605429
-0.006895854603499174
0.018627600744366646
-0.03439134731888771
-0.024242257699370384
-0.02441810816526413
0.021805470809340477
0.018049804493784904
0.03788323700428009
-0.02489541657269001
-0.008183332160115242
0.003962918184697628
-0.007090546190738678
-0.02088853530585766
-0.007718584034591913
0.019192833453416824
-0.02429250068962574
0.018062366172671318
-0.010237015783786774
-0.04117415472865105
0.02026049792766571
0.0125105120241642
0.026377586647868156
-0.011147670447826385
0.002709982916712761
-0.018778329715132713
0.003853011643514037
0.019959039986133575
0.033235758543014526
-0.011386324651539326
-0.0071973130106925964
0.04501774534583092
-0.026854895055294037
-0.03424061834812164
-0.022370705381035805
0.012730325572192669
0.020273059606552124
0.008252415806055069
0.006801648996770382
-0.018665282055735588
0.012579596601426601
0.01503522414714098
0.009784827940165997
0.01562557928264141
0.016203373670578003
0.019984161481261253
-0.0020960760302841663
-0.02267216332256794
-0.007850471884012222
0.015236196108162403
0.02981923334300518
-0.02013489045202732
0.007976079359650612
-0.004575255326926708
0.024970781058073044
-0.017321281135082245
-0.02358909882605076
0.0001479813945479691
-0.004380563274025917
-0.01943148858845234
0.00503372261300683
-0.024920538067817688
-0.0007061499636620283
-0.027206595987081528
-0.002133758272975683
0.01502266339957714
-0.035069629549980164
-0.018074925988912582
0.04549505561590195
-0.019418926909565926
-0.02080061100423336
-0.0012560755712911487
-0.032029926776885986
0.0059223962016403675
-0.02790999785065651
-0.008440827950835228
-0.029417289420962334
0.02454371564090252
0.023777509108185768
0.015726065263152122
-0.0005828975699841976
0.02816121280193329
0.004430806264281273
-0.009326361119747162
-0.020335862413048744
-0.01755993627011776
-0.02851291373372078
0.009696902707219124
-0.01143028773367405
-0.01112882886081934
0.005825050175189972
-0.02416689321398735
-0.011486810632050037
-0.014809130690991879
0.026980502530932426
-0.016919337213039398
-0.024656763300299644
0.022584237158298492
0.023174593225121498
0.00016613562183920294
-0.027382446452975273
-0.0008768977131694555
0.015562775544822216
0.04001856595277786
0.020624760538339615
0.01591447740793228
0.01755993627011776
0.024719566106796265
-0.026251979172229767
0.01247911062091589
-0.0018323002150282264
0.021579377353191376
0.0066257985308766365
-0.016442028805613518
0.018878815695643425
-0.017044944688677788
0.004832750651985407
0.02140352688729763
-0.008202172815799713
-0.002468188526108861
0.02298618294298649
0.013929877430200577
0.01604008488357067
0.013088307343423367
0.019444048404693604
0.020185133442282677
0.012837091460824013
0.01994648016989231
0.023664463311433792
-0.031226037070155144
0.031226037070155144
-0.006644639652222395
0.024204574525356293
0.021076947450637817
0.025699304416775703
-0.026302222162485123
-0.01467096246778965
-0.008007481694221497
0.02346349135041237
0.02111462876200676
0.005460788495838642
-0.004967778921127319
0.013590737245976925
0.0006696452619507909
0.0007673836662434042
0.012001801282167435
0.007429686840623617
0.013012942858040333
0.015236196108162403
-0.02232046239078045
-0.0022012724075466394
-0.6390912532806396
0.005463928449898958
0.014068045653402805
-0.020059525966644287
0.036501556634902954
-0.004744825419038534
0.03908906877040863
-0.0037305443547666073
0.0025451229885220528
-0.043460212647914886
0.007938397116959095
0.03243187069892883
0.004898694343864918
-0.02235814370214939
-0.03238162770867348
-0.03604936599731445
0.018187973648309708
-0.037707388401031494
0.011524492874741554
-0.0117003433406353
-0.022521434351801872
0.004864152520895004
-0.008409425616264343
-0.01803724467754364
-0.014143410138785839
-0.014771448448300362
0.028688764199614525
-0.013314400799572468
0.014306699857115746
0.002292337827384472
0.0012584306532517076
0.012692643329501152
0.017886515706777573
0.01928075961768627
0.0495898611843586
0.014507672749459743
-0.04511823132634163
0.013716344721615314
0.020536834374070168
0.028236577287316322
-0.000673178001306951
-0.002757085720077157
0.015098027884960175
-0.020235376432538033
0.01914259046316147
-0.005539292935281992
0.013703783974051476
-0.013628419488668442
0.009345201775431633
0.019067225977778435
-0.021102068945765495
-0.02048659138381481
0.013025503605604172
0.0022734967060387135
-0.011731745675206184
-0.010356342419981956
-0.0025592539459466934
0.014168531633913517
0.007147069554775953
0.014231335371732712
0.003435366554185748
0.0005161685403436422
-0.030623121187090874
-0.01492217741906643
-0.020122330635786057
0.040822453796863556
-0.004022581968456507
-0.004892413970082998
0.01292501762509346
-0.02003440447151661
-0.002275066915899515
0.03368794545531273
-0.002242094837129116
-0.0021431788336485624
0.020499153062701225
-0.008133089169859886
0.030271420255303383
0.004135628696531057
0.0020458330400288105
0.015763748437166214
-0.011166511103510857
-0.010802249424159527
-0.009276118129491806
0.015298999845981598
0.02216973342001438
-0.025711866095662117
0.0037305443547666073
-0.013339522294700146
-0.0033725628163665533
-0.011750586330890656
0.014407186768949032
-0.0011320380726829171
0.01664300076663494
-0.0011257576989009976
0.003341160947456956
0.03858663886785507
-0.0019971600268036127
-0.0037650864105671644
0.022395826876163483
-0.011172791942954063
-0.002672300674021244
-0.005203292705118656
-6.869163189548999e-05
0.0099229970946908
0.005994620267301798
0.01961989887058735
0.0008219444425776601
0.013113428838551044
0.05149909853935242
0.007040303200483322
-0.009056304581463337
-0.0037619462236762047
-0.015110588632524014
0.007649499922990799
-0.007819070480763912
-0.02909070998430252
0.004430806264281273
0.0006347106536850333
0.0035515534691512585
-0.021014142781496048
0.01851455308496952
-0.011310960166156292
0.003878133138641715
-0.005523592233657837
-0.008164490573108196
0.01774834655225277
-0.01990879699587822
-0.005514171440154314
-0.03147725388407707
-0.013352083042263985
0.00555813405662775
-0.0123535031452775
0.009376604110002518
-0.002840300789102912
0.02356397733092308
0.002816749271005392
0.01901698298752308
-0.016756048426032066
0.0033568618819117546
-0.026729287579655647
-0.0023708424996584654
-0.016843972727656364
0.03403964638710022
-0.007812789641320705
-0.047429412603378296
-0.06024138256907463
-0.025799792259931564
0.013804269954562187
-0.03175358846783638
0.0039534978568553925
-0.022094368934631348
0.0002164767647627741
-0.04848451539874077
0.0236267801374197
-0.007718584034591913
-0.02512151002883911
-0.011631259694695473
-0.01424389611929655
-0.04449019581079483
-0.0029156652744859457
-0.0049614985473454
0.016492271795868874
-0.03934028372168541
0.028337063267827034
-0.020599639043211937
0.00589727470651269
0.019130030646920204
0.018175413832068443
-0.02238326519727707
-0.04752989858388901
0.016994701698422432
0.0168314129114151
0.0012309540761634707
0.015374364331364632
0.009364043362438679
-0.00844710785895586
0.00038859836058691144
0.006443667691200972
0.002923515858128667
-0.0005887853913009167
0.0013989540748298168
0.02743268944323063
-0.01847687177360058
-0.017220795154571533
-0.0002985142054967582
0.004603516776114702
0.016027523204684258
0.01225929707288742
0.006644639652222395
0.006544153671711683
-0.005303779151290655
0.012366063892841339
-0.0015237766783684492
0.006632078904658556
-0.011266997084021568
0.01352793350815773
-0.01568838395178318
0.0003842806036118418
-0.01214625034481287
0.019255638122558594
0.02190595678985119
-0.01503522414714098
0.015110588632524014
0.0026644503232091665
0.004999180790036917
0.004493610002100468
-0.007749985903501511
-0.004512451123446226
0.04750477522611618
0.005203292705118656
0.012491671368479729
-0.023199714720249176
-0.003353721695020795
-0.014570476487278938
-0.006669761147350073
0.025649061426520348
-0.01376658771187067
-0.0046349186450243
-0.008899294771254063
-0.002446206985041499
0.0031684504356235266
0.010852492414414883
0.0033851235639303923
-0.015537654049694538
-0.0035892357118427753
0.005875293165445328
0.017597617581486702
-0.007008901331573725
0.012309540063142776
-0.007731144782155752
0.0035264319740235806
0.022621920332312584
-0.02206924743950367
0.027608539909124374
0.00503372261300683
0.030698485672473907
0.016027523204684258
-0.005068264901638031
0.03680301457643509
-0.009879034012556076
0.019268197938799858
0.028538035228848457
0.006644639652222395
-0.021064385771751404
0.030849214643239975
0.0031700206454843283
0.010952978394925594
0.0037493854761123657
-0.019506853073835373
0.01206460501998663
0.0035358525346964598
-0.017522253096103668
-0.008773687295615673
-0.04476653039455414
-0.0033223198261111975
-0.028889738023281097
0.02003440447151661
0.02152913436293602
0.010356342419981956
0.014042924158275127
0.006958658341318369
0.012265577912330627
-0.015964720398187637
-0.005109087098389864
-0.007718584034591913
-0.003557833842933178
-0.0003650469589047134
-0.013691223226487637
-0.03717983514070511
-0.01990879699587822
-0.0020505432039499283
0.0064687891863286495
0.008264976553618908
0.015123149380087852
0.013603297993540764
0.016266178339719772
0.01109742745757103
-0.01076456718146801
-0.007222434505820274
0.003972338978201151
-0.030221177265048027
-0.016919337213039398
-0.005931816529482603
0.02130304090678692
0.009784827940165997
-0.00682677049189806
0.008378024213016033
-0.02111462876200676
-0.010827370919287205
-0.0019830293022096157
-0.019896237179636955
-0.007662060670554638
-0.012441428378224373
-0.0017836272018030286
-0.0170575063675642
-0.0003100936592090875
0.02267216332256794
0.004999180790036917
0.0005145984468981624
-0.0005412900354713202
0.010752006433904171
-0.0217803493142128
-0.0069398172199726105
-0.0077751073986291885
0.0386117622256279
0.02909070998430252
-0.026427829638123512
0.006519032176584005
0.002039552666246891
-0.014181092381477356
0.0028465811628848314
-0.021102068945765495
-0.000752075226046145
-0.014181092381477356
0.015336682088673115
0.006663480773568153
0.009345201775431633
0.01673092693090439
0.02543552964925766
-0.004006880801171064
0.020976461470127106
-0.0004725984181277454
-0.007724864408373833
0.02350117266178131
0.028663642704486847
0.0013526363763958216
-0.026478072628378868
0.02162962034344673
-0.02111462876200676
-0.011606138199567795
-0.014708644710481167
-0.03989296033978462
0.0013369354419410229
-0.002234244253486395
-0.002648749388754368
0.0015104308258742094
0.02454371564090252
-0.006544153671711683
0.0131636718288064
-0.002234244253486395
-0.001539477612823248
0.00014228980580810457
0.02397848106920719
0.02337556518614292
0.019582217559218407
-0.012096007354557514
-0.0020568235777318478
0.002697422169148922
0.027859754860401154
0.012127409689128399
0.02520943619310856
0.04102342575788498
-0.01328927930444479
-0.010412866249680519
0.0006241125520318747
-0.013113428838551044
0.019959039986133575
-0.001481384038925171
-0.00670744339004159
-0.005024302285164595
-0.004148189444094896
0.052956145256757736
0.00040979465120472014
-0.012328381650149822
0.014620719477534294
0.012253017164766788
0.015072906389832497
-0.01791163720190525
-0.005149909760802984
-0.0206121988594532
0.023614220321178436
-0.0025859454181045294
0.0005785797839052975
-0.019205395132303238
0.016994701698422432
0.03946589305996895
-0.009037462994456291
0.00901862233877182
0.032909177243709564
-0.003088375786319375
0.005878433585166931
0.016467150300741196
0.00589099433273077
-0.01577630825340748
-0.015248756855726242
-0.024782370775938034
0.01238490454852581
-0.0390639491379261
0.015901915729045868
-0.013339522294700146
0.005514171440154314
0.016203373670578003
-0.012278138659894466
0.009006061591207981
0.016743486747145653
-0.0668734610080719
-0.024744687601923943
0.008823930285871029
0.01832614280283451
0.018728086724877357
-0.005014881491661072
-0.009539893828332424
-0.008396864868700504
0.014042924158275127
-0.001073944615200162
-0.021730106323957443
-0.010017202235758305
-0.003020861651748419
-0.02102670446038246
0.019670141860842705
-0.006814209744334221
-0.01238490454852581
0.012761726975440979
0.01424389611929655
-0.020373545587062836
-0.01305062510073185
0.032884057611227036
0.013741466216742992
-0.019042104482650757
0.007297798991203308
-0.005162470508366823
0.010883894748985767
0.019067225977778435
-0.019695265218615532
-0.013063185848295689
-0.0029172354843467474
-0.00694609759375453
-0.008202172815799713
0.013151111081242561
-0.0005632713437080383
-0.01593959890305996
0.0173715241253376
-0.02327507920563221
-0.008817650377750397
0.02572442591190338
-0.0003467946080490947
0.022596798837184906
-0.006632078904658556
0.00027574782143346965
-0.014130849391222
0.0006272527389228344
0.04258096218109131
0.005872153211385012
-0.007121948059648275
0.0029297962319105864
-0.038536395877599716
0.012874774634838104
-0.0007642434793524444
-0.03182895481586456
0.021968761458992958
-0.001979889115318656
-0.011957839131355286
-0.03381355479359627
0.021416088566184044
0.005058844108134508
0.036149851977825165
-0.0006747480947524309
-0.01955709606409073
-0.01247911062091589
-0.006889574229717255
-0.034315984696149826
0.018464310094714165
-0.007479929830878973
-0.029969962313771248
-0.01791163720190525
-0.008221014402806759
0.0012309540761634707
-0.028186334297060966
0.042982906103134155
-0.029794111847877502
-0.006324340123683214
-0.0061830319464206696
-0.0024053845554590225
0.012410026043653488
-0.01581399142742157
-0.012887335382401943
0.004854731727391481
-0.012962699867784977
0.0015167111996561289
-0.00670116301625967
-0.02115231193602085
-0.01238490454852581
0.016266178339719772
0.010821091011166573
0.013841952197253704
-0.009043743833899498
-0.0033317403867840767
-0.0013832531403750181
-0.003162170061841607
-0.004688302055001259
0.012516792863607407
-0.023388126865029335
-0.03381355479359627
0.016630439087748528
0.007668341044336557
-0.0038875536993145943
0.012548194266855717
-0.004619217943400145
-0.008453388698399067
0.027382446452975273
-0.010425426997244358
-0.03584839403629303
-0.010538473725318909
-0.009966959245502949
-0.009784827940165997
-0.0036803013645112514
-0.03293430060148239
-0.002757085720077157
-0.025485772639513016
0.012585876509547234
0.020901096984744072
-0.0029910297598689795
0.0009765987051650882
0.01943148858845234
0.027457810938358307
-0.009219594299793243
-0.005884713958948851
-0.0004985049599781632
0.01527387835085392
-0.005341461393982172
0.012818250805139542
-0.027156352996826172
0.01905466616153717
0.023802630603313446
-0.01189503539353609
-0.006512751802802086
0.0008635519188828766
0.00974714569747448
-0.0031197776552289724
0.017987001687288284
-0.026980502530932426
-0.0059632183983922005
0.026779530569911003
-0.024820052087306976
-0.0018668422708287835
-0.01364098023623228
0.02530992217361927
-0.017698103561997414
0.017195673659443855
0.013867073692381382
0.012654961086809635
0.007850471884012222
-0.029768990352749825
0.0003491497482173145
0.02861339971423149
-0.023363005369901657
0.031678225845098495
-0.0017961879493668675
0.02921631745994091
0.02873900718986988
0.003207702888175845
-0.021767789497971535
0.013904755935072899
0.007938397116959095
-0.0042549557983875275
0.018275899812579155
-0.01283081155270338
0.004013161174952984
-0.01205204427242279
0.01214625034481287
0.027683904394507408
-0.010726884938776493
-0.004773086868226528
-0.01168778259307146
0.018150290474295616
0.0009852342773228884
-0.014444869011640549
0.013666101731359959
-0.01720823533833027
0.011775707826018333
0.013389765284955502
0.019318440929055214
-0.04290753975510597
-0.013879634439945221
-0.014859373681247234
0.03775763139128685
0.007034022826701403
0.0012113278498873115
-0.00041921521187759936
0.006261536385864019
0.005941237322986126
-0.009973240084946156
-0.00856015458703041
-0.006851891987025738
-0.004006880801171064
0.017886515706777573
0.004823329858481884
0.009809949435293674
-0.005495330318808556
-0.02969362586736679
0.01870296522974968
-0.004562694579362869
-0.00893697701394558
0.02181803248822689
0.0042141336016356945
0.0006928041693754494
0.04778111353516579
0.009364043362438679
-0.009966959245502949
0.0020474030170589685
0.004879853222519159
-0.009006061591207981
0.012460269033908844
-0.0019045245135203004
-0.039139311760663986
0.004773086868226528
-0.0396919883787632
-0.018677843734622
0.0003036170091945678
-0.012089726515114307
0.008748565800487995
-0.016781169921159744
-0.008221014402806759
-0.02076292783021927
-0.006990060210227966
0.0036206378135830164
-0.007467369083315134
0.005853312090039253
0.006217573769390583
-0.007542733568698168
-0.0013149540172889829
0.02813609130680561
-0.04363606497645378
-0.015298999845981598
-0.012347222305834293
9.871968359220773e-05
0.011505652219057083
0.03921467810869217
-0.0006068414659239352
-0.005354022141546011
0.05240347236394882
-0.019255638122558594
-0.014532794244587421
-0.0019108048873022199
0.004879853222519159
-0.0002068599424092099
-0.013000382110476494
-0.007128228433430195
0.023111790418624878
-0.01166894193738699
0.015499971807003021
0.01997160166501999
-0.012290699407458305
-0.0007085051038302481
-0.011474249884486198
-0.018652722239494324
0.005501610692590475
0.0007834770949557424
0.02464420162141323
0.014093167148530483
0.0036928621120750904
-0.006512751802802086
-0.007749985903501511
-0.013904755935072899
-0.005281797610223293
0.024141771718859673
-0.01670580543577671
0.0030569739174097776
-0.011172791942954063
-0.022760089486837387
-0.009119108319282532
-0.0013628419255837798
-0.023928238078951836
-0.0004431591369211674
-0.017195673659443855
-0.022333022207021713
-0.0033128992654383183
0.019217954948544502
-0.0026456089690327644
0.0032846375834196806
-0.004926956258714199
-0.013075746595859528
-0.03260771930217743
-0.0038121892139315605
-0.002066244138404727
0.039842717349529266
-0.007322920486330986
-0.006355741992592812
-0.010777127929031849
-0.015826551243662834
-0.04145049303770065
0.011279557831585407
0.009426847100257874
0.018426628783345222
0.0015708794817328453
-0.005928676575422287
-0.0035892357118427753
0.013213914819061756
0.0016391786048188806
0.003947217483073473
-0.009816230274736881
-0.018903937190771103
-0.02419201470911503
0.0022373844403773546
-0.031100429594516754
-0.012780568562448025
-0.013791709206998348
-0.015223635360598564
0.027683904394507408
-0.022684723138809204
-0.0111162681132555
0.00022079452173784375
-0.022219976410269737
-0.023639341816306114
0.01784883253276348
0.0006197947659529746
0.014570476487278938
0.010927856899797916
0.005463928449898958
-0.005721424240618944
0.00243678642436862
0.0067953686229884624
-0.005460788495838642
-0.02048659138381481
0.0261012502014637
0.005975779145956039
-0.0034918899182230234
0.013515372760593891
-0.0013856083387508988
0.0019186553545296192
-0.010130248963832855
-0.006198732648044825
0.0038121892139315605
-0.02028561942279339
0.005567554850131273
0.006399704609066248
-0.004157609771937132
0.002890543779358268
0.006277237553149462
0.004992900416254997
-0.020649882033467293
-0.021993882954120636
0.007165910676121712
-0.005608377046883106
0.013000382110476494
-0.0034636282362043858
-0.014997541904449463
-0.05074544996023178
-0.027985362336039543
-0.002920375671237707
0.02032330259680748
-0.020222816616296768
-0.00763693917542696
0.02419201470911503
-0.003243815153837204
0.010745726525783539
-0.01918027363717556
-0.00727267749607563
-0.01901698298752308
-0.02549833245575428
0.014030363410711288
-0.00596949877217412
-0.013565615750849247
-0.005382283590734005
-0.01565070077776909
0.010839931666851044
-0.017534814774990082
0.010670362040400505
-0.05702582746744156
0.023174593225121498
0.20237888395786285
-0.007354322355240583
-0.0035735347773879766
0.013490251265466213
-0.002672300674021244
0.0014272158732637763
0.040948063135147095
0.013628419488668442
0.004311479162424803
0.024468351155519485
0.009678062051534653
-0.014093167148530483
-0.010896455496549606
0.005633498542010784
-0.003903254633769393
-0.03597400337457657
-0.04150073602795601
0.013691223226487637
0.02229534089565277
0.00658811628818512
0.023601658642292023
0.006437387317419052
0.004455927759408951
0.003366282442584634
0.02171754650771618
0.0013565615518018603
-0.019481731578707695
0.023350443691015244
0.011731745675206184
0.00970318354666233
-0.015738626942038536
0.00718475179746747
0.0073417616076767445
-0.0007249910850077868
0.0031197776552289724
0.004427666310220957
0.009797388687729836
-0.014733766205608845
0.014294139109551907
0.008472229354083538
0.04813281446695328
0.0005507105961441994
0.020172573626041412
-0.011499371379613876
-0.0009640379576012492
0.056824855506420135
0.008007481694221497
-0.0042266943491995335
-9.475765182287432e-06
-0.0005463928682729602
-0.04785647615790367
0.03140188753604889
0.0016281879507005215
0.019871115684509277
0.003375703003257513
0.014294139109551907
0.01606520637869835
0.0010676642414182425
0.03215553238987923
-0.006220714189112186
-0.0010708044283092022
0.02622685767710209
0.004010021220892668
0.008673201315104961
-0.005686881951987743
0.017459450289607048
-0.04135000705718994
-0.027960240840911865
0.003102506510913372
0.006531592924147844
0.008164490573108196
-0.022935939952731133
-0.008038883097469807
0.008478510193526745
-0.011442848481237888
-0.020021844655275345
0.031175794079899788
0.023111790418624878
0.00010804212070070207
0.03569766506552696
-0.02067500352859497
0.009345201775431633
-0.011518212966620922
0.0004141124081797898
0.010010922327637672
-0.014055484905838966
0.027357324957847595
-0.0034196656197309494
0.008421986363828182
-0.01965758204460144
-0.010362623259425163
-0.005124788265675306
0.0053885639645159245
-0.025071267038583755
-0.0033317403867840767
-0.0027492353692650795
0.002014431171119213
0.006437387317419052
-0.013063185848295689
0.008183332160115242
-0.001873122644610703
0.04210365191102028
0.008264976553618908
0.004578395280987024
-0.017258478328585625
0.011920156888663769
-0.012661240994930267
-0.008855332620441914
-0.002863852307200432
-0.029492653906345367
-0.029191195964813232
-0.01622849516570568
-0.008980940096080303
-0.014583037234842777
-0.005178171209990978
0.007919556461274624
0.005002320744097233
-0.02238326519727707
0.013565615750849247
-0.014356942847371101
-0.01622849516570568
-0.006751406006515026
-0.017773468047380447
0.018527114763855934
-0.009948118589818478
-0.011530773714184761
-0.03248211368918419
0.02416689321398735
-0.03424061834812164
-0.009075145237147808
0.020524274557828903
-0.029517775401473045
0.024882856756448746
0.024593958631157875
-0.008491070941090584
-0.007994920946657658
0.0012733465991914272
-0.004744825419038534
0.01749713160097599
0.012598437257111073
-0.00641540577635169
-0.004725984297692776
0.01400524191558361
-0.0037996284663677216
0.024154331535100937
-0.02254655584692955
0.012692643329501152
-0.00881136953830719
-0.016241056844592094
-0.02416689321398735
0.0005012526526115835
-0.026854895055294037
0.009684341959655285
-0.020335862413048744
0.021679863333702087
0.008874173276126385
-0.0370793491601944
0.00905002374202013
0.0056491997092962265
-0.0005475704092532396
-0.0364513136446476
-0.0159772802144289
0.023890556767582893
-0.003843591082841158
-0.007963518612086773
0.016366664320230484
-0.15414558351039886
0.01978318952023983
0.02553601562976837
0.0011791408760473132
0.001981459092348814
-0.006305499002337456
0.03172846883535385
0.012899896129965782
0.008221014402806759
-0.023300200700759888
0.003878133138641715
-0.008421986363828182
-0.022973621264100075
-0.041676584631204605
-0.0001778131991159171
-0.014331821352243423
-0.030371906235814095
0.009389164857566357
0.04150073602795601
-0.003755665849894285
0.004911255091428757
0.010827370919287205
-0.01100322138518095
0.0052315546199679375
0.0029784690123051405
0.018150290474295616
-0.03187919780611992
0.002972188638523221
0.0035013104788959026
-0.019167711958289146
0.02527223899960518
-0.002520001493394375
0.0250210240483284
-0.0026189174968749285
0.003473048796877265
-0.00010284118616255
-0.021102068945765495
-0.002458767732605338
-0.02327507920563221
0.019770629703998566
0.0107331657782197
0.01857735775411129
0.004725984297692776
-0.005303779151290655
0.022019004449248314
0.00854131393134594
0.016429467126727104
0.010205613449215889
0.01959477737545967
-0.02476980909705162
0.03160285949707031
0.011273277923464775
-0.014809130690991879
0.012460269033908844
0.006173611152917147
0.009929277002811432
0.006550434045493603
-0.002111776964738965
0.007178471423685551
0.0004498320631682873
0.00021215900778770447
-0.002216973342001438
-0.0013871784321963787
0.02994484081864357
0.023425808176398277
-0.013917316682636738
-0.006726284511387348
0.020938778296113014
-0.03836054727435112
0.022408386692404747
-0.012874774634838104
-0.025485772639513016
0.018187973648309708
-0.015424607321619987
-0.018087487667798996
0.023928238078951836
0.005985199939459562
0.04449019581079483
-0.01028725877404213
0.006405984982848167
-0.01581399142742157
0.043837036937475204
-0.018313581123948097
-0.02441810816526413
-0.02607612870633602
-0.006035442929714918
-0.014821691438555717
0.009973240084946156
0.000990729546174407
0.010827370919287205
0.008327781222760677
-0.03140188753604889
-0.03549669310450554
-0.0009130099206231534
-0.006107667461037636
0.01606520637869835
0.013980120420455933
-0.023827752098441124
0.02054939605295658
-0.009784827940165997
0.017735786736011505
0.030145812779664993
-0.032632842659950256
-0.005768526811152697
0.016743486747145653
-0.0016768608475103974
0.023074107244610786
0.011034623719751835
0.02765878289937973
0.0008250846294686198
-0.039491016417741776
-0.0007481499924324453
0.013113428838551044
0.02235814370214939
0.01832614280283451
0.0059506576508283615
0.006475069560110569
-0.005454508122056723
0.006038582883775234
-0.01060755830258131
0.06722516566514969
0.0052472553215920925
-0.016529953107237816
0.01424389611929655
-0.025611380115151405
-0.038184694945812225
-0.11575992405414581
-0.05305663123726845
0.012950139120221138
0.028412427753210068
0.002757085720077157
-0.004612937569618225
0.0035892357118427753
0.011838511563837528
-0.028914859518408775
0.015663262456655502
-0.019670141860842705
-0.02250887267291546
-0.011386324651539326
0.0073166401125490665
-0.030522635206580162
0.038059089332818985
-0.0012372344499453902
-0.0018354404019191861
-0.010186772793531418
0.018790889531373978
0.01443230826407671
0.001143813831731677
0.010500791482627392
-0.006964938715100288
-0.0038216097746044397
0.012183932587504387
-0.02743268944323063
0.0035955163184553385
0.011361203156411648
-0.003122917842119932
-0.021767789497971535
-0.010488230735063553
0.003805908840149641
-0.013465129770338535
0.03763202205300331
-0.008968379348516464
-0.005209573078900576
0.014834252186119556
0.026025885716080666
-0.01679372973740101
0.005203292705118656
0.002838730812072754
0.003796488279476762
-0.016391785815358162
0.00532576022669673
-0.0212402381002903
0.004578395280987024
0.006983779836446047
-0.027131231501698494
-0.011706624180078506
-0.007090546190738678
-0.00247760908678174
-0.04220413789153099
-0.00841570645570755
0.003378843190148473
0.008246135897934437
0.01637922413647175
-0.004694582428783178
-0.012158811092376709
-0.03956637904047966
0.013440008275210857
0.005341461393982172
-0.018439188599586487
0.03177871182560921
0.02585003525018692
-0.0004298133426345885
-0.026503194123506546
-0.012039483524858952
0.034918900579214096
-0.009219594299793243
0.013452569022774696
0.013992681168019772
-0.009200753644108772
-0.006308639422059059
-0.0216924250125885
0.018112609162926674
-0.017698103561997414
-0.018489431589841843
0.004132488276809454
0.015123149380087852
-0.005143629387021065
-0.014809130690991879
-0.008578996174037457
-0.028663642704486847
0.019745508208870888
-0.0018165992805734277
0.020360983908176422
-0.007103106938302517
0.0008659070590510964
-0.012673801742494106
-0.004198432434350252
0.010255856439471245
0.005972639191895723
0.010073726065456867
0.011380044743418694
-0.0014060195535421371
0.015474850311875343
-0.005316339898854494
-0.0034793291706591845
0.017647860571742058
-0.016982141882181168
-0.0013447859091684222
-0.048760853707790375
0.014595597982406616
0.0019045245135203004
-0.0013879634207114577
-0.014583037234842777
-0.0010448978282511234
0.04546993598341942
-0.019770629703998566
0.005894134286791086
0.016504831612110138
-0.004182731732726097
0.003187291556969285
-0.012014362029731274
-0.004612937569618225
-0.02622685767710209
-0.030824093148112297
0.026503194123506546
-0.015575336292386055
0.0013447859091684222
0.0005915330839343369
0.009546173736453056
0.004948937799781561
0.03911419212818146
0.01211484894156456
0.006858172360807657
0.015964720398187637
-0.007580415811389685
-0.007304079364985228
-0.012491671368479729
-0.0006441312143579125
0.016529953107237816
-0.014130849391222
-0.0005703368224203587
0.014897055923938751
-0.0076432195492088795
-0.009546173736453056
0.015248756855726242
0.02969362586736679
0.01341488678008318
0.030748728662729263
0.013201354071497917
-0.02391567826271057
0.023036425933241844
-0.01924307644367218
-0.019758068025112152
0.0009679631912149489
-0.023664463311433792
-0.014068045653402805
0.00560523709282279
-0.004232974722981453
0.028060726821422577
0.0310501866042614
-0.01190759614109993
-0.022019004449248314
0.0004247105389367789
0.009627819061279297
0.015864234417676926
-0.0037776471581310034
-0.00739828497171402
-0.0039817593060433865
0.02730708196759224
-0.012987821362912655
-0.02304898574948311
-0.005985199939459562
-0.006519032176584005
-0.0019437768496572971
-0.0029031045269221067
0.007128228433430195
-0.014595597982406616
-0.01930588111281395
-0.007605537306517363
0.009973240084946156
-0.0055047511123120785
-5.333414446795359e-05
0.021428648382425308
-0.0035013104788959026
0.0027523755561560392
-0.0011901315301656723
-0.009891594760119915
0.0327584482729435
0.0013502811780199409
-0.0011642250465229154
-0.03318551555275917
0.031326524913311005
0.011888754554092884
0.000931065995246172
-0.012196493335068226
0.00020548611064441502
-0.007153349928557873
-9.724772098707035e-05
-0.007065424695611
0.017044944688677788
-0.006277237553149462
0.010167931206524372
0.015236196108162403
0.018602479249238968
0.011386324651539326
-0.02140352688729763
0.009068865329027176
0.024317622184753418
0.022207414731383324
0.007448527961969376
0.012253017164766788
-0.027583418413996696
-0.024367865175008774
0.0037022826727479696
-0.026025885716080666
-0.044314343482255936
-0.011738025583326817
0.0046317786909639835
0.0069272564724087715
-0.010808530263602734
0.03436622768640518
0.004506170749664307
-0.023476051166653633
0.0014656831044703722
-0.0030868055764585733
-0.005573835223913193
-0.019519412890076637
0.022433508187532425
0.0007787668146193027
0.018125168979167938
0.025649061426520348
-0.007580415811389685
0.004974059294909239
0.009577576071023941
0.04260608181357384
-0.03285893425345421
-0.0007088975980877876
0.006060564424842596
-0.014482551254332066
-0.00854131393134594
-0.03165310248732567
-0.0250210240483284
-0.020222816616296768
-0.02225765772163868
0.022722406312823296
0.02693025954067707
-0.0310501866042614
0.07807765156030655
-0.009370323270559311
-0.010224455036222935
0.003328600199893117
0.008962098509073257
0.002089795656502247
-0.023865435272455215
0.0018464310560375452
-0.013841952197253704
-0.005303779151290655
0.03381355479359627
-0.014469990506768227
-0.0059506576508283615
-0.023965921252965927
0.0029753288254141808
-0.0018951039528474212
-0.023903116583824158
0.04016929492354393
-0.00450931116938591
-0.017672982066869736
0.045294083654880524
0.01676860824227333
0.0025969361886382103
0.01305062510073185
-0.02003440447151661
0.01340232603251934
0.011744306422770023
-0.009087706916034222
-0.007976079359650612
-0.04519359767436981
-0.0001553412148496136
-0.0009153650607913733
-0.05335808917880058
-0.018652722239494324
-0.0018589918036013842
-0.01914259046316147
0.013691223226487637
-0.016756048426032066
0.014846812933683395
-0.009765987284481525
-0.003425945993512869
0.035773031413555145
-0.0280356053262949
-0.04903718829154968
-0.024078967049717903
0.0171454306691885
-0.02365190163254738
0.008918136358261108
-0.009483369998633862
