-0.008447634056210518
-0.04081731662154198
0.007000944577157497
-0.02498123049736023
-0.05714423954486847
0.0031242684926837683
-0.027977945283055305
-0.013207501731812954
-0.015849001705646515
-0.023650791496038437
0.0009534265846014023
0.009558484889566898
-0.013317294418811798
0.027177099138498306
-0.0020424802787601948
0.015254825353622437
0.03544389456510544
-0.010566000826656818
0.012232277542352676
-0.007110737729817629
-0.019039468839764595
-0.018445292487740517
-0.010714544914662838
-0.012316237203776836
-0.012626241892576218
0.01649484597146511
0.0036264117807149887
-0.02427080273628235
-0.009332439862191677
-0.0004460357304196805
0.008583261631429195
-0.007562828250229359
-0.021015750244259834
0.011793104000389576
-0.0015548684168606997
0.012587491422891617
0.008434717543423176
0.0318271704018116
0.04244484007358551
0.007407825905829668
0.03123299591243267
-0.0007071987492963672
-0.0003826623142231256
0.007866375148296356
0.0023896212223917246
0.0037555804010480642
-0.0007302068988792598
-0.02220410294830799
-0.02813294716179371
0.021054500713944435
0.010288288816809654
0.0354180634021759
-0.013265627436339855
0.008990142494440079
0.00014450750313699245
-0.013394796289503574
-0.014828569255769253
-0.009196813218295574
0.004501529969274998
-0.0009485827758908272
0.013549798168241978
0.0014725234359502792
-0.025962911546230316
0.0158748347312212
-0.004653302952647209
0.03138799965381622
-0.022384939715266228
0.0022200874518603086
-0.014583148062229156
0.016817767173051834
0.03306719288229942
0.02175201289355755
-0.021764928475022316
0.0077630397863686085
0.02511039935052395
-0.021041585132479668
-0.03544389456510544
-0.024374136701226234
0.0033616158179938793
0.018574461340904236
0.009687653742730618
0.0027948881033807993
-0.037174757570028305
-0.0036845377180725336
0.003729746676981449
0.001206112909130752
0.007782415486872196
0.008615553379058838
-0.01804487034678459
-0.004443403799086809
0.0022685255389660597
0.018199872225522995
0.018574461340904236
0.02309536747634411
-0.009267855435609818
0.016262341290712357
-0.008563886396586895
0.01860029622912407
-0.013743551447987556
-0.025588322430849075
0.013078332878649235
0.010139744728803635
-0.032473016530275345
-0.006975110620260239
-0.021351588889956474
0.011282887309789658
0.008286173455417156
0.007026778068393469
0.005179665517061949
-0.03477221727371216
-0.004359444137662649
0.031336329877376556
-0.007310949265956879
-0.009054726921021938
0.013795219361782074
-0.022436605766415596
0.007059070281684399
-0.010385164991021156
-0.0044498625211417675
-0.0014805964892730117
0.025756241753697395
0.000555829145014286
0.017618613317608833
0.01923322305083275
0.025833744555711746
0.013717717491090298
-0.024089965969324112
-0.01826445758342743
-0.023017866536974907
-0.016133172437548637
0.004730804357677698
0.009422858245670795
-0.005208728369325399
0.004650074057281017
-0.0044563207775354385
-0.014828569255769253
-0.020369907841086388
0.018987800925970078
-0.0353405624628067
-0.04009396955370903
0.016740266233682632
0.01776069961488247
0.0006680444930680096
-0.023650791496038437
-0.0005986162577755749
-0.0026899385266005993
0.036296408623456955
0.023030782118439674
0.012613325379788876
-0.007620954420417547
0.007633871398866177
-0.04306485131382942
0.019091136753559113
-0.0014620284782722592
-0.005147373303771019
-0.005563942715525627
0.015177324414253235
0.002349256072193384
-0.010572459548711777
0.008240964263677597
0.009003059938549995
-0.004143086727708578
0.018987800925970078
0.03875061497092247
0.012632700614631176
0.01854862831532955
0.0018632587743923068
0.006703856401145458
-0.005664048250764608
-0.00018103803449776024
0.026815425604581833
0.024968313053250313
-0.03371303528547287
0.023728294298052788
-0.007556369993835688
0.013769385404884815
-3.473932156339288e-05
0.005906239617615938
-0.03332553058862686
-0.019000718370079994
0.005841655191034079
0.001589582534506917
0.013175209052860737
-0.0024429033510386944
-0.012167693115770817
0.007155946921557188
-0.0012303320690989494
-0.01826445758342743
0.019672395661473274
0.003400366520509124
0.02468414232134819
0.03722642362117767
-0.009332439862191677
0.0019197700312361121
-0.6332367062568665
0.006461665034294128
-0.004175378940999508
-0.004643615335226059
0.01670151576399803
-0.0012254882603883743
0.02901129424571991
0.017114855349063873
0.008092420175671577
-0.04799909517168999
0.0091774370521307
0.015125656500458717
0.004704970400780439
-0.029786307364702225
-0.004269026219844818
-0.01839362643659115
0.00031303230207413435
-0.028597954660654068
0.011722060851752758
0.002980568213388324
-0.027512937784194946
0.028107112273573875
-0.004795388784259558
0.0016008848324418068
-0.0008630084921605885
0.005699569825083017
0.01770903170108795
-0.03172383829951286
0.015345243737101555
0.006929901894181967
-0.005741549655795097
0.025536656379699707
0.022281603887677193
0.024257885292172432
0.05735091120004654
0.031258828938007355
-0.040791481733322144
0.007201156113296747
0.033144693821668625
0.014234392903745174
-0.005157060921192169
-0.02300494909286499
0.0013352816458791494
-0.0033745327964425087
0.024425804615020752
0.013485214672982693
0.01636567711830139
-0.015939420089125633
0.002376704476773739
0.04143732413649559
-0.008073044940829277
-0.008531593717634678
0.004181837197393179
-0.002286286326125264
0.0030047872569411993
0.006038637366145849
-0.004724346101284027
-0.005157060921192169
0.005270083900541067
0.013666050508618355
0.003497243160381913
-0.005444461479783058
-0.014531481079757214
-0.01986614800989628
-0.03069048747420311
0.02854628674685955
0.003965479787439108
-0.006074158940464258
0.030302980914711952
-0.0350305549800396
-0.004847056232392788
0.0319821760058403
-0.0011019706726074219
-0.022397855296730995
0.014557315036654472
0.0006938782171346247
0.03417804464697838
0.014221475459635258
-0.013129999861121178
0.012348529882729053
-0.013769385404884815
-0.016675680875778198
-0.03379053622484207
0.0028497849125415087
0.016016921028494835
-0.03286052122712135
-0.005861030425876379
-0.01767028123140335
-0.006729690358042717
0.016817767173051834
-0.0032082281541079283
0.007730748038738966
0.012871663086116314
-0.01889738440513611
0.00010212401684839278
0.03513389080762863
0.016572346910834312
-0.013627300038933754
0.002943432191386819
-0.024296635761857033
0.004475696012377739
0.005938531830906868
0.004985912702977657
-0.0006208171253092587
0.025575406849384308
-0.0001676165993558243
0.025071648880839348
0.003342240583151579
0.03627057746052742
-0.006393851712346077
-0.004091419279575348
-0.012471240013837814
0.014273143373429775
-0.004214129410684109
-0.023534540086984634
-0.03875061497092247
0.028933793306350708
-0.01582316868007183
-0.0012731192400678992
-0.0010583761613816023
0.013078332878649235
0.01796736940741539
0.01742486096918583
-0.008027835749089718
-0.015474412590265274
0.022436605766415596
-0.01847112737596035
0.0013183281989768147
-0.021739095449447632
-0.01936239004135132
-0.004320693667978048
-0.01785111613571644
0.016339842230081558
-0.0009719945956021547
0.005873947404325008
0.0037943311035633087
-0.0037168299313634634
-0.021222420036792755
-0.0015726292040199041
-0.027771273627877235
-0.011541225016117096
-0.019491558894515038
0.021609926596283913
-0.02086074836552143
-0.05636923015117645
-0.047249916940927505
-0.011541225016117096
0.016572346910834312
-0.024903729557991028
0.0384664461016655
-0.010029951110482216
0.006891150958836079
-0.02880462445318699
-0.0009154832805506885
0.012503531761467457
-0.014751067385077477
0.007375533692538738
-0.011399139650166035
-0.03748476132750511
-0.008434717543423176
-0.018122371286153793
-0.0034714092034846544
-0.02846878580749035
0.003442346351221204
-0.016404427587985992
0.008415342308580875
0.014247309416532516
0.012025607749819756
-0.006125826388597488
-0.036503080278635025
-0.0008230469538830221
0.0012069202493876219
-0.006477811373770237
0.012929788790643215
-0.009590777568519115
-0.010385164991021156
0.004385278094559908
0.0001159491075668484
-0.011864147149026394
-0.010572459548711777
0.016649847850203514
0.023521624505519867
-0.016223590821027756
-0.012891038320958614
0.011282887309789658
0.013168751262128353
0.0008460551034659147
0.012070816941559315
-0.0009719945956021547
0.004972995724529028
0.012238736264407635
-0.007104279473423958
-0.014363561756908894
0.016727348789572716
-5.159180363989435e-05
0.023650791496038437
-0.018496960401535034
0.0012408270267769694
-0.001882634125649929
0.016055671498179436
0.022849947214126587
-0.008292632177472115
0.026298750191926956
0.007685538846999407
-0.006196869071573019
-0.0006301011308096349
-0.010275371372699738
-0.016649847850203514
0.040998149663209915
0.010385164991021156
0.013756468892097473
-0.001573436427861452
-0.015228992328047752
0.004469237755984068
-0.011263512074947357
0.016740266233682632
-0.0038686031475663185
0.0008872276521287858
0.004640386439859867
0.005977282300591469
0.007265740539878607
-0.012400196865200996
0.0016743495361879468
-0.009900782257318497
0.0054153986275196075
0.02086074836552143
0.006761982571333647
0.009862031787633896
0.004866431467235088
-0.0009897552663460374
0.015164407901465893
0.012949164025485516
-0.002990255830809474
0.025032898411154747
0.009661819785833359
0.02418038435280323
0.024864979088306427
-0.005337897222489119
0.046500738710165024
-0.02766793966293335
0.01869071274995804
0.03577973321080208
-0.0040720440447330475
-0.0065423958003520966
0.02266911044716835
0.005176436621695757
0.014544397592544556
0.011928731575608253
-0.012400196865200996
-0.01973698101937771
-0.0036554746329784393
0.006174264941364527
-0.011263512074947357
-0.030664654448628426
-0.0010987414279952645
-0.032938022166490555
0.016611097380518913
0.030328815802931786
0.014738150872290134
0.004537051077932119
-0.006665105931460857
0.025084564462304115
-0.02505873143672943
0.013808135874569416
0.0010002502240240574
-0.010817879810929298
-0.01951739378273487
-0.008092420175671577
-0.02229452133178711
-0.025639990344643593
0.029269631952047348
-0.009442233480513096
0.0038524570409208536
0.026686256751418114
0.013678967021405697
0.005890093743801117
0.010294746607542038
-0.012962080538272858
0.0015298420330509543
-0.006600521504878998
-0.029657138511538506
-0.03570223227143288
0.009829739108681679
0.008576802909374237
0.004788930062204599
0.013201043009757996
0.005580088589340448
-0.012910413555800915
-0.03477221727371216
0.008312007412314415
-0.006826566997915506
-0.019930733367800713
-0.00426256749778986
-0.001222259015776217
-0.009158061817288399
-0.03497888892889023
0.02220410294830799
0.0017098708776757121
0.004824451636523008
0.019788647070527077
0.020395740866661072
-0.02011157013475895
-0.016146089881658554
-0.006429372821003199
0.03598640486598015
0.006284058094024658
-0.02108033560216427
0.009694112464785576
-0.009668278507888317
-0.0319821760058403
0.013795219361782074
-0.024244967848062515
-0.0336613692343235
0.021351588889956474
0.012283945456147194
0.007524077780544758
0.016391510143876076
0.021816596388816833
0.023728294298052788
0.004556426778435707
0.004637157078832388
-1.9173481632606126e-05
-0.011134343221783638
0.01712777279317379
0.04652657359838486
0.01889738440513611
-0.024567890912294388
0.03224051371216774
-0.012413114309310913
-0.010042867623269558
-0.01817403919994831
-0.05435419827699661
0.013717717491090298
-0.013368962332606316
0.023069532588124275
-0.007143029943108559
0.008492843247950077
-0.0005856993957422674
0.011334555223584175
0.010824338532984257
-0.0021538883447647095
-0.005211957730352879
0.03722642362117767
0.012794161215424538
-0.004695282783359289
-0.0008678523008711636
0.009648903273046017
0.011547683738172054
0.02988964132964611
0.012587491422891617
0.044950712472200394
0.03660641610622406
-0.0068394835107028484
-0.015551913529634476
-0.0025769160129129887
0.004675907548516989
0.018290290609002113
0.0319046750664711
-0.024064132943749428
-0.026557087898254395
-0.0008412112947553396
0.03732975944876671
-0.0033648451790213585
0.011567058973014355
0.013846886344254017
0.01595233753323555
0.017644446343183517
-0.0038847492542117834
0.003765268251299858
-0.043607357889413834
0.00031545423553325236
0.0032776561565697193
-0.007465952076017857
-0.021571176126599312
0.008131170645356178
0.007646787911653519
-0.012044982984662056
0.014828569255769253
0.026608755812048912
-0.0034391172230243683
-0.02149367518723011
0.007478868588805199
-0.010934132151305676
-0.026427919045090675
-0.017011519521474838
-0.031181327998638153
0.03242134675383568
-0.012445406056940556
0.00993307400494814
-0.012794161215424538
-0.018949050456285477
-0.009338898584246635
-0.03252468258142471
0.013181667774915695
0.022074934095144272
-0.049729958176612854
-0.040662311017513275
-0.006487498991191387
0.02153242565691471
0.017605695873498917
0.0013821052853018045
-0.009041810408234596
-0.021067418158054352
0.022901613265275955
-0.009267855435609818
-0.011967482045292854
-0.011031008325517178
-0.02544623799622059
-0.014324811287224293
0.01679193414747715
-0.023392455652356148
-0.018031952902674675
0.011069758795201778
0.014531481079757214
-0.02359912544488907
-0.006216244772076607
0.012858745642006397
-0.006845942232757807
-0.022281603887677193
0.010113910771906376
0.007265740539878607
0.0031549460254609585
0.027177099138498306
-0.021984515711665154
0.005557483993470669
-0.005676965229213238
-0.024412887170910835
-0.004711429122835398
0.021106168627738953
4.3392617953941226e-05
-0.011870604939758778
0.005838426295667887
-0.020886581391096115
-0.01770903170108795
0.0008694669231772423
-0.0010721003636717796
-0.010029951110482216
-0.0009582704515196383
0.008634928613901138
-0.009319523349404335
0.0007750123040750623
0.05368252098560333
0.01670151576399803
0.0031662483233958483
-0.004734033718705177
-0.030793823301792145
0.01683068461716175
0.010972882620990276
-0.023108283057808876
0.01776069961488247
-0.004301318433135748
-0.018987800925970078
-0.021312838420271873
0.011812479235231876
-0.00900951772928238
0.029967142269015312
-0.011095592752099037
-0.026427919045090675
-0.017902784049510956
-0.008040753193199635
-0.02561415731906891
0.0018454981036484241
-0.013433546759188175
-0.015603581443428993
-0.006309892050921917
0.0015936191193759441
0.005460607353597879
-0.025743326172232628
0.0337388701736927
-0.031543001532554626
-0.022772444412112236
-0.004320693667978048
0.012987914495170116
0.02733210101723671
-0.017399026080965996
-7.235466182464734e-05
-0.011567058973014355
0.00200534425675869
-0.006006345618516207
-0.02091241627931595
-0.007278657518327236
-0.013833969831466675
0.020163236185908318
0.007517619524151087
0.02707376331090927
-0.009958907961845398
0.013769385404884815
0.011870604939758778
-0.001421663211658597
-0.008718888275325298
0.010268913581967354
-0.03634807839989662
-0.026763757690787315
0.018329041078686714
0.011018091812729836
-0.0006971074035391212
0.014415228739380836
-0.03265385329723358
0.006045096088200808
0.03466888517141342
-0.017076104879379272
-0.020214904099702835
-0.007052612025290728
0.00443048682063818
-0.009590777568519115
0.006138743367046118
-0.0317496694624424
0.015965253114700317
-0.031543001532554626
0.006393851712346077
0.026686256751418114
0.007459493353962898
0.002360558370128274
0.02069282904267311
0.03422971069812775
-0.014647732488811016
0.006535937078297138
0.006658647209405899
0.021429089829325676
0.01619775779545307
0.00934535637497902
-0.02640208601951599
-0.008570344187319279
0.022565774619579315
-0.02124825492501259
-0.0004290823417250067
-0.0014176267432048917
0.007601579185575247
-0.02233327180147171
0.017282774671912193
-0.009958907961845398
-0.0002932533679995686
0.0370197556912899
-0.010921214707195759
-0.01951739378273487
-0.024296635761857033
0.004004230257123709
0.005166748538613319
0.008951392024755478
0.015112739987671375
0.004285172093659639
0.012736035510897636
-0.017528194934129715
0.02229452133178711
0.02061532810330391
-0.022488273680210114
0.040584810078144073
-0.015267742797732353
0.040998149663209915
0.009190354496240616
-0.0003780203405767679
-0.027151264250278473
0.0022685255389660597
0.006009574513882399
-0.004601635504513979
0.020873665809631348
0.009015976451337337
-0.006826566997915506
-0.020796163007616997
0.019594894722104073
0.030587151646614075
-0.020589493215084076
-0.007472410332411528
0.004059127066284418
0.008499301970005035
0.016520678997039795
-0.008518677204847336
0.0027141578029841185
-0.028727123513817787
0.02947630174458027
0.002139356918632984
0.0003818550321739167
-0.012316237203776836
-0.026608755812048912
-0.010656419210135937
0.01675318367779255
0.016856517642736435
0.006826566997915506
0.007401367649435997
-0.01619775779545307
-0.015086906030774117
-0.011076217517256737
-0.011935189366340637
-0.0033616158179938793
0.001342547358945012
0.023444121703505516
-0.02020198665559292
0.024412887170910835
0.0031194244511425495
-0.01738610863685608
0.010197870433330536
-0.00033583867480047047
0.0007927730330266058
0.01768319681286812
0.013730634935200214
0.007898666895925999
0.031052159145474434
0.010727462358772755
-0.005312063731253147
0.009119311347603798
0.0087576387450099
-0.03787226974964142
0.009351815097033978
0.007827624678611755
-0.029605470597743988
0.012729576788842678
-0.041333988308906555
-0.02279827930033207
-0.006090305279940367
-0.014311893843114376
-0.008040753193199635
-0.024464555084705353
-0.000246429699473083
-0.012716660276055336
-0.010443290695548058
-0.02212660200893879
-0.0026059788651764393
0.02522665075957775
0.0007249594200402498
0.010540167801082134
0.012264570221304893
0.002378318924456835
-0.03738142549991608
-0.012309778481721878
-0.005809362977743149
0.0069234431721270084
0.0036845377180725336
0.046164900064468384
0.006016033235937357
0.0027028555050492287
0.03614140674471855
-0.01893613487482071
0.005218416452407837
-0.032602183520793915
0.013265627436339855
0.0032647394109517336
-0.006639271974563599
0.0026883238460868597
0.011308721266686916
-0.00217326357960701
0.00016620381211396307
0.008415342308580875
-0.008686596527695656
-0.004566114395856857
-0.004062356427311897
-0.012154776602983475
-0.004123711492866278
-0.01785111613571644
0.031543001532554626
-0.007394908927381039
0.014337727800011635
-0.026247084140777588
-0.018109453842043877
0.003771726507693529
0.006652188953012228
0.02128700539469719
-0.021093251183629036
0.008783472701907158
-0.017902784049510956
-0.019891982898116112
-0.021429089829325676
-0.006577916909009218
-0.01986614800989628
0.005922385957092047
0.014634815976023674
-0.012148317880928516
-0.004850285593420267
0.015577747486531734
-0.003041923278942704
0.01624942570924759
-0.015254825353622437
-0.017399026080965996
-0.006380934733897448
0.004478925373405218
-0.02720293216407299
0.024916645139455795
-0.009487442672252655
-0.02186826430261135
-0.01951739378273487
-0.01734735816717148
-0.025304151698946953
0.002386392094194889
0.007381992414593697
0.01973698101937771
0.015668164938688278
-0.003949333447962999
-0.0012682753149420023
0.04068814590573311
-0.015732750296592712
0.0087576387450099
-0.04177316278219223
-0.008337840437889099
-0.013194584287703037
-0.015009405091404915
-0.004340068902820349
-0.01804487034678459
-0.02098991721868515
-0.01854862831532955
0.028701288625597954
-0.007814707234501839
0.020421573892235756
0.005066643003374338
0.003833081806078553
-0.027487102895975113
0.010430374182760715
0.01705026999115944
0.031258828938007355
0.012044982984662056
0.008163463324308395
-0.01947864331305027
0.0029611929785460234
0.016391510143876076
-0.008163463324308395
-0.02447747252881527
-0.002927286084741354
0.015293575823307037
-0.02511039935052395
0.017696114256978035
-0.004068814683705568
0.006807191297411919
0.003720059059560299
-0.023353705182671547
-0.010630585253238678
-0.026582922786474228
0.014441062696278095
0.019375307485461235
0.015125656500458717
-0.01838070899248123
-0.006736148614436388
0.0067103151232004166
-0.030173812061548233
-0.014841485768556595
0.0004468430415727198
-0.0057512372732162476
0.005273312795907259
-0.003665162483230233
-0.018161121755838394
-0.012464781291782856
-0.025329986587166786
-0.015771500766277313
0.006813650019466877
-0.022901613265275955
0.007517619524151087
0.013911470770835876
-0.018794048577547073
0.008912641555070877
0.012826453894376755
0.01716652326285839
-0.015048155561089516
-0.01923322305083275
-0.004411111585795879
-0.017825283110141754
-0.005354043561965227
0.0017389338463544846
-0.001562941470183432
0.01923322305083275
-0.008505759760737419
0.0071753221563994884
-0.045364055782556534
0.011269970797002316
0.22217018902301788
-0.013601466082036495
-0.0018067474011331797
0.010139744728803635
0.009403483010828495
0.0025769160129129887
0.02427080273628235
0.0035424521192908287
-0.005757695529609919
0.02733210101723671
0.003413283498957753
-0.012768328189849854
-0.012206443585455418
-0.0017938305390998721
-0.004769554827362299
0.0003340222465340048
-0.03371303528547287
-0.0010390009265393019
0.005618839059025049
0.020718662068247795
0.015590663999319077
0.0011084290454164147
-0.003100049216300249
-0.006003116257488728
0.010249537415802479
0.0029724950436502695
-0.005095705855637789
0.020214904099702835
0.025743326172232628
0.007459493353962898
0.0014596065739169717
0.008731805719435215
-0.007924500852823257
0.007782415486872196
-0.014789817854762077
0.005712486803531647
0.010204329155385494
-0.02346995659172535
0.011147260665893555
0.014453979209065437
0.024709975346922874
-0.009603694081306458
0.0040010008960962296
-0.009487442672252655
-0.012019149027764797
0.044434040784835815
-0.008098878897726536
-0.023030782118439674
0.011502474546432495
0.0005433158949017525
-0.021274087950587273
0.0367872528731823
0.022359104827046394
0.013769385404884815
-0.012761869467794895
0.019801564514636993
0.008622012101113796
-0.0031759359408169985
0.01729569211602211
-0.014970654621720314
-0.005434773862361908
0.03441054746508598
-0.004475696012377739
0.0039170412346720695
-0.009442233480513096
-0.0005731862038373947
-0.03014797903597355
-0.010553084313869476
-0.013730634935200214
-0.01869071274995804
0.016301091760396957
-0.0003073811822105199
-0.025123314931988716
0.0011358774499967694
-0.031672168523073196
-0.014247309416532516
0.03236968070268631
0.02653125487267971
0.018148204311728477
0.02707376331090927
-0.005279771517962217
0.010204329155385494
-0.0436590276658535
-0.00018497364362701774
8.880349196260795e-05
-0.027254600077867508
0.016339842230081558
-0.009752238169312477
0.016352759674191475
-0.043814029544591904
0.0018277373164892197
0.005450919736176729
0.00013703994045499712
-0.0159135852009058
0.004340068902820349
0.006878234446048737
-0.017734864726662636
0.01632692664861679
-0.009435774758458138
0.009254938922822475
-0.027228765189647675
0.05272667109966278
0.028158780187368393
-0.004859973210841417
-0.019194470718503
-0.006613438483327627
-0.027693772688508034
-0.005270083900541067
0.015151490457355976
-0.026221249252557755
-0.0075951204635202885
-0.018445292487740517
0.003326094476506114
-0.019129887223243713
-0.0008347528637386858
0.003619953291490674
0.00454673869535327
-0.015422744676470757
0.042548175901174545
0.0023524852003902197
-0.008157004602253437
-0.00409464817494154
0.000671273679472506
0.005434773862361908
-0.009145145304501057
-0.007717831060290337
-0.03913812339305878
0.00892555806785822
-0.01834195852279663
-0.006284058094024658
0.03557306528091431
-0.02947630174458027
0.029192131012678146
-0.004185066558420658
-0.003132341429591179
-0.001568592619150877
0.006519791204482317
-0.004937474150210619
0.01856154575943947
0.028055446222424507
0.02141617424786091
0.00030778482323512435
-0.0026350419502705336
0.00023936577781569213
-0.0003919463197235018
-0.022010348737239838
0.014453979209065437
0.0040720440447330475
-0.006125826388597488
-0.014479813165962696
-0.006335725542157888
-0.03732975944876671
-0.0031307267490774393
-0.02149367518723011
0.018949050456285477
0.010520792566239834
-0.02317286841571331
-0.004375590477138758
0.005344355944544077
0.0025930621195584536
-0.029734639450907707
-0.0003760020772460848
0.019956566393375397
-0.004488612990826368
-0.012038524262607098
0.010294746607542038
-0.1608925610780716
0.01889738440513611
0.0024525909684598446
-0.003106507705524564
0.018367791548371315
-0.010785588063299656
0.03089715726673603
0.012057899497449398
0.004411111585795879
0.0042044417932629585
-0.00017861611559055746
0.004207671154290438
-0.026763757690787315
-0.03577973321080208
0.004265796858817339
-0.009855573065578938
-0.021571176126599312
-0.00024198951723519713
0.03601223975419998
-0.007298032753169537
0.010423915460705757
-0.003393908031284809
-0.02447747252881527
0.0015556757571175694
0.002307276241481304
0.006678022909909487
-0.023702459409832954
0.013963138684630394
-0.009655361995100975
-0.010520792566239834
0.015383994206786156
-0.005886864382773638
0.02914046309888363
-0.003426200244575739
-0.006183952558785677
0.0009033737005665898
-0.016481928527355194
-0.010023492388427258
0.00045289783156476915
0.009623069316148758
0.011877063661813736
0.020847830921411514
0.008266798220574856
0.002596291247755289
0.03001881018280983
0.004627469461411238
0.026892926543951035
0.007246365305036306
0.019762814044952393
-0.013911470770835876
0.05332084745168686
-0.010908298194408417
0.00021777038637083024
0.006749065592885017
0.021351588889956474
0.01720527373254299
0.008221589028835297
-0.006048325449228287
0.012387280352413654
-0.01863904669880867
-0.00022422881738748401
0.014802735298871994
0.005018204916268587
0.02397371456027031
0.021842429414391518
-0.029579635709524155
-0.010966423898935318
0.027771273627877235
-0.028830457478761673
0.015668164938688278
0.006238848902285099
-0.009803906083106995
0.014337727800011635
-0.005944990087300539
-0.0013998659560456872
0.013065415434539318
0.001065641874447465
0.03329969570040703
0.004772784188389778
0.006474582012742758
-0.02976047247648239
0.061690978705883026
-0.0029095252975821495
-0.02287578023970127
-0.011179552413523197
0.004453091416507959
0.0005659204325638711
0.002318578539416194
0.024619556963443756
0.00869305431842804
0.019168637692928314
-0.03787226974964142
-0.019762814044952393
0.0010938976192846894
0.009991200640797615
0.021842429414391518
0.0020150321070104837
-0.02102866768836975
0.028365449979901314
-0.0007253630901686847
0.007194697856903076
0.02779710851609707
-0.025239568203687668
-0.017657363787293434
0.027977945283055305
-0.002218472771346569
0.025252483785152435
0.009894323535263538
0.014854402281343937
0.003871832275763154
-0.026892926543951035
-0.0013675738591700792
0.010126827284693718
0.016314009204506874
0.028055446222424507
0.025239568203687668
-0.005996657535433769
-0.005638214759528637
0.013304377906024456
-0.024257885292172432
0.06138097494840622
-0.008512218482792377
-0.007059070281684399
0.013201043009757996
-0.004201212432235479
-0.02976047247648239
-0.11873188614845276
-0.03632224351167679
0.025084564462304115
0.021855346858501434
0.009061185643076897
0.002260452602058649
0.0025930621195584536
0.011095592752099037
-0.02111908607184887
0.01599108800292015
-0.03608974069356918
-0.03043214976787567
-0.006306662689894438
0.021338671445846558
0.0012367904419079423
0.023276202380657196
0.003845998551696539
0.009390565566718578
-0.008912641555070877
0.020473241806030273
0.01998240128159523
0.009739321656525135
-0.014880236238241196
-0.0027738981880247593
-0.005602693185210228
0.007562828250229359
-0.04613906517624855
0.014402312226593494
0.023857463151216507
-0.010113910771906376
-0.02098991721868515
-0.022527024149894714
0.004591947887092829
-0.022785361856222153
0.03490138798952103
-0.022023266181349754
-0.020834913477301598
-0.006962194107472897
0.02296619862318039
-0.024244967848062515
0.01918155513703823
0.018031952902674675
0.017980284988880157
-0.04001646861433983
0.012090192176401615
-0.004853514488786459
-0.01776069961488247
-0.0019504476804286242
0.009674737229943275
-0.027177099138498306
-0.016985686495900154
-0.010966423898935318
-0.04438237100839615
-0.004866431467235088
0.011922272853553295
0.010546625591814518
1.4354883205669466e-05
0.02270786091685295
-0.000576819060370326
-0.04303901642560959
-0.005890093743801117
-0.002439674222841859
-0.02270786091685295
0.021855346858501434
0.007143029943108559
-0.0010430373949930072
-0.01817403919994831
-0.021106168627738953
0.0039687086828053
-0.026311667636036873
0.0013304378371685743
0.022062016651034355
-0.009558484889566898
-0.010372248478233814
-0.02253994159400463
0.012677909806370735
-0.026918761432170868
-0.021777845919132233
0.0009122540941461921
0.008538052439689636
-0.0009994430001825094
-0.006865317467600107
-0.02334078773856163
-0.0077630397863686085
0.015836084261536598
0.015926502645015717
0.014841485768556595
-0.013846886344254017
0.0034875553101301193
-0.02102866768836975
0.007562828250229359
0.018574461340904236
0.0011560600250959396
-0.0068394835107028484
0.005938531830906868
0.005408939905464649
0.01770903170108795
-0.020059902220964432
0.0008726961677893996
0.029915474355220795
-0.007737206295132637
0.0076790801249444485
-0.05957261472940445
0.013924388214945793
-0.0007560406811535358
-0.017489444464445114
-0.007078445982187986
0.004530592821538448
0.03417804464697838
-0.014660649932920933
-0.0020150321070104837
0.005127998068928719
-0.021351588889956474
0.014208558946847916
-0.026311667636036873
0.004579030908644199
-0.02259160950779915
-0.03727809339761734
0.020227821543812752
-0.008479926735162735
0.005518733523786068
0.019711146131157875
0.007233448326587677
-0.009984741918742657
0.03407470881938934
0.012484156526625156
-0.005476753693073988
0.021739095449447632
0.005857801530510187
0.0016872663982212543
-0.017644446343183517
-0.0008508989121764898
0.010184953920543194
-0.008253880776464939
-0.006487498991191387
0.014944820664823055
-0.009836197830736637
-0.007123654708266258
0.0070913624949753284
0.03069048747420311
0.02321161888539791
0.04890327528119087
-0.0025107169058173895
-0.010598293505609035
0.03149133175611496
-0.0370197556912899
-0.02740960195660591
0.003477867692708969
-0.0013885637745261192
-0.013368962332606316
0.00040728511521592736
-0.030948825180530548
0.026298750191926956
0.013717717491090298
-0.0009380878182128072
-0.029295464977622032
-0.0019472184358164668
0.013821053318679333
-0.004191524814814329
-0.0016662764828652143
-0.005912697874009609
-0.004385278094559908
0.027487102895975113
-0.00500851683318615
-0.010456208139657974
-0.003865374019369483
0.0002312927390448749
-0.007181780878454447
-0.010462665930390358
-0.014286059886217117
-0.009797447361052036
-0.032679684460163116
0.001490284106694162
0.010365789756178856
0.02115783654153347
0.013052498921751976
0.027512937784194946
-0.006028949748724699
0.023353705182671547
-0.006474582012742758
-0.01578441821038723
0.0319046750664711
0.018367791548371315
0.009500359185039997
-0.042212337255477905
0.023573290556669235
0.008395967073738575
-0.009700571186840534
-0.012923330068588257
0.0003663144016172737
-0.027848776429891586
0.012187068350613117
0.0001906247780425474
0.010947048664093018
-0.012116026133298874
-0.002628583461046219
-0.0022911301348358393
0.012613325379788876
-0.0014547626487910748
-0.006380934733897448
0.013678967021405697
0.029372965916991234
0.021506590768694878
0.004175378940999508
0.013756468892097473
-0.020227821543812752
-0.02813294716179371
0.013304377906024456
-0.021261170506477356
-0.03787226974964142
-0.0018503419123589993
0.014970654621720314
0.005224874708801508
-0.018109453842043877
0.022307436913251877
0.0007742050220258534
-0.014828569255769253
-0.0001256367686437443
-0.005315292626619339
-0.01934947445988655
-0.028985461220145226
0.02296619862318039
-0.005283000413328409
0.02666042372584343
0.023754127323627472
9.53123890212737e-05
0.0031969258561730385
0.0031727065797895193
0.024464555084705353
-0.014014805667102337
0.008964309468865395
-0.008835140615701675
-0.0370197556912899
0.018070703372359276
-0.010811422020196915
-0.028856292366981506
-0.023185785859823227
-0.01574566587805748
0.015138573944568634
0.028520453721284866
-0.002357329009100795
0.06313767284154892
0.005748007912188768
-0.019207388162612915
-0.005408939905464649
0.008815765380859375
0.01621067337691784
-0.013821053318679333
-0.00852513499557972
-0.010184953920543194
-0.006300204433500767
0.006729690358042717
-0.01734735816717148
-0.015396911650896072
-0.031672168523073196
-0.0047017415054142475
0.021312838420271873
-0.0074272011406719685
0.03619307652115822
-0.018832799047231674
-0.0032033841125667095
0.03433304652571678
0.012458322569727898
-0.003661933122202754
0.019246138632297516
-0.017192356288433075
0.0159135852009058
0.022242853417992592
0.0025155607145279646
-0.008744722232222557
-0.027616271749138832
-0.006988027598708868
-0.009868490509688854
-0.0334288626909256
-0.015771500766277313
0.005431544501334429
-0.022746611386537552
0.004214129410684109
-0.028830457478761673
0.003263124730437994
-0.0037975602317601442
0.0030806739814579487
0.016068588942289352
-0.027228765189647675
-0.04128232225775719
-0.027383768931031227
0.013666050508618355
-0.006761982571333647
0.0005776263424195349
-0.013588549569249153
