-0.006566605530679226
-0.020005833357572556
0.014790801331400871
-0.019954830408096313
-0.04409188777208328
0.010136798955500126
-0.03450336679816246
-0.0031972357537597418
-0.002393942093476653
-0.0304996520280838
0.00564218033105135
-0.01847575046122074
0.014727047644555569
0.009888160042464733
0.0005454904749058187
0.01870526373386383
0.0327947773039341
-0.016065869480371475
0.010984719730913639
-0.009269751608371735
-0.009142245166003704
0.00025600995286367834
-0.01261043269187212
-0.013133211061358452
-0.018526753410696983
0.022288206964731216
0.011545750312507153
-0.02662344090640545
-0.008874480612576008
0.002374816220253706
-0.004102534614503384
-0.015466587617993355
-0.012572180479764938
0.005135340616106987
0.007695041596889496
-0.02307874895632267
-0.005919508170336485
0.012476550415158272
0.030168134719133377
0.016779908910393715
0.010780708864331245
-0.0003173726436216384
-0.00469862949103117
-0.002524636685848236
0.014931058511137962
0.02508060820400715
-0.029199080541729927
-0.01867976225912571
-0.024659834802150726
0.01522432453930378
0.0025326060131192207
0.042740315198898315
-0.0069746277295053005
0.0066303592175245285
-1.537802927487064e-05
-0.00534891476854682
-0.013490230776369572
-0.009021113626658916
-0.012087654322385788
-0.0063849082216620445
-0.012189660221338272
-0.007382649928331375
-0.031774722039699554
0.017799964174628258
-0.00454880902543664
0.007548408582806587
-0.02264522574841976
0.00045663409400731325
-0.0335853174328804
0.006598482374101877
0.03825207054615021
0.021229900419712067
-0.012521178461611271
-0.01310770958662033
0.03233575075864792
-0.019865576177835464
-0.008887231349945068
-0.052481841295957565
-0.006847120821475983
0.016155125573277473
-0.00825607217848301
-0.0006690127775073051
-0.022198952734470367
0.011112227104604244
0.010194176807999611
0.006139457691460848
0.01925354264676571
0.018016725778579712
-0.0065793562680482864
0.008032934740185738
-0.004424489568918943
0.011335363611578941
0.01426802296191454
0.02810252271592617
-0.02068161964416504
0.018832769244909286
-0.009792529977858067
0.021064139902591705
-0.0021947126369923353
-0.027720000594854355
-0.0006052593234926462
0.009078491479158401
-0.03496239334344864
-0.005546550266444683
-0.01999308355152607
-0.001209721784107387
-0.0008232164545916021
0.02119164727628231
0.013745244592428207
-0.016359135508537292
-0.019661564379930496
0.03044864907860756
-0.016779908910393715
0.0142807736992836
0.019355548545718193
-0.023690782487392426
0.007797047030180693
-0.028153523802757263
-0.000967458647210151
-0.025718143209815025
0.02618991769850254
-0.005030147265642881
0.004960018675774336
-0.0024561018217355013
0.03292228281497955
-0.007765170652419329
-0.01610412262380123
-0.015772603452205658
-0.03228474780917168
-0.033432312309741974
-0.013477480039000511
-0.006541104055941105
-0.009601269848644733
0.01639738865196705
-0.015861859545111656
-0.01522432453930378
-0.006464600097388029
0.02356327697634697
-0.020860129967331886
-0.0345543697476387
0.012253413908183575
0.028740055859088898
-0.009722401387989521
-0.02782200649380684
0.020056836307048798
0.03468187898397446
0.04784059152007103
0.01295470166951418
0.018348243087530136
0.005967323202639818
0.013247967697679996
-0.03832857683300972
0.006203210912644863
-0.015594094060361385
-0.01393650472164154
0.01985282450914383
0.005093900952488184
0.01309495884925127
0.018743515014648438
-0.0012145033106207848
-0.013400975614786148
-0.02079637534916401
-0.009556642733514309
0.03639047220349312
0.005881255958229303
0.013974756933748722
0.0015962270554155111
0.006725989282131195
0.004654001910239458
0.0075547839514911175
0.021854683756828308
0.0168819148093462
-0.020235346630215645
0.02464708499610424
-0.009365382604300976
0.01845024898648262
0.01439552940428257
0.01053844578564167
-0.017430193722248077
-0.023014996200799942
-0.005221407860517502
0.015173321589827538
0.019929328933358192
0.017927471548318863
-0.014013009145855904
0.0009060959564521909
0.01967431604862213
0.01130986213684082
0.0013388225343078375
0.005725060123950243
0.00828157365322113
0.020209845155477524
-0.001275865943171084
0.01055119652301073
-0.6369224786758423
0.013592235743999481
2.1121443296578946e-06
-0.02644493244588375
0.01231079176068306
0.017315438017249107
0.03228474780917168
0.003806081134825945
-0.0142807736992836
-0.03575293719768524
-0.0009531141258776188
0.012546679936349392
-0.0002492361527401954
-0.019330047070980072
-0.030754664912819862
-0.031545206904411316
0.010372687131166458
-0.026291923597455025
0.02001858502626419
-0.002655331278219819
-0.021433910354971886
0.02204594388604164
0.016945667564868927
0.017315438017249107
0.00796918198466301
-0.01438277866691351
0.02202044241130352
-0.007172263227403164
0.011265235021710396
-0.009021113626658916
-0.004912203643471003
0.02073262259364128
0.023856541141867638
0.017442945390939713
0.04740706831216812
0.03401884064078331
-0.027311978861689568
0.006346656009554863
0.028153523802757263
0.0177617110311985
-0.004465929232537746
-0.021344656124711037
0.0033884961158037186
-0.012699687853455544
0.020885631442070007
0.019177038222551346
0.021433910354971886
-0.027898510918021202
-0.002961347810924053
0.02533562295138836
-0.019266294315457344
-0.016728905960917473
-0.008504710160195827
0.007867176085710526
0.0063849082216620445
-0.011832640506327152
0.002226589247584343
0.006072516553103924
0.017379190772771835
0.028918566182255745
0.013949255459010601
0.00534891476854682
-0.017379190772771835
-0.02902057208120823
-0.029173579066991806
0.030397646129131317
-0.02519536390900612
-0.001990701537579298
0.02033735066652298
-0.023741785436868668
-0.0032960535027086735
0.032029733061790466
0.008606716059148312
-0.016384636983275414
-0.0012710844166576862
-0.003021913580596447
0.019661564379930496
-0.015160570852458477
-0.007746044546365738
0.013056706637144089
-0.013643238693475723
-0.02828103117644787
-0.029122577980160713
0.006910874042659998
0.01794022135436535
-0.032259248197078705
0.007599411532282829
-0.02082187682390213
0.006502852309495211
0.02471083775162697
0.004029218107461929
0.0019412926631048322
0.020299099385738373
-0.00952476542443037
0.027209972962737083
0.041286736726760864
-0.006429535802453756
-0.0044499910436570644
0.013324471190571785
-0.022466717287898064
0.014650543220341206
-0.008211445063352585
-0.002685614163056016
-0.005718684755265713
0.003812456503510475
0.011539374478161335
0.005760124418884516
0.013120460323989391
0.0459279865026474
-0.014153266325592995
-0.015504839830100536
-0.0197890717536211
-0.009257000871002674
0.00023210240760818124
-0.025832898914813995
-0.039170119911432266
0.014025759883224964
0.0006204007659107447
0.001762782922014594
-0.02110239304602146
0.02376728691160679
0.003525565844029188
0.020579613745212555
-0.016295382753014565
-0.0003679769579321146
0.008052061311900616
-0.0038188318721950054
-0.007746044546365738
-0.025539632886648178
-0.011150479316711426
0.012706062756478786
-0.01787646859884262
0.01727718487381935
-0.00324823847040534
0.0057123093865811825
-0.007873550988733768
0.010672328062355518
-0.007070257794111967
-0.015606844797730446
-0.012087654322385788
-0.00792455393821001
-0.0223902128636837
0.032718271017074585
-0.02524636685848236
-0.0376400388777256
-0.04233229160308838
-0.0029709108639508486
0.003975027706474066
-0.025386624038219452
0.008542962372303009
-0.028740055859088898
0.009174121543765068
-0.031315695494413376
0.005897194147109985
0.003136669984087348
-0.0219949409365654
-0.0167926587164402
-0.012145033106207848
-0.0446019172668457
0.003608445404097438
-0.016410138458013535
0.004201352596282959
-0.021841932088136673
0.033177297562360764
-0.02715897001326084
0.005852567031979561
-0.001398591324687004
-0.00451374426484108
-0.006404034327715635
-0.05097725987434387
0.013949255459010601
0.007892677560448647
-0.014472033828496933
0.010978344827890396
0.0374615304172039
-0.002121396129950881
0.004612562246620655
-0.002252090722322464
-0.008530211634933949
-0.013133211061358452
0.006094830110669136
0.012903698720037937
-0.021319154649972916
-0.009658647701144218
0.02121714875102043
0.009193248115479946
0.01194102130830288
0.01653764583170414
0.023690782487392426
0.009620396420359612
0.013024830259382725
0.017685208469629288
-0.012208785861730576
0.011890019290149212
0.010640451684594154
0.01596386544406414
0.00911036878824234
-0.013757995329797268
0.002621860709041357
0.023372014984488487
0.04929416999220848
-0.017442945390939713
0.0027318354696035385
-0.012355418875813484
0.0031271069310605526
0.006611233111470938
-0.002193118678405881
-0.010283431969583035
0.041771262884140015
0.03289678320288658
0.025871150195598602
-0.017187930643558502
0.0005000661476515234
-0.008434581570327282
-0.007516532205045223
0.04636150971055031
-0.010449190624058247
0.008026559837162495
0.003681761911138892
0.008861729875206947
-0.01870526373386383
-0.002494353801012039
0.02370353415608406
-0.0005841410020366311
-0.013388224877417088
-0.0030123505275696516
0.02662344090640545
0.00027931982185691595
0.019266294315457344
-0.01346472930163145
-0.0032275186385959387
0.017430193722248077
-0.018832769244909286
0.0249020978808403
0.021956689655780792
0.012431923300027847
0.022147949784994125
0.0013675115769729018
0.02210969664156437
-0.023002246394753456
0.009059365838766098
0.029122577980160713
0.009875410236418247
-0.020783625543117523
0.012648684903979301
-0.0013977944618090987
0.015887361019849777
0.013694241642951965
-0.024341067299246788
0.011054848320782185
-0.018692512065172195
-0.0038252072408795357
-0.014025759883224964
-0.0311626885086298
0.005068399477750063
-0.02119164727628231
0.008026559837162495
0.035089898854494095
0.005422231275588274
0.024086054414510727
-0.0018839145777747035
-0.010621325112879276
-0.018552254885435104
0.00696825236082077
0.014841803349554539
0.007707792334258556
0.012553054839372635
-0.011105851270258427
-0.021752677857875824
-0.0014177174307405949
-0.004290607292205095
0.006002387497574091
0.0009188466356135905
0.015555842779576778
0.011896394193172455
0.009448261931538582
0.026597941294312477
-0.017124177888035774
0.014446532353758812
-0.008319825865328312
-0.019572310149669647
-0.011214232072234154
-0.0017532199854031205
0.016410138458013535
0.0032323000486940145
-0.008759723976254463
0.008052061311900616
-0.017328187823295593
-0.025310121476650238
0.019954830408096313
0.0084409574046731
-0.0174556951969862
-0.004478679969906807
-0.016244379803538322
-0.0011858142679557204
-0.0063594067469239235
0.020464858040213585
0.0037933303974568844
-0.004494618624448776
-0.00485482532531023
0.0304996520280838
-0.017098676413297653
-0.009390883147716522
-0.020299099385738373
0.01759595237672329
0.025743644684553146
-0.025488629937171936
-0.011316237971186638
-0.00696187699213624
-0.026470433920621872
0.017187930643558502
-0.013515732251107693
-0.011877268552780151
-0.00031159500940702856
0.0016942480579018593
-0.00044109419104643166
0.01625712960958481
-0.0037295769434422255
0.03159620985388756
0.007797047030180693
0.0024178496096283197
-0.014025759883224964
-0.021255401894450188
0.01309495884925127
0.038226570934057236
0.0051480913534760475
-0.023346513509750366
0.038201067596673965
-0.004032406024634838
-0.0066048577427864075
-0.011316237971186638
-0.0449589341878891
0.012680561281740665
-0.006372157484292984
0.014829053543508053
-0.0018663823138922453
0.024111555889248848
-0.010315308347344398
0.006738740019500256
0.01796572282910347
-0.013400975614786148
0.004102534614503384
0.03881310299038887
0.009505639784038067
0.005607116036117077
-0.005374416243284941
0.006088454741984606
0.028740055859088898
0.022747231647372246
0.011596753261983395
0.044142890721559525
0.04934517294168472
-0.023180754855275154
-0.0314687043428421
0.007707792334258556
0.008300699293613434
0.006528353318572044
0.01166688185185194
-0.02370353415608406
-0.015632346272468567
0.013643238693475723
0.03743602707982063
0.006936375517398119
0.015504839830100536
0.02298949472606182
0.01896027661859989
0.017659706994891167
-0.0038156441878527403
0.012584931217133999
-0.01475254911929369
0.00174046924803406
0.0014503910206258297
0.009116743691265583
3.962177288485691e-05
0.015900110825896263
0.013541233725845814
-0.00565493106842041
0.0071403868496418
0.02342301793396473
-0.016524894163012505
-0.0069491262547671795
0.019585059955716133
-0.0210258886218071
-0.029913119971752167
-0.027924012392759323
-0.033457811921834946
0.019942080602049828
-0.028434040024876595
0.02567989006638527
-0.02333376370370388
-0.0037487030494958162
-0.01810598000884056
-0.02687845565378666
0.013286219909787178
0.013273469172418118
-0.05074774846434593
-0.024953100830316544
-0.011501123197376728
0.02616441622376442
0.0054094805382192135
0.010940092615783215
-0.008460083045065403
-0.003017132170498371
0.012890947982668877
-0.008906356990337372
-0.008632217533886433
-0.009550266899168491
-0.02273448184132576
-0.009461012668907642
0.005600740667432547
0.010557571426033974
-0.012272539548575878
-0.001840880955569446
0.012374545447528362
-0.024111555889248848
-0.007918179035186768
0.02091113291680813
-0.00454880902543664
-0.011258860118687153
0.031749218702316284
-0.008836228400468826
0.006241463124752045
-0.0008495147339999676
-0.024940351024270058
-0.016371887177228928
-0.014497535303235054
-0.003764641471207142
-0.007089383900165558
0.0060820793733000755
0.00779067212715745
-0.027771003544330597
0.017098676413297653
0.002293530385941267
-0.0023285949137061834
0.029658107087016106
-0.022466717287898064
0.0003643908421508968
0.005623054690659046
0.010213303379714489
-0.0036243838258087635
-0.00040324058500118554
0.03815006464719772
0.02033735066652298
-0.002613891614601016
-0.012903698720037937
-0.005077962297946215
-0.011303487233817577
0.00503333518281579
-0.03264176845550537
0.0031239192467182875
-0.007395400665700436
-0.013235216960310936
-0.007841674610972404
0.020668869838118553
-0.011584002524614334
0.03567643091082573
-0.027949513867497444
-0.03241225704550743
-0.011992024257779121
0.005986449308693409
-0.011762511916458607
-0.0002695575531106442
-0.016206128522753716
-0.009971040301024914
0.0006359406979754567
-0.007797047030180693
-0.013872751034796238
-0.04564747214317322
0.017557701095938683
-0.031264692544937134
-0.039399635046720505
0.009964664466679096
-0.008007433265447617
0.03348331153392792
-0.02128090336918831
-0.014956559985876083
-0.0033884961158037186
0.020120589062571526
-0.0057696872390806675
-0.036517977714538574
-0.011303487233817577
-0.010034793056547642
0.00568999582901597
0.015135069377720356
0.014714296907186508
-0.0008176380069926381
0.004625312983989716
0.002494353801012039
0.006694112438708544
-0.021803680807352066
0.010430064983665943
-0.024009549990296364
-0.022033194079995155
0.02782200649380684
0.014140515588223934
0.009518390521407127
0.010946467518806458
-0.011762511916458607
-0.0022425276692956686
0.032004233449697495
-0.018858270719647408
-0.030550654977560043
-0.01203665230423212
-0.0006502852193079889
0.0007495015161111951
0.0007008895045146346
-0.03526841104030609
-0.007777921389788389
-0.03641597181558609
0.012049402110278606
0.043658364564180374
0.0014998000115156174
0.004622125532478094
0.01584910787642002
0.04421939328312874
-0.018871022388339043
0.007108510006219149
0.01477805059403181
-0.016320884227752686
0.019521307200193405
-0.017697958275675774
-0.025271868333220482
0.00015699287177994847
0.03945063799619675
0.003264176659286022
0.01665240153670311
-0.0037997057661414146
0.013745244592428207
-0.0182462390512228
0.004689066670835018
-0.012304415926337242
0.00888085551559925
0.016346385702490807
-0.015517590567469597
-0.01055119652301073
-0.024149807170033455
0.008001058362424374
-0.00630521634593606
0.03707900643348694
0.02471083775162697
0.02264522574841976
0.0074272770434618
-0.00762491300702095
0.006518790498375893
0.01619337685406208
-0.0374615304172039
0.02787300944328308
-0.0032354877330362797
0.04949818179011345
0.005243721418082714
-0.0030952300876379013
-0.03350881487131119
0.018998529762029648
0.0002896797377616167
-0.021829182282090187
0.03335580602288246
0.010532069951295853
-0.01535183098167181
-0.01987832598388195
0.01202390156686306
0.03095867671072483
-0.02233920991420746
-0.009658647701144218
0.012725189328193665
0.01941930130124092
-0.005524236708879471
-0.016728905960917473
0.007204140070825815
-0.00696187699213624
0.026368428021669388
-0.005479609128087759
0.012145033106207848
-0.01535183098167181
0.0045743100345134735
-0.007663165219128132
0.050314225256443024
0.01676715724170208
0.020235346630215645
0.0009977415902540088
0.009072116576135159
-0.013031206093728542
0.006225524470210075
-0.009371757507324219
0.004124848172068596
0.0034713754430413246
0.03572743386030197
-0.006674986332654953
0.006212773732841015
0.009365382604300976
-0.03269277140498161
0.000886969908606261
-0.00893823429942131
-0.004325671587139368
0.024723589420318604
-0.007599411532282829
-0.010818961076438427
0.03623746335506439
0.015568593516945839
-0.001323681091889739
-0.0025150736328214407
0.009926412254571915
-0.003249832196161151
0.0009268158464692533
-0.0109974704682827
-0.026954960078001022
0.015874609351158142
-0.013477480039000511
-0.026240920647978783
0.006091642193496227
-0.019495805725455284
-0.020515860989689827
-0.031060682609677315
-0.007057507056742907
-0.007382649928331375
-0.01884552091360092
0.002371628535911441
0.006340280640870333
0.03024463728070259
0.005323413293808699
0.01830999180674553
0.016690654680132866
0.0014559695264324546
-0.009148620069026947
0.0030203198548406363
0.00046898634172976017
0.009645896963775158
0.016971169039607048
0.027643496170639992
-0.012584931217133999
-0.008721472695469856
0.035523422062397
-0.01278256718069315
-0.007083008531481028
-0.020260848104953766
0.007242392282932997
0.005052461288869381
0.003853896167129278
0.017787212505936623
0.02222445420920849
-0.00020620257419068366
0.004771945998072624
0.0014687201473861933
-0.01473979838192463
0.011252484284341335
-0.013745244592428207
-0.02902057208120823
-0.0023700345773249865
-0.020605115219950676
0.020120589062571526
-0.005782437976449728
-0.0011292330455034971
-0.014829053543508053
-0.005760124418884516
0.004775133449584246
-0.001954043284058571
0.03139220178127289
-0.027975015342235565
0.013770746067166328
-0.026572439819574356
-0.028740055859088898
-0.002607516245916486
-0.005785625893622637
-0.014625041745603085
-0.004928141832351685
0.006636734586209059
-0.0018982590408995748
0.014472033828496933
0.020146090537309647
-0.0007052725413814187
0.00012720805534627289
-0.00026158837135881186
-0.016435639932751656
-0.012106780894100666
-0.0006574575090780854
-0.024239063262939453
0.03753803297877312
0.010219678282737732
-0.015109567902982235
-0.0006419175770133734
-0.01055119652301073
-0.055593010038137436
-0.020069586113095284
0.007669540122151375
0.027643496170639992
0.01476529985666275
-0.0009921630844473839
-0.009773404337465763
0.041337739676237106
0.0019141974626109004
0.00438304990530014
-0.039119116961956024
-0.0019110097782686353
-0.002849779324606061
-0.008313450030982494
-0.006190460175275803
0.00034446787321940064
-0.025781895965337753
-0.003410809673368931
0.051538292318582535
0.0001472306321375072
0.014102263376116753
0.02602415904402733
0.002121396129950881
-0.027464987710118294
0.0039272126741707325
0.008657719008624554
0.020809127017855644
-0.0014559695264324546
0.011781638488173485
-0.03167271614074707
-0.0016799034783616662
0.021293653175234795
3.182691943948157e-05
-0.022721730172634125
-0.006362594664096832
0.0005921102128922939
-0.018067728728055954
0.010034793056547642
-0.01596386544406414
-0.0009833970107138157
0.025871150195598602
-0.01667790301144123
-0.0039431508630514145
-0.0007578691584058106
0.003990966361016035
0.020656118169426918
0.007988307625055313
-0.006378532852977514
-0.014166017062962055
0.006190460175275803
-0.013311720453202724
-0.00678974250331521
0.010627700947225094
-0.01856500469148159
0.0327947773039341
-0.02330826222896576
-0.017353689298033714
-0.0324377566576004
-0.02204594388604164
-0.01357948500663042
0.006435911171138287
-0.024838345125317574
-0.013872751034796238
0.013286219909787178
-0.01639738865196705
0.0031302946154028177
-0.02307874895632267
0.005559301003813744
-0.02430281601846218
-0.01051294431090355
0.009913661517202854
-0.02430281601846218
0.00012830382911488414
0.013273469172418118
-0.0036180084571242332
0.012259788811206818
-0.010213303379714489
-0.006796117871999741
-0.026495935395359993
0.03480938449501991
0.2063571810722351
-0.005909944884479046
-0.007350773084908724
0.021000387147068977
0.0041886018589138985
-0.006592107005417347
0.04052169620990753
-0.014025759883224964
-0.007459153886884451
0.022657977417111397
-0.012202410958707333
-0.010124048218131065
-0.012017525732517242
0.004822948481887579
0.018973028287291527
-0.018947526812553406
-0.04539245739579201
-0.01619337685406208
0.023665281012654305
0.008976486511528492
0.020388353615999222
0.017634205520153046
0.008600341156125069
0.0025867964141070843
0.018131481483578682
-0.0025820147711783648
-0.0037933303974568844
0.034426864236593246
0.018182484433054924
0.021739928051829338
-0.013757995329797268
0.010857213288545609
-0.0032625829335302114
-0.0008335763704963028
0.011105851270258427
-0.004724130965769291
0.02047760970890522
-0.015670599415898323
0.01025155559182167
-0.004631688352674246
0.007663165219128132
-0.014115014113485813
0.002950191032141447
-0.008695971220731735
0.0015699287177994847
0.0426638089120388
0.008166817016899586
-0.002958160126581788
0.019215291365981102
-0.002583608729764819
-0.041261233389377594
0.030321141704916954
0.013962006196379662
0.01607862114906311
-0.0027461799327284098
0.014459283091127872
0.00014224988990463316
0.007765170652419329
0.018871022388339043
-0.03215724229812622
0.00348093849606812
0.02662344090640545
0.0016193377086892724
0.029352089390158653
0.0026314237620681524
0.015555842779576778
-0.02590940333902836
-0.0072105154395103455
0.023614278063178062
-0.0029485970735549927
0.030066128820180893
-0.019776320084929466
-0.016818160191178322
0.004411738831549883
-0.016703404486179352
-0.01787646859884262
0.01628263108432293
0.022096946835517883
0.011692383326590061
0.050798751413822174
0.0023891606833785772
0.008332576602697372
-0.033942338079214096
0.008587590418756008
0.017557701095938683
-0.006534728687256575
0.021739928051829338
-0.012693312019109726
0.0008670469396747649
-0.02151041477918625
-0.014816302806138992
0.005616679321974516
-0.00037156310281716287
-0.01893477514386177
-0.008064812049269676
0.005227783229202032
0.0074974060989916325
0.01702217198908329
-0.031545206904411316
0.007695041596889496
-0.013681490905582905
0.03636496886610985
0.014956559985876083
-0.012278915382921696
-0.004500993527472019
0.0071531375870108604
-0.010621325112879276
-0.013885501772165298
0.0009196435566991568
-0.03730852156877518
-0.000489307742100209
-0.023996800184249878
-0.008001058362424374
-0.009760653600096703
-0.009862659499049187
0.02222445420920849
0.015160570852458477
-0.009250625967979431
0.015657847747206688
-0.006078891921788454
0.0039048988837748766
-0.010481067933142185
-0.0041726636700332165
0.004650814458727837
-0.012725189328193665
-0.00796918198466301
-0.02151041477918625
0.009990165941417217
-0.03118818812072277
-0.011156854219734669
0.020209845155477524
-0.022147949784994125
0.03682399541139603
0.012935575097799301
-0.01805497705936432
0.02418806031346321
0.011724259704351425
-0.0027653060387820005
-0.0057951887138187885
0.015275327488780022
-0.0037550784181803465
-0.013024830259382725
-0.016843661665916443
-0.01973806880414486
0.008587590418756008
-0.008479209616780281
0.020872879773378372
-0.006942750886082649
-0.020656118169426918
0.00566130643710494
0.007510156836360693
-0.01982732303440571
0.0034618123900145292
-0.0261389147490263
-0.004481867887079716
0.017787212505936623
-0.0304996520280838
-0.019840074703097343
0.032029733061790466
-0.000631159171462059
-0.048911649733781815
0.01916428841650486
0.009218749590218067
0.006180897355079651
-0.004644439090043306
0.02188018523156643
-0.15810856223106384
0.018297240138053894
0.021038640290498734
0.008134940639138222
-0.002013015327975154
-0.007108510006219149
0.01584910787642002
0.01690741628408432
-0.0018249425338581204
-0.01873076520860195
-0.0016312914667651057
-0.016639651730656624
-0.03253976255655289
-0.04113372787833214
-0.0162188783288002
-0.022696228697896004
-0.025412125512957573
-0.009786155074834824
0.02741398476064205
0.004953643307089806
0.01596386544406414
-0.004166288301348686
-0.02390754409134388
-0.01787646859884262
0.021956689655780792
0.006796117871999741
-0.026750948280096054
-0.004826136399060488
-0.017672456800937653
-0.00404196884483099
0.01713692769408226
0.0057282475754618645
0.023869292810559273
-0.010296182706952095
-0.0269294586032629
0.021841932088136673
-0.003873022273182869
0.0069236247800290585
-0.008734223432838917
0.0058398162946105
-0.004201352596282959
0.028510544449090958
0.004918579012155533
-0.0021277714986354113
0.012910074554383755
0.001407357514835894
0.01925354264676571
-0.0008949391194619238
0.020375603809952736
-0.011105851270258427
0.028408538550138474
0.0044754925183951855
0.012074903585016727
0.0016026024241000414
0.023894794285297394
0.0188200194388628
0.0022170264273881912
-0.003211580216884613
0.012062152847647667
-0.0109974704682827
-0.00023489163140766323
-0.0072360169142484665
0.009390883147716522
0.006560230161994696
0.019585059955716133
-0.02061786688864231
-0.0061235190369188786
0.010143173858523369
-0.03386583551764488
0.01642289012670517
0.0037901427131146193
-0.031570710241794586
0.025539632886648178
-0.020605115219950676
-0.011411868035793304
0.01602761819958687
-0.0068662469275295734
0.02370353415608406
-0.0072615183889865875
-0.005313850473612547
-0.021523166447877884
0.04220478609204292
-0.00284181023016572
-0.015313579700887203
-0.019062282517552376
-0.005756936967372894
-0.000421171251218766
-0.0004151943721808493
0.010206927545368671
-0.004998270887881517
-0.0011627036146819592
-0.0395781435072422
0.0032370814587920904
0.0072933947667479515
0.0012360200053080916
0.01593836396932602
0.010060294531285763
-0.008421830832958221
0.012030276469886303
-0.0019524494418874383
0.0006307607400231063
0.03399334102869034
-0.0031398574355989695
-0.004756007343530655
0.01602761819958687
0.003608445404097438
0.009269751608371735
0.007637663744390011
0.024608831852674484
-0.003436311148107052
-0.026368428021669388
0.007975556887686253
0.025514131411910057
0.004969581495970488
0.018016725778579712
0.015976615250110626
-0.025603387504816055
-0.0023732222616672516
0.005945009645074606
-0.004724130965769291
0.059061199426651
-0.008931858465075493
-0.01380899827927351
0.001915791304782033
0.002405099105089903
-0.03873659670352936
-0.10430064797401428
-0.041516248136758804
0.007382649928331375
0.019776320084929466
0.012686937116086483
0.01656314730644226
0.002583608729764819
-0.001426483504474163
-0.022237204015254974
0.015810856595635414
-0.03715551272034645
-0.008950985036790371
-0.017302686348557472
0.011360865086317062
-0.002546950476244092
0.0324377566576004
0.004456366412341595
0.00010479473712621257
-0.009352631866931915
0.009161370806396008
0.009607645682990551
0.005352102220058441
-0.02153591625392437
-0.0003468586364760995
-0.0177617110311985
0.01610412262380123
-0.032947786152362823
0.01116960495710373
0.01662690006196499
0.00713401148095727
-0.006910874042659998
-0.008026559837162495
0.0015324736014008522
-0.010449190624058247
0.028944067656993866
-0.009633147157728672
0.002213838743045926
-0.012304415926337242
0.03429935872554779
-0.01810598000884056
0.007471904624253511
0.010302557609975338
0.015147820115089417
-0.019942080602049828
-0.01309495884925127
-0.027694499120116234
-0.018832769244909286
0.0034650000743567944
0.0014615479158237576
-0.019495805725455284
-0.00904023926705122
0.0009881785372272134
-0.03330480307340622
-0.010952843353152275
0.019036781042814255
0.029122577980160713
0.00258520245552063
0.0005785625544376671
-0.019942080602049828
-0.03493689373135567
0.003107980825006962
-0.01195377204567194
-0.005517861340194941
0.0204521082341671
0.015441086143255234
0.001818567281588912
-0.026291923597455025
-0.014306275174021721
0.013349972665309906
-0.022007692605257034
0.0048867021687328815
0.0019556372426450253
-0.01438277866691351
-0.01489280629903078
-0.027286477386951447
0.01536458171904087
-0.017353689298033714
-0.021127894520759583
0.009722401387989521
0.004131223540753126
-0.012189660221338272
-0.019011279568076134
-0.021803680807352066
-0.011800764128565788
1.0745943654910661e-05
0.02250496856868267
0.005387166980654001
-0.011934646405279636
0.0005662103649228811
-0.01118235569447279
0.022211702540516853
0.00891273282468319
0.002387566724792123
-0.018781766295433044
0.008236946538090706
0.002092706970870495
-0.010468317195773125
-0.003189266426488757
-0.003021913580596447
0.011960147880017757
-0.04172025993466377
-0.004899452906101942
-0.0501612164080143
0.002255278406664729
0.011226982809603214
-0.008294324390590191
-0.00027852290077134967
-0.003697700332850218
0.025947654619812965
-0.015657847747206688
0.01296745240688324
0.010614950209856033
-0.03019363433122635
0.0015316767385229468
-0.020209845155477524
-0.004787884186953306
-0.014331775717437267
-0.033891335129737854
0.04572397470474243
-0.001025633653625846
0.013273469172418118
0.020630616694688797
0.00452011963352561
-0.02091113291680813
0.023920295760035515
0.03253976255655289
0.005364852957427502
0.014956559985876083
-0.002288748975843191
-0.01808047853410244
-0.006059765815734863
0.015135069377720356
0.006700487807393074
-0.0015476150438189507
-0.019317295402288437
0.0275924950838089
-0.012878197245299816
-0.029862117022275925
0.023321013897657394
0.04521394893527031
0.022033194079995155
0.05829615890979767
-0.005304287187755108
-0.021229900419712067
0.02584565058350563
-0.01805497705936432
-0.03276927396655083
-0.0009172527934424579
-0.01876901648938656
-0.007701416965574026
-0.003050602739676833
-0.02533562295138836
0.02858704887330532
0.031978730112314224
-0.01794022135436535
-0.01853950321674347
-0.005903569515794516
0.00046978326281532645
0.016435639932751656
0.01873076520860195
0.002774869091808796
-0.01346472930163145
0.04643801599740982
-0.015288078226149082
-0.010519320145249367
0.004179039038717747
0.007491030730307102
-0.010774333961308002
-0.011201481334865093
-0.013031206093728542
0.0223902128636837
-0.03468187898397446
-0.008574839681386948
0.004274669103324413
-0.004335234872996807
0.004650814458727837
0.027082467451691628
-0.01930454559624195
-0.0034458742011338472
-0.012106780894100666
0.013515732251107693
0.029122577980160713
0.004991895519196987
0.011029346846044064
-0.01052569504827261
0.023295512422919273
0.006898123770952225
-0.00678974250331521
-0.009250625967979431
0.0213319044560194
-0.03024463728070259
0.009320754557847977
-0.019444802775979042
0.013681490905582905
-0.03503889590501785
-0.009671398438513279
-0.013050331734120846
-0.0007487045950256288
0.00010967586422339082
-0.0019317296100780368
0.005664494354277849
0.012935575097799301
0.031570710241794586
-0.00893823429942131
0.005702746566385031
-0.025998657569289207
-0.018832769244909286
0.0012336293002590537
-0.04401538521051407
-0.040853213518857956
-0.024175308644771576
0.016894664615392685
-0.00779067212715745
-0.002154866699129343
0.03335580602288246
-0.0075802854262292385
-0.015504839830100536
-0.023576026782393456
0.02287473902106285
-0.017187930643558502
-0.00861309189349413
0.0004709786444436759
-0.011647756211459637
0.048452623188495636
0.031749218702316284
-0.010461941361427307
-0.0016193377086892724
0.014510286040604115
0.02139565907418728
-0.006566605530679226
0.004131223540753126
0.006840745452791452
-0.009161370806396008
-0.01183901634067297
-0.008224195800721645
-0.014535787515342236
-0.023486772552132607
-0.014612291008234024
0.012215161696076393
0.010493818670511246
-0.008249696344137192
0.07686116546392441
-0.006400846876204014
-0.018373744562268257
0.0006156192976050079
0.00016057900211308151
0.0012408015318214893
0.003455437021329999
-0.010602199472486973
-0.001337228692136705
-0.008772474713623524
0.012604057788848877
-0.00036200007889419794
-0.014650543220341206
-0.009352631866931915
-0.003783767344430089
0.004539245739579201
-0.03072916343808174
0.024800093844532967
-0.026036910712718964
-0.012584931217133999
0.030142633244395256
0.0069236247800290585
0.02059236541390419
-0.006069328635931015
-0.002244121627882123
0.007414526771754026
0.019521307200193405
-0.021956689655780792
-0.01625712960958481
-0.0347328819334507
0.0037104508373886347
-0.012329917401075363
-0.0374615304172039
-0.018042227253317833
0.001710186363197863
-0.012674186378717422
-0.0068662469275295734
-0.0030490087810903788
-0.009849908761680126
0.007280644495040178
-0.014599540270864964
0.022861987352371216
-0.023321013897657394
-0.041745759546756744
-0.028842061758041382
0.019011279568076134
-0.021255401894450188
0.01439552940428257
-0.01656314730644226
