0.0003313663764856756
-0.012873673811554909
0.017521969974040985
-0.02434457093477249
-0.036446716636419296
0.019065024331212044
-0.049836866557598114
-0.010826894082129002
-0.004983048886060715
-0.03731388971209526
0.009098926559090614
0.0008352903532795608
-0.0016642045229673386
0.006994760129600763
-0.011815214529633522
-0.0019463541684672236
0.03603863716125488
5.808376590721309e-05
0.003561142599210143
0.004421938210725784
-0.01648901402950287
0.012529355473816395
0.013798232190310955
0.0065611740574240685
-0.04894419014453888
0.020455049350857735
0.0065133520402014256
-0.029126767069101334
-0.018299873918294907
0.00041684816824272275
0.007606881204992533
-0.002703535370528698
-0.017891792580485344
-0.018567675724625587
-0.02034027688205242
0.003420864697545767
0.00763876223936677
0.0232478529214859
0.027902524918317795
0.01549431774765253
0.037109848111867905
-0.005075505003333092
0.003299715928733349
-0.004278472159057856
-0.010909785516560078
0.023706944659352303
-0.02417878806591034
-0.004753503482788801
-0.014512373134493828
0.009672789834439754
0.0034272409975528717
0.020378535613417625
-0.006599431857466698
-0.027290403842926025
-0.010826894082129002
-0.0030685763340443373
-0.028310604393482208
0.011349746957421303
0.0030207543168216944
-0.002923516323789954
0.007096779998391867
-0.0063475691713392735
-0.018746212124824524
0.00960902776569128
0.01731792837381363
0.023949241265654564
-0.012631376273930073
0.006369885988533497
-0.0029219223652035
0.015647348016500473
0.022852525115013123
0.023770706728100777
0.011228597722947598
0.012146780267357826
0.03047853522002697
0.012816287577152252
0.003937342204153538
-0.030223483219742775
0.010979924350976944
0.030274493619799614
0.005072316620498896
-0.01988118700683117
-0.012255175970494747
0.002681218320503831
0.0034240528475493193
-0.0012513415422290564
-0.004616414196789265
0.014984216541051865
0.007670643739402294
-0.025415781885385513
-0.021768560633063316
0.019893938675522804
0.006149905268102884
0.027774998918175697
-0.026002397760748863
0.022061867639422417
-0.002400662750005722
0.03741590678691864
-0.026346717029809952
-0.02220214530825615
-0.005065940320491791
0.0006244751857593656
-0.01819785311818123
0.0031100220512598753
-0.03512045368552208
0.007549494970589876
-0.016909848898649216
0.010348673909902573
0.015813130885362625
-0.0346868671476841
0.01040606014430523
0.04657221958041191
0.0033220327459275723
-0.015609090216457844
0.003985164221376181
-0.024357322603464127
0.006516540423035622
-0.0220746211707592
-0.01280991081148386
-0.023630429059267044
0.013441161252558231
0.0028693180065602064
0.006446401122957468
-0.007645138539373875
0.012829040177166462
0.020276514813303947
-0.04269545152783394
-0.009870454668998718
-0.01122222188860178
-0.0192690659314394
-0.006542045157402754
-0.025122474879026413
-0.010304040275514126
0.0017741949995979667
-0.003567518899217248
-0.013198863714933395
-0.013198863714933395
0.026270201429724693
-0.02882070653140545
-0.03277399018406868
0.015111741609871387
0.01919255033135414
-0.005869349464774132
-0.029764393344521523
-0.008046843111515045
-0.0028581595979630947
0.026729291304945946
0.025581564754247665
0.011668560095131397
0.005780081730335951
0.010374179109930992
-0.02769848331809044
0.009137184359133244
-0.006516540423035622
0.005027682986110449
-0.00745385093614459
0.003264646278694272
0.003752430435270071
0.021704796701669693
0.007147790398448706
-0.010202019475400448
-0.005368812941014767
0.0010377366561442614
0.009060668759047985
0.029101261869072914
0.01892474666237831
0.017394443973898888
0.00498942518606782
0.01758573204278946
0.014282828196883202
0.02581110969185829
0.03721186891198158
-0.031422220170497894
0.013428408652544022
-0.001014622743241489
0.010527209378778934
0.014027777127921581
0.005413447041064501
-0.004721622448414564
-0.010087247006595135
-0.01951136253774166
-0.0023432765156030655
0.0013406091602519155
0.0016267439350485802
-0.016055429354310036
0.02884621173143387
0.018108585849404335
0.005193465854972601
0.009640908800065517
0.0016721747815608978
0.04537348449230194
0.0044984533451497555
-0.016284974291920662
0.00093332544201985
-0.6374222040176392
0.004351798910647631
0.009570769965648651
-0.015009721741080284
0.008454924449324608
0.004928851034492254
0.023630429059267044
-0.001933601568453014
0.008231754414737225
-0.014831186272203922
0.013606944121420383
0.018350882455706596
0.015443307347595692
-0.01692260056734085
-0.021730301901698112
-0.022036362439393997
0.00290916976518929
-0.023235101252794266
0.01082051731646061
-0.024357322603464127
-0.030810100957751274
0.01900126226246357
-0.0008046046132221818
0.010884280316531658
-0.017470959573984146
-0.0192690659314394
0.005190277472138405
0.009691919200122356
-0.0003608565893955529
0.0124209588393569
-0.011483648791909218
0.009927840903401375
0.021870579570531845
0.0073135728016495705
0.04817903786897659
0.0048332070000469685
-0.008148862980306149
0.015953408554196358
0.027979040518403053
0.005949052982032299
-0.010533585213124752
-0.018554924055933952
0.026244696229696274
0.006286994554102421
0.027341414242982864
0.019651640206575394
0.012216919101774693
-0.025505049154162407
-0.002737010596320033
0.01673131249845028
-0.020034216344356537
-0.013772726990282536
0.0037651830352842808
-0.018108585849404335
-0.010750378482043743
-0.003054229775443673
-0.005343307740986347
0.012395454570651054
0.006797095760703087
0.016259469091892242
0.008257259614765644
0.01846565678715706
-0.026831312105059624
-0.030044948682188988
-0.024459343403577805
0.008773737587034702
-0.00042720959754660726
-0.016259469091892242
0.006522916257381439
-0.023847222328186035
0.008072348311543465
0.023196842521429062
0.015864141285419464
0.0013262626016512513
0.008270012214779854
0.011375252157449722
0.03154974803328514
-0.008493181318044662
-0.0040297978557646275
0.013071337714791298
-0.002241256181150675
-0.019651640206575394
-0.01145176775753498
0.009322095662355423
0.01648901402950287
-0.052004795521497726
0.011254102922976017
-0.008627083152532578
0.0022811079397797585
0.027979040518403053
0.011273232288658619
0.0016307290643453598
0.004026609938591719
-0.026193685829639435
0.009035163559019566
0.042210858315229416
-0.005655744578689337
-0.0158768929541111
-0.011158458888530731
-0.006675946991890669
0.012204166501760483
-0.024701640009880066
0.005442140158265829
0.005266792606562376
0.026627272367477417
0.010699368081986904
0.008869380690157413
0.00979393906891346
0.03330959379673004
-0.01469090860337019
-0.008601577952504158
-0.01924356073141098
-0.01550707034766674
0.001960700610652566
0.004354987293481827
-0.03909924253821373
0.009047916159033775
0.0016171796014532447
0.004565403796732426
-0.014346590265631676
0.026117170229554176
-0.0021312658209353685
0.008888510055840015
-0.004281660076230764
-0.032467927783727646
0.020875882357358932
-0.023439140990376472
-0.0010871527483686805
-0.0244210846722126
-0.02532651461660862
-0.00792569387704134
-0.02017449401319027
0.014257322996854782
0.0014505997532978654
0.01731792837381363
0.00337623106315732
0.018580429255962372
-0.019970454275608063
0.002862941939383745
-0.013186111114919186
-0.026882322505116463
-0.027902524918317795
0.011292360723018646
-0.007179671432822943
-0.032467927783727646
-0.04070606082677841
-0.008505933918058872
-0.0017582543659955263
-0.01102455798536539
0.014945958741009235
-0.0021774936467409134
-0.0021089487709105015
-0.03792601078748703
-0.0012258364586159587
0.01748371124267578
-0.007517613470554352
-0.00017574573575984687
0.008563320152461529
-0.03228939324617386
-0.00935397669672966
0.008014962077140808
-0.005257228389382362
-0.02134772576391697
0.006194538902491331
-0.015341287478804588
0.015864141285419464
0.0294073224067688
0.022941792383790016
-0.01758573204278946
-0.04409823194146156
0.01836363598704338
0.026729291304945946
-0.004396433010697365
0.03218737244606018
0.025173483416438103
0.013581438921391964
-0.003271022578701377
0.013772726990282536
-0.013058585114777088
-0.017968308180570602
0.0016004418721422553
0.028642170131206512
-0.018542170524597168
-0.020748358219861984
-0.005072316620498896
0.015417802147567272
0.015813130885362625
0.018325379118323326
0.0024883365258574486
-0.014372095465660095
0.012433711439371109
-0.0028996053151786327
-0.01465265080332756
0.01572386361658573
-0.011866223998367786
0.0035994001664221287
0.01609368622303009
-0.002255602739751339
0.01814684271812439
0.01702462136745453
0.04134368523955345
-0.0013908222317695618
0.034763384610414505
0.0015127682127058506
0.005442140158265829
-0.002893229015171528
0.0012114899000152946
-0.0224954541772604
0.046342674642801285
0.01349217165261507
0.00934122409671545
0.0017040561651811004
-0.0110373105853796
-0.00675246212631464
-0.0014187183696776628
0.030861109495162964
-0.01985568180680275
0.007613257504999638
-0.014423105865716934
0.01775151491165161
-0.007332701701670885
-0.017419949173927307
0.018350882455706596
-0.0016315261600539088
0.009239204227924347
0.030325504019856453
0.016233963891863823
0.0014282828196883202
0.0031913192942738533
-0.024306312203407288
0.01782803051173687
0.004635542631149292
-0.01619570702314377
0.023987499997019768
0.01670580729842186
0.04190479591488838
0.006918244529515505
-0.0211946964263916
0.0332585833966732
6.799685797886923e-05
-0.0021631470881402493
0.03346262499690056
0.025925884023308754
-0.017113888636231422
0.02308207005262375
0.015430554747581482
0.028973735868930817
0.0025855745188891888
-0.012357196770608425
0.013020328246057034
-0.002255602739751339
0.012975693680346012
-0.010374179109930992
-0.022929038852453232
0.005413447041064501
-0.028667675331234932
0.0054644569754600525
0.02439557947218418
0.003669539000838995
0.018644191324710846
0.006047884933650494
0.03144772723317146
-0.004938415251672268
0.010826894082129002
0.004839583300054073
-0.0007926491089165211
0.0012019254500046372
-0.009545264765620232
-0.026627272367477417
-0.012720643542706966
-0.007230681832879782
-0.014843938872218132
-0.015940656885504723
0.03874216973781586
0.0013629260938614607
0.015417802147567272
-0.003183349035680294
-0.01020839624106884
0.004842771217226982
0.02762196958065033
-0.024535857141017914
-0.04190479591488838
0.007332701701670885
0.022087372839450836
0.004042550455778837
-0.017432700842618942
-0.003202477702870965
-0.01527752447873354
-0.020875882357358932
-0.0037014202680438757
-0.01609368622303009
0.004224273841828108
0.022622978314757347
0.004115877207368612
-0.0015892834635451436
-0.017623988911509514
0.028489140793681145
-0.003178566927090287
-0.013759974390268326
0.003854450536891818
0.0030685763340443373
-0.028897222131490707
-0.028438130393624306
-0.015991665422916412
0.04022146388888359
0.021424241364002228
-0.022087372839450836
0.02300555445253849
0.01780252531170845
-0.024293560534715652
0.011228597722947598
-0.01263775210827589
0.0032805870287120342
0.0200214646756649
1.660069938225206e-05
0.015978913754224777
0.014588888734579086
0.0007368568331003189
0.013300883583724499
-0.008308270014822483
0.0010457070311531425
-0.004068055655807257
-0.024510351940989494
0.006376262288540602
0.02556881308555603
-0.0108077647164464
-0.02700984850525856
0.027366917580366135
-0.013555933721363544
0.0016769570065662265
-0.016055429354310036
-0.030197979882359505
0.019128788262605667
-0.009800315834581852
0.02081212028861046
0.014155302196741104
0.012204166501760483
-0.013122348114848137
0.00016807428619358689
0.013351893983781338
0.00331884459592402
0.0023082070983946323
0.0014306738739833236
0.009895958937704563
0.023069318383932114
-0.010897032916545868
0.005426199175417423
-0.006334816571325064
0.01919255033135414
-0.010603724047541618
0.046342674642801285
0.031218180432915688
0.004115877207368612
-0.01726691797375679
0.0008336963364854455
0.0024676136672496796
0.03629368543624878
-0.006542045157402754
-0.03287601098418236
0.00836565624922514
0.0005407867720350623
0.04542449489235878
-0.0023432765156030655
0.01324987318366766
0.022839771583676338
0.01471641380339861
0.017011867836117744
-0.019039519131183624
-0.003777935402467847
-0.019447600468993187
0.011164835654199123
0.032544445246458054
-0.0016705807065591216
-0.027213888242840767
0.018274368718266487
0.022750504314899445
0.0019718592520803213
0.013810984790325165
-0.011190340854227543
-0.006446401122957468
0.002681218320503831
0.010125504806637764
-0.022776009514927864
-0.03328409045934677
-0.01280991081148386
-0.027264898642897606
0.024561362341046333
-0.0223679281771183
-0.003271022578701377
-0.004651483613997698
-0.002593544777482748
-0.009577145799994469
-0.013747221790254116
0.026856817305088043
0.024535857141017914
-0.06498686969280243
-0.05804949253797531
-0.0044091856107115746
-0.017152145504951477
0.03399823233485222
0.006443213205784559
-0.011694065295159817
-0.0017184027237817645
0.018835479393601418
-0.013810984790325165
-0.005843844730407
-0.004048926755785942
-0.024701640009880066
-0.0006320470129139721
0.020990656688809395
-0.021998105570673943
-0.008786489255726337
0.01040606014430523
0.01266325730830431
-0.027443433180451393
-0.00281193177215755
0.012216919101774693
0.0034463698975741863
-0.014321085065603256
0.02300555445253849
-0.0008934737998060882
0.016501767560839653
-0.00045191761455498636
-0.0213222224265337
0.002475583925843239
-0.022431692108511925
-0.016514519229531288
-0.010686615481972694
0.018274368718266487
0.012357196770608425
-0.007543118670582771
0.011853472329676151
-0.007090403698384762
-0.018618686124682426
0.006982007529586554
-0.0038512626197189093
0.006669570691883564
-0.010571843013167381
0.025045959278941154
-0.008403914049267769
-0.0056684971787035465
0.050321463495492935
0.015392297878861427
-0.0014848720747977495
-0.00175666029099375
-0.04527146369218826
0.0028454072307795286
0.005053188186138868
-0.02567083202302456
0.013670707121491432
0.013683458790183067
-0.018860984593629837
-0.010667487047612667
-0.0010624447604641318
-0.0005750591517426074
0.012299810536205769
-0.023732447996735573
-0.01409154012799263
-0.010425189509987831
-0.01246559340506792
-0.014270075596868992
0.01643800549209118
0.0026222378946840763
-0.008875757455825806
0.013013951480388641
-0.0061339642852544785
0.009143560193479061
-0.03330959379673004
0.024025756865739822
-0.0292797964066267
-0.021972600370645523
-0.018554924055933952
0.0034941919147968292
0.03236590698361397
-0.011088320054113865
0.0073135728016495705
0.003148279618471861
0.011132954619824886
-0.010559090413153172
-0.008525063283741474
-0.02102891355752945
-0.007957575842738152
0.01844015158712864
0.01465265080332756
0.01606818102300167
-0.009685542434453964
0.009564394131302834
0.0014601640868932009
-0.005658932961523533
-0.0015215356834232807
-0.0005519452388398349
-0.017368938773870468
-0.045143939554691315
0.001461758161894977
0.01758573204278946
-0.009328472428023815
0.011668560095131397
-0.021475251764059067
0.004947979468852282
0.02586212009191513
-0.0034686867147684097
-0.02874419093132019
-0.015366792678833008
-0.0025425346102565527
-0.004511205479502678
0.00821900274604559
-0.01082051731646061
0.025709090754389763
-0.0192690659314394
-0.0034654985647648573
0.022559216246008873
0.0005387941491790116
-0.001110266661271453
0.007033017463982105
0.038359593600034714
-0.006194538902491331
-0.007785416673868895
0.017496464774012566
0.01787903904914856
-0.0020212752278894186
0.0032471115700900555
-0.022240404039621353
0.02156451903283596
0.03902272507548332
0.010348673909902573
-0.016552777960896492
-0.015596337616443634
-0.005617487244307995
-0.018223358318209648
0.013925757259130478
-0.008142487145960331
-0.00860795471817255
-0.0027928028721362352
-0.00490972213447094
-0.0049575441516935825
-0.027162877842783928
-0.004144570790231228
-0.005646180361509323
0.017101135104894638
0.0071924240328371525
-0.007294444367289543
0.013339141383767128
-0.010686615481972694
0.0038385100197046995
0.0015550110256299376
-0.025262752547860146
0.041726261377334595
-0.011030933819711208
0.053713634610176086
0.04009393975138664
0.007300820667296648
-0.02500770054757595
-0.01222329493612051
0.010119128972291946
-0.011292360723018646
0.03239141404628754
-0.003478251164779067
0.02139873616397381
-0.008065971545875072
0.006344381254166365
0.025772852823138237
-0.0008344933739863336
-0.020850379019975662
-0.013453913852572441
0.024829166010022163
-0.009322095662355423
-0.04045100882649422
0.01875896379351616
-0.021947095170617104
0.03751792758703232
-0.005375189241021872
0.009934216737747192
-0.02046780288219452
-0.009679166600108147
-0.0030988636426627636
0.047464895993471146
-0.00815523974597454
0.018159596249461174
0.008576072752475739
-0.014780176803469658
-0.021768560633063316
-0.010948042385280132
-0.010099999606609344
-0.015405050478875637
-0.012280681170523167
0.0008336963364854455
-0.009551641531288624
-0.00013200855755712837
-0.02107992395758629
-0.019383838400244713
0.015927903354167938
-0.0096345329657197
0.007217929232865572
0.02391098439693451
-0.005215782672166824
-0.0005475615616887808
0.02322234772145748
0.020531564950942993
-0.00640495540574193
0.015047979541122913
-0.0010042613139376044
-0.01980467140674591
-0.004138194490224123
0.01167493686079979
-0.02999393828213215
0.003915024921298027
-0.009149936959147453
-0.016820579767227173
-0.0019096905598416924
-0.011458143591880798
-0.008289141580462456
-0.00820625014603138
0.02473989874124527
-0.007217929232865572
-0.015315782278776169
0.0044474429450929165
-0.010514456778764725
0.00640495540574193
0.030963130295276642
0.017993813380599022
0.03274848312139511
0.030274493619799614
-0.04899520054459572
-0.02139873616397381
0.001173232332803309
0.0009277461795136333
-0.003835321869701147
0.030835604295134544
0.0075686234049499035
-0.01249109860509634
0.03925227001309395
-0.015966162085533142
-0.004951167851686478
-0.026678282767534256
0.00018590790568850935
-0.0017678188160061836
-0.019995959475636482
-0.005655744578689337
0.015647348016500473
0.002862941939383745
0.002375157782807946
0.010565467178821564
-0.005847032647579908
0.001166059053502977
-0.0004315932746976614
-0.03346262499690056
-0.002956991782411933
-0.0038927083369344473
0.03797701746225357
-0.02991742268204689
0.01782803051173687
-0.005228535272181034
-0.039532825350761414
-0.010316792875528336
0.0033921715803444386
0.02252095937728882
-0.0216155294328928
-0.0014250946696847677
-0.0052125947549939156
-0.00467698834836483
-0.017840782180428505
-0.009283837862312794
-0.015137246809899807
0.0010751972440630198
0.005072316620498896
-0.012338067404925823
0.003777935402467847
0.025823863223195076
-0.019014013931155205
0.0038990844041109085
-0.02356666512787342
-0.014168054796755314
-0.03376868739724159
0.006229608319699764
-0.034814391285181046
0.03805353492498398
0.009570769965648651
-0.004559027496725321
-0.026219191029667854
-0.02071010135114193
-0.028514645993709564
-0.0027529513463377953
-0.0011995343957096338
0.03223838284611702
0.0030080017168074846
9.48469023569487e-05
0.019651640206575394
0.030784595757722855
-0.020888635888695717
0.008569696918129921
-0.027290403842926025
-0.011891729198396206
-0.022699493914842606
-0.005327367223799229
-0.004061679355800152
-0.007830049842596054
-0.013594191521406174
-0.030248988419771194
0.03519696742296219
-0.014461363665759563
0.001852304209023714
0.011802461929619312
-0.003918213304132223
-0.01555808074772358
0.002982496749609709
0.01326262578368187
0.017062878236174583
0.009685542434453964
-0.007842802442610264
-0.021628282964229584
0.021819571033120155
0.003628093283623457
-0.012994823046028614
-0.03098863549530506
-0.009251956827938557
0.031345706433057785
-0.017368938773870468
0.018261615186929703
-0.002105760620906949
-0.007186047732830048
-0.016642045229673386
-0.02036578208208084
0.0038576386868953705
-0.027239393442869186
-0.0032534878700971603
0.01580037921667099
-0.008410289883613586
-0.035349998623132706
-0.003141903318464756
0.0025967329274863005
-0.034151263535022736
0.01203838363289833
0.013160605914890766
-0.016744066029787064
0.021730301901698112
-0.019664393737912178
-0.013657954521477222
-0.026346717029809952
-0.037058837711811066
-0.018032070249319077
0.016667550429701805
-0.016858838498592377
-0.002842219080775976
0.013013951480388641
0.000730480591300875
-0.005483585875481367
0.002730634296312928
-0.006867234595119953
-0.01988118700683117
-0.015201009809970856
0.0122105423361063
-0.0367782823741436
0.005174336954951286
-6.335787929856451e-06
-0.013071337714791298
0.013925757259130478
-0.002277919789776206
0.010355050675570965
-0.03606414049863815
-0.0039500948041677475
0.1996535360813141
-0.0071031562983989716
0.005697190295904875
0.009226451627910137
-0.013326388783752918
0.013696211390197277
0.022163888439536095
-0.009124431759119034
-0.004600473213940859
0.014996969141066074
-0.0031243686098605394
-0.023604923859238625
-0.018644191324710846
0.011732323095202446
0.020136237144470215
-0.004836394917219877
-0.028667675331234932
-0.022929038852453232
0.015711110085248947
-0.0019240372348576784
0.02178131230175495
0.01463989820331335
-0.015239267610013485
-0.00859520211815834
0.02295454405248165
0.017279671505093575
-0.009653661400079727
0.026168180629611015
0.0350184328854084
-0.0029267044737935066
-0.007613257504999638
0.0005057172966189682
-0.0015749367885291576
-0.004603661596775055
-0.012758901342749596
0.004425126127898693
0.007919318042695522
-0.02273775264620781
0.014563383534550667
0.007677020039409399
0.023477397859096527
-0.028030049055814743
0.009328472428023815
-0.029509343206882477
0.009143560193479061
0.05047449469566345
0.006573926657438278
-0.017687752842903137
-0.0005858191289007664
-0.004517581779509783
-0.0166292916983366
0.016208458691835403
0.030682574957609177
0.00532417930662632
-0.015813130885362625
0.022431692108511925
-0.00468974094837904
-0.013071337714791298
0.0064400252886116505
-0.012293433770537376
0.015303029678761959
0.008958648890256882
0.008321022614836693
0.016017170622944832
-0.017815276980400085
0.002862941939383745
-0.03700782731175423
0.006306123454123735
-0.009430492296814919
-0.022329671308398247
0.007288068067282438
-0.013594191521406174
-0.016795074567198753
-0.0004335858393460512
-0.013798232190310955
-0.018988508731126785
0.024433838203549385
0.02105441875755787
0.007358206901699305
0.02820858545601368
-0.02107992395758629
-0.023502903059124947
-0.028591161593794823
0.005346496123820543
0.0006188959814608097
-0.00498942518606782
0.018223358318209648
-0.024803660809993744
0.0040712435729801655
-0.020875882357358932
-0.010616476647555828
0.0007017873576842248
-0.0069883838295936584
-0.013013951480388641
0.013160605914890766
0.016744066029787064
0.004775820765644312
0.02532651461660862
-0.003561142599210143
0.016782322898507118
-0.014499620534479618
0.04244040325284004
0.012382701970636845
0.03170277550816536
-0.01162392646074295
0.01075675431638956
-0.005273168906569481
-0.02329886332154274
0.008116981945931911
-0.03231489658355713
0.008244507014751434
-0.017419949173927307
0.017037373036146164
-0.010029860772192478
-0.015813130885362625
0.011203093454241753
0.00330609199590981
-0.02129671722650528
0.02649974636733532
0.003911837004125118
-0.0042848484590649605
-0.02271224744617939
-0.009054292924702168
0.025874873623251915
-0.03282500058412552
-0.027826009318232536
-0.04210883751511574
0.019014013931155205
-0.03463585674762726
-0.022087372839450836
0.02637222222983837
-0.036472219973802567
0.03106515109539032
0.013925757259130478
-0.014346590265631676
-0.009098926559090614
0.008984154090285301
-0.012962942011654377
-0.009054292924702168
0.017368938773870468
0.03621717169880867
-0.018108585849404335
-0.00015203400107566267
-0.0015135653084143996
0.005642992444336414
-0.0060128155164420605
-0.001796511933207512
0.0051711490377783775
-0.013377398252487183
-0.010074494406580925
-0.005996874999254942
-0.04215984791517258
-0.012943812645971775
-0.008722727186977863
0.022827019914984703
0.020888635888695717
-0.0253010094165802
0.01383648905903101
-0.009749305434525013
-0.0033315971959382296
-0.02561982162296772
-0.007536742370575666
0.030963130295276642
0.004208333324640989
-0.009213699027895927
0.021118180826306343
-0.15802928805351257
0.012554860673844814
0.00468974094837904
-0.003848074469715357
0.017738761380314827
-0.002674842020496726
0.01383648905903101
0.014423105865716934
-0.0009038352291099727
-0.01471641380339861
-0.017968308180570602
0.003204071894288063
-0.02708636224269867
-0.03239141404628754
0.005582417827099562
0.0019447600934654474
-0.025198988616466522
0.01902676746249199
0.04149671643972397
0.007370959501713514
-0.0018076704582199454
-0.018554924055933952
-0.020875882357358932
-0.0055059026926755905
0.008722727186977863
-0.005014930386096239
-0.04256792739033699
0.002969744149595499
-0.009028787724673748
-0.008429419249296188
0.01841464638710022
0.0025138414930552244
0.022724999114871025
0.02298004925251007
0.0011549005284905434
-0.016246717423200607
-0.0244210846722126
-0.008225378580391407
-0.03506944328546524
0.024548610672354698
0.0030064077582210302
0.021385984495282173
0.0298664141446352
0.0012505444465205073
0.003768371185287833
-0.009124431759119034
0.027468938380479813
-0.01977916620671749
0.010948042385280132
-0.012083017267286777
0.03272297978401184
-0.017968308180570602
0.0044570076279342175
-0.024586867541074753
0.008760984987020493
0.00439005671069026
-0.010291287675499916
-0.012937436811625957
0.006102083250880241
0.0032965277787297964
0.004651483613997698
-0.013058585114777088
0.00407761987298727
0.019281817600131035
0.029662372544407845
-0.03603863716125488
-0.018159596249461174
0.0126505047082901
-0.023069318383932114
0.013696211390197277
0.0010624447604641318
-0.037109848111867905
0.011725946329534054
0.016514519229531288
-0.0009819443803280592
0.0007057725451886654
-0.005540972109884024
0.04126717150211334
-0.016833333298563957
-0.008525063283741474
-0.020136237144470215
0.04427676647901535
0.004020233638584614
-0.015175504609942436
0.001976641360670328
-0.02078661508858204
-0.009545264765620232
0.01102455798536539
0.030861109495162964
0.0070202648639678955
0.004211521241813898
-0.04664873704314232
-0.004332670476287603
-0.0018411458004266024
0.006905492395162582
0.028897222131490707
0.012280681170523167
-0.013453913852572441
0.001735937432385981
-0.014856691472232342
0.0016291351057589054
0.027392422780394554
0.008671716786921024
0.0028039615135639906
0.006121212150901556
-0.003876767586916685
0.004881029017269611
0.008129734545946121
0.018860984593629837
-0.00035906326957046986
-0.035401009023189545
0.02190883830189705
0.011732323095202446
0.0026525252033025026
0.026576261967420578
0.022878030315041542
-0.013772726990282536
-0.010138257406651974
0.0076196338050067425
-0.014448611065745354
0.057794444262981415
0.009921464137732983
0.0012114899000152946
0.006701451726257801
-0.02329886332154274
-0.03290151432156563
-0.10416262596845627
-0.030682574957609177
0.0282340906560421
0.019677145406603813
0.01646350882947445
0.0320853516459465
0.0009309343295171857
-0.0033252208959311247
-0.017623988911509514
0.014002271927893162
-0.02396199479699135
-0.019447600468993187
-0.007013888563960791
0.013084090314805508
-0.02188333310186863
0.015366792678833008
-0.02524999901652336
-0.012873673811554909
-0.018937500193715096
0.028999241068959236
0.001530303037725389
0.0195623729377985
-0.008142487145960331
-0.005553724709898233
-0.007868307642638683
0.0004949573776684701
-0.0281065646559
0.009615403600037098
0.022457195445895195
-0.0013318418059498072
-0.02420429140329361
-0.0195623729377985
-0.0018825915176421404
0.001638699439354241
0.015838636085391045
-0.00935397669672966
-0.030963130295276642
-0.014346590265631676
0.02751994878053665
-0.021794065833091736
0.020212752744555473
0.024191539734601974
0.015647348016500473
-0.029126767069101334
0.02007247507572174
-0.009424115531146526
0.0004315932746976614
0.015098989941179752
0.011534659191966057
-0.027826009318232536
-0.02532651461660862
-0.031371209770441055
-0.03514595702290535
-0.0017136204987764359
0.007989456877112389
0.01726691797375679
0.003927777521312237
0.011190340854227543
-0.021449746564030647
-0.027264898642897606
0.0032200126443058252
-0.009787563234567642
-0.01604267582297325
0.018746212124824524
0.0073964642360806465
-0.00893951952457428
-0.021526262164115906
-0.012146780267357826
0.0108077647164464
0.011171211488544941
0.011081944219768047
-0.000511296559125185
0.005072316620498896
-0.005783270113170147
-0.0064814710058271885
0.022329671308398247
-0.02124570682644844
0.01405328232795
-0.0048236423172056675
0.014512373134493828
-0.01118396408855915
-0.005824715830385685
-0.008799241855740547
0.0001083964598365128
0.015991665422916412
0.01841464638710022
-0.00937948189675808
-0.014754671603441238
-0.009628156200051308
-0.02637222222983837
-0.0006467921193689108
0.02535201981663704
0.013670707121491432
0.013020328246057034
0.015252020210027695
0.005566477309912443
0.0183891411870718
-0.010253029875457287
-0.0023113952483981848
0.017547475174069405
-0.022724999114871025
0.00939223449677229
-0.05422373488545418
-0.0013230744516476989
0.0007225102162919939
-0.009098926559090614
0.006494223140180111
0.025976892560720444
0.03045303001999855
-0.0032359531614929438
0.008671716786921024
-0.008843876421451569
-0.011681312695145607
0.008888510055840015
-0.03262095898389816
0.002231691963970661
-0.027417927980422974
-0.016667550429701805
0.022329671308398247
-0.017623988911509514
0.024089518934488297
0.004396433010697365
0.01003623753786087
0.014155302196741104
0.017764266580343246
0.02639772742986679
-0.01324987318366766
0.014525125734508038
-0.020671842619776726
-0.016284974291920662
-0.0019718592520803213
-0.00793844647705555
0.007804545108228922
-0.00662493659183383
-0.01897575706243515
0.006060637533664703
-0.005872537847608328
-0.0017486900324001908
0.004763068165630102
0.03897171467542648
0.017419949173927307
0.06590504944324493
-0.001742313732393086
-0.017993813380599022
0.03728838264942169
-0.020595327019691467
-0.006803472060710192
-0.01648901402950287
0.00407761987298727
-0.008843876421451569
0.003685479750856757
-0.014563383534550667
0.020863130688667297
0.028489140793681145
-0.013071337714791298
-0.017764266580343246
-0.01726691797375679
3.1607331038685516e-05
0.01555808074772358
0.010731250047683716
0.005305050406605005
0.01527752447873354
0.032467927783727646
-0.014461363665759563
-0.006828977260738611
0.008474052883684635
0.008104229345917702
-0.01465265080332756
-0.0091945705935359
0.011203093454241753
0.002810337580740452
-0.0044474429450929165
0.003937342204153538
0.0011843907414004207
0.004495264962315559
-0.005285921506583691
0.033003535121679306
0.0010983111569657922
0.007262562867254019
-0.010935289785265923
-0.005980934016406536
0.02273775264620781
0.009711047634482384
0.008869380690157413
-0.02034027688205242
0.02764747478067875
0.023974746465682983
0.006169033702462912
0.008863004855811596
-0.0027354166377335787
-0.02637222222983837
0.0013406091602519155
-0.0007747159106656909
0.013160605914890766
-0.011464519426226616
0.007728029973804951
-0.013645201921463013
0.014856691472232342
0.013122348114848137
-0.02305656485259533
0.0091945705935359
0.03165176510810852
0.036574240773916245
-0.0013669112231582403
-0.0006707031279802322
-0.013951262459158897
-0.02076110988855362
0.028973735868930817
-0.01775151491165161
-0.03432979807257652
-0.003251893911510706
0.039430808275938034
0.0018666508840397
0.0038130050525069237
0.03846161440014839
0.006146716885268688
-0.034839898347854614
0.014831186272203922
-0.002556881168857217
-0.008454924449324608
-0.024064013734459877
0.007262562867254019
-0.02581110969185829
0.026295706629753113
0.028030049055814743
-0.013288130983710289
0.015162752009928226
-0.0037141728680580854
0.02994292788207531
-0.0264742411673069
0.006194538902491331
0.0008831123705022037
-0.006720580626279116
0.005783270113170147
-0.011458143591880798
-0.02166653983294964
-0.010744002647697926
-0.01841464638710022
0.01305220928043127
0.02019999921321869
-0.022916287183761597
0.07345454394817352
0.007721653673797846
-0.007772664073854685
0.028489140793681145
-0.0030303187668323517
-0.0089650247246027
-0.0029394570738077164
0.0033921715803444386
-0.018669696524739265
-0.0021934343967586756
0.01323712058365345
-0.015111741609871387
0.004740751348435879
-0.027928030118346214
-0.011381628923118114
0.0027051293291151524
-0.02698434330523014
0.034737877547740936
-0.02695883810520172
0.02068459615111351
0.02642323076725006
0.0007444286602549255
-0.006771590560674667
0.00011975417874054983
-0.022061867639422417
0.020161742344498634
0.03353913873434067
-0.0063475691713392735
-0.0058087753131985664
-0.03813004866242409
4.435985829331912e-05
0.006567550357431173
-0.040502019226551056
-0.01809583231806755
0.012006502598524094
-0.028361614793539047
-0.007849179208278656
-0.038334090262651443
-0.0021567707881331444
-0.006975631229579449
-0.011483648791909218
0.010055365972220898
-0.025466792285442352
-0.04547550529241562
-0.02754545398056507
0.001981423469260335
-0.03205984830856323
-0.0007595722563564777
0.00048061078996397555
