-0.008891290053725243
0.006610981188714504
0.014844367280602455
-0.00921704899519682
-0.025485809892416
0.0042636035941541195
-0.03469647094607353
-0.011382384225726128
-0.019302787259221077
-0.035437412559986115
-0.006266060285270214
0.008233386091887951
-0.014192850328981876
0.01992875337600708
-0.002791302977129817
-0.001217602170072496
0.0396275632083416
-0.005250460468232632
-0.01701609045267105
0.0006531138205900788
-0.021781105548143387
0.002304262248799205
0.011069401167333126
0.00036288535920903087
-0.03324013948440552
0.01586635410785675
0.014537771232426167
-0.021040165796875954
-0.004739466588944197
-0.006719567347317934
-0.002495884895324707
0.002154157729819417
-0.01889399252831936
-0.022445397451519966
-0.010635056532919407
0.009172337129712105
0.005253653973340988
0.020656920969486237
0.025128114968538284
0.024067802354693413
0.014780492521822453
0.0014124185545369983
0.0019226138247177005
-0.023058591410517693
-0.0014036358334124088
0.014065101742744446
-0.01167620625346899
-0.00020559511904139072
-0.03255029767751694
0.017143838107585907
0.005588993430137634
0.012921753339469433
-0.02738926187157631
0.002024812623858452
-0.019941529259085655
-0.010865003801882267
-0.016428448259830475
0.019992629066109657
0.012653481215238571
-0.024732094258069992
0.00947254616767168
-0.002101461635902524
-0.019443310797214508
7.046123937470838e-05
0.00776710407808423
0.012851491570472717
-0.021615033969283104
0.008706055581569672
-0.015278711915016174
0.010264585725963116
0.0010587150463834405
0.024770420044660568
0.000741340103559196
-0.006636530626565218
0.034798670560121536
0.00416140491142869
-0.022304875776171684
-0.03221815451979637
0.012838716618716717
0.029382137581706047
-0.0031346268951892853
-0.0017277974402531981
-0.03441542387008667
0.024783194065093994
-0.004008106887340546
-0.006313966121524572
0.03464537113904953
0.015546983107924461
-0.007288047578185797
-0.009708880446851254
-0.018957866355776787
0.01713106408715248
0.008648568764328957
0.013158087618649006
-0.016658395528793335
0.017527084797620773
-0.006055275443941355
0.024297749623656273
-0.019251687452197075
-0.039065469056367874
-0.010877778753638268
0.003133030142635107
-0.03186045587062836
-0.004209310747683048
-0.041134994477033615
0.011337672360241413
-0.010213486850261688
0.006387421395629644
0.017233261838555336
-0.04243802651762962
0.0002031000331044197
0.04146713763475418
-0.013004790060222149
-0.013221962377429008
0.04256577417254448
-0.021691681817173958
0.0059179458767175674
-0.012500183656811714
-0.009280922822654247
-0.012742904946208
0.03198820725083351
-0.009306472726166248
0.021819431334733963
-0.0041007245890796185
0.01623682491481304
0.014410022646188736
-0.027746958658099174
-0.00427637854591012
-0.009006263688206673
-0.012129712849855423
0.00029002883820794523
-0.01142070908099413
0.006464070174843073
0.005483601242303848
0.004241247661411762
0.008967939764261246
0.0033438149839639664
0.01802530325949192
-0.02569020912051201
-0.02098906598985195
0.019788231700658798
0.021385086700320244
0.0061478931456804276
-0.03191155567765236
-0.006770666688680649
0.0025964868254959583
0.04550398886203766
0.017616508528590202
0.01816582679748535
0.0016607295256108046
0.01788477972149849
-0.03140056133270264
0.009312859736382961
0.0017501533729955554
0.019277237355709076
-0.0049630263820290565
0.015329810790717602
0.02424665167927742
0.0073391469195485115
-0.012085000984370708
0.0017038446385413408
-0.013988452963531017
0.0016623263945803046
0.019290011376142502
0.001573700923472643
0.015061539597809315
0.01797420345246792
0.024540472775697708
0.017463209107518196
0.005582605954259634
0.014180075377225876
0.04008745402097702
-0.024118902161717415
0.02698046714067459
-0.01042427122592926
0.007601031102240086
0.02036309987306595
0.016939440742135048
-0.009427833370864391
-0.008131187409162521
-0.02335241250693798
0.017373785376548767
0.010979977436363697
0.0037558036856353283
-0.0164412222802639
0.011522907763719559
0.013132537715137005
0.0043466403149068356
0.005994594655930996
2.96665784844663e-05
0.03058297373354435
0.009938827715814114
-0.0037813533563166857
0.011701756156980991
-0.6369025707244873
-0.001199238351546228
0.008060925640165806
0.0004367399378679693
0.02307136543095112
0.0033533961977809668
0.034083280712366104
0.0061957985162734985
0.001743766013532877
-0.018382998183369637
-0.004678786266595125
0.01200835220515728
0.009945214726030827
0.0014180075377225876
-0.01111411303281784
-0.026546122506260872
0.0005760655621998012
-0.025013141334056854
0.021615033969283104
-0.02546026185154915
-0.02413167804479599
0.009785529226064682
0.0033470087219029665
0.013247511349618435
-0.02119346335530281
-0.0015649182023480535
0.009427833370864391
-0.0004127871070522815
0.02082299254834652
0.007830978371202946
-0.017527084797620773
0.019877655431628227
-0.0013701018178835511
0.024208325892686844
0.050205130130052567
0.021359536796808243
-0.03260139748454094
0.02098906598985195
0.015099863521754742
0.009606681764125824
-0.010750030167400837
-0.011497357860207558
0.013860704377293587
-0.0037558036856353283
0.03242255002260208
0.010117675177752972
0.023429060354828835
-0.011299348436295986
-0.018216924741864204
0.03717479109764099
-0.02505146525800228
0.0033342340029776096
0.009568356908857822
0.008546370081603527
0.00011187967174919322
-0.015508659183979034
-0.007492444943636656
0.0071028126403689384
-0.0020008597057312727
0.025728533044457436
-0.0009676943300291896
0.004883183632045984
-0.028385700657963753
-0.032064855098724365
-0.03129836544394493
0.025958480313420296
-0.014857142232358456
-0.02185775525867939
0.02298194169998169
-0.03538631275296211
0.01075641717761755
0.019366661086678505
0.0006738729425705969
-0.015176513232290745
0.009753592312335968
0.005109936930239201
0.013732955791056156
-0.015585307963192463
-0.006892027333378792
0.011714530177414417
-0.01949440874159336
-0.00891045294702053
-0.014563320204615593
0.021691681817173958
0.017757030203938484
-0.0316305086016655
-0.007945952005684376
-0.005426114425063133
-0.0012407565955072641
0.028385700657963753
-0.004554231185466051
0.014754943549633026
-0.002401670441031456
-0.018497971817851067
-0.0015601275954395533
0.04190148413181305
-0.004541456699371338
-0.013669081032276154
0.014052326790988445
0.012302173301577568
-0.0019481634953990579
-0.013503008522093296
-0.010679768398404121
-0.00018523521430324763
0.018472421914339066
-0.0030643653590232134
0.014869916252791882
0.009300085715949535
0.04463529959321022
-0.017986977472901344
-0.0033310402650386095
-0.009951602667570114
-0.006537525448948145
0.0022739218547940254
-0.019085614010691643
-0.02629062533378601
0.005272816400974989
0.012947303242981434
0.013643532060086727
-0.02764475904405117
0.01851074770092964
-0.01593022793531418
0.005266428925096989
0.007901240140199661
-0.012832329608500004
0.01710551418364048
-0.021359536796808243
0.0055219256319105625
0.0014507430605590343
-0.03170716017484665
-0.011976415291428566
-0.026137327775359154
0.012992015108466148
-0.0023585553281009197
0.022675344720482826
-0.006496007554233074
0.001972116297110915
-0.0061223432421684265
0.0013190024765208364
-0.004372189752757549
-0.019443310797214508
-0.029765382409095764
0.01278761774301529
-0.007639355957508087
-0.044252052903175354
-0.01742488518357277
-0.009932439774274826
-0.0001507032138761133
-0.024029478430747986
0.010219873860478401
-0.020950742065906525
-0.00843778345733881
-0.03556516021490097
0.0019098389893770218
0.006291609723120928
-0.01685001701116562
-0.02004372701048851
0.004752241540700197
-0.04243802651762962
-0.012072226032614708
5.663846241077408e-05
0.006630143150687218
-0.011082176119089127
0.007882078178226948
-0.017488759011030197
0.007620193529874086
0.0006291610188782215
0.020682470872998238
-0.03037857636809349
-0.05758899077773094
0.007690455298870802
0.02899889275431633
-0.011126887984573841
0.015240387059748173
0.03559071198105812
0.0034396264236420393
-0.020746344700455666
0.008648568764328957
-0.014090651646256447
-0.019519958645105362
0.008725217543542385
0.013592432253062725
-0.015368135645985603
0.003969782497733831
-0.010781967081129551
0.016466772183775902
0.006374646443873644
0.0055538625456392765
0.006610981188714504
0.0017581377178430557
0.008482495322823524
0.007377471774816513
-0.022151576355099678
0.015138188377022743
0.0038931332528591156
0.01937943696975708
0.015342585742473602
-0.007945952005684376
0.02160225808620453
0.016594519838690758
0.015546983107924461
-0.003260778496041894
0.02994423173367977
-0.0071028126403689384
-0.0013190024765208364
0.00578061630949378
0.00776071660220623
-0.011280185543000698
0.04506964609026909
0.0036280553322285414
0.008929614908993244
-0.014678293839097023
-0.022253775969147682
-0.019021740183234215
0.0030100722797214985
0.030480774119496346
-0.004027269314974546
0.01120353676378727
-0.016466772183775902
0.003337427508085966
-0.003790934570133686
-0.008099250495433807
0.02782360650599003
-0.017642056569457054
-3.073946572840214e-05
0.019979853183031082
0.0072497231885790825
-0.007799041457474232
0.007524382323026657
-0.002510256599634886
0.01676059328019619
0.0021972728427499533
-0.010813903994858265
0.03602505475282669
0.018357448279857635
0.027568109333515167
0.026009580120444298
-0.013592432253062725
0.03870777413249016
-0.012097775936126709
0.008955164812505245
0.04057290032505989
0.005499569699168205
-0.003190516959875822
0.020861318334937096
0.013975678011775017
0.01793587952852249
-0.005825328174978495
-0.012908978387713432
0.010245423763990402
-0.014320597983896732
0.0005249661626294255
-0.01570028066635132
-0.01742488518357277
-0.009600293822586536
-0.02220267616212368
0.012710968032479286
0.012781229801476002
0.004662817344069481
0.020950742065906525
0.0030404124408960342
0.016249598935246468
0.006397002376616001
0.009306472726166248
-0.007358309347182512
-0.010788354091346264
-0.008469720371067524
-0.00578700378537178
-0.03893772140145302
-0.024936493486166
-0.020005403086543083
-0.01541923452168703
-0.008961551822721958
0.013975678011775017
0.010564794763922691
0.00899987667798996
0.002462350996211171
0.014691068790853024
0.0018347867298871279
0.02004372701048851
-0.0327802449464798
-0.04118609055876732
0.014921016059815884
0.009453383274376392
0.0009046185296028852
-0.0015593292191624641
-0.010660606436431408
-0.02171723172068596
-0.05023068189620972
0.013975678011775017
-0.004934282973408699
0.002813659142702818
0.0024288168642669916
-0.0049055395647883415
-0.011254636570811272
-0.010181549936532974
0.02764475904405117
-0.005636899266391993
0.01199557725340128
-0.0014363713562488556
0.006815378554165363
-0.025996804237365723
-0.01736101135611534
0.0013988452265039086
0.04826335608959198
0.006096793804317713
-0.0362294539809227
0.005065225064754486
0.008214224129915237
-0.01900896616280079
0.012129712849855423
-0.00843778345733881
-0.010398722253739834
0.016032427549362183
0.02286696806550026
0.012774842791259289
0.024182775989174843
0.011261023581027985
0.026622772216796875
0.0008702861377969384
-0.01598132774233818
-0.0019577445928007364
-0.006135118193924427
0.020005403086543083
0.020324774086475372
0.008367521688342094
-0.015074314549565315
0.03607615455985069
0.0026507799047976732
-0.006282028742134571
-0.018983416259288788
-0.019673258066177368
-0.0025821151211857796
-0.004624492954462767
-0.007345534395426512
-0.002625230234116316
0.0001507032138761133
-0.0005505158915184438
0.006994226481765509
0.020120376721024513
0.0018810955807566643
-0.0014020389644429088
0.010168774984776974
0.00451271329075098
0.010877778753638268
-0.01145903393626213
0.02130843698978424
-0.008527207188308239
0.015176513232290745
0.0034619823563843966
0.03676599636673927
0.022700894623994827
-0.006987839005887508
-0.022764768451452255
-0.010954427532851696
0.0012742904946208
0.040240753442049026
0.004030462820082903
-0.025421936064958572
0.022649796679615974
0.004292347002774477
0.021448960527777672
0.00300208805128932
0.0019417760195210576
0.02029922418296337
0.018753468990325928
0.001291855936869979
-0.008258935995399952
0.001893870416097343
-0.029075542464852333
0.02346738614141941
0.008514432236552238
-0.013784054666757584
-0.010622281581163406
0.005199361126869917
0.016977766528725624
-0.006531138438731432
0.006630143150687218
0.010245423763990402
0.007371084298938513
-0.015035989694297314
0.014716618694365025
-0.015368135645985603
-0.027235964313149452
-0.004966219887137413
-0.039295416325330734
0.025996804237365723
-0.021500060334801674
-0.02234319970011711
-0.0060073696076869965
0.001802849699743092
-0.005585799925029278
-0.030174177139997482
0.0214872844517231
0.019519958645105362
-0.039039917290210724
-0.03009752929210663
-0.01012406311929226
-0.008048150688409805
0.013311386108398438
0.014780492521822453
-0.010762805119156837
-0.0008455349016003311
0.030071979388594627
-0.019596608355641365
-0.008278097957372665
0.0016415672143921256
-0.03548851236701012
-0.007664905395358801
0.0077032302506268024
-0.014831592328846455
-0.009395896457135677
0.013720180839300156
0.01553420815616846
-0.0238123070448637
-0.0009301682002842426
0.0038931332528591156
-0.0029158578254282475
-0.012691806070506573
0.017437659204006195
0.02006927691400051
0.011018301360309124
0.019852105528116226
-0.026137327775359154
-0.00626286631450057
-0.02105293981730938
-0.014384472742676735
-0.0004762620956171304
0.009785529226064682
-0.001199238351546228
-0.017437659204006195
0.015802480280399323
-0.009874952957034111
-0.01618572510778904
0.015444784425199032
0.0031809357460588217
-0.0033661709167063236
-0.0018076401902362704
0.008616630919277668
-0.000901424849871546
-0.01736101135611534
0.05421643331646919
0.019890429452061653
-0.009881340898573399
0.005237685516476631
-0.040675099939107895
0.008642180822789669
0.01747598499059677
-0.013643532060086727
0.01687556691467762
-0.0023218276910483837
-0.025613559409976006
-0.006630143150687218
0.0013110182480886579
-0.00800343882292509
0.037276990711688995
-0.01822970062494278
-0.025728533044457436
-0.019647708162665367
-0.012001964263617992
-0.004228472709655762
0.010609506629407406
0.004452032502740622
-0.0008734798757359385
0.011797566898167133
0.0021653356961905956
0.005838103126734495
-0.02105293981730938
0.03487531840801239
-0.022930841892957687
-0.008354746736586094
-0.006326740607619286
-0.0021094458643347025
0.017603732645511627
0.0011217908468097448
0.0037270602770149708
0.00013263880100566894
-0.004959832411259413
-0.018612945452332497
-0.010015476495027542
7.515200559282675e-05
-0.0034172702580690384
0.016977766528725624
0.012992015108466148
0.020426973700523376
-0.01616017520427704
-0.013017564080655575
-0.012627932243049145
-0.01664561964571476
-0.0027865124866366386
-0.00865495577454567
-0.016428448259830475
-0.03745583817362785
0.017143838107585907
0.022394299507141113
-0.018957866355776787
0.008757154457271099
-0.013784054666757584
-0.009894115850329399
0.035028617829084396
-0.003315071575343609
-0.015713056549429893
-0.014614420011639595
-0.0198137816041708
-0.017322685569524765
0.02098906598985195
-0.016773367300629616
0.016428448259830475
-0.03582065925002098
0.007230560760945082
0.01572583056986332
0.008750767447054386
-0.004375383723527193
-0.0015098267467692494
0.03778798505663872
-0.009165949188172817
0.0017948653548955917
0.015061539597809315
0.012730130925774574
-0.004043237771838903
0.005735904444009066
-0.03607615455985069
0.019571058452129364
0.027951356023550034
0.010443434119224548
-0.0016343813622370362
-0.0153042608872056
0.018970640376210213
-0.018357448279857635
0.009932439774274826
0.002508659614250064
0.0029334232676774263
0.021781105548143387
-0.022700894623994827
-0.012794004753232002
-0.013796829618513584
0.00576784135773778
0.00974720437079668
0.011797566898167133
0.018612945452332497
-0.000544527661986649
0.02828350104391575
-0.013413584791123867
0.010130450129508972
0.01814027689397335
-0.037047043442726135
0.04328116774559021
-0.0026859105564653873
0.02782360650599003
0.02456602267920971
-0.0016703106230124831
-0.035692911595106125
0.0065918187610805035
0.0198137816041708
-0.014793267473578453
0.021116815507411957
0.007358309347182512
0.008431396447122097
-0.0023952829651534557
0.008865741081535816
0.04228472709655762
-0.013860704377293587
0.005135486833751202
0.0016383735928684473
-0.003035621950402856
-0.0029797321185469627
-0.031809356063604355
0.005355852656066418
-0.024936493486166
0.030889568850398064
0.004697948228567839
0.0023218276910483837
-0.019647708162665367
-0.005515538156032562
-0.018817342817783356
0.06142144277691841
0.015048764646053314
0.017271587625145912
-0.0005860459059476852
0.0004555029736366123
-0.0362294539809227
-0.013694630935788155
-0.02759365923702717
-0.003672767197713256
-0.00898710172623396
0.017642056569457054
-0.00393784511834383
-0.00911485031247139
-0.0002455165085848421
-0.023978378623723984
0.01880456879734993
-0.016939440742135048
-0.006483232602477074
0.020950742065906525
-0.003883552039042115
0.0076521304436028
0.02971428446471691
0.008591081947088242
-0.016977766528725624
-0.004634073935449123
0.006176636554300785
-0.03651050105690956
0.013860704377293587
0.0012471439549699426
-0.028462348505854607
0.019366661086678505
-0.02438717521727085
-0.012589607387781143
0.0018906766781583428
-0.009606681764125824
-0.007377471774816513
-0.018497971817851067
0.02171723172068596
-0.013771280646324158
-0.015112638473510742
-0.007211398798972368
-0.008603855967521667
0.01791032962501049
0.006320353131741285
0.010034638457000256
0.02064414508640766
0.022854194045066833
-0.04256577417254448
-0.019047290086746216
-0.024080578237771988
-0.000693035195581615
-0.0018124307971447706
0.03484977036714554
0.003500306745991111
-0.021704457700252533
0.024668220430612564
-0.01774425618350506
-0.03778798505663872
-0.014052326790988445
0.002478319453075528
-0.0029382137581706047
-0.015202062204480171
-0.013694630935788155
0.005764647852629423
0.0012798794778063893
0.0029717476572841406
0.00922982394695282
-0.014703843742609024
0.0028919049073010683
-0.01653064601123333
-0.02649502269923687
0.007939564995467663
-0.03691929578781128
0.020260900259017944
-0.0038963269907981157
0.021959954872727394
-0.01616017520427704
-0.03515636548399925
0.012078613974153996
0.0036440237890928984
0.02836015075445175
-0.030301926657557487
-0.005988207645714283
-0.0012790811015293002
-0.006815378554165363
-0.03237145021557808
0.0037813533563166857
-0.0053334967233240604
-0.008393071591854095
-0.012391597032546997
-0.01165065634995699
-0.005368627607822418
0.03576955944299698
-0.01825525052845478
0.004257216118276119
-0.017629282549023628
-0.02137231081724167
-0.02782360650599003
0.002645989181473851
-0.024604346603155136
0.03574400767683983
0.0038931332528591156
-0.021691681817173958
-0.021985504776239395
0.00038204764132387936
-0.0407261997461319
0.010239035822451115
0.017297137528657913
0.03691929578781128
0.007160298991948366
-0.00024671416031196713
0.007026163395494223
0.019315561279654503
-0.01701609045267105
0.01087139081209898
-0.023160789161920547
-0.012187199667096138
-0.022815868258476257
0.003605699399486184
-0.008718829602003098
-0.0031985011883080006
-0.023684557527303696
-0.0006371452473104
0.04650042578577995
-0.0068537029437720776
-0.009236210957169533
0.013515783473849297
-0.008731604553759098
-0.025588009506464005
0.0059179458767175674
0.02528141252696514
0.021474510431289673
0.01012406311929226
0.0005281599005684257
-0.01791032962501049
0.008278097957372665
0.021155139431357384
-0.014703843742609024
-0.02206215262413025
0.017169388011097908
0.03551406040787697
-0.011286573484539986
0.02165335789322853
-0.010922490619122982
-0.004915120545774698
-0.005726322997361422
-0.008591081947088242
-0.0012423534644767642
-0.017348235473036766
-0.008341971784830093
0.015176513232290745
-0.004531875252723694
-0.012877041473984718
-0.0007996252970770001
0.017207711935043335
-0.026776069775223732
2.216884240624495e-05
0.01586635410785675
-0.02295639179646969
-0.006923964712768793
0.005962657742202282
-0.02165335789322853
-0.029407687485218048
-0.03415992856025696
-0.015329810790717602
0.014243949204683304
-0.017054414376616478
-0.0022180320229381323
0.02275199443101883
-0.017373785376548767
0.0012599187903106213
0.0018986610230058432
-0.0004054016317240894
-0.02433607541024685
-0.014627194963395596
0.009389509446918964
-0.023480160161852837
-0.002083896193653345
-0.008137574419379234
-0.011484583839774132
0.007038938347250223
-0.01845964789390564
0.025013141334056854
-0.05794668570160866
0.002847193041816354
0.21012060344219208
-0.03196265548467636
0.003509887959808111
0.01575138047337532
-0.013720180839300156
0.016032427549362183
0.04039405286312103
-0.007441345602273941
-0.007754329591989517
0.019826555624604225
0.023135239258408546
-0.032064855098724365
-0.023748431354761124
0.007096425164490938
0.004688367247581482
-0.01297285221517086
-0.02692936733365059
-0.0087827043607831
0.012813166715204716
-0.004515906795859337
0.03232035040855408
0.02217712625861168
-0.017693156376481056
-0.005272816400974989
0.03758358582854271
0.006361871492117643
-0.00048145189066417515
0.0005712750134989619
0.03806903213262558
-0.014512221328914165
-0.003953813575208187
0.014869916252791882
0.0028807269409298897
0.015943003818392754
-0.019519958645105362
0.004892764613032341
0.02698046714067459
-0.017322685569524765
0.01589190401136875
0.013784054666757584
0.026878269389271736
-0.003200097940862179
-0.0060904063284397125
-0.017233261838555336
0.004681979771703482
0.054727423936128616
-0.001668713754042983
-0.012180812656879425
0.002213241532444954
-0.004314702935516834
-0.008393071591854095
0.039039917290210724
0.016683943569660187
0.013796829618513584
-0.0036440237890928984
0.02084854245185852
0.007741554640233517
-0.01122908666729927
0.03239700198173523
0.003131433157250285
-0.00202002190053463
0.013809604570269585
-0.007447733078151941
0.034824222326278687
-0.024578796699643135
0.0050524501129984856
-0.009146787226200104
-0.019251687452197075
-0.020465297624468803
-0.002982925623655319
0.0021685294341295958
-0.010334847494959831
-0.01857462152838707
0.010775580070912838
-0.015202062204480171
-0.02994423173367977
0.006808991078287363
0.012762067839503288
0.007914015091955662
0.03620390221476555
-0.022100478410720825
-0.0077032302506268024
-0.03755803778767586
0.00029461979283951223
-0.0036408300511538982
-0.03347008675336838
0.01285787858068943
-0.004656429868191481
0.0013972483575344086
-0.014218399301171303
-0.01990320533514023
0.011401547119021416
-0.011184374801814556
-0.0186895951628685
0.009153174236416817
0.012647094205021858
0.00016816882998682559
0.015828030183911324
-0.012378822080790997
-0.0032128728926181793
-0.023633457720279694
0.04123719036579132
0.013375259935855865
0.02585628069937229
0.0007401424227282405
0.010475371032953262
-0.04264242574572563
-0.014754943549633026
0.003918683156371117
-0.02594570443034172
0.014358922839164734
-0.03548851236701012
0.005365433637052774
-0.013413584791123867
-0.019341111183166504
0.010903327725827694
0.0061638616025447845
-0.031809356063604355
0.02828350104391575
0.003548212582245469
-0.0036983168683946133
-0.003263972233980894
-0.01120353676378727
0.016172951087355614
0.004033656325191259
-0.009849403984844685
-0.044507551938295364
0.03214150294661522
-0.01188060361891985
-0.0037206728011369705
0.019749905914068222
-0.029560985043644905
0.0339299812912941
0.024182775989174843
-0.004464807454496622
-0.020120376721024513
-0.004892764613032341
-0.007517994847148657
0.006751504261046648
0.0015904678730294108
0.015904678031802177
-0.010928877629339695
-0.005180198699235916
-0.00047945580445230007
0.004611718002706766
-0.026188427582383156
-0.002117430092766881
0.00576784135773778
-0.006135118193924427
-0.012385210022330284
0.006777054164558649
-0.04376661032438278
-0.006527944467961788
-0.0204141978174448
0.014524996280670166
0.01935388706624508
-0.009261760860681534
0.009050975553691387
0.0010387543588876724
-0.007090037688612938
-0.027925806120038033
-0.013860704377293587
0.027338162064552307
-0.01121631171554327
0.0053750150837004185
0.006103180814534426
-0.1585102528333664
0.003858002368360758
-0.00011976414680248126
-0.019277237355709076
-0.009223436005413532
-0.002907873596996069
0.03607615455985069
0.02399115450680256
-0.005148261319845915
-0.013899028301239014
-0.005055644083768129
-0.010788354091346264
-0.04509519413113594
-0.0340321809053421
-0.016952216625213623
-0.007818203419446945
-0.02364623360335827
-0.0047490475699305534
0.022496497258543968
0.018817342817783356
0.01662006974220276
-0.013349710032343864
-0.015674732625484467
-0.0041901483200490475
0.01052646990865469
-0.009057363495230675
-0.024910943582654
-0.0007740756263956428
-0.001962535083293915
-0.01889399252831936
0.021359536796808243
0.013950128108263016
0.02013315260410309
0.0016942635411396623
-0.006374646443873644
-0.0010363591136410832
-0.012359660118818283
-0.009121237322688103
-0.02121901325881481
0.0203886479139328
-0.0020359905902296305
0.02346738614141941
0.01074364222586155
-0.015010439790785313
0.019366661086678505
-0.004819309338927269
0.04330671578645706
-0.018191374838352203
0.013860704377293587
-0.012934528291225433
0.020899642258882523
-0.006448101717978716
0.00947254616767168
-0.012053064070641994
0.013349710032343864
0.003675960935652256
0.008265323005616665
0.0030643653590232134
0.0017341849161311984
-0.013221962377429008
0.00043634072062559426
-0.02369733341038227
-0.00460852449759841
0.014039551839232445
0.020720794796943665
-0.014908241108059883
-0.02254759706556797
0.03444097563624382
-0.021461734548211098
0.013298611156642437
-0.0017166194738820195
-0.00947254616767168
0.005109936930239201
-0.0011425500269979239
0.00033953136880882084
0.007984276860952377
-0.001967325806617737
0.04583613574504852
-0.004662817344069481
-0.01745043508708477
-0.022368749603629112
0.04256577417254448
0.0023521678522229195
-0.006183023564517498
-0.01710551418364048
-0.012059451080858707
-0.014857142232358456
0.011542070657014847
0.0029861193615943193
0.009830241091549397
0.00022894912399351597
-0.0441754050552845
-0.014358922839164734
-0.009466158226132393
0.002832821337506175
0.01857462152838707
0.00013124154065735638
-0.009223436005413532
0.005234491545706987
-0.00578700378537178
0.011567619629204273
0.031809356063604355
-0.0071028126403689384
-0.0014579289127141237
0.02059304527938366
-0.0073072100058197975
0.0008846578421071172
0.0033278465270996094
0.024259425699710846
0.020426973700523376
-0.037251438945531845
0.00011557240213733166
0.012794004753232002
0.007268885616213083
0.02323743887245655
0.024514922872185707
-0.01566195674240589
-0.003318265313282609
0.006949514150619507
-0.015202062204480171
0.05917306989431381
-0.019967079162597656
-0.007409408688545227
0.004075174685567617
-0.017207711935043335
-0.03441542387008667
-0.1041916161775589
-0.04190148413181305
0.02312246523797512
0.018497971817851067
0.013988452963531017
0.02064414508640766
0.0015840805135667324
0.013554108329117298
-0.0214872844517231
0.029075542464852333
-0.02721041440963745
-0.007166686467826366
-0.0032927156426012516
-0.0026954917702823877
-0.017284361645579338
0.028590098023414612
-0.0067067923955619335
-0.004254022613167763
-0.031221715733408928
0.02183220535516739
0.01730991154909134
0.01278761774301529
-0.002863161498680711
-0.0005493182106874883
-0.013221962377429008
0.017054414376616478
-0.02902444265782833
0.027235964313149452
0.033444538712501526
0.0034971132408827543
-0.011950865387916565
-0.015406460501253605
-0.007773491553962231
-0.01190615352243185
0.03444097563624382
-0.023275762796401978
-0.014128975570201874
-0.012168037705123425
0.027517011389136314
-0.02502591721713543
0.007479670457541943
0.040649548172950745
0.010750030167400837
-0.02583073079586029
0.0077032302506268024
-0.0055634439922869205
-0.0036120866425335407
0.01120353676378727
-0.001422798028215766
-0.014946565963327885
-0.022649796679615974
-0.016351798549294472
-0.05692469701170921
-0.0008638987201265991
-0.005020513199269772
0.023314086720347404
-0.0026364082004874945
-0.012602382339537144
-0.0012303770054131746
-0.031809356063604355
-0.018101951107382774
-0.01891954243183136
-0.024617120623588562
0.024540472775697708
0.009498095139861107
-0.020669694989919662
-0.014307823963463306
-0.0022579533979296684
-0.0038771647959947586
0.00044951477320864797
0.008891290053725243
0.010130450129508972
0.008527207188308239
0.004480775911360979
-0.001574499299749732
0.024617120623588562
-0.026341725140810013
-0.011126887984573841
-0.008514432236552238
0.006384227424860001
0.0017038446385413408
-0.004883183632045984
-0.020452523604035378
-0.021781105548143387
0.030940668657422066
-0.002008843934163451
0.017003314569592476
-0.002647586166858673
0.004056012723594904
-0.03140056133270264
-0.015572533011436462
0.028871143236756325
0.0032559880055487156
0.002042377833276987
0.011918928474187851
-0.013183637522161007
0.013011177070438862
-0.014014001935720444
-0.007230560760945082
0.009894115850329399
-0.019341111183166504
-0.0017022477695718408
-0.04162043705582619
0.0016942635411396623
0.018306348472833633
-0.0013461490161716938
-0.0047745974734425545
0.012736517935991287
0.03607615455985069
-0.008329197764396667
0.017067190259695053
0.0010171968024224043
-0.024757644161581993
0.010507307946681976
-0.024834293872117996
-0.0033246527891606092
-0.022509273141622543
-0.027338162064552307
0.035258565098047256
-0.008201449178159237
-0.0002544988237787038
0.007077262736856937
0.006144699174910784
-0.010264585725963116
0.032933544367551804
0.02410612814128399
0.00038683819002471864
0.010213486850261688
-0.0035130816977471113
-0.006052081473171711
-0.009383121505379677
0.013988452963531017
0.016517871990799904
-0.020082052797079086
0.003446013666689396
0.005106743425130844
-0.004761822521686554
-0.008060925640165806
0.01701609045267105
0.03370003402233124
0.012302173301577568
0.06162584200501442
-0.016402898356318474
-0.012928140349686146
0.033674485981464386
-0.018766243010759354
-0.03329123929142952
0.0003014064277522266
-0.009421446360647678
0.01087139081209898
0.013707405887544155
-0.006789828650653362
0.030915118753910065
0.02137231081724167
-0.005834909155964851
-0.009938827715814114
-0.014639969915151596
0.014921016059815884
0.008399458602070808
0.028641195967793465
0.0018268025014549494
-0.015214837156236172
0.03663824871182442
-0.004653236363083124
-0.005231298040598631
0.0007445337832905352
-0.009070138446986675
0.003184129483997822
0.00588920246809721
0.010213486850261688
-0.005870040040463209
-0.01589190401136875
0.005419726949185133
0.014524996280670166
0.003375752130523324
0.015904678031802177
0.02994423173367977
-0.014895466156303883
0.000656307558529079
0.0019593415781855583
-0.005576218944042921
0.027746958658099174
-0.00045310769928619266
0.010865003801882267
-0.02646947279572487
0.021155139431357384
0.016581745818257332
-0.004876796156167984
-0.007799041457474232
0.01937943696975708
-0.01742488518357277
0.011503745801746845
-0.0036536050029098988
0.024323299527168274
-0.005100355949252844
0.009491708129644394
-0.014461121521890163
0.00439135218039155
0.015968553721904755
-0.013860704377293587
0.014652743935585022
0.024770420044660568
0.02652057260274887
-0.015329810790717602
0.017948653548955917
-0.004477582406252623
-0.023952830582857132
0.015559758059680462
-0.03188600763678551
-0.03290799260139465
-0.018076403066515923
0.03492641821503639
0.0031809357460588217
-0.006770666688680649
0.028896693140268326
0.003998525906354189
-0.021001841872930527
0.007632968481630087
0.024949267506599426
-0.006333128083497286
-0.02107848972082138
0.007824591360986233
-0.01906006410717964
0.010175161994993687
0.04085394740104675
-0.006339515559375286
-0.003509887959808111
-8.293667633552104e-05
0.033904433250427246
-0.005815747193992138
0.014576095156371593
0.01912393979728222
-0.01687556691467762
-0.004554231185466051
-0.012053064070641994
-0.013924578204751015
-0.0001171692565549165
-0.016492322087287903
0.025064241141080856
0.0012319738743826747
-0.01972435601055622
0.07271440327167511
0.00910207536071539
-0.021589484065771103
0.013707405887544155
-0.012085000984370708
-0.005531506612896919
0.0008016213541850448
-0.006725954357534647
-0.003736641490831971
0.009938827715814114
0.006144699174910784
-0.00910207536071539
0.011369610205292702
-0.023607909679412842
-0.0023282149340957403
-0.00832280982285738
0.0018603364005684853
0.04008745402097702
-0.016428448259830475
0.009421446360647678
0.04535068944096565
0.002717847703024745
-0.007166686467826366
0.016926666721701622
-0.011522907763719559
0.012404371984302998
0.04016410559415817
-0.012085000984370708
-0.005269622430205345
-0.03597395494580269
0.008143962360918522
0.014665518887341022
-0.04529959335923195
-0.03377668187022209
-0.0035226629115641117
-0.02851344831287861
0.014627194963395596
-0.029101090505719185
-0.01630069874227047
0.002380911260843277
0.0020727182272821665
0.02525586448609829
-0.03145166113972664
-0.05390983447432518
-0.03441542387008667
0.005620930809527636
-0.035028617829084396
0.017782580107450485
-0.020950742065906525
