0.012587133795022964
-0.010236864909529686
0.026317980140447617
-0.0241562370210886
-0.05142940580844879
0.00047955848276615143
-0.03124474734067917
-0.014905981719493866
-0.021403782069683075
-0.01657756231725216
0.003710784949362278
0.013309809379279613
-0.019958430901169777
0.017960073426365852
0.009966647252440453
0.001373870181851089
0.04682941362261772
-0.015672646462917328
0.01519505213946104
-0.008741239085793495
-0.0052064103074371815
-0.003245758591219783
-0.014352977275848389
-0.004040702246129513
-0.015911443158984184
0.015232756733894348
0.022610338404774666
-0.03182288631796837
-0.0032583267893642187
-0.002183738863095641
-0.008659545332193375
-0.0035379710607230663
-0.01866389811038971
-0.01170735340565443
-0.016690677031874657
0.012838499620556831
-0.0003913841210305691
0.022886840626597404
0.015371007844805717
0.007094794884324074
0.008477305993437767
-0.01369942631572485
0.0125997019931674
-0.033104851841926575
0.0013479480985552073
0.021378645673394203
-0.00024036837567109615
-0.023213615640997887
-0.038157302886247635
0.022937113419175148
0.01926717534661293
0.024960605427622795
-0.012731668539345264
0.0021193264983594418
-0.01134287379682064
-0.024495579302310944
-0.01897810399532318
-0.003808189183473587
0.008464737795293331
-0.009313096292316914
0.021755695343017578
-0.013649153523147106
-0.015572099946439266
0.04099773243069649
0.012260357849299908
0.024684103205800056
-0.018940400332212448
0.0010793011169880629
-0.0323256179690361
0.013422924093902111
0.011129212565720081
0.009539325721561909
0.012015276588499546
-0.019468266516923904
0.028806500136852264
-0.0131212854757905
-0.005398076958954334
-0.036649107933044434
0.007038237527012825
0.011877025477588177
0.009369653649628162
0.01016145572066307
-0.02458355762064457
0.036221787333488464
0.01599942147731781
-0.0012513294350355864
0.013825109228491783
0.0226480420678854
0.0011641370365396142
8.076102676568553e-05
-0.02399284951388836
0.02963600680232048
0.009715281426906586
0.004219800233840942
-0.024922901764512062
0.02785131148993969
-0.02978682704269886
0.01672838255763054
-0.01809832453727722
-0.01720597594976425
0.016854064539074898
-0.001648015808314085
-0.03217479959130287
-0.003248900640755892
-0.035643644630908966
-0.006397255230695009
-0.01156281866133213
0.003720211097970605
0.006962827872484922
-0.009910089895129204
-0.005152995232492685
0.047935422509908676
0.004122395999729633
-0.012423746287822723
0.03496495634317398
-0.019191766157746315
0.004339199047535658
-0.02013438567519188
-0.012932761572301388
-0.02754967287182808
0.022610338404774666
0.011355441994965076
0.014290135353803635
0.0036196650471538305
0.027474261820316315
-0.010469377972185612
-0.021001597866415977
0.0009308383450843394
-0.020410887897014618
-0.016477016732096672
-0.012184948660433292
-0.007767197676002979
-0.0007152137695811689
-0.0012316915672272444
-0.003346304874867201
-0.004779088776558638
-0.010406536981463432
0.013096149079501629
-0.02267317846417427
-0.01998356729745865
0.03285348787903786
0.018324553966522217
-0.01363658532500267
-0.03212452679872513
0.0031813462264835835
-0.003002248238772154
0.02428191900253296
0.028102677315473557
0.018324553966522217
0.013460628688335419
0.03380867466330528
-0.022484654560685158
0.008389327675104141
-0.007968289777636528
0.012970466166734695
-0.0028781364671885967
-0.005284962244331837
-0.002296853344887495
0.01762072928249836
-0.020850777626037598
-0.009570745751261711
-0.008263644762337208
-0.004427176900207996
0.018437668681144714
0.006485233083367348
0.025991205126047134
0.021843671798706055
0.0013180985115468502
0.0031970564741641283
0.0004453884612303227
0.017117999494075775
0.04916711524128914
-0.008408180437982082
0.0225349273532629
-0.0034217145293951035
0.025551315397024155
0.020938755944371223
0.007207909133285284
-0.010928120464086533
0.004527723416686058
-0.02503601647913456
0.012643691152334213
0.009457631967961788
0.017696140334010124
-0.010419105179607868
0.0021915941033512354
0.010293422266840935
-0.013963360339403152
-0.002353410702198744
-0.0033117420971393585
0.01170735340565443
0.013209263794124126
-0.018915263935923576
0.013536038808524609
-0.631430447101593
-0.0012199088232591748
0.0005121574504300952
-3.750846371985972e-05
0.009168560616672039
0.0012261929223313928
0.009419926442205906
0.0029645434115082026
-0.011638227850198746
-0.021705420687794685
-0.000324418768286705
0.024269351735711098
0.00867211353033781
-0.012593417428433895
-0.04491903632879257
-0.023967711254954338
-0.012015276588499546
-0.016828928142786026
0.01999613456428051
-0.00026864701067097485
-0.019003240391612053
0.025840386748313904
-0.01716827228665352
0.008276212960481644
-0.0009190555429086089
-0.0196944959461689
-0.0008711389964446425
-0.008898342959582806
-0.0028844205662608147
0.0014084329595789313
-0.005740562453866005
0.011902161873877048
0.020121818408370018
0.027650218456983566
0.04826220124959946
0.028253495693206787
-0.0038584622088819742
0.012191232293844223
0.010337411426007748
0.02621743455529213
0.006375260651111603
0.01236090436577797
0.027750764042139053
-0.011675933375954628
0.03951467573642731
0.0028671391773968935
0.025149131193757057
-0.023226182907819748
0.004345483146607876
0.04192778468132019
-0.008634408935904503
-0.014164452441036701
-0.0062055885791778564
0.007892880588769913
0.003915019799023867
-0.016389038413763046
-0.001468132366426289
0.0027226039674133062
-8.548640835215338e-06
0.02933436818420887
0.012052981182932854
0.013246968388557434
-0.016112536191940308
-0.027072077617049217
-0.022937113419175148
0.02267317846417427
-0.035342007875442505
-0.022459518164396286
0.030113602057099342
-0.020850777626037598
0.024935469031333923
0.0034594193566590548
-0.007365012541413307
-0.03144583851099014
-0.004917339887470007
0.005526901688426733
0.01731909066438675
-0.014629479497671127
0.011129212565720081
0.003937013912945986
-0.012781942263245583
-0.011851889081299305
-0.023678641766309738
0.014654615893959999
0.002805868862196803
-0.04647750407457352
-0.012587133795022964
0.0006492302636615932
7.88463294156827e-05
0.020121818408370018
0.0017375649185851216
0.007559821009635925
0.014918549917638302
-0.019455699250102043
-0.0008420748636126518
0.03227534517645836
0.00018341834947932512
-0.024948038160800934
-0.003396577900275588
-0.018764443695545197
0.019769906997680664
-0.014340409077703953
-0.01598685421049595
-0.001911949715577066
0.0015969572123140097
-0.0050367387011647224
-0.03111906349658966
-0.003002248238772154
0.03403490409255028
-0.012725384905934334
-0.0011829894501715899
-0.01690433733165264
-0.0067114620469510555
0.007289602886885405
-0.0376545712351799
-0.023741483688354492
0.011204622685909271
0.006180452182888985
0.008621840737760067
-0.016564995050430298
0.01407647505402565
0.009432494640350342
0.014239862561225891
0.010042056441307068
-0.01193986739963293
-0.002080050529912114
-0.014868276193737984
0.002252864418551326
-0.013548607006669044
-0.023955143988132477
0.011983855627477169
-0.015572099946439266
0.015107073821127415
-0.0022512932773679495
0.021692853420972824
-0.008841785602271557
0.01139943115413189
-0.0078488914296031
0.0016260213451460004
-0.005737420171499252
-0.0373026579618454
-0.027675354853272438
0.01571035198867321
-0.016250787302851677
-0.042430516332387924
-0.01318412646651268
-0.039489537477493286
-0.006136463023722172
-0.03526659682393074
0.009162276983261108
-0.006793155800551176
0.0059228022582829
-0.04811137914657593
-0.009331949055194855
-0.01899067312479019
-0.002317276783287525
-0.012712816707789898
-0.008904627524316311
-0.016640404239296913
-0.014227294363081455
0.010230581276118755
0.009602166712284088
-0.0281529501080513
0.016690677031874657
-0.010815005749464035
0.009218834340572357
0.02297481708228588
0.014968822710216045
-0.01646444760262966
-0.04753324016928673
-0.005316382739692926
0.017495047301054
-0.003911877516657114
0.013360083103179932
0.034437090158462524
0.01444095466285944
-0.006931406911462545
0.017583025619387627
-0.01943056285381317
-0.011613091453909874
0.0006468737265095115
-0.0022041623014956713
-0.0196944959461689
-0.011009814217686653
-0.004276357591152191
0.012920193374156952
0.013523470610380173
0.010708175599575043
-0.008238508366048336
0.020813073962926865
0.006786871701478958
0.007402717601507902
-0.01489341352134943
0.0083704749122262
-0.008200803771615028
0.004738241899758577
-0.009143424220383167
0.00020423457317519933
0.00552375940605998
0.026142025366425514
0.029309231787919998
-0.011368010193109512
0.028052402660250664
-0.0012913908576592803
-0.005533185787498951
-0.005834824405610561
0.008854353800415993
-0.015810897573828697
0.06736598908901215
0.025513609871268272
0.012492871843278408
-0.010997246019542217
-0.020058976486325264
-0.01642674393951893
0.0035411131102591753
0.014830571599304676
0.006180452182888985
0.0009512617834843695
-0.004442887380719185
0.012995602563023567
-0.006604631897062063
0.0023518395610153675
0.01792236976325512
0.005278678145259619
-0.011933582834899426
0.016703246161341667
-0.003547397442162037
-0.0010148887522518635
0.0020816216710954905
-0.01808575727045536
0.003996713552623987
0.011927299201488495
-0.007069658022373915
0.02727317065000534
0.03275294229388237
0.022899407893419266
0.02310050092637539
0.004832504317164421
0.029434913769364357
-0.02147919312119484
0.0008302920614369214
0.02357809618115425
0.00257492670789361
-0.0003570177359506488
0.026996668428182602
0.01288248784840107
0.020348047837615013
0.012316915206611156
0.007666651625186205
0.011600523255765438
0.008904627524316311
-0.010984677821397781
-0.044366031885147095
-0.030163874849677086
-0.0006496230489574373
-0.03240102902054787
-0.006899986416101456
0.030867697671055794
-0.010563639923930168
0.021391214802861214
0.0040375604294240475
0.022396676242351532
0.0027870163321495056
-0.013246968388557434
0.006579495035111904
0.015584668144583702
-0.00574370427057147
-0.006793155800551176
-0.02327645570039749
0.0015553247649222612
-0.004386330023407936
-0.025086289271712303
-0.006274714134633541
0.038735441863536835
0.016376471146941185
-0.0014563496224582195
-0.001845966326072812
0.0011122928699478507
0.012612270191311836
0.010544788092374802
-0.014038770459592342
-0.03350703790783882
0.009690145030617714
0.013686858117580414
-0.006174168083816767
-0.016640404239296913
0.0065040853805840015
-0.018437668681144714
-0.04474307969212532
0.022472087293863297
-0.0024618119932711124
0.022937113419175148
-0.006284140516072512
-0.005687147378921509
-0.008540146984159946
-0.008075120858848095
0.0006696537020616233
-0.0017407069681212306
0.010607629083096981
-0.015785761177539825
0.002915841294452548
-0.01704258844256401
-0.0164518803358078
0.009061730466783047
0.04750810191035271
0.031621795147657394
-0.022270994260907173
-0.00580968800932169
0.0013338088756427169
-0.03647315129637718
0.002457099035382271
-0.0006091688992455602
-0.006145889405161142
0.012788225896656513
-0.008734955452382565
0.011198338121175766
0.02238410897552967
-0.010349979624152184
0.028253495693206787
-0.011148065328598022
0.010155171155929565
-0.025865523144602776
-0.0035222608130425215
-0.011493693105876446
0.03599555790424347
0.001792551134712994
-0.01244259811937809
0.04210374131798744
-0.0009269107249565423
-0.014503796584904194
-0.0035285449121147394
-0.015408712439239025
0.004106685984879732
-0.01430270355194807
0.011091507971286774
-0.001970078097656369
-0.0009041307494044304
-0.012832215055823326
0.02046116255223751
0.014415818266570568
0.020662253722548485
0.009796975180506706
0.023025091737508774
-0.007968289777636528
0.013410355895757675
0.00836419127881527
0.013925655744969845
0.03182288631796837
0.025073720142245293
-0.0011091508204117417
0.039640359580516815
0.028982456773519516
-0.00036624757922254503
-0.029384640976786613
0.00904287863522768
0.010393968783318996
0.02785131148993969
-0.010155171155929565
-0.04283270239830017
0.0009481197339482605
-0.006830860860645771
0.023464981466531754
0.00068536406615749
-0.005291246343404055
0.01807318814098835
-0.0010478803887963295
0.016652973368763924
0.0009606879903003573
0.017557889223098755
-0.025400497019290924
0.02757480926811695
0.006799439899623394
0.0120781185105443
-0.009520472958683968
-0.007019385229796171
0.013825109228491783
-0.0113240210339427
-0.0019040945917367935
0.027650218456983566
-0.016942042857408524
-0.001140571548603475
0.036096103489398956
-0.013674289919435978
-0.02297481708228588
-0.01897810399532318
-0.0319737084209919
0.01584860309958458
-0.016828928142786026
-0.024809787049889565
-0.004298352170735598
-0.013724562712013721
-0.008785228244960308
-0.014604343101382256
0.024545852094888687
0.010701891034841537
-0.045874226838350296
-0.030189011245965958
0.0011452846229076385
0.013158990070223808
0.02961087040603161
0.022911977022886276
-0.00836419127881527
0.0025655003264546394
0.03129502013325691
0.0015906731132417917
-0.013711994513869286
-0.037428341805934906
-0.009790690615773201
-0.010639050044119358
0.012907624244689941
-0.0034782718867063522
-0.01956881396472454
0.011575386859476566
0.010946973226964474
-0.0167409498244524
0.003145212307572365
-0.015924012288451195
-0.005539469886571169
-0.027951857075095177
0.018035482615232468
0.016389038413763046
0.010513367131352425
0.012065550312399864
-0.03230048343539238
0.017004884779453278
-0.016338765621185303
0.007289602886885405
-0.007484411355108023
0.0017297096783295274
-0.014667184092104435
-0.011443420313298702
0.02460869401693344
0.008760091848671436
-0.012235221453011036
0.021730558946728706
-0.010915552265942097
0.00910571962594986
-0.01082129031419754
0.010406536981463432
-0.016564995050430298
0.006610915996134281
0.0323256179690361
-0.010456809774041176
0.0003854927490465343
-0.009665008634328842
-0.03685019910335541
0.0036479434929788113
0.028781363740563393
-0.01519505213946104
0.001300817122682929
-0.00029672926757484674
-0.00036683669895865023
0.01029970683157444
-0.0012686108238995075
0.0041852374561131
0.03360758349299431
-0.008615557104349136
-0.034135449677705765
0.02296224981546402
0.003808189183473587
-0.03096824511885643
0.023490117862820625
0.013008170761168003
-0.016929475590586662
-0.012260357849299908
0.01073959656059742
-0.010243149474263191
-0.04775946959853172
0.023892302066087723
-0.025714702904224396
-0.01779668591916561
0.00852757878601551
-0.009306811727583408
0.006042201071977615
-0.02116498537361622
-0.004606274887919426
0.004775946959853172
0.012813362292945385
-0.011833036318421364
-0.02146662399172783
-0.015107073821127415
-0.011977571994066238
0.008678398095071316
0.030917972326278687
0.004794799257069826
0.008552715182304382
-0.013875382021069527
0.0033557310234755278
-0.0018930973019450903
-0.014554069377481937
-0.010205443948507309
-0.007660367526113987
-0.019732201471924782
0.032375890761613846
0.010136318393051624
-0.006252720020711422
0.006604631897062063
-0.017595592886209488
-0.011368010193109512
0.03687533736228943
-0.017520183697342873
-0.01999613456428051
-0.01777154952287674
0.001521547557786107
-0.00567143689841032
0.006042201071977615
-0.02071252651512623
-0.0010470949346199632
-0.019505972042679787
0.006428675726056099
0.033708129078149796
-0.023653505370020866
0.0005200126324780285
0.012348336167633533
0.026921257376670837
-0.015509258955717087
0.019807610660791397
0.013837677426636219
-0.008929763920605183
0.017872095108032227
-0.0075409687124192715
-0.008747523650527
0.02101416513323784
0.02191908285021782
0.002012496115639806
-0.0071262153796851635
-0.014503796584904194
0.00478223105892539
-0.02654420956969261
-0.002413109876215458
-0.021454056724905968
-0.02042345702648163
0.013360083103179932
-0.007006816565990448
-0.025815248489379883
-0.008263644762337208
0.004757094196975231
-0.0055174753069877625
0.01295789796859026
0.0021680283825844526
0.013347514905035496
0.005005317740142345
-0.010990961454808712
-0.002513656159862876
-0.004483734257519245
-0.029384640976786613
0.027449125424027443
0.007578673306852579
0.045698270201683044
0.024772081524133682
-0.012970466166734695
-0.013950792141258717
-0.00448059244081378
0.020247500389814377
-0.01895296759903431
0.025865523144602776
-0.02387973479926586
-0.005203268490731716
-0.03943926468491554
0.008866921998560429
0.024181373417377472
-0.0036322332452982664
-0.002634625881910324
0.0069188387133181095
0.018902694806456566
0.01720597594976425
-0.02905786596238613
0.018726738169789314
-0.015056801028549671
0.014026201330125332
-0.007277034688740969
0.009419926442205906
-0.014466091990470886
-0.005966791417449713
-0.031496111303567886
0.0738009437918663
-0.010318558663129807
0.008012278936803341
0.005209552589803934
-0.007578673306852579
-0.010532219894230366
-0.00019863776105921715
-0.0016464447835460305
-0.00962101947516203
0.0004512798332143575
0.023351866751909256
-0.006447528023272753
-0.002477522473782301
-0.010098613798618317
-0.018701601773500443
0.006874849554151297
-0.018751874566078186
-0.01511964201927185
0.02209503762423992
0.007804902736097574
5.631179010379128e-05
0.03320539742708206
-0.0017721275798976421
-0.011336589232087135
0.00970899686217308
0.020951325073838234
-0.02963600680232048
-0.0008664258639328182
0.006623484194278717
-0.009099435992538929
0.010475662536919117
-0.02352782152593136
-0.02903272956609726
-0.011719922535121441
-0.020109249278903008
-0.026041477918624878
-0.027499398216605186
0.01140571478754282
-0.003236332442611456
-0.015232756733894348
-0.0024398176465183496
0.0016935758758336306
0.028982456773519516
-0.00880408100783825
-0.0038364678621292114
0.019380290061235428
0.019631655886769295
-0.011732490733265877
-0.006139605306088924
-0.01110407616943121
0.00970899686217308
0.0023015665356069803
0.019191766157746315
0.0004779874288942665
-0.018173733726143837
0.03159665688872337
0.0015521827153861523
-0.021856240928173065
-0.032049115747213364
0.012612270191311836
-0.009438779205083847
0.015785761177539825
-0.023502685129642487
0.02311306819319725
-0.0178972315043211
0.013071012683212757
0.009803258813917637
-0.010595060884952545
-0.00017821429355535656
-0.013799972832202911
-0.024093395099043846
0.004449171479791403
-0.030566059052944183
0.03008846566081047
-0.01319669559597969
0.016213081777095795
-0.010343695059418678
-0.0241562370210886
-0.008552715182304382
-0.00669889384880662
0.028479725122451782
-0.025438200682401657
-0.009338232688605785
-0.012844783253967762
-0.007566105108708143
-0.021290667355060577
0.021680284291505814
-0.006315561477094889
-0.018035482615232468
0.0031750621274113655
0.015132210217416286
0.011330305598676205
0.011525114066898823
-0.005259825848042965
-0.006086190231144428
-0.006485233083367348
-0.006246435921639204
-0.029661143198609352
-0.020561708137392998
-0.024508148431777954
0.043310295790433884
0.017746413126587868
-0.01110407616943121
-0.01718083955347538
0.007672935724258423
-0.043184615671634674
0.011575386859476566
-0.0030132452957332134
0.04743269458413124
0.024985743686556816
0.01304587535560131
0.0016841497272253036
0.03953981399536133
-0.01052593532949686
0.020662253722548485
-0.019769906997680664
-0.010400252416729927
-0.015785761177539825
0.0028105818200856447
-0.0009622590150684118
-0.009112004190683365
-0.02429448813199997
-0.006466380786150694
0.05188186466693878
0.01148112490773201
0.013799972832202911
0.012172380462288857
-0.0006621913053095341
0.0010046769166365266
0.033255670219659805
0.01082129031419754
0.014013633131980896
-0.020963892340660095
0.0036165229976177216
-0.009558177553117275
-0.003955866675823927
0.008653261698782444
-0.00759752606973052
-0.03586987406015396
0.007302171550691128
0.020687390118837357
-0.013146421872079372
0.015521827153861523
0.016037127003073692
-0.002384831430390477
0.019505972042679787
-0.02135350927710533
0.006189878564327955
-0.012197516858577728
-0.0037830525543540716
0.01008604560047388
0.0014469233574345708
-0.013787404634058475
-0.017872095108032227
0.0027603087946772575
-0.01627592369914055
0.009570745751261711
0.009501620195806026
-0.01837482675909996
0.03375840187072754
-0.002519940258935094
-0.01266254298388958
-0.017658434808254242
-0.03365785628557205
-0.0241562370210886
0.005561464466154575
-0.022132743149995804
0.01467975229024887
0.031219610944390297
-0.01318412646651268
-0.011443420313298702
0.0042386529967188835
-0.015534395352005959
-0.022270994260907173
-0.013510902412235737
-0.012486587278544903
-0.019455699250102043
-0.013133853673934937
-0.0021476049441844225
-0.004197806119918823
0.01735679619014263
-0.0032017696648836136
0.002050200942903757
-0.047482967376708984
0.009514188393950462
0.21516896784305573
-0.015232756733894348
-0.018739307299256325
0.011085224337875843
-0.009388506412506104
0.007760913576930761
0.02281142957508564
-0.015949148684740067
-0.007578673306852579
0.02178083173930645
0.012021561153233051
-0.01369942631572485
-0.0035599656403064728
0.0046157012693583965
0.003036811016499996
-0.0037453477270901203
-0.02506115287542343
-0.022572632879018784
0.03388408571481705
-0.0017627014312893152
0.008565283380448818
0.04801083356142044
-0.023377003148198128
-0.010079761035740376
0.011386862955987453
0.0003142070199828595
0.0012780370889231563
0.005055590998381376
0.02027263678610325
0.0028498577885329723
-0.006042201071977615
0.0127442367374897
0.00574370427057147
0.015081937424838543
-0.015144778415560722
0.00209261872805655
0.0346381813287735
-0.01176391076296568
0.02101416513323784
0.008515010587871075
0.020787937566637993
-0.022283561527729034
-0.007962006144225597
-0.02606661431491375
-0.019342584535479546
0.044793352484703064
0.0034279986284673214
-0.008295065723359585
0.004496302455663681
0.0033620151225477457
-0.028354041278362274
0.03911248967051506
0.02294968068599701
0.0033117420971393585
-0.0007391720428131521
0.014403250068426132
-0.007459274958819151
-0.008131678216159344
0.010551071725785732
-0.013485766015946865
-0.0004768091603182256
0.018035482615232468
-0.0023691209498792887
0.018714170902967453
-0.015320735052227974
0.013008170761168003
-0.031772613525390625
-0.0019606519490480423
-0.002717890776693821
-0.007421569898724556
-0.0007116789347492158
-0.019593950361013412
-0.008012278936803341
0.014428386464715004
-0.022472087293863297
-0.012700248509645462
0.012970466166734695
0.03343162685632706
0.02234640344977379
0.011154349893331528
0.01304587535560131
-0.024646399542689323
-0.01104751881211996
0.011192054487764835
0.0035096926148980856
-0.027826175093650818
0.013548607006669044
-0.006585779134184122
0.012134675867855549
-0.02504858374595642
-0.008313917554914951
0.01088413130491972
0.0020549139007925987
-0.020335478708148003
-0.001775269745849073
0.007484411355108023
0.0012788226595148444
0.031219610944390297
-0.009306811727583408
-0.007019385229796171
-0.020637117326259613
0.035945285111665726
0.015421280637383461
0.004848214332014322
-0.0055488962680101395
0.03182288631796837
-0.037277523428201675
-0.011116644367575645
-0.012624838389456272
-0.03081742487847805
0.007672935724258423
-0.01703002117574215
0.003915019799023867
-0.020234933122992516
-0.00896746851503849
0.013686858117580414
0.018274281173944473
-0.015735488384962082
0.023188479244709015
0.006284140516072512
-0.0082259401679039
-0.012983034364879131
-0.020121818408370018
0.011060087010264397
-0.005011602304875851
-0.02429448813199997
-0.06118239089846611
0.008439600467681885
-0.027021804824471474
-0.018324553966522217
0.007452990859746933
-0.013548607006669044
0.03403490409255028
0.007383865304291248
-0.0023015665356069803
0.026619618758559227
0.010186592116951942
-0.0033180261962115765
0.03159665688872337
-0.006441243924200535
0.014202157966792583
0.0005223691696301103
-0.011644512414932251
0.011072655208408833
-7.766804628772661e-05
-0.017130566760897636
0.02565186098217964
-0.002296853344887495
-0.040821775794029236
-0.005526901688426733
-0.00934451725333929
-0.03883598744869232
-0.00918741337954998
-0.0071324994787573814
0.02550104260444641
0.030289556831121445
-0.02342727594077587
-0.007974574342370033
-0.0016087399562820792
0.0031075074803084135
-0.040067680180072784
0.013737130910158157
0.022597769275307655
-0.009778122417628765
-0.02636825293302536
0.00459370668977499
-0.15423794090747833
0.006073622032999992
0.01983274705708027
-0.007390149403363466
0.007591241970658302
-0.0008632838143967092
0.043511390686035156
0.029811963438987732
0.002213588450103998
-0.014591773971915245
-0.009036594070494175
-0.02933436818420887
-0.04074636846780777
-0.02298738621175289
-0.009212549775838852
-0.010940688662230968
-0.027650218456983566
0.0007517402991652489
0.03780538961291313
0.02268574759364128
0.014189589768648148
-0.006227583158761263
-0.024797217920422554
-0.007182772736996412
0.005690289195626974
0.007584957871586084
-0.021378645673394203
-0.0067114620469510555
-0.01162565965205431
0.00246024108491838
0.01162565965205431
0.0014131461502984166
0.015446417033672333
-0.0010887273820117116
-0.025098856538534164
0.011946151033043861
-0.006981680169701576
-0.003823899431154132
-0.022924544289708138
0.00019893232092726976
0.010349979624152184
0.013372651301324368
-0.0020140670239925385
-0.0038961670361459255
0.01584860309958458
0.0037893366534262896
0.014767730608582497
-0.019078651443123817
0.023213615640997887
-0.016929475590586662
0.022107606753706932
-0.009024025872349739
0.0005086226155981421
0.0016652971971780062
0.02443273924291134
0.008269929327070713
0.009683860465884209
-0.012272926047444344
0.007949437946081161
0.018902694806456566
-0.006001354195177555
-0.013711994513869286
0.0024586699437350035
0.028781363740563393
0.03790593519806862
-0.014428386464715004
-0.015634940937161446
0.032954033464193344
-0.028529997915029526
0.020511435344815254
-0.01909121870994568
-0.016263356432318687
0.004295209888368845
-0.0011170059442520142
-0.010042056441307068
-0.014591773971915245
-0.011594239622354507
0.021089576184749603
-0.008986321277916431
-0.008269929327070713
-0.015207620337605476
0.047633785754442215
-0.012134675867855549
-0.015069369226694107
0.00984096433967352
0.0016024558572098613
0.010312275029718876
-0.019292311742901802
0.009539325721561909
-0.003179775085300207
0.0011115074157714844
-0.046125590801239014
0.00872867088764906
0.004672258626669645
-0.0014759874902665615
0.008339054882526398
0.0077043562196195126
0.0025922078639268875
-0.00978440698236227
0.00463455356657505
0.004490018356591463
0.03408517688512802
-0.0075158323161304
0.01971963234245777
0.005423213355243206
-0.01718083955347538
0.005988785997033119
0.002510514110326767
0.021227827295660973
0.013975928537547588
-0.0236912090331316
0.01022429671138525
0.01547155436128378
0.011248611845076084
-0.0018852421781048179
0.011581671424210072
0.001775269745849073
-0.007679219823330641
0.0010855853324756026
-0.008797796443104744
0.0627911314368248
0.0005317953764460981
-0.005398076958954334
0.021152416244149208
0.0018066903576254845
-0.035643644630908966
-0.11522600054740906
-0.04605018347501755
0.019355153664946556
0.031646933406591415
0.015886306762695312
0.023037659004330635
0.0015788903692737222
0.023892302066087723
-0.015609805472195148
0.0016527289990335703
-0.03307971730828285
-0.028555134311318398
-0.012354620732367039
0.017419638112187386
-0.011990140192210674
0.028806500136852264
-0.004411466885358095
0.000578533683437854
-0.006705177947878838
0.017130566760897636
0.020787937566637993
0.03471359238028526
-0.02905786596238613
-0.007321023847907782
0.00740900170058012
0.010425388813018799
-0.03272780403494835
0.02669502981007099
0.02058684453368187
0.017306523397564888
-0.030339831486344337
-0.01325953658670187
-0.00252151140011847
-0.006975396070629358
0.016351332888007164
-0.007459274958819151
-0.0120781185105443
-0.013410355895757675
0.024369897320866585
-0.031144199892878532
0.019744768738746643
0.015107073821127415
0.006105042528361082
-0.01675351895391941
-0.008477305993437767
-0.010733311995863914
-0.017369365319609642
0.026267707347869873
0.014340409077703953
-0.014327840879559517
-0.022723453119397163
-0.006158457603305578
-0.042606472969055176
0.0004610988253261894
0.01615024171769619
0.01926717534661293
0.0016118820058181882
-0.004386330023407936
-0.03853435069322586
-0.021278100088238716
-0.01066418644040823
0.002747740363702178
-0.003717069048434496
0.017972642555832863
0.021655147895216942
-0.009061730466783047
-0.025211971253156662
-0.024696672335267067
0.01229806337505579
-0.006975396070629358
0.009005173109471798
0.0019905015360563993
0.002587494906038046
0.004053270444273949
-0.027449125424027443
0.01547155436128378
-0.025702135637402534
-0.00548291252925992
-0.007566105108708143
0.011066371574997902
-0.009275391697883606
-0.016477016732096672
-0.02400541678071022
-0.01444095466285944
0.018136030063033104
-0.02413110062479973
0.01899067312479019
0.0024853774812072515
-0.007082226220518351
-0.01851307787001133
-0.015019095502793789
0.02933436818420887
0.0027728769928216934
0.02371634729206562
0.009451347403228283
-0.005291246343404055
-0.011908446438610554
-0.012983034364879131
-0.017997778952121735
0.005856818985193968
-0.01778411865234375
0.007918016985058784
-0.060679662972688675
-0.00536979828029871
0.010155171155929565
-0.021755695343017578
-0.0117010697722435
0.015107073821127415
0.028932183980941772
-0.00666747335344553
0.01400106493383646
0.019480835646390915
-0.010400252416729927
-0.005762557033449411
-0.029661143198609352
-0.014830571599304676
-0.03700102120637894
-0.014038770459592342
0.019443130120635033
0.003239474492147565
-0.004050128627568483
0.01451636478304863
0.006161599885672331
-0.0013966502156108618
0.0236912090331316
0.01882728561758995
-0.014264998957514763
0.004288925789296627
0.007239330094307661
-0.006183594465255737
-0.007038237527012825
0.014403250068426132
0.013171558268368244
-0.023377003148198128
-0.01720597594976425
0.01822400838136673
-0.008376759476959705
-0.009281675331294537
0.034738730639219284
0.03292889520525932
0.03109392710030079
0.055049072951078415
-0.0251994039863348
-0.015760624781250954
0.02993764542043209
-0.011210906319320202
-0.02386716566979885
0.0008656403515487909
-0.0015891020884737372
0.019229469820857048
0.014126747846603394
-0.020951325073838234
0.004222942516207695
0.03529173508286476
-0.004599990788847208
-0.01304587535560131
-0.03323053568601608
0.017080293968319893
0.0017768407706171274
0.01533330325037241
-0.007880312390625477
0.005982501897960901
0.03330594673752785
-0.01214095950126648
0.01806062087416649
0.0024461017455905676
0.007044521626085043
-0.004486876539885998
-0.008395612239837646
-0.007075942121446133
0.012549428269267082
0.0015199765330180526
-0.009162276983261108
0.010607629083096981
-0.008163098245859146
0.026016341522336006
0.010349979624152184
-0.0012984605273231864
0.008892059326171875
-0.002975540468469262
-0.01295789796859026
0.016200514510273933
0.008954900316894054
0.013624017126858234
-0.02101416513323784
0.018864989280700684
0.02088848315179348
-0.0031169336289167404
0.0031546384561806917
0.02382946014404297
-0.02371634729206562
0.011569103226065636
-0.01193986739963293
0.011474840342998505
-0.005244115367531776
-0.007264466490596533
-0.0031200756784528494
0.012844783253967762
0.011851889081299305
0.003613380715250969
0.022170448675751686
0.01444095466285944
0.03315512463450432
0.01475516241043806
0.0011696356814354658
-0.017960073426365852
0.0030540924053639174
0.014340409077703953
-0.0164518803358078
-0.0302392840385437
-0.014290135353803635
0.019154060631990433
0.02576497569680214
0.005247257184237242
0.0030980813317000866
0.006312419194728136
-0.030566059052944183
0.0007808044902049005
0.026016341522336006
-0.02491033263504505
-0.021717989817261696
0.022195585072040558
-0.019040945917367935
0.02222072146832943
0.018563350662589073
-0.009966647252440453
0.026870984584093094
-0.003236332442611456
0.022446950897574425
-0.0038458940107375383
0.003025813726708293
-0.015949148684740067
-0.011028666980564594
-0.007214193232357502
-0.025727272033691406
-0.019744768738746643
-0.02654420956969261
-0.0075095477513968945
0.019166627898812294
0.01880214922130108
-0.02046116255223751
0.0658075213432312
0.02654420956969261
-0.034990094602108
0.014478660188615322
0.004530865233391523
-0.0012191232526674867
-0.005272394046187401
-0.005913376342505217
-0.005558322183787823
-0.013360083103179932
0.026142025366425514
-0.016866633668541908
-0.0010918694315478206
-0.030867697671055794
0.003112220671027899
-0.0015356868971139193
-0.018487941473722458
0.028806500136852264
-0.008552715182304382
0.01230434700846672
0.042908113449811935
0.001080086687579751
-0.013385219499468803
-0.0004556001804303378
-0.01030599046498537
0.012530576437711716
0.03818243741989136
-0.024533284828066826
0.00016711886564735323
-0.04594963416457176
-0.00934451725333929
0.0053352355025708675
-0.028354041278362274
-0.026594482362270355
-0.0026330549735575914
-0.002661333419382572
0.017746413126587868
0.0007902306970208883
-0.023402139544487
3.7017514841863886e-05
-0.008213371969759464
0.03315512463450432
-0.03624692186713219
-0.04647750407457352
-0.021542033180594444
0.006149031687527895
-0.006566926836967468
-0.00029712202376686037
-0.011537682265043259
