0.004721699748188257
-0.010935469530522823
0.008066104725003242
-0.033310141414403915
-0.02861713618040085
0.011311675421893597
-0.01042536087334156
-0.006169135216623545
-0.022610599175095558
-0.010552887804806232
0.008416804485023022
-0.013760200701653957
-0.014206546358764172
0.014270310290157795
-0.011043868027627468
0.01676984503865242
0.046547479927539825
-0.022674361243844032
0.0057227895595133305
0.014640139415860176
-0.020978247746825218
-0.023171719163656235
0.00041725352639332414
0.002571270102635026
0.008544332347810268
0.004262601491063833
0.028795674443244934
-0.046113889664411545
-0.0046993824653327465
-0.0067270672880113125
-0.012236248701810837
0.007058638613671064
-0.015609347261488438
0.0008496509399265051
-0.0009484846377745271
0.013058800250291824
0.010897211730480194
0.0020707251969724894
0.013364865444600582
-0.00017176340043079108
0.02337576262652874
-0.009947133250534534
0.008882279507815838
-0.022865653038024902
-0.02342677302658558
0.027953993529081345
-0.007256305776536465
-0.005521934013813734
-0.026780743151903152
0.013160821981728077
0.0054007829166948795
0.03945695981383324
-0.017739053815603256
0.0002106193860527128
-0.016042940318584442
-0.03471294417977333
-0.012478550896048546
-0.011126761324703693
0.011847290210425854
-0.02981589362025261
-0.014691149815917015
0.003385850926861167
-0.0233247522264719
0.019804997369647026
0.015647605061531067
0.01263795979321003
-0.011305299587547779
0.005104281939566135
-0.009704831056296825
-0.0027593730483204126
0.0036472820211201906
0.018096130341291428
-0.0014267121441662312
-0.014882441610097885
0.01619597338140011
-0.01208321563899517
-0.014334073290228844
-0.026806248351931572
-0.008799387142062187
-0.005961903370916843
0.0004838068562094122
0.030045442283153534
-0.03986504673957825
0.012191614136099815
0.011541225016117096
-0.006784454919397831
0.007096896879374981
0.02041712775826454
-6.884484173497185e-05
0.004884297493845224
-0.03310609981417656
-0.009660196490585804
0.005604826845228672
0.03137172758579254
-0.018682755529880524
0.039533477276563644
-0.01446160115301609
0.023056944832205772
-0.01327559631317854
-0.022687114775180817
0.020021792501211166
-0.016744339838624
-0.04052818939089775
-0.005866257939487696
-0.014219298958778381
-0.008021470159292221
-0.01722894422709942
0.0015797449741512537
0.0038194439839571714
-0.04514468088746071
-0.004814157262444496
0.02253408171236515
0.00537527771666646
-0.006835465785115957
0.013084305450320244
-0.03397328406572342
-0.006943863816559315
-0.012204366736114025
-0.012746358290314674
-0.000795850355643779
0.023885872215032578
0.00496081355959177
0.006472012959420681
-0.017981356009840965
0.013301102444529533
-0.003889583982527256
0.0030096452683210373
-0.018465960398316383
-0.022891158238053322
-0.014436095952987671
0.0049416846595704556
-0.03106566146016121
-0.008850397542119026
0.0025011301040649414
-0.0104763712733984
-0.0098514873534441
-0.004428387153893709
0.019498931244015694
-0.0036154002882540226
-0.0233247522264719
0.020136568695306778
0.014946204610168934
-0.014933452010154724
-0.017254449427127838
0.009915251284837723
0.028693653643131256
0.014219298958778381
0.020799709483981133
0.01703765243291855
0.015048226341605186
0.025964567437767982
-0.01263795979321003
0.01576237939298153
0.008244642987847328
0.0007731345249339938
-0.0020324671640992165
-0.01045086607336998
0.011719763278961182
0.02639816142618656
0.004033052362501621
0.0009484846377745271
-0.03433036059141159
0.0004244269512128085
0.03226441890001297
0.00980047695338726
0.034202832728624344
0.03542709723114967
0.0017519069369882345
0.005894951522350311
0.016246983781456947
0.01451261155307293
0.036217767745256424
-0.014232051558792591
0.02025134302675724
0.004208402242511511
0.01840219646692276
0.020072804763913155
0.017930345609784126
-0.021641390398144722
0.0004066926776431501
-0.019958030432462692
0.014079018495976925
0.012727228924632072
0.007288187742233276
-0.01946067251265049
0.011751645244657993
0.022840147837996483
-0.01513749547302723
0.0034304854925721884
0.006067113485187292
0.008793010376393795
0.004919367376714945
-0.00796408299356699
0.0002126119943568483
-0.6317194700241089
-0.006854594685137272
0.014053513295948505
-0.013479640707373619
-0.003373098326846957
0.022381048649549484
0.012567820027470589
0.001451420597732067
-0.011343557387590408
-0.047771744430065155
-0.005085153039544821
0.032468460500240326
0.008008717559278011
-0.017790064215660095
-0.032851044088602066
-0.02301868610084057
0.0301984753459692
-0.014640139415860176
0.01293764915317297
-0.010074660181999207
-0.017101416364312172
0.006373179145157337
-0.008391299284994602
-0.0018682755762711167
-0.0023624440655112267
-0.007186166010797024
0.004603737033903599
-0.02652568742632866
0.011171395890414715
-0.018491465598344803
-0.0035006257239729166
0.007830179296433926
-0.004351870622485876
0.014780418947339058
0.05310238525271416
0.026168610900640488
-0.026653215289115906
0.013084305450320244
0.02465103566646576
0.01103749219328165
-0.002085071988403797
0.012727228924632072
0.0258242879062891
-0.0037237985525280237
0.0192438755184412
0.007530489936470985
0.016272488981485367
-0.013014165684580803
0.0009580492042005062
0.03262149542570114
-0.022763630375266075
-0.03155026584863663
-0.0010393478441983461
-0.004284918773919344
-0.0026238751597702503
-0.0028550184797495604
0.009232980199158192
-0.004154203459620476
0.0125997019931674
0.022623350843787193
0.006841842085123062
0.002450119238346815
-0.022304533049464226
-0.025352437049150467
-0.027851972728967667
0.014678397215902805
-0.023503290489315987
-0.02239380218088627
-0.0033157109282910824
-0.008397676050662994
0.023222729563713074
0.026627710089087486
0.006720690988004208
-0.021564874798059464
0.02356705255806446
0.006867347750812769
0.02130981907248497
-0.008136244490742683
-0.00723717687651515
0.0032742645125836134
0.007077767513692379
-0.03185633197426796
-0.024536261335015297
0.014627386815845966
0.017713548615574837
-0.03101465106010437
-0.007587877102196217
-0.007339198607951403
0.0012545502977445722
0.028438597917556763
0.018874047324061394
0.006153194233775139
0.0037461158353835344
-0.022661609575152397
-0.0009835546370595694
0.018083376809954643
-0.02647467702627182
-0.009692078456282616
0.013747448101639748
-0.002223758026957512
0.017790064215660095
-0.03216239809989929
-0.013364865444600582
-0.0033826627768576145
0.03060656227171421
0.013403124175965786
-0.009035312570631504
0.02085072174668312
0.04170144349336624
-0.01926938258111477
-0.014933452010154724
-0.02426845394074917
-0.023669075220823288
0.006618669256567955
-0.02683175355195999
-0.022878406569361687
-0.0026190928183496
0.01731821335852146
0.010489123873412609
-0.020621171221137047
0.014385084621608257
-0.0142448041588068
0.016833608970046043
-0.012988660484552383
-0.020761452615261078
0.017917592078447342
-0.01856798119843006
-0.006790831219404936
-0.026678720489144325
-0.008952419273555279
-0.00032599177211523056
-0.01592816598713398
0.020289599895477295
0.0034591793082654476
0.020315106958150864
0.006982122082263231
0.025046370923519135
-0.013039670884609222
-0.010552887804806232
0.0035325074568390846
-0.018504217267036438
-0.03514653816819191
0.03213689103722572
-0.014576375484466553
-0.042415596544742584
-0.04269615560770035
-0.0057227895595133305
-0.009615561924874783
-0.028336575254797935
0.03346317633986473
-0.018631745129823685
0.006395496428012848
-0.03652383014559746
-0.00308137945830822
-0.006210581865161657
-0.015724122524261475
-0.005569756962358952
-0.0009979014284908772
-0.039482466876506805
-0.0222025103867054
-0.0028247307054698467
-0.0004590984317474067
-0.03274902328848839
0.03234093636274338
-0.011936559341847897
0.027163324877619743
0.010393478907644749
0.009558174759149551
-0.020162073895335197
-0.04427749291062355
0.017216192558407784
0.02310795523226261
-0.018797529861330986
0.010010896250605583
0.023031437769532204
0.01775180734694004
0.0007811050163581967
0.0012011481449007988
0.003583518322557211
0.0009731930331327021
0.006264780648052692
0.008110739290714264
0.0022349166683852673
-0.010514630004763603
-0.02068493515253067
0.01897606812417507
0.0035261311568319798
0.017955850809812546
-0.012567820027470589
0.02011106163263321
0.0014904758427292109
0.0086017195135355
-0.014691149815917015
0.007288187742233276
0.0020484079141169786
0.0045622908510267735
-0.012567820027470589
0.024778563529253006
0.0014713467098772526
0.015749627724289894
0.02527591958642006
-0.03139723092317581
0.019958030432462692
-0.016476532444357872
-0.005187174770981073
-0.007300940342247486
-0.013594415038824081
-0.021029260009527206
0.03935493901371956
0.02460002526640892
0.00798958819359541
-0.009845111519098282
-0.004693006165325642
-0.022419307380914688
0.008582590147852898
0.031193189322948456
-0.006880100350826979
0.010686791501939297
-0.006306227296590805
0.003832196816802025
0.00981322955340147
0.0022954922169446945
0.006140441633760929
-0.008620848879218102
0.004361435305327177
0.005486864130944014
0.015226764604449272
-0.0008871121099218726
0.012268130667507648
-0.031601276248693466
-0.013441381976008415
0.00222535221837461
-0.011094879359006882
0.03471294417977333
0.029560837894678116
0.020582914352416992
0.033743735402822495
0.003296581795439124
0.016246983781456947
-0.011579482816159725
0.024281207472085953
0.026219621300697327
0.0007061826763674617
0.0007133560720831156
0.008608096279203892
-0.008142621256411076
0.04509367048740387
0.015749627724289894
-0.009264861233532429
0.008486945182085037
-0.018848542124032974
-0.012848380021750927
-0.010705920867621899
-0.03017297014594078
-0.005789741408079863
-0.024115420877933502
-0.002408672822639346
0.03343766927719116
0.007689898833632469
0.02063392475247383
-0.0011597018456086516
0.011981193907558918
0.005209492053836584
0.009271237999200821
-0.0003610618005041033
-0.005152104888111353
-0.010132047347724438
-0.016655070707201958
-0.03389676660299301
-0.023873118683695793
-0.01864449866116047
-0.024281207472085953
0.0023353444412350655
0.03101465106010437
0.01731821335852146
0.008040599524974823
-0.01669332943856716
-0.018096130341291428
-0.0019559506326913834
0.012389281764626503
-0.026372654363512993
-0.021195044741034508
0.003931030631065369
0.03012195974588394
-0.0035325074568390846
-0.01655304990708828
-0.0022811454255133867
-0.005177610088139772
-0.019333144649863243
0.005789741408079863
0.009819605387747288
0.009079947136342525
0.012886637821793556
-0.0016849550884217024
-0.011649622581899166
-0.008282900787889957
0.018223658204078674
0.003124420065432787
-0.003057468216866255
0.0010074659949168563
0.014946204610168934
-0.026372654363512993
-0.022687114775180817
0.00400117039680481
0.047363657504320145
0.026959281414747238
-0.016042940318584442
-0.01867000386118889
0.015889907255768776
0.009468905627727509
-0.003189777722582221
-0.009730336256325245
0.0034719319082796574
-0.02085072174668312
0.007862061262130737
0.009698454290628433
0.014270310290157795
0.007881189696490765
0.030912628397345543
-0.017432987689971924
-0.009641067124903202
-0.02655119262635708
-0.017190685495734215
0.013772953301668167
0.05014375224709511
0.019371403381228447
-0.01731821335852146
0.032851044088602066
-0.01775180734694004
-0.0037843738682568073
0.0005288399406708777
-0.033233627676963806
0.012784616090357304
-0.00019268585310783237
0.012102345004677773
0.007543242536485195
0.006500706542283297
-0.005824811290949583
0.03509552404284477
0.014346826821565628
0.013135316781699657
0.0067270672880113125
0.009685701690614223
0.0039023368153721094
0.0074284677393734455
0.0019224747084081173
0.014627386815845966
0.033233627676963806
0.01508648507297039
0.009386012330651283
0.0240771621465683
0.015354292467236519
-0.0009684108081273735
-0.011247911490499973
0.0028613947797566652
-0.0030957262497395277
0.012580572627484798
0.018504217267036438
-0.03800315037369728
0.013594415038824081
-0.010329714976251125
0.02731635794043541
0.006503894459456205
-0.0021807176526635885
0.009985391050577164
0.015265023335814476
0.0004011133569292724
0.00834666471928358
0.011152266524732113
-0.02522490918636322
0.006379555445164442
0.0005499616963788867
0.01239565759897232
-0.009054441936314106
-0.006758949253708124
0.004957625642418861
-0.018287422135472298
-0.00019856405560858548
0.01886129379272461
-0.003277452662587166
0.006771701853722334
0.009870616719126701
-0.003318899078294635
-0.025530975311994553
-0.0006990092806518078
-0.028234554454684258
0.02255958691239357
-0.024498002603650093
0.002152024069800973
-0.007020380347967148
-0.0024947538040578365
-0.013581662438809872
-0.021411841735243797
0.018147140741348267
0.005066023673862219
-0.04971015825867653
-0.02342677302658558
-0.009277614764869213
0.0032423827797174454
0.02380935475230217
0.019715728238224983
-0.005435853265225887
0.013683684170246124
0.012491303496062756
-0.01083344779908657
-0.015316033735871315
-0.012746358290314674
-0.018516970798373222
-0.008200008422136307
0.017432987689971924
-0.007262682542204857
-0.029050730168819427
-0.011643246747553349
0.0068099601194262505
-0.026168610900640488
-0.0184532068669796
0.002827918855473399
-0.0046993824653327465
-0.029713870957493782
0.03221340849995613
-0.006867347750812769
0.014589128084480762
-0.010469995439052582
-0.029535332694649696
-0.006650551222264767
-0.015379797667264938
-0.010922716930508614
0.01108850259333849
0.003768433118239045
-0.003889583982527256
-0.018147140741348267
0.02073594555258751
-0.0039023368153721094
-0.018032366409897804
0.016055691987276077
-0.031244199723005295
0.030734090134501457
-0.0014777231262996793
-0.004221155308187008
-0.0028821181040257215
-0.013058800250291824
0.024931596592068672
0.011509343050420284
-0.012873885221779346
-0.029917914420366287
-0.034891482442617416
0.0203278586268425
3.1533127184957266e-05
-0.02736736834049225
0.018963316455483437
0.00010411412222310901
-0.004135074093937874
0.010489123873412609
-0.005910892505198717
0.0027402439154684544
0.03955898433923721
-0.00659954035654664
-0.014423342421650887
0.015532830730080605
0.005078776739537716
-0.018516970798373222
0.024663789197802544
-0.02359255962073803
-0.005792929790914059
0.005553815979510546
0.004205214325338602
0.002116953954100609
-0.024561766535043716
0.03606473281979561
-0.03346317633986473
-0.0008090016199275851
0.013403124175965786
-0.0027832842897623777
0.020531902089715004
-0.020200330764055252
-0.0037237985525280237
-0.0021057953126728535
0.00017285933427046984
-0.008761128410696983
-0.017879333347082138
-0.01471665594726801
-0.02212599478662014
0.020582914352416992
0.01512474287301302
0.0012194802984595299
-0.0020037733484059572
-0.0018284233519807458
0.006452883593738079
0.005528310313820839
-0.006248840130865574
0.004820533562451601
-0.02008555643260479
-0.016030186787247658
0.032442957162857056
0.02685725875198841
0.013670931570231915
-0.022648856043815613
-0.02889769710600376
-0.02106751687824726
0.04379289224743843
0.006255216430872679
-0.01847871206700802
-0.006701562087982893
-0.010253198444843292
-0.005416723899543285
0.028056016191840172
-0.035350579768419266
-0.0006774890352971852
-0.024727553129196167
0.008557084947824478
0.031142177060246468
-0.013428629375994205
0.009768594987690449
0.011962064541876316
0.02467654086649418
-0.03968650847673416
0.010654909536242485
0.01940966211259365
-0.01717793382704258
-0.011337180621922016
-0.0148696880787611
-0.020289599895477295
0.02808152139186859
0.01900157518684864
-0.008729246445000172
-0.01326284371316433
-0.0036377175711095333
0.006924734916538
-0.01823640987277031
0.0027721256483346224
-0.005445417482405901
-0.02479131519794464
-0.0024198314640671015
-0.01897606812417507
-0.022253522649407387
-0.013683684170246124
0.014015255495905876
-0.020098309963941574
0.01597917638719082
0.0023114331997931004
0.020799709483981133
0.020149320363998413
-0.02481682226061821
-0.0025075064040720463
-0.0036058356054127216
-0.035835184156894684
0.028336575254797935
0.0015390956541523337
0.03552911803126335
0.026755237951874733
0.0027721256483346224
-0.021998466923832893
-0.00598740903660655
0.005582509562373161
0.0016451027477160096
0.028438597917556763
-0.011815408244729042
0.003577142022550106
-0.013607167638838291
0.005703660659492016
0.023069696500897408
-0.018695509061217308
-0.010259575210511684
0.008448686450719833
0.012657089158892632
0.01571136899292469
0.0034336738754063845
0.028234554454684258
0.011726139113307
0.02152661606669426
-0.01293764915317297
0.02522490918636322
-0.039023369550704956
-0.010667662136256695
-0.006255216430872679
0.06718140840530396
-0.007103273179382086
0.0173692237585783
-0.004651559982448816
0.014958957210183144
-0.020136568695306778
-0.008442310616374016
-0.01106299739331007
-0.0009986985241994262
-0.010565640404820442
0.014576375484466553
0.0052541266195476055
0.007683522533625364
-0.006656927522271872
-0.037059444934129715
0.004447516053915024
-0.0111012551933527
0.0038035030011087656
0.023414021357893944
-0.008499697782099247
0.01363267283886671
0.031652286648750305
-0.0001809294190024957
0.01325009111315012
0.00027816902729682624
-0.007632511667907238
-0.030530046671628952
0.006860970985144377
-0.013798458501696587
-0.027571411803364754
-0.0016419145977124572
-0.024536261335015297
-0.03142273798584938
-0.0024278017226606607
-0.009258485399186611
-0.002965010702610016
-0.02133532427251339
0.002933128969743848
0.008365794084966183
-0.006443318910896778
0.007938576862215996
-0.009290367364883423
0.027418378740549088
0.011981193907558918
0.007779167965054512
0.002167964819818735
0.010616651736199856
-0.01965196430683136
-0.011930183507502079
-0.002800819231197238
0.02073594555258751
0.00446345703676343
0.015481819398701191
-0.006379555445164442
-0.009959885850548744
0.02810702659189701
0.004989507608115673
-0.008117115125060081
-0.018249163404107094
-0.002993704518303275
0.002835889346897602
-0.010253198444843292
-0.01382396463304758
0.0165785551071167
-0.004431575071066618
0.01513749547302723
0.007900319062173367
-0.012497680261731148
0.022355543449521065
-0.011751645244657993
-0.009028935804963112
0.005113846622407436
-0.0328255370259285
0.03318261355161667
0.02046813815832138
0.016451027244329453
-0.0013956273905932903
-0.024421487003564835
0.00032539397943764925
0.005407159216701984
0.03542709723114967
-0.04085976257920265
0.001169266295619309
-0.021807176992297173
-0.011872795410454273
-0.005037330090999603
-0.011522095650434494
-0.011879172176122665
0.006860970985144377
-0.009787723422050476
0.0061117480508983135
0.004466645419597626
0.016706082969903946
-0.0033412163611501455
0.0033667220268398523
-0.021590379998087883
-0.008091609925031662
-0.03591170161962509
-0.00888865627348423
-0.02693377621471882
0.023656321689486504
0.016782598569989204
-0.007581500802189112
-0.009711206890642643
-0.011751645244657993
-0.04264514520764351
-0.0026270633097738028
-0.005875822622328997
0.03012195974588394
0.019014326855540276
0.008257395587861538
0.006054360885173082
0.041982002556324005
-0.016616813838481903
0.017075911164283752
-0.02465103566646576
-0.016655070707201958
-0.003816255833953619
-0.016948383301496506
-0.008793010376393795
0.013454134576022625
-0.009143711067736149
-0.009322249330580235
0.05139352008700371
-0.018032366409897804
-0.008231890387833118
0.027596917003393173
-0.0013111404841765761
-0.00494806095957756
0.007339198607951403
0.016808103770017624
-0.009392389096319675
0.004501715302467346
0.0018666815012693405
-0.0068099601194262505
-0.0004499324131757021
0.007396586239337921
-0.0033412163611501455
-0.031626783311367035
0.02068493515253067
0.02938229963183403
-0.004979942925274372
0.02193470299243927
0.006975745782256126
0.008608096279203892
0.005123411305248737
-0.03504451364278793
0.0186189915984869
0.0034432383254170418
-0.009252108633518219
0.0057259779423475266
0.0014530146727338433
-0.007638887967914343
-0.018057871609926224
-0.009156463667750359
-0.007728157099336386
0.0009221821092069149
0.007836555130779743
-0.01617046818137169
0.024727553129196167
-0.00511065823957324
-0.0015685863327234983
-0.03986504673957825
-0.024612776935100555
-0.026194116100668907
0.012988660484552383
-0.028336575254797935
0.017471246421337128
0.017917592078447342
-0.017662538215517998
0.0007807064685039222
-0.011031115427613258
-0.012064087204635143
-0.04111481457948685
-0.016846362501382828
-0.004858791828155518
-0.027902983129024506
-0.007045886013656855
-0.01638726331293583
-0.017292708158493042
0.001260926597751677
-0.009245732799172401
-0.0008185661281459033
-0.02818354405462742
-0.0017790064448490739
0.21138933300971985
-0.020812463015317917
-0.007798297330737114
0.019282134249806404
-0.012765487655997276
-0.012408411130309105
0.01715242862701416
-0.00920109823346138
-0.021730659529566765
0.005741918925195932
-0.02405165694653988
0.007728157099336386
-0.023936882615089417
0.011254288256168365
0.011726139113307
-0.02976488322019577
-0.055652935057878494
-0.008627224713563919
0.010297833010554314
0.029101740568876266
0.017815569415688515
0.01902708038687706
-0.0060384199023246765
-0.00960918515920639
0.015634853392839432
0.010635780170559883
0.004747205413877964
0.004004358779639006
-0.006707938387989998
0.0021727471612393856
-0.01513749547302723
0.0076580168679356575
0.013772953301668167
0.015915412455797195
-0.017279954627156258
0.005432664882391691
0.027571411803364754
-0.015889907255768776
0.017381977289915085
-0.009876992553472519
0.02354154735803604
-0.0096219377592206
0.007798297330737114
-0.039099883288145065
-0.002249263459816575
0.039992574602365494
0.0063604265451431274
-0.024332217872142792
0.0016945196548476815
0.0010584769770503044
-0.0350700207054615
0.022470317780971527
0.012982283718883991
0.012714476324617863
-0.002875741571187973
0.019345898181200027
0.005971468053758144
-0.011707010678946972
0.011617741547524929
-0.00321368919685483
0.008429557085037231
0.011082126758992672
0.010285080410540104
0.017649784684181213
-0.014040760695934296
0.02777545526623726
-0.03558012843132019
0.005480487830936909
0.01614496111869812
-0.00928399059921503
0.0073455749079585075
-0.012504056096076965
-0.008665483444929123
0.018631745129823685
-0.021921951323747635
-0.03611574321985245
0.028362082317471504
0.03226441890001297
0.0021376770455390215
-0.002563299611210823
0.010106542147696018
-0.0022205698769539595
-0.017483999952673912
0.010061907581984997
0.0008094001095741987
0.0018666815012693405
0.03277452662587166
0.012778240256011486
0.013938738964498043
-0.0322389118373394
-0.00526050291955471
0.027826467528939247
0.011318052187561989
0.00276893749833107
0.006523023825138807
-0.003577142022550106
-0.005451794248074293
0.007084143813699484
-0.03509552404284477
-0.01052100583910942
-0.02301868610084057
0.04976116865873337
0.003108479082584381
0.0024166430812329054
-0.03216239809989929
0.027137819677591324
-0.019766738638281822
-0.011815408244729042
-0.005783365108072758
-0.033641714602708817
0.0021615885198116302
-0.017981356009840965
0.00986423995345831
-0.006905605550855398
-0.024281207472085953
0.01703765243291855
0.01511199027299881
-0.014882441610097885
0.023847613483667374
-0.0011070967884734273
-0.016323499381542206
-0.0028821181040257215
-0.01201307587325573
0.016208725050091743
-0.012759110890328884
-0.021450098603963852
-0.04754219576716423
0.022712619975209236
-0.014397837221622467
-0.013109810650348663
0.006188264582306147
-0.019129101186990738
0.04106380417943001
0.024102669209241867
-0.015265023335814476
0.0150992376729846
0.00887590367347002
-0.009175592102110386
0.0028869002126157284
0.017381977289915085
-0.0035006257239729166
-0.008946043439209461
-0.0022444813512265682
-0.01823640987277031
0.025671254843473434
-0.003915089648216963
0.014563622884452343
-0.0014745349762961268
-0.01507373247295618
-0.013339360244572163
-0.008129868656396866
-0.029254773631691933
0.01801961474120617
-0.02364357002079487
0.010820695199072361
0.00959643255919218
-0.026627710089087486
-0.007492231670767069
0.005209492053836584
0.023528795689344406
-0.037391018122434616
0.013951491564512253
0.016400016844272614
-0.021169539541006088
-0.0029889221768826246
0.005630332510918379
-0.15772582590579987
0.010878082364797592
0.028234554454684258
0.012886637821793556
-0.005789741408079863
0.01011291891336441
0.017700795084238052
0.010068284347653389
0.004610113333910704
0.0008361011859960854
0.011369062587618828
-0.022266274318099022
-0.05264328792691231
-0.02568400651216507
-0.011904677376151085
-0.01701214723289013
-0.032851044088602066
0.01804511994123459
0.028005005791783333
0.006542152725160122
0.01319908071309328
-0.019167359918355942
0.011949311941862106
0.010674038901925087
0.03155026584863663
0.0046388073824346066
-0.014002502895891666
-0.009430646896362305
-0.007307317107915878
-0.0046260543167591095
0.02726534567773342
0.005646273028105497
0.05300036445260048
-0.0035580128896981478
-0.007498607970774174
0.0022476695012301207
-0.02397514134645462
0.004374187905341387
-0.01815989427268505
0.01425755675882101
0.0009492816752754152
0.026002826169133186
0.02764792926609516
0.019396908581256866
0.04213503375649452
0.008824892342090607
0.013454134576022625
-0.012204366736114025
0.0394059494137764
-0.029586344957351685
0.0434868261218071
-0.003931030631065369
0.007855684496462345
0.006315791979432106
0.019804997369647026
0.020136568695306778
-0.009532668627798557
-0.0008504479774273932
0.011069373227655888
-0.010597522370517254
0.00023871524899732322
-0.0007508172420784831
0.011011986061930656
0.010712296701967716
0.025046370923519135
-0.009615561924874783
-0.01842770166695118
0.01471665594726801
-0.022636104375123978
0.02639816142618656
0.01231276523321867
-0.022279027849435806
0.004830098245292902
-0.02073594555258751
-0.015673110261559486
0.0071989186108112335
-0.013670931570231915
0.016565801575779915
-0.00891416147351265
-0.0009516727877780795
-0.01573687419295311
0.030402518808841705
-0.01382396463304758
0.00361221213825047
-0.014525365084409714
-0.03063206747174263
0.0022556399926543236
0.016897372901439667
0.008168126456439495
0.00127766455989331
0.010412607342004776
-0.04606287553906441
0.010871706530451775
0.008754752576351166
0.003921465948224068
0.027698939666152
0.007645264267921448
0.011222406290471554
-0.009468905627727509
0.01897606812417507
0.01712692156434059
0.023146213963627815
-0.030351508408784866
0.012516808696091175
0.015813391655683517
-0.0021042011212557554
0.0004104786494281143
-0.00959643255919218
0.02253408171236515
0.003962912131100893
-0.029866904020309448
0.01780281774699688
0.02065942995250225
0.010374349541962147
0.003583518322557211
0.008933290839195251
-0.021246055141091347
0.010336091741919518
0.01590266078710556
-0.011337180621922016
0.04835836961865425
-0.01388772763311863
0.007262682542204857
0.01597917638719082
0.0017439364455640316
-0.01842770166695118
-0.11508067697286606
-0.04677702859044075
0.013619920238852501
0.021271560341119766
0.011547600850462914
0.011515718884766102
-0.005776988808065653
0.01506097987294197
-0.006701562087982893
0.01652754470705986
-0.03634529188275337
-0.020799709483981133
-0.023197224363684654
0.012510432861745358
0.00046746741281822324
0.03887033462524414
0.007192542310804129
-0.00511065823957324
-0.028693653643131256
0.015252270735800266
0.03226441890001297
0.03351418673992157
0.009449776262044907
-0.008231890387833118
0.003296581795439124
0.0014538117684423923
-0.034993503242731094
0.009717583656311035
0.02935679443180561
0.004106380511075258
-0.029101740568876266
-0.007932201027870178
0.0003128405078314245
-0.012344647198915482
0.021794423460960388
-0.0021472417283803225
0.007632511667907238
-0.021628636866807938
0.0258242879062891
-0.010967351496219635
0.015940917655825615
0.016476532444357872
0.0226998683065176
-0.023286493495106697
0.01232551783323288
-0.014117277227342129
0.008321159519255161
0.01972847990691662
0.0009811634663492441
-0.004645183682441711
-0.02315896563231945
-0.019129101186990738
-0.038309212774038315
-3.6552028177538887e-06
0.005840752273797989
0.02065942995250225
0.006829089485108852
0.00029052322497591376
-0.03892134502530098
-0.02155212126672268
0.007938576862215996
-0.004820533562451601
-0.016297994181513786
0.023005932569503784
0.032902054488658905
-0.007925824262201786
-0.030708584934473038
-0.028260059654712677
-0.0002777705085463822
-0.008569837547838688
0.00953904539346695
0.004578231833875179
0.01691012643277645
-0.013696436770260334
-0.03716146945953369
0.004801404662430286
-0.00980047695338726
-0.0014809112763032317
0.016833608970046043
-0.012688971124589443
-0.010718673467636108
-0.015341539867222309
-0.007084143813699484
-0.014844182878732681
0.0074412208050489426
0.000412471272284165
0.017330966889858246
0.015418056398630142
0.010967351496219635
-0.026602204889059067
-0.006523023825138807
0.01650203764438629
0.02000904083251953
0.016208725050091743
-0.0073455749079585075
0.003516566473990679
0.011024738661944866
-0.030428024008870125
-0.0020643488969653845
0.011496590450406075
-0.013517898507416248
-0.021641390398144722
-0.04958263039588928
0.019307639449834824
-0.0010162335820496082
-0.017279954627156258
-0.009335001930594444
0.016463780775666237
0.02250857651233673
0.0007033930160105228
-0.007313693407922983
0.019231123849749565
-0.010922716930508614
0.012319141998887062
-0.014576375484466553
-0.018440453335642815
-0.037850115448236465
-0.030300498008728027
0.02808152139186859
0.0023783850483596325
-0.003535695606842637
0.01981774903833866
0.01386222243309021
0.009762218222022057
0.014589128084480762
0.02777545526623726
-0.021921951323747635
-0.007811049930751324
-0.003075003158301115
-0.004979942925274372
-0.015698615461587906
0.004227531608194113
-0.0036217765882611275
-0.013645426370203495
-0.02465103566646576
0.020774204283952713
0.0019623269326984882
-0.006032043602317572
0.008595342747867107
0.04236458241939545
0.015494572930037975
0.04766971990466118
-0.02272537350654602
-0.03300407528877258
0.026321643963456154
-0.003781185718253255
-0.015290528535842896
-0.0052636913023889065
-0.00928399059921503
-0.0017487186705693603
0.015851648524403572
-0.009118204936385155
0.027494896203279495
0.032953064888715744
-4.117240314371884e-05
-0.02508462965488434
0.004268977791070938
0.014397837221622467
0.010170306079089642
0.012440292164683342
0.0025186650454998016
-0.009845111519098282
0.0453997366130352
-0.013364865444600582
0.004788651596754789
0.00887590367347002
-0.0086017195135355
-0.023771097883582115
-0.006918358616530895
-0.013109810650348663
0.006086242385208607
-0.015163001604378223
-0.00021022085275035352
-0.0016371322562918067
-0.0012019452406093478
0.023720085620880127
0.037799105048179626
-0.015647605061531067
0.017662538215517998
-0.0019655153155326843
-0.0012872291263192892
0.0247020460665226
-0.008129868656396866
0.011738891713321209
0.0015948888612911105
0.03188183531165123
0.008933290839195251
-0.00023174109810497612
-0.003956535831093788
0.01617046818137169
-0.027112314477562904
0.0023209976498037577
-0.018797529861330986
0.021564874798059464
-0.016400016844272614
0.022521330043673515
-0.00662504555657506
0.017165180295705795
0.017050405964255333
-0.01650203764438629
0.009685701690614223
0.01319908071309328
0.01703765243291855
-0.011496590450406075
0.003090944141149521
-0.03491698578000069
-0.027928488329052925
0.017203439027071
-0.03269801288843155
-0.04210953041911125
-0.023171719163656235
0.00585031695663929
0.012631583958864212
-0.006765325553715229
0.03433036059141159
0.007600629702210426
-0.02174341306090355
-0.0027306792326271534
0.023260988295078278
-0.0067270672880113125
-0.009672949090600014
0.019167359918355942
-0.0023608498740941286
0.018848542124032974
0.022891158238053322
-0.0019575448241084814
0.01578788459300995
-0.0018395819934085011
0.015838896855711937
-0.0025075064040720463
0.014563622884452343
0.004909802693873644
-0.009870616719126701
-0.015915412455797195
-0.0350700207054615
-0.013173574581742287
-0.02734186314046383
0.0008129868074320257
0.015418056398630142
0.009692078456282616
-0.014920699410140514
0.0788118988275528
0.011758021079003811
-0.022189758718013763
0.025326929986476898
0.020531902089715004
0.0010855764849111438
0.007294564042240381
-0.007913071662187576
-0.015532830730080605
-0.014410589821636677
-0.010578393004834652
-0.008085234090685844
0.004689818248152733
-0.04499164596199989
-0.024153679609298706
0.005451794248074293
-0.013148069381713867
0.02196020819246769
-0.0011804249370470643
-0.0029538520611822605
0.056061021983623505
0.006271157413721085
-0.006523023825138807
-0.002544170478358865
-0.005662214010953903
0.0038800195325165987
0.028413092717528343
-0.038283709436655045
-0.0009389200713485479
-0.030938133597373962
-8.961784624261782e-05
0.0038353849668055773
-0.05052633583545685
-0.022419307380914688
-0.014423342421650887
-0.01017668191343546
0.002957040211185813
-0.0013493987498804927
-0.0008337100152857602
-0.005767424125224352
0.01617046818137169
0.02006005123257637
-0.03504451364278793
-0.008710118010640144
-0.016489285975694656
0.008780257776379585
-0.008977925404906273
-0.00891416147351265
-0.021386336535215378
