0.008390160277485847
-0.014435638673603535
0.0004079430364072323
-0.009328033775091171
-0.026209747418761253
0.008713346906006336
-0.02240755967795849
-0.01020253635942936
-0.0054022748954594135
-0.032850902527570724
0.008668988011777401
-0.006729871965944767
-0.010158178396522999
0.013662527315318584
-0.010373635217547417
0.0034599907230585814
0.037033308297395706
-0.01070315856486559
0.0075473422184586525
-0.013294982723891735
-0.024739567190408707
-0.02636183425784111
-0.014258204028010368
-0.006045478396117687
0.002520533511415124
0.011064366437494755
0.013472418300807476
-0.029479628428816795
-0.01966998353600502
0.0066538285464048386
-0.0024207262322306633
-0.001764848711900413
-0.01647614687681198
-0.003548708511516452
0.008250746876001358
0.004768576938658953
0.006150038447231054
0.019150352105498314
0.02846571058034897
-0.004958686418831348
0.020329030230641365
0.0035898988135159016
0.007623386103659868
-0.008783053606748581
-0.009448436088860035
0.019923463463783264
0.002747080521658063
-0.00015733532200101763
-0.036399610340595245
0.04103827849030495
0.0011208532378077507
0.02072192169725895
-0.018542001023888588
-0.005259692668914795
-0.019378483295440674
-0.007040384225547314
-0.01675497367978096
-0.0007002362399362028
0.0015565205831080675
-0.007135438732802868
-0.005430791527032852
-0.005421285983175039
-0.02532256953418255
0.020379725843667984
0.017743542790412903
0.013434396125376225
-0.016083253547549248
-0.001094713225029409
-0.023066604509949684
0.007965583354234695
0.01926441676914692
0.031355373561382294
0.015525599010288715
0.005617732182145119
0.024232609197497368
-0.0032065114937722683
-0.013168242760002613
-0.04134245216846466
-0.0014559209812432528
0.012851393781602383
0.011070703156292439
0.012914763763546944
-0.04425746574997902
0.0069326553493738174
0.0037451547104865313
0.002254380378872156
0.009708252735435963
0.022116057574748993
0.005665259435772896
0.007369907107204199
0.0001783265615813434
0.01724925823509693
0.023649606853723526
0.023066604509949684
-0.02418191358447075
0.008738694712519646
0.0019470369443297386
0.010253232903778553
-0.017794238403439522
-0.03209046274423599
-0.003922590054571629
-0.005085425917059183
-0.024840958416461945
0.0007588532753288746
-0.02653926983475685
-0.006736209150403738
-0.008333127945661545
0.00017297973681706935
-0.0019898114260286093
-0.02841501496732235
-0.013206264935433865
0.034397125244140625
-0.003132052021101117
-0.015639664605259895
0.032166507095098495
-0.01917569898068905
0.004458065144717693
-0.0009758947999216616
-0.007331884931772947
-0.00530405156314373
0.01916302554309368
0.010354624129831791
0.02139364182949066
-0.00010327296331524849
0.03921322897076607
0.0021862578578293324
-0.01126714888960123
0.0028389666695147753
-0.022825799882411957
-0.02017694152891636
-0.009283674880862236
-0.0025252862833440304
-0.0020325861405581236
-0.014955271035432816
-0.008890782482922077
-0.025107111781835556
-0.00814935564994812
0.017553433775901794
-0.028288275003433228
-0.04707108438014984
0.035487085580825806
0.023598911240696907
-0.0155509477481246
-0.022521624341607094
0.007889539003372192
-0.005627237726002932
0.02003752812743187
0.03802187740802765
0.0003160568594466895
0.003738817758858204
0.020785292610526085
-0.0345999076962471
0.012331761419773102
-0.002804113319143653
-0.007756462786346674
0.009562501683831215
-0.0069326553493738174
0.01738867163658142
0.013776592910289764
-0.002197347581386566
0.0002364485408179462
-0.018909545615315437
0.0006764725549146533
0.021786535158753395
0.006384506821632385
0.024372022598981857
0.017908303067088127
0.01070315856486559
-0.013155569322407246
-0.0028532249853014946
0.03323112055659294
0.026235094293951988
-0.01543688215315342
0.01893489435315132
-0.0021545730996876955
0.024017151445150375
0.0028437194414436817
-0.006165880709886551
-0.02158375084400177
-0.02181188389658928
-0.001791780930943787
-0.0020183278247714043
0.026742052286863327
-0.005985277239233255
-0.013117547146975994
0.0037198069039732218
0.02176118642091751
-0.0017791069112718105
0.005142458714544773
-0.0043344940058887005
0.013852637261152267
0.010164515115320683
0.0016618728404864669
0.007072068750858307
-0.6339007019996643
-0.001962879439815879
0.026513921096920967
-0.017730867490172386
0.010329276323318481
4.3121162889292464e-05
0.014258204028010368
0.010690484195947647
-0.0036564371548593044
-0.01989811472594738
0.0005719123873859644
0.01063345093280077
0.0016777153359726071
-0.013738571666181087
-0.00806063786149025
-0.03163420036435127
0.010025101713836193
-0.03807257115840912
0.014676444232463837
-0.004717881325632334
-0.009651219472289085
0.04324354603886604
0.0033205770887434483
0.01793365180492401
-0.008909792639315128
-0.008599281311035156
0.004071509465575218
-0.020417748019099236
0.008447193540632725
-0.011387552134692669
-0.0012689800933003426
0.009283674880862236
0.008802064694464207
0.024917002767324448
0.04466303065419197
0.020886683836579323
-0.027198314666748047
-0.0003752679913304746
0.014321573078632355
0.017768889665603638
0.012122641317546368
-0.003130467841401696
0.024828284978866577
0.0017030632589012384
0.029175452888011932
0.011387552134692669
0.03018936887383461
-0.014397617429494858
-0.003116209525614977
0.037540264427661896
-0.0043281568214297295
-0.01694508269429207
0.019416505470871925
2.2724012524122372e-05
0.008371150121092796
-0.011780444532632828
-0.015880471095442772
-0.015272120013833046
0.008814738132059574
0.03619682788848877
0.006210239604115486
0.017566107213497162
-0.019746027886867523
-0.03738817945122719
-0.022914517670869827
0.02887127734720707
-0.024828284978866577
-0.008535911329090595
0.023294735699892044
-0.020455770194530487
0.018554676324129105
0.014068094082176685
-0.0038053561002016068
-0.02089935727417469
0.02978380396962166
0.0015977108851075172
0.032800205051898956
-0.008561259135603905
0.010107481852173805
-0.0017141528660431504
-0.003916253335773945
-0.024650849401950836
-0.022103384137153625
0.0002913030330091715
0.0032698812428861856
-0.04876939207315445
-0.0028706516604870558
-0.023396126925945282
-0.0050125508569180965
0.04319285228848457
0.021203532814979553
-0.008459867909550667
0.01907430775463581
-0.021697817370295525
0.008751368150115013
0.01601988449692726
0.004312314558774233
-0.014942597597837448
0.0032033431343734264
-0.03252137824892998
0.028567103669047356
-0.006520751863718033
-0.004749565850943327
-0.008295105770230293
0.02072192169725895
0.012141652405261993
0.004182406235486269
-0.000809153076261282
0.05677933618426323
-0.0354110412299633
-0.006077163387089968
-0.02299056202173233
-0.02084866166114807
-0.003947938326746225
-0.022318841889500618
-0.035132214426994324
0.024790262803435326
0.00885909702628851
0.0017410850850865245
0.001726826885715127
0.02162177301943302
-0.001414730679243803
0.02167246863245964
-0.010886930860579014
-0.018542001023888588
0.016818342730402946
-0.028516408056020737
0.0016682097921147943
-0.023522866889834404
-0.0064795613288879395
-0.009739937260746956
-0.02658996544778347
0.012730991467833519
-0.009676567278802395
0.016970431432127953
0.002377951517701149
0.006913644727319479
-0.011945205740630627
-0.00453094020485878
-0.03447316959500313
-0.025880223140120506
-0.035816606134176254
0.006869285833090544
-0.020924706012010574
-0.050974663347005844
-0.041266411542892456
-0.0016286036698147655
-0.002517365152016282
-0.022293493151664734
0.0122747290879488
-0.018275847658514977
0.0030354131013154984
-0.03647565469145775
0.005662091076374054
0.019543243572115898
-0.015094684436917305
-0.012027586810290813
-0.015969188883900642
-0.032901596277952194
-0.01247751247137785
-0.0047812508419156075
-0.0014416627818718553
-0.03647565469145775
0.009955395013093948
-0.02385239116847515
0.011229127645492554
0.012851393781602383
0.009182282723486423
-0.02263569086790085
-0.04344633221626282
0.0010131245944648981
0.02408052235841751
-0.01193253230303526
0.031177937984466553
0.02636183425784111
0.02072192169725895
-0.0006697395001538098
0.006099342834204435
-0.016970431432127953
-0.004591141361743212
0.01213531568646431
0.010145504027605057
-0.015994535759091377
-0.011444584466516972
-0.0006812252686358988
0.0005148795899003744
-0.00048200649325735867
0.009328033775091171
0.0032128484454005957
0.006780568044632673
0.008193714544177055
0.002615588251501322
-0.01852932758629322
0.014993293210864067
-0.011514291167259216
0.011647367849946022
0.0029657064005732536
-0.004581636283546686
-0.007002362050116062
0.015652339905500412
0.04048062488436699
-0.021152837201952934
0.03269881382584572
-0.020468443632125854
-0.010424330830574036
-0.00903653260320425
0.0021070456132292747
-0.01593116670846939
0.04319285228848457
0.018554676324129105
0.020633205771446228
-0.014042746275663376
-0.009575176052749157
-0.015056663192808628
0.000660630117636174
0.022103384137153625
0.0057983361184597015
0.0010955053148791194
0.004638669081032276
0.019555918872356415
-0.02613370306789875
-0.00771844107657671
0.02072192169725895
-0.01735064946115017
0.007889539003372192
0.031203286722302437
0.012730991467833519
-0.012648610398173332
-0.00030971987871453166
-0.012851393781602383
0.002227448159828782
-0.0006241924711503088
-0.014879227615892887
0.03259742259979248
0.03064563311636448
-0.004689364694058895
0.027477143332362175
-0.008219062350690365
0.044232115149497986
-0.011526965536177158
0.0315835066139698
0.033028338104486465
0.0003194233577232808
-0.014422965236008167
0.011495281010866165
-0.0008119255071505904
0.019555918872356415
0.01917569898068905
-0.005785662215203047
0.0014876058558002114
-0.004946012515574694
0.014638422057032585
-0.008738694712519646
-0.01770552061498165
-0.000976686947979033
-0.013256960548460484
-0.0033205770887434483
0.010398983024060726
-0.015779078006744385
0.021228881552815437
0.016362080350518227
0.0074966466054320335
-0.0009085644269362092
-8.515315857948735e-05
0.008700672537088394
-0.00040021984023042023
-0.0030338289216160774
-0.003966948948800564
-0.02281312644481659
-0.02854175493121147
-0.005269198212772608
0.014752487652003765
-0.007984594441950321
0.026615314185619354
0.014524356462061405
0.012807034887373447
0.014359595254063606
-0.016539515927433968
0.007870528846979141
0.0027534174732863903
-0.023294735699892044
-0.025031069293618202
0.0033554306719452143
0.020012181252241135
-0.0004154682101216167
-0.014575053006410599
0.002140314783900976
-0.015867795795202255
-0.022914517670869827
0.013282308354973793
-0.007585364393889904
-0.02932753972709179
-0.003795850556343794
-0.009245652705430984
-0.020062876865267754
-0.02017694152891636
0.018313869833946228
-0.021571077406406403
0.004492918495088816
-0.0025823190808296204
0.011203779838979244
-0.022787777706980705
-0.02362425997853279
-0.01598186232149601
0.029302192851901054
0.012230370193719864
-0.020569834858179092
0.0038180300034582615
0.011672715656459332
-0.02304125763475895
0.009302685968577862
-0.009137923829257488
-0.01666625589132309
0.0011343193473294377
0.005376927088946104
0.006099342834204435
0.02831362374126911
-0.00920129381120205
0.029935890808701515
0.0038338724989444017
-0.0006043894100002944
-0.007534668315201998
-0.00915059819817543
0.0004542822134681046
0.04392794147133827
0.015132706612348557
-0.005253355950117111
0.03160885348916054
-0.017464715987443924
-0.021026097238063812
0.0033079031854867935
-0.038909051567316055
0.00874503143131733
-0.006596795748919249
0.00771844107657671
-0.006324305199086666
-0.005098099820315838
0.01724925823509693
0.013535788282752037
0.007807158399373293
-0.007103753741830587
-0.0018092076061293483
0.0234088022261858
0.011894510127604008
0.001839308300986886
0.001311754691414535
0.01167905330657959
0.03447316959500313
0.005215334240347147
0.008193714544177055
0.03515756130218506
0.03236928954720497
-0.014777835458517075
-0.01866874098777771
-0.007129102014005184
0.0047242180444300175
0.015183402225375175
0.015639664605259895
-0.033307164907455444
-0.007008699234575033
0.003501181025058031
0.03340855613350868
0.0015074089169502258
0.011888173408806324
0.022597668692469597
-0.00031328442855738103
0.0038560519460588694
-0.007053058128803968
0.009651219472289085
-0.030392153188586235
0.001444831257686019
0.010094808414578438
0.0006257767090573907
-0.00447390740737319
0.0001653555518714711
0.013839962892234325
-0.016691602766513824
0.013839962892234325
0.015107358805835247
-0.009987079538404942
-0.002848472213372588
0.004793924745172262
0.001151746022514999
-0.0331297293305397
-0.0338648185133934
-0.03264811635017395
0.017997020855545998
-0.012306413613259792
0.006390843540430069
0.016412775963544846
-0.012845057062804699
-0.015246772207319736
-0.0018725773552432656
0.013839962892234325
0.01849130541086197
-0.045651599764823914
-0.041418496519327164
-0.006634817458689213
0.019517896696925163
0.013130221515893936
0.008028952404856682
0.003897242248058319
0.007122764829546213
0.013852637261152267
0.001188183669000864
-0.017857607454061508
-0.00273757497780025
-0.016780320554971695
-0.01798434741795063
0.01849130541086197
-0.006403517443686724
-0.023598911240696907
0.002972043352201581
0.03138072043657303
-0.032800205051898956
0.0025981615763157606
0.004854126367717981
-0.008168366737663746
-0.025145133957266808
0.021697817370295525
0.003257207339629531
0.013409048318862915
0.012395131401717663
-0.022394884377717972
0.0020706080831587315
-0.001391759142279625
-0.011641031131148338
-0.005433959886431694
0.015069336630403996
0.006336979568004608
-0.013611831702291965
0.01724925823509693
0.0013489844277501106
-0.00071013777051121
0.01694508269429207
-0.021317599341273308
0.0006463719182647765
-0.0014400786021724343
-0.006108847912400961
-0.018060391768813133
0.0033649359829723835
0.03498012572526932
0.008472541347146034
-0.004657679703086615
0.0056874388828873634
-0.02485363371670246
0.008212725631892681
0.011305171065032482
-0.032901596277952194
-0.0015985030913725495
0.015284794382750988
-0.001810791902244091
0.0011240217136219144
0.0035455399192869663
-0.010437005199491978
0.03338320553302765
-0.01903628557920456
-0.0506451390683651
-0.013104873709380627
0.01793365180492401
-0.030164021998643875
-0.00951814278960228
0.004388358443975449
-0.007813495583832264
-0.017920978367328644
0.0020896189380437136
-0.0007267722976393998
-0.03786978870630264
0.04088618978857994
-0.02641252987086773
-0.010893267579376698
0.0038909052964299917
0.0041000256314873695
0.02204001508653164
-0.04124106094241142
0.01626068912446499
-0.01789562962949276
0.007401592098176479
0.0034758332185447216
-0.033357858657836914
-0.013434396125376225
-0.029175452888011932
0.01698310486972332
0.023522866889834404
0.017046473920345306
-0.003113041166216135
0.020823314785957336
0.00020040696836076677
-0.014169486239552498
-0.013510440476238728
-0.005243850406259298
-0.015956513583660126
-0.01648882031440735
0.025195829570293427
0.013992050662636757
-0.013307657092809677
0.00892246700823307
-0.036855872720479965
-0.004084183368831873
0.022699059918522835
-0.007693092804402113
-0.025373265147209167
-0.013941355049610138
-0.0029973911587148905
-0.007851517759263515
0.017312627285718918
-0.03538569435477257
0.017692847177386284
-0.02618439868092537
-0.0016476146411150694
0.034726645797491074
-0.0067615569569170475
0.018136434257030487
0.011641031131148338
0.020709248259663582
-0.028060143813490868
0.006672839168459177
-0.003114625345915556
0.017375998198986053
0.006191228982061148
-0.005117110908031464
-0.02613370306789875
0.006679176352918148
0.025487331673502922
0.0036025727167725563
-0.0077247777953743935
-0.0010939210187643766
-0.003285723738372326
-0.008795727044343948
0.012109967879951
-0.004854126367717981
-0.012990808114409447
0.029885195195674896
-0.018009696155786514
-0.022369537502527237
-0.010614440776407719
0.005468813236802816
0.002255964558571577
0.013282308354973793
-0.002756586065515876
0.007813495583832264
0.018009696155786514
-0.01666625589132309
0.006425696890801191
0.0012460085563361645
-0.03579125925898552
0.030772371217608452
0.0019866430666297674
0.041317105293273926
0.031304679811000824
-0.0020912031177431345
-0.04017644748091698
-0.0011073871282860637
0.01156498771160841
-0.010817224159836769
0.03624752163887024
-0.014917249791324139
-0.002735990798100829
-0.02613370306789875
0.017135191708803177
0.028719190508127213
-0.01603255793452263
-0.014866553246974945
0.0076740821823477745
-0.004869968630373478
0.022268146276474
-0.017363322898745537
0.023294735699892044
-0.018060391768813133
0.03368738293647766
-0.0062514301389455795
0.03389016538858414
-0.02562674507498741
-0.0034599907230585814
-0.008181040175259113
0.06037873774766922
-0.0172619316726923
0.03036680445075035
0.0155509477481246
-0.010443341918289661
-0.012616925872862339
0.0026108354795724154
-0.024828284978866577
-0.011051692068576813
0.0029086736030876637
0.03396620973944664
-0.0029308530502021313
0.006362327374517918
-0.014917249791324139
-0.022331515327095985
-0.0031954217702150345
-0.01624801568686962
-0.0014004724798724055
0.016273362562060356
0.0024666693061590195
-0.004749565850943327
0.02408052235841751
-2.3033435354591347e-05
-0.01607058010995388
0.013294982723891735
-0.001600879360921681
-0.024524109438061714
0.023370780050754547
-0.004353504627943039
-0.021900599822402
0.0126802958548069
-0.025423960760235786
-0.020937379449605942
-0.014993293210864067
-0.007008699234575033
-0.017958998680114746
-0.010855245403945446
0.010126492939889431
0.004686196334660053
-0.030772371217608452
-0.010601766407489777
0.008085985668003559
0.021571077406406403
0.003209680086001754
0.014942597597837448
0.00851690024137497
0.00917594600468874
-0.029606368392705917
-0.011330518871545792
-0.02089935727417469
0.013256960548460484
0.00837748683989048
0.003396620973944664
-0.00048596711712889373
-0.024004478007555008
0.02800944820046425
-0.015487577766180038
-0.019251743331551552
-0.022470928728580475
0.00828876905143261
0.005823683924973011
-0.0029514480847865343
-0.003691290505230427
0.01629871129989624
-0.00783250667154789
0.0061880601570010185
0.003415631828829646
-0.002324087079614401
0.0018789144232869148
-0.00986033957451582
-0.025208504870533943
0.007274852134287357
-0.033028338104486465
0.03333251178264618
-0.014676444232463837
-0.001081247115507722
-0.014879227615892887
-0.026513921096920967
0.0007703390438109636
-9.822317952057347e-05
0.02285114675760269
-0.03277485817670822
0.0011968970065936446
-0.000502601673360914
-0.020886683836579323
-0.02008822374045849
-0.0006598379695788026
-0.01051938533782959
-0.011558650061488152
-0.005836357828229666
-0.0009624287486076355
0.013776592910289764
0.03196372464299202
-0.009879350662231445
0.015880471095442772
-0.017426693812012672
-0.016083253547549248
-0.02021496370434761
-0.005839526653289795
-0.03538569435477257
0.037312135100364685
0.022230124101042747
-0.012040261179208755
-0.02103877067565918
0.002981548896059394
-0.05173509940505028
0.0037990191485732794
-0.0009378729737363756
0.04010040685534477
0.009347044862806797
0.006577784661203623
-0.009080891497433186
0.028110841289162636
-0.008783053606748581
0.017046473920345306
-0.031989071518182755
-0.004172900691628456
-0.02126690186560154
-0.009885687381029129
-0.010601766407489777
-0.002482511568814516
-0.02517048269510269
-0.014752487652003765
0.03396620973944664
0.002065855311229825
0.0006760765099897981
0.009682904928922653
0.0017109843902289867
-0.02167246863245964
0.014575053006410599
0.014625748619437218
0.01626068912446499
0.004201417323201895
0.004296471830457449
-0.025145133957266808
0.02217942848801613
0.008713346906006336
-0.008966825902462006
-0.024980371817946434
0.010506711900234222
0.013916006311774254
-0.012914763763546944
0.016083253547549248
-0.007927561178803444
0.0016111769946292043
-0.0006582537316717207
-0.038909051567316055
0.0030338289216160774
-0.007287526503205299
0.006533425766974688
0.013992050662636757
0.00046457978896796703
-0.015512925572693348
-0.006850274745374918
0.004480244591832161
-0.030493544414639473
-0.0038148616440594196
0.014207507483661175
-0.019365809857845306
0.013256960548460484
-0.006539762485772371
-0.020417748019099236
-0.0010669889161363244
-0.024207260459661484
-0.021457012742757797
0.0026852949522435665
-0.020557161420583725
0.006324305199086666
-0.0017426693812012672
-0.021634448319673538
-0.004911159165203571
-0.009663893841207027
-0.002105461433529854
-0.03300298750400543
-0.022001992911100388
-0.011000996455550194
-0.03300298750400543
-0.006321136839687824
-0.017312627285718918
-0.006520751863718033
0.018972916528582573
-0.018047716468572617
0.011501617729663849
-0.05419384688138962
0.008624629117548466
0.19903184473514557
-0.01575373113155365
-0.006907307542860508
0.01259157806634903
-0.004128542263060808
-0.0006780567928217351
0.05018887668848038
-0.007693092804402113
-0.010272243991494179
0.009638546034693718
-0.010500375181436539
-0.003491675714030862
-0.01202125009149313
0.009714589454233646
0.005896559450775385
-0.02458748035132885
-0.04481511935591698
-0.006565110757946968
0.015994535759091377
0.023320084437727928
0.018111087381839752
0.021748512983322144
-0.004527771845459938
-0.004435885697603226
0.027375750243663788
0.005113942548632622
0.004413706250488758
0.007401592098176479
0.04169732332229614
0.003472664626315236
-0.010912278667092323
0.004708375781774521
0.0019121834775432944
0.00951814278960228
-0.013231612741947174
0.0023906254209578037
0.0073762438260018826
-0.005386432632803917
0.012756339274346828
0.01247751247137785
0.03766700625419617
-0.009480121545493603
0.0012943280162289739
-0.022394884377717972
0.007230493240058422
0.0545487180352211
-0.010215210728347301
-0.018833503127098083
0.0015359254321083426
0.003463159315288067
-0.03926392272114754
0.03619682788848877
0.030087977647781372
0.014283551834523678
0.002663115505129099
0.025487331673502922
0.0041063628159463406
0.0019597108475863934
0.028440363705158234
-0.012122641317546368
0.004363010171800852
0.010056786239147186
0.014663769863545895
0.016045231372117996
-0.01680566929280758
0.030214717611670494
-0.022597668692469597
-0.005589216016232967
0.017008451744914055
-0.009987079538404942
0.008212725631892681
0.012281065806746483
-0.009822318330407143
0.00407467782497406
-0.009955395013093948
-0.017046473920345306
0.012921100482344627
0.029124757274985313
0.010411657392978668
0.03546173498034477
-0.007471298798918724
-0.008434519171714783
-0.03480269014835358
0.02558872289955616
0.014917249791324139
-0.011951543390750885
0.03619682788848877
-0.007483972702175379
0.007528331596404314
-0.030011935159564018
-0.006628480274230242
0.017730867490172386
-0.0026108354795724154
-0.017097169533371925
-0.00033764218096621335
-0.005614563822746277
-0.0003962592454627156
0.017426693812012672
-0.010284917429089546
-0.008478878065943718
-0.025829527527093887
0.05465010926127434
0.009499131701886654
0.0046735224314033985
-0.013142894953489304
0.001254721893928945
-0.023370780050754547
0.0027233168948441744
-0.0020706080831587315
-0.037641655653715134
0.010734843090176582
-0.03442247211933136
-0.004806598648428917
-0.017540758475661278
0.004442222416400909
0.010145504027605057
0.004869968630373478
0.016907060518860817
0.03454921022057533
-0.01199590228497982
-0.013865310698747635
-0.014017398469150066
-0.013409048318862915
0.010652462020516396
-0.011888173408806324
-0.004581636283546686
-0.05358549579977989
0.011349529959261417
-0.026513921096920967
-0.005215334240347147
0.009714589454233646
-0.020138921216130257
0.02991054207086563
0.010798213072121143
0.0031383889727294445
-0.003368104575201869
0.008200051262974739
-0.004670353606343269
0.004933338612318039
0.013142894953489304
0.0323185957968235
0.003301566233858466
-0.012243044562637806
-0.004546782933175564
-0.0024777590297162533
-0.012807034887373447
0.0207599438726902
-0.008136681281030178
-0.020278334617614746
-0.00013713620137423277
-0.005193154793232679
-0.029403584077954292
0.007952908985316753
-0.021837230771780014
0.019327787682414055
0.001486813765950501
-0.01671695150434971
-0.011526965536177158
0.017680171877145767
0.009245652705430984
-0.0330536849796772
0.004103193990886211
0.009372392669320107
-0.008136681281030178
0.010101145133376122
0.023282062262296677
-0.15654873847961426
0.008941478095948696
0.021786535158753395
0.011989564634859562
0.006108847912400961
-0.0036659424658864737
0.018136434257030487
0.02550000511109829
-0.01293377485126257
-0.006207071244716644
0.016146622598171234
-0.02153305523097515
-0.043725159019231796
-0.038503486663103104
-0.009435762651264668
-0.012515534646809101
-0.03746422380208969
-0.007021373137831688
0.035588476806879044
0.007236830424517393
0.0155509477481246
-0.01716054044663906
-0.019416505470871925
0.0009473784011788666
0.016222666949033737
0.005145627073943615
-0.014511683024466038
0.013079524971544743
-0.02513246051967144
-0.006232419051229954
0.005129784811288118
-0.006305294577032328
0.03186233341693878
-0.0004954725736752152
0.006900970358401537
0.011419236660003662
-0.022001992911100388
-0.02636183425784111
-0.020772619172930717
0.007312874309718609
0.013092199340462685
0.011552313342690468
0.013016155920922756
-0.00043606339022517204
0.019961485639214516
0.007344559300690889
0.020557161420583725
0.002170415362343192
0.01940383017063141
-0.0005936957313679159
0.04963122308254242
0.007800821680575609
-0.0006024091271683574
0.00042616185965016484
0.013142894953489304
0.01543688215315342
-0.0026821265928447247
-0.008022615686058998
0.017426693812012672
0.001726826885715127
-0.01594384014606476
0.009074554778635502
0.007211482618004084
0.004736891947686672
0.036146130412817
-0.022382210940122604
-0.011273486539721489
0.021659795194864273
-0.038858357816934586
0.017882956191897392
0.0039320955984294415
-0.024612827226519585
0.003301566233858466
-0.01601988449692726
-0.009188620373606682
0.010025101713836193
-0.020658552646636963
0.024194587022066116
-0.004062003921717405
0.010196199640631676
-0.015905817970633507
0.0490989163517952
-0.00863096583634615
-0.009993416257202625
-0.007699429988861084
-0.008827412500977516
-0.010329276323318481
0.0020896189380437136
0.025614069774746895
0.017287280410528183
0.012033923529088497
-0.05003678798675537
-0.0005259693134576082
0.006774230860173702
0.011609346605837345
0.020240312442183495
-0.002141898963600397
-0.002989470027387142
0.011837477795779705
0.014714466407895088
0.019568592309951782
0.033205773681402206
-0.010367298498749733
0.0015454308595508337
0.00837748683989048
-0.006805915851145983
0.002907089190557599
0.009271000511944294
0.020912032574415207
0.013992050662636757
-0.010690484195947647
0.01489190198481083
0.011146746575832367
0.0069960253313183784
0.016678929328918457
0.007693092804402113
-0.01489190198481083
-0.014156811870634556
0.01666625589132309
-0.019771374762058258
0.06407953798770905
-0.01647614687681198
-0.0002855601196642965
0.024891655892133713
-0.0010250064078718424
-0.02996123768389225
-0.10554873198270798
-0.031304679811000824
0.022597668692469597
0.02408052235841751
0.024752240628004074
0.02144433744251728
0.0018187130335718393
0.006403517443686724
-0.008472541347146034
0.0054086120799183846
-0.04055666923522949
-0.03733748197555542
-0.011184768751263618
0.022939864546060562
-0.006200734525918961
0.021596426144242287
0.011799455620348454
-0.003957443404942751
-0.025702787563204765
0.007648733910173178
0.02846571058034897
0.018415262922644615
-0.0012816541129723191
0.008054301142692566
-0.026666009798645973
0.018643394112586975
-0.0314314179122448
0.0034948440734297037
0.00906188040971756
0.0030892775394022465
-0.029251497238874435
-0.018909545615315437
-0.001983474474400282
-0.007350896019488573
0.02444806694984436
-0.010113819502294064
-0.023472171276807785
-0.03340855613350868
0.03766700625419617
-0.004857294727116823
0.013092199340462685
0.021102141588926315
0.027857361361384392
-0.029124757274985313
0.01789562962949276
-0.0007200393010862172
-0.014283551834523678
0.002720148302614689
0.006384506821632385
-0.02385239116847515
-0.014803184196352959
-0.02800944820046425
-0.03992297127842903
-0.005174143705517054
0.0037895136047154665
0.020062876865267754
-0.005674764979630709
-0.0035455399192869663
-0.010487700812518597
-0.03726143762469292
0.01907430775463581
-0.003795850556343794
-0.0016539515927433968
0.03127932921051979
-0.010684147477149963
0.01236344687640667
-0.023979129269719124
-0.015259446576237679
0.017654825001955032
-0.03292694315314293
0.011520628817379475
0.008681661449372768
0.0012349188327789307
-0.01580442674458027
-0.031203286722302437
0.014308899641036987
-0.019948810338974
-0.00860561802983284
-0.009226641617715359
-0.015196076594293118
-0.01803504303097725
-0.012350772507488728
-0.004907990340143442
-0.013789267279207706
-0.0015295883640646935
-0.003171658143401146
0.009397740475833416
-0.011685390025377274
-0.003593067405745387
-0.018098413944244385
0.009194957092404366
0.03163420036435127
0.022889168933033943
0.010284917429089546
0.012750002555549145
0.017971673980355263
0.0161212757229805
-0.01849130541086197
-0.014055420644581318
0.012344435788691044
-0.017882956191897392
-0.0002463500713929534
-0.061950311064720154
0.012052934616804123
0.006926318630576134
-0.00983499176800251
-0.006919981446117163
0.008643640205264091
0.034675952047109604
-0.012167000211775303
0.005326231010258198
0.019948810338974
-0.021609099581837654
0.012071945704519749
-0.004144384525716305
0.011628356762230396
-0.026260443031787872
-0.03979622945189476
0.034168992191553116
0.009511806070804596
-0.00228131259791553
0.023890411481261253
0.011286159977316856
-0.0045531196519732475
0.030544240027666092
0.015360837802290916
0.0009774790378287435
0.012483849190175533
0.006552436854690313
-0.01986009255051613
-0.0230792798101902
0.009885687381029129
0.013637179508805275
-0.01040531974285841
-0.03786978870630264
0.016919735819101334
-0.011710737831890583
-0.02299056202173233
0.002748664701357484
0.035360343754291534
0.014853879809379578
0.05399106442928314
-0.004388358443975449
-0.018554676324129105
0.01794632524251938
-0.025601396337151527
-0.028795234858989716
-0.002284480957314372
-0.009701915085315704
-0.0036184152122586966
0.000544584181625396
-0.009898361749947071
0.025525353848934174
0.026792747899889946
-0.01624801568686962
-0.011305171065032482
0.005316725466400385
0.023053931072354317
-0.00014198794087860733
-0.0017585117602720857
0.00783250667154789
-0.006096174009144306
0.036678437143564224
0.0007608335581608117
-0.0027502491138875484
-0.0035518768709152937
0.019454525783658028
-0.022280819714069366
-0.009625871665775776
0.0018012863583862782
0.010918615385890007
-0.030975155532360077
-0.013675201684236526
0.012325424700975418
0.007040384225547314
0.027401098981499672
0.02416924014687538
-0.013028829358518124
0.010525722987949848
-0.03018936887383461
-0.00894781481474638
0.04620925337076187
0.004765408579260111
0.033484600484371185
-0.02658996544778347
0.028668494895100594
0.01698310486972332
0.005088594276458025
-0.001869408879429102
0.002057933947071433
-0.031811635941267014
0.004071509465575218
0.0024112206883728504
0.02044309489428997
0.0019375314004719257
0.00885909702628851
-0.0016808838117867708
0.017642149701714516
-0.0027233168948441744
-0.006416191812604666
0.00828876905143261
0.015690360218286514
0.018694089725613594
-0.001791780930943787
0.015563621185719967
-0.028212232515215874
-0.013649853877723217
0.008143018931150436
-0.0331297293305397
-0.04334493726491928
-0.024295978248119354
0.013142894953489304
0.000967181462328881
-0.0065270885825157166
0.01780691184103489
0.00920129381120205
-0.023915760219097137
0.011831140145659447
0.013966702856123447
-0.009435762651264668
-0.010747517459094524
0.0037039644084870815
-0.003849714994430542
0.02555070072412491
0.02049379050731659
0.008846423588693142
0.015272120013833046
0.004324988462030888
0.032217204570770264
-0.012065608985722065
0.01167905330657959
0.006086668465286493
-0.021824557334184647
0.009461110457777977
-0.014055420644581318
-0.025576049461960793
-0.029150106012821198
-0.01679299585521221
0.01844060979783535
0.025829527527093887
0.000995697919279337
0.07244434952735901
0.0031098725739866495
-0.01852932758629322
0.008225399069488049
0.006989688146859407
-0.0032350278925150633
-0.003358599031344056
-0.009892025031149387
-0.01830119639635086
0.009682904928922653
0.01743936724960804
-0.012547219172120094
-0.014828532002866268
-0.027527838945388794
-0.0046735224314033985
0.01707182265818119
-0.017743542790412903
0.0368051752448082
0.0054656448774039745
0.012940111570060253
0.040505971759557724
-0.007762799505144358
-0.011349529959261417
0.01930243894457817
-0.002133977832272649
0.021824557334184647
0.031304679811000824
-0.0043915268033742905
0.002038923092186451
-0.03274950757622719
0.006577784661203623
0.0058617061004042625
-0.0376923531293869
-0.013852637261152267
0.013599157333374023
-0.006856611464172602
-0.0009751027100719512
-0.02508176490664482
0.009841329418122768
0.011159420944750309
0.004679859150201082
0.007078405935317278
-0.019023612141609192
-0.04220428317785263
-0.03683052584528923
0.01866874098777771
-0.015639664605259895
0.005896559450775385
-0.009873013943433762
