0.005882859695702791
-0.007283235900104046
0.013325955718755722
-0.02923525497317314
-0.04593745991587639
0.005521575454622507
-0.02693326584994793
0.006103466730564833
-0.008498174138367176
-0.04813713952898979
-0.002856703707948327
0.010531597770750523
-0.008952177129685879
0.03220226243138313
0.002090972848236561
-0.0008728373213671148
0.04588630422949791
-0.01712423749268055
0.0059563955292105675
-0.013479421846568584
-0.02131897211074829
-0.015346590429544449
-0.005457631312310696
0.003237171331420541
-0.015244279988110065
0.012692908756434917
0.020602798089385033
-0.027854060754179955
0.0031012902036309242
-0.001223730738274753
0.014924558810889721
0.0040316772647202015
-0.03128146752715111
0.009086459875106812
-0.002888675779104233
0.0070082759484648705
0.009738690219819546
0.008555724285542965
0.024030202999711037
0.006285707466304302
0.019375070929527283
-0.015781410038471222
0.0007773207616992295
-0.01656152866780758
-0.00982821173965931
0.01125416625291109
-0.020308654755353928
-0.017865989357233047
-0.046193234622478485
0.006474342662841082
0.011874424293637276
0.035118114203214645
-0.0006402405560947955
-0.0011829662835225463
-0.01897861622273922
-0.020615587010979652
-0.03181859850883484
0.005438447929918766
0.009777056984603405
-0.007654111832380295
-0.009035305120050907
0.008472596295177937
-0.02131897211074829
-0.01160585880279541
0.024337133392691612
0.010135143995285034
-0.016957981511950493
-0.0022700163535773754
-0.009892156347632408
-0.004930092021822929
0.016318541020154953
0.020513275638222694
0.02069231867790222
0.0021693045273423195
0.012462710030376911
-0.0041531710885465145
-0.03956862539052963
-0.03926169127225876
-0.018710050731897354
0.020666740834712982
0.01463041640818119
0.013050995767116547
-0.028365613892674446
-0.0039421552792191505
0.013888664543628693
0.007539012469351292
0.0037950838450342417
0.009700323455035686
-0.0014651197707280517
0.00038386459345929325
-0.02134454995393753
0.01592208817601204
0.013799142092466354
0.008984149433672428
-0.03112800046801567
0.01463041640818119
0.0027959567960351706
0.03803396597504616
-0.03414616361260414
-0.025820637121796608
0.01161225326359272
0.0008592492085881531
-0.03481118381023407
-0.002700040815398097
-0.03593659773468971
0.0015282646054401994
-0.012654542922973633
-0.003660801099613309
0.01837754249572754
-0.04033595323562622
-0.00329631962813437
0.03422289714217186
-0.017354436218738556
-0.006905965507030487
0.02135733887553215
-0.010077593848109245
0.0005135512328706682
-0.005751774180680513
-0.007449490483850241
-0.007724450435489416
0.03279054909944534
-0.009610801935195923
0.010179905220866203
0.011132672429084778
0.024823108687996864
0.023365182802081108
-0.022955941036343575
-0.004853358957916498
-0.003382644150406122
-0.017865989357233047
-0.013888664543628693
0.00282153463922441
-0.003766309004276991
-0.002700040815398097
0.006288904696702957
-0.014221173711121082
0.007628533989191055
0.01162504218518734
-0.027291351929306984
-0.028519080951809883
0.011740141548216343
0.024669643491506577
-0.02255948819220066
-0.01837754249572754
0.017341647297143936
0.01584535464644432
0.020526064559817314
0.016177862882614136
-0.004175551235675812
0.0008368687704205513
0.013134123757481575
-0.03463213890790939
0.015039658173918724
0.009355025365948677
-0.004012493882328272
0.0033314889296889305
0.0035297158174216747
0.010627513751387596
0.0015442506410181522
-6.404404120985419e-05
-0.0022380442824214697
-0.014783881604671478
0.003788689384236932
0.015717465430498123
0.00413079047575593
0.023569805547595024
0.010442075319588184
0.005726196337491274
0.008792317472398281
0.009936917573213577
0.019809890538454056
0.03532273322343826
-0.01949016936123371
0.02695884369313717
-0.009367814287543297
0.015538422390818596
0.01596045307815075
0.0018879503477364779
-0.025321872904896736
-0.012392371892929077
0.004661526530981064
0.01163783110678196
0.013479421846568584
0.014732726849615574
-0.019694790244102478
0.010007255710661411
-0.004706287756562233
0.0011398040223866701
0.0026920477394014597
0.00396133866161108
0.03539946675300598
0.005115529987961054
-0.0038270559161901474
-0.0010167115833610296
-0.6298240423202515
-0.013287588953971863
0.019771523773670197
-0.019733157008886337
0.02021913230419159
0.015755832195281982
0.03345556557178497
0.010832134634256363
0.005985170137137175
-0.02014239877462387
0.007692478131502867
0.025206774473190308
-0.0020542049314826727
-0.027214620262384415
-0.00982821173965931
-0.010774585418403149
-0.00229879142716527
-0.035655245184898376
0.0008248792146332562
-0.021677058190107346
-0.017981087788939476
0.01593487523496151
0.006052311509847641
0.0072128972969949245
-0.0059052398428320885
-0.009016121737658978
0.00825518649071455
-0.018467063084244728
0.016369696706533432
0.018224075436592102
-0.0007629333413206041
0.004603976849466562
-0.0005722999339923263
0.012565020471811295
0.048597536981105804
0.020986462011933327
-0.020590009167790413
0.013466632924973965
0.025257930159568787
0.009732295759022236
-0.016868460923433304
-0.013568943366408348
0.004568807780742645
0.0021405296865850687
0.03616679832339287
-0.002568955300375819
0.02502773143351078
0.002971803303807974
-0.0065670618787407875
0.040745195001363754
-0.01832638680934906
-0.004811795428395271
0.020385386422276497
-0.00749425170943141
0.01229006052017212
-0.011113489046692848
-0.0026281035970896482
-0.0017936327494680882
0.020283076912164688
0.017546268180012703
0.0069699096493422985
-0.00639760959893465
-0.010665880516171455
-0.038315318524837494
-0.021510804072022438
0.011836057528853416
-0.010800163261592388
-0.0029893878381699324
0.010141538456082344
-0.012181355617940426
0.015244279988110065
0.03386480733752251
0.011132672429084778
-0.030207205563783646
0.0131980674341321
0.002869492629542947
0.011529126204550266
0.002212466672062874
0.018236864358186722
0.004015691112726927
-0.006426384672522545
-0.02388952486217022
-0.012712092138826847
0.005342531483620405
0.02076905220746994
-0.0356040894985199
-0.0091440100222826
-0.025347450748085976
0.007513434626162052
0.02500215359032154
0.005368109326809645
0.00440894765779376
0.009284687228500843
-0.0274959746748209
-0.0034753631334751844
0.030437404289841652
-0.02510446310043335
-0.018019454553723335
-0.006854810286313295
-0.008050565607845783
0.01195115689188242
-0.014246751554310322
0.0003856630064547062
0.011887213215231895
0.03442751616239548
0.021216660737991333
0.011804085224866867
0.005511983763426542
0.032688237726688385
-0.008843472227454185
-0.008478990755975246
-0.019196026027202606
-0.005361714866012335
-0.0027495974209159613
-0.02335239388048649
-0.023467494174838066
0.013377111405134201
-0.010115960612893105
0.01041649840772152
-0.017290491610765457
0.00947651918977499
-4.0015034755924717e-05
0.01588372141122818
0.005751774180680513
-0.02451617829501629
0.016970770433545113
-0.02501494251191616
0.015627944841980934
-0.014694360084831715
-0.0250405203551054
-0.0021389310713857412
-0.02685653232038021
0.008894627913832664
-0.015717465430498123
0.0112605607137084
0.0012964671477675438
0.01722654700279236
-0.0031140788923949003
-0.00918237678706646
-0.0015882122097536922
-0.008658034726977348
-0.030948957428336143
0.016663840040564537
-0.006861204747110605
-0.0500810407102108
-0.03245803713798523
-0.018671683967113495
0.006196185946464539
-0.02872370183467865
0.039977867156267166
-0.016855672001838684
0.0009255912154912949
-0.03445309400558472
0.009764268063008785
-0.004827781580388546
-0.006912359967827797
-0.008427836000919342
-0.005211446434259415
-0.03524600341916084
-0.010589146986603737
-0.012111017480492592
-0.006669372320175171
-0.04693498834967613
0.004025282803922892
-0.001747273257933557
0.004322622902691364
0.031434930860996246
0.004268270451575518
-0.013428266160190105
-0.057703178375959396
0.014144440181553364
0.028467925265431404
-0.025986893102526665
0.022444387897849083
0.016689416021108627
0.008504568599164486
-0.0026185119058936834
0.02253391034901142
0.0031412551179528236
-0.010518808849155903
-0.00312047335319221
0.019259970635175705
-0.008172059431672096
0.0007357571157626808
-0.010231059975922108
0.02264900878071785
0.004527244251221418
0.019144870340824127
0.0004959666403010488
0.00826158095151186
-0.004610371310263872
0.019707579165697098
-0.006746105384081602
0.020040089264512062
-0.007443096023052931
0.013875875622034073
-0.004536835942417383
0.010090382769703865
0.0003323096316307783
0.004930092021822929
0.025309085845947266
-0.004786217585206032
0.017917143180966377
-0.01776367798447609
-0.0062377494759857655
0.013556154444813728
-0.0023979046382009983
-0.02255948819220066
0.05422461777925491
0.007116981316357851
0.011836057528853416
-0.01830080896615982
-0.006963515188544989
-0.013300377875566483
-4.2038267565658316e-05
0.03977324441075325
-0.01593487523496151
0.010141538456082344
0.0036863789428025484
0.006925148889422417
-0.005847690161317587
-0.0028247316367924213
0.02088415063917637
-0.02392789162695408
-0.004939683713018894
0.020500486716628075
0.0009447744814679027
0.005102741066366434
0.0019055349985137582
-0.014170018024742603
-0.0032579530961811543
-0.0005994761595502496
-0.013338744640350342
0.02137012593448162
0.02073068544268608
0.013057390227913857
0.03240688145160675
-0.015154757536947727
0.027342507615685463
-0.014873404055833817
0.02880043350160122
0.04266352206468582
0.001027901773341
-0.021012039855122566
0.02441386692225933
0.005262601654976606
0.012398766353726387
0.007871521636843681
-0.017507901415228844
0.026805376634001732
-0.015065236017107964
0.008082537911832333
-0.038775715976953506
-0.024656854569911957
-0.007385546341538429
-0.029695652425289154
0.004962064325809479
0.027802905067801476
-0.0059691839851439
0.02076905220746994
0.0037215480115264654
0.010851318016648293
-0.00013168493751436472
0.0060778893530368805
0.009924128651618958
-0.00915679894387722
-0.011529126204550266
-0.016318541020154953
-0.02570553869009018
-0.02255948819220066
-0.00947012472897768
-0.01041010394692421
0.0035520961973816156
0.022150244563817978
0.0074622794054448605
-0.00020392180886119604
0.012015101499855518
-0.015461689792573452
0.0013652071356773376
0.011330898851156235
-0.04054057598114014
-0.02085857465863228
0.024042991921305656
0.027649439871311188
-0.005809323862195015
-0.01003922801464796
-0.009054488502442837
-0.0016657444648444653
-0.024222034960985184
0.0001400775945512578
0.007225686218589544
-0.005710210185497999
0.02270016446709633
0.0008912212797440588
-0.008773134090006351
-0.005022811237722635
0.04230543226003647
-0.0030597264412790537
-0.006963515188544989
-0.012533048167824745
0.01826244220137596
-0.014131652191281319
-0.02752155251801014
0.009598013013601303
0.05238302797079086
0.03736894577741623
-0.026498446241021156
0.019247181713581085
0.007283235900104046
-0.031358201056718826
0.0031812202651053667
0.001710505341179669
-0.0017872382886707783
0.004102015867829323
0.009566041640937328
0.00950849149376154
0.027726173400878906
0.008319131098687649
0.015679100528359413
-0.0005722999339923263
0.004338609054684639
-0.012449921108782291
-0.010179905220866203
0.01529543474316597
0.049876417964696884
0.006496723275631666
-0.005687830038368702
0.036269109696149826
-0.02137012593448162
-0.01286555826663971
0.0016801318852230906
-0.03782934322953224
0.017533479258418083
0.012187750078737736
0.018134554848074913
0.00702106487005949
0.011234982870519161
0.007973832078278065
0.025948526337742805
0.021600326523184776
0.006733316462486982
0.003264347556978464
0.019439013674855232
-0.006340059917420149
0.014822248369455338
-0.0028167387936264277
-0.0013843902852386236
0.016804516315460205
0.011049545370042324
0.003935760818421841
0.057140469551086426
0.03788049891591072
-0.010985600762069225
-0.0010167115833610296
0.007455884944647551
-0.01315970066934824
0.030156049877405167
0.019375070929527283
-0.04325180500745773
0.01038452610373497
0.0064807371236383915
0.02024471014738083
0.011228588409721851
0.020666740834712982
0.019822679460048676
0.01640806347131729
0.005921225994825363
0.003389038611203432
0.002616913290694356
-0.03002816066145897
0.0165103729814291
0.006352848839014769
0.001286076265387237
0.0009951305110007524
-0.006739710923284292
0.019157659262418747
-0.021741002798080444
0.009713112376630306
0.02271295338869095
0.0017248927615582943
-0.0014067707816138864
0.007372757885605097
-0.0037311397027224302
-0.035194847732782364
-0.012942290864884853
-0.035885442048311234
0.026600755751132965
-0.02744481898844242
0.009393392130732536
-0.02267458662390709
-0.0183519646525383
-0.01951574720442295
-0.03256034851074219
0.016919614747166634
0.012648148462176323
-0.05371306464076042
-0.03711317107081413
-0.016625473275780678
0.008427836000919342
0.023633748292922974
0.014566471800208092
-0.002663272898644209
-0.00823600310832262
0.027368085458874702
-0.00520185474306345
-0.021127138286828995
-0.013121334835886955
-0.02143407054245472
-0.00398052204400301
0.021255027502775192
-0.020347021520137787
-0.008696401491761208
0.013837508857250214
0.016177862882614136
-0.0045560188591480255
-0.008031382225453854
-0.001990261022001505
-0.014886192046105862
-0.023326817899942398
0.02821214869618416
0.003523321356624365
0.011030361987650394
0.016740571707487106
-0.013530576601624489
-0.016049975529313087
-0.01584535464644432
-0.003868619678542018
-0.013428266160190105
0.005754971411079168
0.017469534650444984
-0.025347450748085976
0.007244869600981474
-0.007283235900104046
-0.012756853364408016
0.007436702027916908
-0.02195841260254383
0.004159565549343824
0.011893607676029205
0.000875235244166106
0.021280605345964432
-0.0025241943076252937
0.039517469704151154
0.0073024192824959755
-0.012123806402087212
-0.02509167417883873
-0.03217668458819389
-0.00282153463922441
0.0038430418353527784
-0.030283937230706215
-0.010665880516171455
-0.006343257147818804
-0.02323729544878006
0.00657985033467412
0.007820366881787777
-0.0029941836837679148
0.01713702641427517
-0.02624266967177391
-0.012910318560898304
0.003660801099613309
-0.0035744765773415565
-0.021613113582134247
0.008024987764656544
-0.00046159664634615183
-0.0031012902036309242
0.002177297370508313
0.011324504390358925
0.019873835146427155
-0.020500486716628075
0.04726749658584595
-0.031051266938447952
-0.005355320405215025
0.017405591905117035
-0.00824239756911993
0.03476002812385559
-0.010109566152095795
-0.007264052517712116
-0.0064807371236383915
0.012245300225913525
-0.026626333594322205
-0.015653522685170174
-0.0006774080684408545
-0.02023192122578621
0.018799573183059692
0.019924988970160484
0.023019885644316673
-0.009968888945877552
-0.014835037291049957
0.007174530997872353
0.005796534940600395
-0.012111017480492592
0.011183827184140682
-0.033992696553468704
-0.03624353185296059
0.012571414932608604
0.019259970635175705
0.006682161241769791
0.007801183499395847
-0.01886351779103279
-0.011439603753387928
0.038750141859054565
-0.009719506837427616
-0.02567996084690094
-0.001581817865371704
-0.004639146383851767
-0.015538422390818596
0.009540463797748089
-0.030795490369200706
0.012296454980969429
-0.03243245929479599
0.000679006683640182
0.03294401243329048
-0.0030357474461197853
0.0010686662280932069
0.007200108375400305
0.04289371892809868
-0.014566471800208092
0.010755402036011219
0.015218702144920826
-0.0041915373876690865
0.016778938472270966
-0.00031452515395358205
-0.027649439871311188
0.017469534650444984
0.0158965103328228
-0.004824584349989891
-0.014911769889295101
-0.02087136171758175
0.0002345950051676482
-0.013121334835886955
-0.00641039852052927
-0.014003763906657696
-0.015487267635762691
0.020653951913118362
-0.020283076912164688
-0.024746377021074295
-0.021024828776717186
0.013006235472857952
-0.015461689792573452
0.014553682878613472
-0.003878211136907339
0.014323484152555466
0.009207953698933125
-0.027930794283747673
0.00352012412622571
-0.0214212816208601
-0.036294687539339066
0.01883793994784355
-0.0048917257227003574
0.05026008188724518
0.03197206184267998
0.010557174682617188
-0.03115357831120491
-0.0036000541877001524
0.009681141003966331
-0.014835037291049957
0.021574748679995537
-0.00659903371706605
0.001075060572475195
-0.02069231867790222
-0.003977324813604355
0.02693326584994793
-0.021037617698311806
-0.006797260604798794
0.0002891473413910717
0.001093444530852139
0.008945783600211143
-0.004946078173816204
0.022495543584227562
-0.02498936466872692
0.029107365757226944
-0.010256637819111347
0.002959014382213354
-0.023441916331648827
-0.017865989357233047
-0.012603387236595154
0.04463300108909607
0.013658464886248112
0.025500917807221413
0.025910159572958946
-0.007219291757792234
-0.02314777299761772
-0.0016545542748644948
-0.02069231867790222
0.005393687169998884
0.01072982419282198
0.006861204747110605
0.004098818637430668
0.0025705539155751467
-0.013146912679076195
-0.02874927967786789
0.01643363945186138
-0.006816443987190723
0.01711144857108593
0.0225850660353899
-0.007845943793654442
0.006276115775108337
0.03954304754734039
0.008184848353266716
-0.0035457017365843058
0.025270719081163406
0.010090382769703865
-0.03312305733561516
0.010608330368995667
0.00130206230096519
-0.0171881802380085
0.02007845602929592
-0.04146137088537216
-0.02383836917579174
-0.004386567045003176
-0.0182880200445652
0.004942880943417549
-0.01777646690607071
0.02082020789384842
0.005569533444941044
-0.0006574255530722439
0.003935760818421841
-0.015640733763575554
0.0006830031634308398
0.011222193948924541
0.013377111405134201
0.007641322910785675
0.010518808849155903
-0.03527158126235008
-0.01035894826054573
-0.00643597636371851
0.010064804926514626
0.024669643491506577
0.03834089636802673
-0.0010918459156528115
-0.028467925265431404
0.033992696553468704
0.005432053469121456
-0.012162172235548496
-0.02203514613211155
0.009617196395993233
-0.004242692608386278
-0.021114349365234375
-0.009048094041645527
0.002744801575317979
-0.021702636033296585
0.020653951913118362
-0.002130937995389104
0.006976304110139608
-0.009412575513124466
-0.018710050731897354
-0.01528264582157135
0.009930523112416267
-0.020615587010979652
0.024196457117795944
-0.002943028463050723
0.00981542281806469
-0.016203440725803375
-0.022828053683042526
-0.0055855195969343185
0.005457631312310696
0.02015518769621849
-0.025462551042437553
0.011420420370995998
-0.013811931014060974
-0.01957969181239605
-0.003123670583590865
-0.015755832195281982
-0.014502528123557568
0.002039817627519369
0.0066054281778633595
0.0018256048206239939
-0.006231355015188456
0.019707579165697098
-0.017520690336823463
0.011893607676029205
-0.030258359387516975
-0.01842869631946087
-0.015129179693758488
-0.004376975353807211
-0.04320065304636955
0.02261064201593399
0.005137910600751638
-0.010192693211138248
-0.032023217529058456
-0.00913122110068798
-0.022751320153474808
0.00916319340467453
-0.001370802172459662
0.024068569764494896
0.018070610240101814
-0.005368109326809645
0.010908868163824081
0.05128318816423416
-0.016663840040564537
0.013607310131192207
-0.02085857465863228
-0.010525203309953213
-0.008306342177093029
-0.0069699096493422985
4.571005774778314e-05
0.0009120031027123332
-0.019336704164743423
-0.02445223368704319
0.050464704632759094
-0.001616987050510943
0.01039731502532959
0.015205913223326206
-0.007570984307676554
-0.015755832195281982
0.008095325902104378
0.004089226946234703
0.014796670526266098
0.007404729723930359
-0.010774585418403149
-0.0200656671077013
0.0006494325352832675
0.005569533444941044
-0.002161311451345682
-0.040591731667518616
0.004527244251221418
0.028902744874358177
-0.015487267635762691
0.02014239877462387
-0.003625632030889392
0.0013692035572603345
-0.018121765926480293
-0.02816099300980568
0.006835626903921366
-0.018735628575086594
-0.0018144145142287016
0.016049975529313087
-0.014566471800208092
-0.009086459875106812
-0.0043961587361991405
0.016088342294096947
-0.024848686531186104
-0.017328858375549316
0.004783020820468664
-0.012296454980969429
0.023646537214517593
-0.003715153783559799
-0.025424184277653694
-0.0299514289945364
-0.045451484620571136
-0.010211876593530178
0.004009296651929617
-0.017993876710534096
0.006340059917420149
0.02631940133869648
-0.0006526297074742615
0.01285276934504509
-0.0041883401572704315
-0.007161742076277733
-0.015231491066515446
-0.027112308889627457
-0.005511983763426542
-0.028033103793859482
-0.007539012469351292
-0.003273939248174429
-0.020641162991523743
0.014835037291049957
-0.007609351072460413
-0.005508786533027887
-0.023620959371328354
0.009917734190821648
0.2150568813085556
-0.002557764993980527
0.0016577515052631497
0.013837508857250214
-0.009789845906198025
-0.003999704960733652
0.04632112383842468
-0.0018527810461819172
-0.004715879447758198
0.012277272529900074
-0.013377111405134201
-0.020935306325554848
-0.022226978093385696
0.003293122397735715
-0.0009231932926923037
-0.020027300342917442
-0.04826502501964569
-0.004830978810787201
0.02143407054245472
0.00881150085479021
0.007193713914602995
0.02759828418493271
0.009892156347632408
-0.010678669437766075
0.008453413844108582
0.02805868163704872
-0.0011006382992491126
0.012238905765116215
0.0071809254586696625
0.006758894305676222
0.00036328256828710437
0.020602798089385033
0.0006810049526393414
0.02631940133869648
-0.021600326523184776
0.004501666408032179
0.030974535271525383
-0.022175822407007217
0.012187750078737736
0.0007957047200761735
0.029107365757226944
-0.023544227704405785
0.0024618487805128098
-0.024656854569911957
-0.0104037094861269
0.04839291423559189
0.0028423164039850235
-0.019720368087291718
0.01461762748658657
-0.0006170608103275299
-0.026421712711453438
0.028340036049485207
0.021613113582134247
0.023480283096432686
0.011183827184140682
0.016702204942703247
-0.001075060572475195
-0.01286555826663971
0.011477970518171787
-0.005128318909555674
0.0003387040342204273
0.008977754972875118
-0.0072128972969949245
0.03603890910744667
-0.009080065414309502
0.013927030377089977
-0.035194847732782364
-0.008172059431672096
0.0015314618358388543
-0.016318541020154953
0.023710481822490692
-0.019387857988476753
-0.002600927371531725
0.01315970066934824
-0.029056210070848465
-0.018773995339870453
0.010576358065009117
0.030104894191026688
0.01717539131641388
0.024170879274606705
-0.01070424634963274
0.013530576601624489
-0.02882601134479046
0.005892451386898756
-0.00474785128608346
0.0003071316168643534
0.014732726849615574
-0.004415341652929783
0.009348630905151367
-0.027802905067801476
-0.0030980929732322693
0.004181945696473122
-0.0017792453290894628
-0.010173510760068893
0.00373753416351974
0.020027300342917442
-0.0030197612941265106
0.0017648579087108374
-0.016906827688217163
0.0031876147259026766
-0.030181627720594406
0.03158839792013168
0.01706029288470745
0.016881249845027924
-0.025922948494553566
-3.1897128792479634e-05
-0.014285117387771606
-0.013479421846568584
0.000791308528278023
-0.03724106028676033
0.008939389139413834
0.0018447879701852798
-0.003865422448143363
-0.021203871816396713
-0.012622570618987083
0.0030581278260797262
-0.010953628458082676
-0.005454434081912041
0.03386480733752251
0.008779528550803661
-0.013063784688711166
-0.00413079047575593
-0.013684042729437351
0.004776626359671354
-0.02381279319524765
-0.013658464886248112
-0.04332853853702545
0.014221173711121082
-0.020948095247149467
0.012680119834840298
0.003030951600521803
-0.023454705253243446
0.038929183036088943
0.01647200621664524
-0.009399786591529846
0.00657985033467412
-0.00430024228990078
-0.0030421416740864515
0.005006825085729361
0.000741352210752666
0.016356907784938812
-0.013927030377089977
-0.0140549186617136
-0.004920500330626965
0.015205913223326206
-0.00290306331589818
0.002258826280012727
-0.0015786206349730492
-0.010007255710661411
-0.011676196940243244
-0.0009751479374244809
-0.0450422428548336
-0.009962494485080242
-0.024030202999711037
0.009060882963240147
0.00984100066125393
-0.028493503108620644
-0.016382485628128052
0.01840311847627163
0.011158250272274017
-0.03846878558397293
0.008664429187774658
0.012302849441766739
-0.012660936452448368
-0.007104192394763231
0.012686514295637608
-0.15847912430763245
0.009661957621574402
0.01722654700279236
-0.007366363424807787
-0.007232080679386854
-0.0069699096493422985
0.016203440725803375
0.022239767014980316
-0.006093875039368868
-0.0158965103328228
0.004325820133090019
-0.014003763906657696
-0.025436973199248314
-0.045681681483983994
-0.023416338488459587
-0.014259540475904942
-0.024209246039390564
0.003632026258856058
0.03350672125816345
-0.013108545914292336
0.016241807490587234
-0.003632026258856058
-0.007993015460669994
-0.010339764878153801
0.021881679072976112
-0.008498174138367176
-0.03713874891400337
-0.014886192046105862
-0.006103466730564833
-0.008459807373583317
0.023620959371328354
0.009291081689298153
0.04143579304218292
-0.0025337859988212585
0.010000861249864101
-0.0006949927192181349
-0.012072650715708733
0.002794358180835843
-0.016625473275780678
0.03782934322953224
-0.0029734019190073013
0.024017414078116417
0.006701344158500433
0.005400081630796194
0.028416769579052925
0.009604407474398613
0.02813541516661644
-0.005841295700520277
0.029132943600416183
-0.018198497593402863
0.033276524394750595
-0.005224234890192747
-0.0035616878885775805
0.0034785603638738394
0.018582163378596306
0.016983559355139732
0.008459807373583317
-0.002709632273763418
-0.02010403387248516
0.00114619848318398
-0.0023067842703312635
0.01374798733741045
0.00827436987310648
0.009060882963240147
0.012040678411722183
-0.009706717915832996
-0.026575177907943726
0.027879638597369194
-0.03123031184077263
0.02131897211074829
0.01714981533586979
-0.03046298213303089
0.010851318016648293
-0.009738690219819546
0.009789845906198025
0.007852338254451752
-0.0015642332145944238
0.037650302052497864
0.002006246941164136
-0.0033250944688916206
-0.02624266967177391
0.04580957069993019
-0.008952177129685879
-0.011676196940243244
-0.010582752525806427
-0.016817305237054825
-0.0025657580699771643
0.0012604985386133194
0.014118863269686699
0.011075122281908989
0.009687535464763641
-0.04274025186896324
0.0001049083293764852
-0.01372240949422121
0.001937506953254342
0.026472868397831917
0.019886622205376625
-0.0077947890385985374
0.006001156289130449
0.018556585535407066
0.01284637488424778
0.01714981533586979
-0.017993876710534096
-0.007148953154683113
0.020372597500681877
0.003641617950052023
0.01249468233436346
-0.011503548361361027
0.006854810286313295
-0.004370580893009901
-0.030386248603463173
0.007519829086959362
0.013850297778844833
0.013965397141873837
0.0016129905125126243
0.007743633817881346
-0.01374798733741045
-0.003165234113112092
0.01338990032672882
-0.0032531574834138155
0.05668007209897041
-0.0032291782554239035
0.012609781697392464
0.017239335924386978
-0.006995487492531538
-0.011995918117463589
-0.10640302300453186
-0.029107365757226944
0.014604838564991951
0.0040636491030454636
0.0007501445361413062
0.002311580115929246
-0.0005738985491916537
0.022840840741991997
0.011087911203503609
0.011011178605258465
-0.032048795372247696
-0.007455884944647551
-0.015180335380136967
0.015627944841980934
-0.012993446551263332
0.011190221644937992
-0.004648738075047731
0.0011917586671188474
-0.044914353638887405
0.023620959371328354
0.011976734735071659
0.022764109075069427
-6.349451723508537e-05
-0.01283998042345047
-0.012660936452448368
0.003158839885145426
-0.04713961109519005
0.011420420370995998
0.01461762748658657
-0.01658710651099682
-0.01640806347131729
-0.02076905220746994
-0.005767760332673788
-0.007711661513894796
0.028288880363106728
-0.011228588409721851
-0.0053777010180056095
-0.012347610667347908
0.03240688145160675
-0.014553682878613472
0.009329447522759438
0.030181627720594406
0.021191082894802094
-0.01128613855689764
0.01596045307815075
-0.013287588953971863
-0.008389469236135483
0.005099543835967779
-0.0018495838157832623
-0.017865989357233047
-0.009335841983556747
-0.0036064486484974623
-0.04509339854121208
-0.002174100372940302
0.028902744874358177
0.029695652425289154
-0.010768190957605839
-0.017827622592449188
-0.029158521443605423
-0.016830094158649445
-0.009725901298224926
-0.012405160814523697
-0.017878778278827667
0.00949570257216692
0.016894038766622543
-0.01588372141122818
-0.01640806347131729
-0.03345556557178497
0.008383074775338173
0.006276115775108337
0.010167116299271584
0.010141538456082344
-0.004853358957916498
-0.00984100066125393
-0.021523592993617058
0.0190297719091177
-0.0009231932926923037
-0.01441300567239523
0.0009247919078916311
0.008434230461716652
-0.0011549907503649592
-0.005959592293947935
-0.019323915243148804
-0.019439013674855232
0.025833426043391228
0.008881838992238045
0.01461762748658657
0.005691027268767357
0.018096188083291054
-0.02759828418493271
0.0024058977141976357
0.0189658273011446
0.019886622205376625
-0.005393687169998884
0.00860048457980156
-0.0019614859484136105
-0.008440624922513962
-0.02800752781331539
-0.013402688317000866
0.024567333981394768
-0.01702192611992359
-0.007116981316357851
-0.054787326604127884
0.02805868163704872
0.013837508857250214
-0.006004353519529104
0.008888233453035355
0.007455884944647551
0.024158090353012085
-0.012155778706073761
0.008523751981556416
0.01769973337650299
-0.008690007030963898
0.00563667481765151
-0.01193197350949049
-0.01127974409610033
-0.025577649474143982
-0.04445395618677139
0.033941540867090225
0.009239926002919674
0.00821681972593069
0.005240221042186022
0.02211187779903412
-0.006119452882558107
0.009757873602211475
0.018492640927433968
-0.00669495016336441
0.014668782241642475
-0.007788394577801228
-0.013671253807842731
-0.0060778893530368805
0.005409672856330872
0.01229006052017212
-0.01579419896006584
-0.009220742620527744
0.004418538883328438
-0.012712092138826847
-0.009738690219819546
0.01318527851253748
0.043072763830423355
0.019809890538454056
0.03772703558206558
0.005930817686021328
-0.021625902503728867
0.03777819126844406
-0.014528105035424232
-0.029567763209342957
0.0015690289437770844
-0.005700618959963322
0.006758894305676222
0.011119883507490158
-0.012181355617940426
0.038161855190992355
0.03299516811966896
-0.008702795952558517
-0.013875875622034073
-0.004252284299582243
0.0021197476889938116
0.019451802596449852
-0.0015122785698622465
-0.0029638102278113365
-0.01659989543259144
0.05018334835767746
-0.011081516742706299
-0.009220742620527744
-0.007072220090776682
-0.013927030377089977
-0.0011637831339612603
-0.015691887587308884
0.011740141548216343
-0.008427836000919342
-0.017341647297143936
0.0019071334972977638
0.01579419896006584
-0.01250747125595808
0.00659903371706605
0.04036153107881546
-0.013530576601624489
0.03248361498117447
-0.010934445075690746
0.0029158522374927998
0.021101562306284904
-0.010122355073690414
-0.009022516198456287
-0.04048942029476166
0.02515561878681183
0.020423753187060356
-0.01158667542040348
-0.025846214964985847
0.019822679460048676
-0.033250946551561356
0.010633908212184906
-0.0018032243242487311
0.018006665632128716
-0.007372757885605097
0.014732726849615574
0.004405750427395105
0.007973832078278065
-0.00013538170605897903
-0.007539012469351292
0.03005373850464821
-0.000915999582502991
0.04268909990787506
-0.018160130828619003
0.007820366881787777
-0.01649758405983448
-0.010071199387311935
0.02931198664009571
-0.038136277347803116
-0.036473728716373444
-0.01653595082461834
0.02874927967786789
0.020372597500681877
-0.015487267635762691
0.022802475839853287
-0.0009895353578031063
-0.014540893957018852
0.001336432178504765
0.00640400405973196
-0.015512844547629356
-0.025219563394784927
0.024145301431417465
-0.02259785309433937
0.02569274976849556
0.01639527454972267
-0.001937506953254342
0.013939819298684597
0.015461689792573452
0.03163955360651016
-0.00017214957915712148
0.005041994154453278
0.004725470673292875
-0.024938208982348442
-0.00824239756911993
-0.02314777299761772
-0.018569374457001686
-0.00702106487005949
-0.009930523112416267
0.035808708518743515
0.024759165942668915
-0.021280605345964432
0.0682411715388298
0.007200108375400305
-0.01707308180630207
0.014489739201962948
0.006765288300812244
0.019387857988476753
0.0015274652978405356
-0.0066054281778633595
-0.008926600217819214
-0.010167116299271584
-0.0036576041020452976
-0.008165664970874786
0.004121198784559965
-0.029772384092211723
-0.03358345478773117
-0.011810479685664177
-0.027393663302063942
0.03851994127035141
-0.02009124495089054
-0.0027927597984671593
0.04202407971024513
0.005886056926101446
-0.008024987764656544
-0.0125202601775527
-0.007104192394763231
0.008517357520759106
0.020986462011933327
-0.023697692900896072
0.002282805275171995
-0.036934126168489456
-0.0016401668544858694
0.005607899744063616
-0.03409500792622566
-0.029746808111667633
0.011561097577214241
-0.006765288300812244
0.007327996660023928
-0.021216660737991333
-0.016267385333776474
-0.005943606607615948
0.009687535464763641
0.01949016936123371
-0.02624266967177391
-0.025884581729769707
-0.01886351779103279
0.024695221334695816
-0.024848686531186104
0.0070594316348433495
-0.020513275638222694
