0.008167888969182968
-0.02952807955443859
0.012039262801408768
-0.027054524049162865
-0.033753737807273865
-0.0002691361296456307
-0.02279021590948105
-0.011369341053068638
-0.030764857307076454
-0.020368190482258797
0.0053207227028906345
-0.009668771177530289
-0.0029695560224354267
0.0064834230579435825
-0.006963319145143032
0.02219759300351143
0.0384431891143322
-0.016348661854863167
-0.0020580762065947056
0.006634799763560295
-0.01924736052751541
-0.016928400844335556
0.011150328442454338
-0.011440198868513107
-0.006634799763560295
0.02102522924542427
0.021373072639107704
-0.033624906092882156
-0.012477288953959942
0.005494644865393639
0.01342419721186161
-0.009076148271560669
-0.012238951399922371
-0.013759157620370388
-0.008547941222786903
-0.015910636633634567
0.015395311638712883
0.0017714271089062095
0.027054524049162865
0.0020967256277799606
0.02087063156068325
-0.014712507836520672
0.008915109559893608
-0.011794484220445156
0.005069502163678408
0.027518315240740776
-0.005098489113152027
-0.02875509299337864
-0.030301066115498543
0.023305539041757584
0.011188977397978306
0.02653919905424118
0.005275632254779339
-0.0019695048686116934
-0.03277462348341942
-0.03700027987360954
-0.02119271084666252
0.0004275580868124962
0.0021724137477576733
0.003961555194109678
-0.0012858950067311525
0.0035718411672860384
-0.030610261484980583
0.01833266019821167
0.012490171939134598
0.019260244444012642
-0.010622121393680573
0.004602489527314901
-0.016580557450652122
0.001848725718446076
0.03370220586657524
0.026049641892313957
-0.014210066758096218
-0.016052350401878357
0.030017638579010963
-0.0005483372369781137
-0.01727624610066414
-0.04529700055718422
-0.0018728815484791994
0.015099000185728073
0.004873035009950399
0.012284042313694954
-0.037799034267663956
0.013037703931331635
0.0054624369367957115
0.011916873045265675
0.007523734122514725
0.01430024765431881
-0.003996983636170626
0.006090488750487566
-0.018847985193133354
0.011581912636756897
0.006609033327549696
0.03483591973781586
-0.017250480130314827
0.01848725788295269
-0.01066077034920454
0.02025224268436432
-0.006731423083692789
-0.036588020622730255
0.014570793136954308
0.001992050325497985
-0.023357070982456207
-0.0020484139677137136
-0.02355031855404377
0.008670330978929996
-0.012496612966060638
0.013668975792825222
-0.004283633083105087
-0.026719562709331512
-0.00025967511464841664
0.02834283374249935
-0.004637918435037136
-7.458110485458747e-05
0.030017638579010963
-0.013475729152560234
0.009488407522439957
-0.022700034081935883
-0.002228777389973402
-0.004695892333984375
0.013179417699575424
0.012664093635976315
0.00044325937051326036
-0.007517292629927397
0.028291301801800728
-0.009462641552090645
-0.021308658644557
0.0015266480622813106
-0.02726065367460251
-0.027002990245819092
-0.012367782182991505
-0.016889752820134163
-0.003140257205814123
-0.006931111216545105
-0.010338692925870419
-0.015395311638712883
-0.007143682334572077
0.012187418527901173
-0.014326014555990696
-0.032594259828329086
0.02535395324230194
0.0025057641323655844
-0.012135886587202549
-0.042101990431547165
0.005024411249905825
0.005684670526534319
0.018422842025756836
0.04148360341787338
0.016735155135393143
0.025289537385106087
0.026345953345298767
-0.0313059501349926
0.008599473163485527
-0.003919685259461403
0.009597914293408394
0.00745287723839283
-0.0019614528864622116
0.02043260633945465
-0.0025943354703485966
0.005948774516582489
-0.005472099408507347
-0.03238812834024429
-0.011891107074916363
0.008760511875152588
-0.005104931071400642
0.0223521888256073
0.011182536371052265
-0.01034513395279646
0.0005104930605739355
0.008470642380416393
0.0007166228024289012
0.031074052676558495
-0.020187826827168465
0.008013292215764523
0.010023056529462337
0.027028756216168404
0.007427110802382231
0.01593640260398388
-0.016297129914164543
0.0026394263841211796
-0.01686398684978485
-0.00101534987334162
0.02517358958721161
0.012464405037462711
-0.020522788166999817
0.00998440757393837
0.016941284760832787
0.009050382301211357
-0.008032617159187794
0.016928400844335556
0.01520206592977047
0.0137849235907197
-0.0065800463780760765
0.0020548554603010416
-0.6398265957832336
-0.0036620229948312044
-0.0011353237787261605
-0.023898161947727203
-0.005117814056575298
0.0057007744908332825
0.0008551161736249924
0.01117609441280365
-0.012129444628953934
-0.04320994019508362
-0.019028348848223686
0.03416599705815315
0.010293602012097836
-0.017508141696453094
-0.02219759300351143
-0.03576350212097168
0.02026512660086155
-0.02726065367460251
0.03967996686697006
-0.005810280796140432
-0.02236507274210453
0.011079471558332443
0.0165290255099535
0.00406139949336648
-0.0031628026627004147
-0.018113646656274796
0.00395511370152235
-0.005758748389780521
0.004129035398364067
-0.0014678689185529947
-0.005475320387631655
0.011214744299650192
0.015292246825993061
0.013823573477566242
0.05109439790248871
0.01985286734998226
-0.01624559797346592
0.00968809612095356
0.033753737807273865
0.01594928652048111
0.01192975603044033
0.004740983247756958
0.031537845730781555
0.013037703931331635
0.03282615542411804
0.010074589401483536
0.02043260633945465
-0.016284245997667313
-0.0025266993325203657
0.018113646656274796
-0.017082998529076576
-0.010544822551310062
0.005394800566136837
-0.011820250190794468
0.0023012447636574507
-0.016206948086619377
0.0015226221876218915
-0.005629917606711388
0.01283157430589199
0.026796860620379448
0.016748039051890373
0.01222606748342514
-0.017946166917681694
-0.026204237714409828
-0.019298892468214035
0.003048465121537447
-0.02875509299337864
-0.005059840157628059
0.006744306068867445
-0.008032617159187794
0.012586794793605804
0.026874160394072533
-0.01111167948693037
-0.012032821774482727
0.013668975792825222
0.010538380593061447
0.025006109848618507
-0.0027537639252841473
0.011961963959038258
0.014776922762393951
-0.00019928555411752313
-0.02025224268436432
-0.020239360630512238
0.0029663352761417627
0.015008819289505482
-0.0393192395567894
-0.01982710137963295
-0.007478643208742142
-0.0016200506361201406
0.031666673719882965
0.021231358870863914
0.012129444628953934
-0.005117814056575298
-0.03439789265394211
0.001014544628560543
0.027621379122138023
-0.01526648085564375
0.0015701286029070616
-0.0011723627103492618
-0.012238951399922371
0.0009420771384611726
-0.0165290255099535
-0.009797601960599422
-0.005633138120174408
0.017546791583299637
0.0021418165415525436
-0.022081643342971802
0.003146698698401451
0.05318146198987961
-0.014648091979324818
-0.010622121393680573
-0.017843103036284447
-0.014132767915725708
0.008238746784627438
-0.02697722427546978
-0.032516960054636
0.005378697067499161
0.015730272978544235
0.004183788783848286
-0.024645382538437843
0.020947931334376335
-0.003980879671871662
0.01906699687242508
0.011749393306672573
-0.012966846115887165
0.022107411175966263
-0.016335777938365936
-0.0009372459608130157
-0.02250678651034832
-0.007865136489272118
-0.004322282038629055
-0.015356662683188915
0.021218476817011833
-0.002019427018240094
0.006737864576280117
-0.007504409644752741
0.010235628113150597
-0.02282886393368244
0.0014026481658220291
-0.01326959952712059
-0.004296516068279743
-0.027750210836529732
0.023176709190011024
-0.012696301564574242
-0.0467914417386055
-0.04168973118066788
-0.01162700355052948
0.0009138953755609691
-0.03545431047677994
0.018422842025756836
-0.03249119594693184
0.010802485048770905
-0.044214822351932526
-0.0026877380441874266
0.0008792720036581159
-0.007356253918260336
-0.014480611309409142
-0.0031257637310773134
-0.039576902985572815
-0.00495355436578393
0.0036620229948312044
0.007981084287166595
-0.02906428836286068
0.02638460136950016
-0.014351780526340008
0.02309940941631794
0.0013422586489468813
0.012966846115887165
-0.021965695545077324
-0.05019258335232735
0.00842555146664381
0.023936811834573746
-0.001545972772873938
0.016490375623106956
0.03813399374485016
0.016760921105742455
-0.002773088635876775
0.011684977449476719
-0.016748039051890373
-0.006995526608079672
-0.008193655870854855
0.0035042050294578075
-0.017559673637151718
-0.0013736612163484097
0.0002713504363782704
0.017198946326971054
-0.004998645279556513
0.01408123504370451
0.009958641603589058
0.015395311638712883
-0.009939316660165787
0.007729863747954369
-0.0058746966533362865
-0.01154970470815897
-0.010989289730787277
-0.005993865430355072
0.00398410065099597
0.003996983636170626
0.008605915121734142
0.024799980223178864
0.027389483526349068
-0.021231358870863914
0.02651343308389187
-0.001456596190109849
-0.008212979882955551
-0.020046113058924675
-0.0034591141156852245
-0.013656092807650566
0.03254272788763046
0.014429079368710518
0.004096827935427427
-0.009810485877096653
-0.009649446234107018
-0.023679150268435478
-6.0238588048378006e-05
0.03939653933048248
-0.008354694582521915
0.01512476708739996
0.008889343589544296
0.007336928974837065
-0.0035106465220451355
0.0014662585454061627
0.01996881514787674
0.0005728956311941147
-0.011961963959038258
0.004235321190208197
0.010911990888416767
-0.00781360361725092
0.01297328807413578
-0.011691419407725334
0.005504307337105274
0.01850013993680477
-0.01611676625907421
0.029296183958649635
0.022468136623501778
0.01790751703083515
0.030146468430757523
-0.0012858950067311525
0.0300949364900589
-0.007427110802382231
0.022983461618423462
0.0351451151072979
0.0018680504290387034
-0.011388665996491909
0.007665448356419802
-0.0015797909582033753
0.033599141985177994
-0.00535937212407589
-0.005037294700741768
0.008683213964104652
-0.020329542458057404
-0.003056516870856285
-0.001496050739660859
-0.01983998343348503
0.006989085115492344
-0.033599141985177994
-0.006399683188647032
0.029012754559516907
0.009217862971127033
0.022313540801405907
0.008193655870854855
0.014622326008975506
-0.007665448356419802
0.0025959459599107504
0.014261598698794842
0.011717185378074646
-0.0043061780743300915
-0.00917277205735445
-0.016876868903636932
-0.0011892718030139804
-0.012232509441673756
0.002033920492976904
0.0031805168837308884
0.029605377465486526
0.016065234318375587
0.007407786324620247
-0.0002324998058611527
-0.015601442195475101
0.012786483392119408
0.014583676122128963
-0.020174944773316383
-0.022867513820528984
0.004257866647094488
0.026642264798283577
0.0009267784771509469
-0.021540554240345955
-0.0019550113938748837
-0.008741187863051891
-0.03383103758096695
0.014094118028879166
0.0035686204209923744
-0.0032690882217139006
0.020355308428406715
0.013514378108084202
-0.006586488336324692
-0.01670938916504383
0.0275698471814394
-0.00939822569489479
0.00863812305033207
-0.017340661957859993
0.005452774930745363
-0.01940195821225643
-0.026204237714409828
-0.00022746734612155706
0.04168973118066788
0.03730947524309158
-0.02159208618104458
-0.0036233735736459494
0.0033721530344337225
-0.03195010498166084
-0.009359576739370823
-0.008496408350765705
0.005233761854469776
-0.005452774930745363
-0.012180977500975132
-0.009423992596566677
0.011691419407725334
-0.0027859718538820744
0.032594259828329086
-0.0059713199734687805
0.009372459724545479
-0.00885713566094637
-0.016503259539604187
0.017224712297320366
0.05967454984784126
-0.003244932508096099
-0.002956672804430127
0.03380526974797249
-0.007220981176942587
-0.024349071085453033
0.001599115552380681
-0.032851919531822205
0.013913755305111408
0.004721658304333687
0.015279363840818405
-0.003826282685622573
0.012644768692553043
-0.018989698961377144
0.007394902873784304
0.02043260633945465
0.009791160933673382
0.012567469850182533
-0.0010709082707762718
0.0017086219741031528
0.008258070796728134
0.006628358270972967
0.0023608291521668434
0.019943049177527428
0.02445213496685028
0.011401548981666565
0.04485897719860077
0.0492134653031826
-0.006905344780534506
-0.014983052387833595
-0.0126576516777277
0.011465964838862419
0.01281224936246872
0.017469491809606552
-0.0387781485915184
-0.009056823328137398
-0.005761969368904829
0.025598732754588127
0.010003732517361641
0.005166125483810902
0.013172976672649384
0.022700034081935883
0.012348457239568233
-0.005021190736442804
0.02308652736246586
-0.018564555794000626
-0.00035891527659259737
0.014210066758096218
0.000604298198595643
-0.016129648312926292
-0.0044801002368330956
0.012271158397197723
-0.008927992545068264
0.005217657890170813
0.007059942465275526
0.0055977096781134605
0.003249763511121273
0.01578180491924286
-0.011762276291847229
-0.01759832352399826
-0.009411109611392021
-0.026951458305120468
0.032285064458847046
-0.02012341283261776
0.01727624610066414
-0.004795736167579889
-0.01607811637222767
-0.011942639946937561
-0.02071603573858738
0.020831983536481857
-0.0016369597287848592
-0.05287226662039757
-0.03488745167851448
-0.0040646200068295
0.009404667653143406
0.017521023750305176
0.030455663800239563
0.0031595819164067507
0.0016844661440700293
0.012490171939134598
0.0013720508432015777
-0.018139414489269257
0.004982541315257549
-0.016000818461179733
-0.0009308044100180268
0.015318013727664948
-0.009179213084280491
-0.022777331992983818
-0.003948672208935022
0.013797806575894356
-0.021308658644557
-0.009700979106128216
-0.0005620255251415074
0.016181182116270065
-0.026461901143193245
0.031821273267269135
-0.005227320361882448
0.011453081853687763
0.00232862145639956
-0.014944403432309628
-0.0006956877186894417
-0.016593441367149353
-0.003787633264437318
-0.0016200506361201406
0.01058347150683403
0.021218476817011833
-0.00818721391260624
0.010158329270780087
0.008180772885680199
-0.011800925247371197
-0.0010121290106326342
-0.010976406745612621
0.013604559935629368
0.0031289844773709774
0.014416196383535862
-0.018384192138910294
0.00011826289119198918
0.024220239371061325
0.0015652973670512438
-0.012638327665627003
-0.016322895884513855
-0.03024953417479992
0.01848725788295269
0.014802688732743263
-0.009359576739370823
0.01057703047990799
0.014068352058529854
0.007059942465275526
-0.0037522048223763704
0.017508141696453094
-0.0031692441552877426
0.04109710827469826
-0.01788175106048584
-0.02160497009754181
-0.004473658744245768
0.00901173334568739
-0.007272513583302498
0.010254953056573868
-0.002267426811158657
-0.0079102274030447
0.00013336028496269137
-0.006737864576280117
-0.001551609137095511
-0.04068484902381897
0.023679150268435478
-0.02607540786266327
-0.016902634873986244
0.013449963182210922
-0.021823981776833534
0.01303126197308302
-0.021076761186122894
-0.019427724182605743
0.0036040490958839655
0.00729827955365181
-0.020084762945771217
-0.03140901401638985
-0.006634799763560295
-0.026745328679680824
0.00044285677722655237
0.017843103036284447
0.0221847090870142
-0.006171008106321096
-0.005955216009169817
0.027002990245819092
0.00798752624541521
-0.011073029600083828
0.004212775733321905
-0.012915314175188541
-0.03102252073585987
0.024993225932121277
0.02726065367460251
0.010828251019120216
-0.0031386467162519693
-0.017804453149437904
-0.009050382301211357
0.03380526974797249
-0.022983461618423462
-0.030739091336727142
0.001700569991953671
-0.03148631006479263
-0.006248306483030319
0.006303059868514538
-0.03542854264378548
0.011762276291847229
-0.023460136726498604
0.01103438064455986
0.03849472105503082
-0.0059326705522835255
0.014995935373008251
0.002415582537651062
0.03622729331254959
-0.018113646656274796
0.02263561822474003
0.006757189054042101
-0.01087978295981884
0.013205183669924736
-0.006989085115492344
-0.021836865693330765
0.008528616279363632
0.028059406206011772
-0.0016619206871837378
0.0002234413695987314
-0.019569437950849533
0.006866695825010538
-0.006361033767461777
0.01034513395279646
-0.021050995215773582
-0.023473020642995834
0.010854016989469528
-0.0060743847861886024
-0.0038713733665645123
-0.011491730809211731
0.0021756344940513372
-0.01968538574874401
-0.002080621663480997
0.003839165670797229
0.01372050866484642
0.02501899190247059
-0.0133468983694911
0.007852253504097462
-0.003294854424893856
-0.02651343308389187
0.01682533696293831
0.004451113287359476
0.03499051555991173
0.026010992005467415
-0.0028664912097156048
-0.02608828991651535
0.0002471946063451469
0.01670938916504383
-0.021811099722981453
0.029708443209528923
-0.008148564957082272
0.008966642431914806
-0.021643618121743202
0.026642264798283577
0.021952813491225243
-0.022107411175966263
-0.012264717370271683
0.003346386831253767
0.009366018697619438
0.015060351230204105
-0.011678535491228104
0.018152296543121338
0.003684568451717496
0.01862897165119648
-0.0012037652777507901
0.03501628339290619
-0.019749801605939865
0.008019733242690563
-0.02726065367460251
0.07059942185878754
-0.03321264684200287
0.02266138419508934
0.0023447254206985235
-0.0028503872454166412
-0.0048150611110031605
-0.01627136394381523
-0.0056878915056586266
-0.009675213135778904
-0.012387107126414776
0.014441962353885174
-0.004373814444988966
0.009043940342962742
-0.010989289730787277
-0.03220776468515396
-0.012103678658604622
-0.030146468430757523
-0.010789601132273674
0.027621379122138023
-0.015137650072574615
-0.0037135554011911154
0.026642264798283577
0.00945619959384203
-0.0006449604989029467
0.012032821774482727
-0.0007134019979275763
-0.026461901143193245
0.004119373392313719
-0.002666803076863289
-0.031202884390950203
0.01803634874522686
-0.011852458119392395
-0.020754683762788773
-0.010261394083499908
-0.022841747850179672
-0.0158204548060894
-0.018976815044879913
0.010699420236051083
-0.004943891894072294
-0.02474844641983509
0.01907988078892231
0.011575470678508282
0.02994033880531788
-0.001160284737125039
0.004831165075302124
0.010615679435431957
0.020625853911042213
-0.029734209179878235
-0.010557705536484718
0.005906904116272926
0.017263362184166908
0.01460944302380085
0.009282277897000313
-0.0015137649606913328
-0.00203069974668324
0.04189586266875267
-0.003987321630120277
-0.009217862971127033
-0.012683418579399586
0.022120293229818344
-0.01030004397034645
-0.00805194117128849
-0.010461082682013512
-0.0009034278336912394
-0.009069707244634628
0.005897242110222578
0.0027054522652179003
-0.013230950571596622
0.0014904143754392862
-0.013772040605545044
-0.015318013727664948
-0.0047635287046432495
-0.033908337354660034
0.0372321754693985
-0.0041580223478376865
0.005230541341006756
-0.0027328289579600096
-0.024555200710892677
0.00923718698322773
-0.006325605325400829
0.022249124944210052
-0.04233388602733612
0.00320306234061718
-0.012180977500975132
-0.017675621435046196
-0.008998849429190159
0.009192096069455147
-0.008406226523220539
0.007401344366371632
0.0062193195335567
-0.004006646107882261
0.01879645138978958
0.027518315240740776
-0.008225863799452782
-0.010248511098325253
-0.01058347150683403
-0.016606323421001434
-0.030172234401106834
-0.015163416042923927
-0.02726065367460251
0.03187280520796776
0.010196978226304054
-0.02160497009754181
-0.014519261196255684
-0.008593032136559486
-0.040916744619607925
-0.002670023823156953
-0.009063265286386013
0.029167352244257927
0.032285064458847046
0.0056492420844733715
0.01006170641630888
0.03519664704799652
-0.019182944670319557
0.01789463497698307
-0.041225939989089966
-0.026642264798283577
-0.030352598056197166
-0.014764039777219296
3.83222104574088e-05
-0.003832724178209901
-0.02909005433320999
0.001219063880853355
0.039422307163476944
-0.009043940342962742
0.008103474043309689
0.006989085115492344
-0.002863270463421941
0.010744511149823666
0.02459385059773922
0.02357608452439308
0.007163007277995348
-0.005121034570038319
0.006493085529655218
-0.025753330439329147
-0.005488203372806311
0.010196978226304054
-0.018010582774877548
-0.031074052676558495
-1.007121773000108e-05
0.02085774950683117
-0.011697860434651375
0.01200705487281084
0.017830219119787216
0.0023527774028480053
0.017263362184166908
-0.023460136726498604
0.006312722340226173
-0.010035939514636993
-0.020303776487708092
0.02040684036910534
-0.0033753737807273865
-0.010023056529462337
-0.012045704759657383
-0.0009106745710596442
-0.01305058691650629
0.006061501335352659
-0.00203069974668324
-0.021708033978939056
0.04581232741475105
-0.01924736052751541
-0.027982106432318687
-0.0262557715177536
-0.016348661854863167
-0.012335574254393578
0.014557910151779652
-0.021050995215773582
-0.0021997904404997826
0.02952807955443859
-0.012470846995711327
-0.009726745076477528
-0.01700570061802864
-0.008670330978929996
-0.02909005433320999
-0.02161785215139389
0.02357608452439308
-0.03207893297076225
-0.008103474043309689
0.005910125095397234
-0.015730272978544235
0.011749393306672573
-0.0005579995340667665
-0.0046346974559128284
-0.03292921930551529
0.0017682063626125455
0.20200711488723755
-0.0001637563545955345
-0.0031933998689055443
0.014390429481863976
-0.006319163832813501
0.006390020716935396
0.03563467040657997
-0.011478847824037075
-0.017804453149437904
0.013823573477566242
-0.0031257637310773134
-0.013694741763174534
-0.009965082630515099
0.00570721598342061
-6.466715421993285e-05
-0.0055526187643408775
-0.056582603603601456
-0.0012842846335843205
0.013926638290286064
0.008142122998833656
0.025856394320726395
0.015176299028098583
-0.012290483340620995
-0.013057027943432331
0.01318585965782404
0.002586283488199115
0.009559265337884426
0.007916668429970741
0.017765803262591362
-0.0017665959894657135
-0.016039466485381126
-0.0011329081607982516
0.005958436522632837
0.016052350401878357
-0.020316658541560173
-6.010648576193489e-06
0.0292188860476017
-0.01310856081545353
0.002191738458350301
0.005207995884120464
0.008219421841204166
-0.023344188928604126
-0.0037747500464320183
-0.022236241027712822
-0.01697993464767933
0.048079751431941986
-0.008889343589544296
-0.020651619881391525
0.002566959010437131
-0.009449758566915989
-0.03506781533360481
0.02890969067811966
0.01923447847366333
0.0013454793952405453
-0.003974438179284334
0.019350426271557808
0.001789141446352005
0.01229692529886961
0.00834181159734726
-0.01906699687242508
0.0007580902893096209
0.00417412631213665
0.00042433731141500175
0.020793333649635315
-0.00428041210398078
0.009050382301211357
-0.01980133354663849
-0.014029703103005886
0.0246067326515913
-0.021514788269996643
0.001604751916602254
-0.018847985193133354
-0.014957286417484283
0.018397076055407524
-0.03264579176902771
-0.012941080145537853
0.024374837055802345
0.026925692334771156
0.009243628941476345
0.019182944670319557
-0.004773190710693598
-0.023782214149832726
-0.026010992005467415
0.018384192138910294
0.01423583272844553
-0.012058587744832039
0.021385956555604935
-0.0034558933693915606
0.007227422669529915
-0.022468136623501778
-0.0004517139168456197
0.018281128257513046
0.01178804226219654
-0.009430433623492718
0.00782648753374815
0.006995526608079672
0.0012311418540775776
0.0063867997378110886
-0.01712164841592312
0.013385547325015068
-0.017959050834178925
0.044034458696842194
0.027080290019512177
0.009340251795947552
-0.027698678895831108
0.020612969994544983
-0.019943049177527428
-0.01044175773859024
0.006989085115492344
-0.03937077149748802
0.002119271084666252
-0.01654190942645073
-0.004463996272534132
-0.015614325180649757
-0.010860458947718143
0.015318013727664948
0.00514035951346159
-0.014248715713620186
0.025134939700365067
0.009378901682794094
0.0036104905884712934
-0.008522175252437592
-0.017070116475224495
0.02026512660086155
-0.022571202367544174
-0.0038552696350961924
-0.047049105167388916
0.026023874059319496
-0.03712911158800125
-0.02222335897386074
0.02236507274210453
-0.02384663000702858
0.04089098051190376
0.022700034081935883
-0.02818823605775833
0.002486439421772957
0.010834692046046257
-0.0055204108357429504
0.007014851551502943
0.015137650072574615
0.017765803262591362
-0.009192096069455147
-0.018448607996106148
-0.019775567576289177
0.008412668481469154
-0.004025970585644245
0.02429753914475441
-0.00484404806047678
-0.019762685522437096
-0.003151529934257269
-0.003285192186012864
-0.031048286706209183
-0.00027859717374667525
-0.005433449987322092
0.02041972428560257
0.02178533375263214
-0.03782479837536812
-0.013514378108084202
0.010860458947718143
0.0244392529129982
-0.028523197397589684
0.03223353251814842
0.022777331992983818
-0.01081536803394556
-0.005114593077450991
0.019427724182605743
-0.16067810356616974
-0.0010306484764441848
0.03233659639954567
-0.013926638290286064
0.0021079983562231064
-0.009185655042529106
0.02250678651034832
0.017353544011712074
-0.002272257814183831
-0.016477493569254875
-0.013694741763174534
-0.009855576790869236
-0.04230812191963196
-0.035402774810791016
-0.018074998632073402
-0.005037294700741768
-0.037799034267663956
-0.0022416606079787016
0.03432059660553932
0.006686332169920206
0.011021497659385204
-0.0055204108357429504
-0.011382224038243294
0.0028793741948902607
0.022171825170516968
0.015330896712839603
-0.005691112019121647
-0.004193451255559921
0.007214539684355259
0.001797193312086165
0.013089235872030258
0.004908463452011347
0.0459153912961483
-0.014983052387833595
-0.017804453149437904
0.004122593905776739
-0.005800618790090084
-0.015833336859941483
-0.02803364023566246
0.017263362184166908
0.0009275836637243629
0.012464405037462711
0.01482845563441515
0.015214948914945126
0.019453490152955055
-0.001985608832910657
0.02119271084666252
-0.009121239185333252
0.027647146955132484
-0.014648091979324818
0.02071603573858738
-0.007858694531023502
0.0027827508747577667
0.008303161710500717
0.028986988589167595
0.014171416871249676
0.0036201528273522854
0.0005414930637925863
0.008522175252437592
-0.0059262290596961975
-0.001790751819498837
-0.01567874103784561
0.01297328807413578
0.016194064170122147
0.023473020642995834
-0.008444876410067081
-0.009359576739370823
0.011163211427628994
-0.039886098355054855
0.017946166917681694
0.002814958803355694
-0.02489016205072403
0.008889343589544296
-0.015562792308628559
-0.0004811034887097776
-0.0120006138458848
-0.013733391650021076
0.0036620229948312044
0.0030323611572384834
-0.012329133227467537
-0.013076352886855602
0.03499051555991173
-0.014132767915725708
-0.009024616330862045
-0.014248715713620186
-0.007639681920409203
-0.004644359927624464
-0.006931111216545105
0.006348150782287121
-0.005771631840616465
0.02040684036910534
-0.04238542169332504
-0.0006574410363100469
-0.007652565371245146
-0.011884666047990322
0.02143748849630356
0.007130799349397421
-0.010100355371832848
0.01460944302380085
-0.016168298199772835
0.018010582774877548
0.026564965024590492
-0.012825132347643375
-0.008071266114711761
0.016722271218895912
0.004460775759071112
0.003700672183185816
-0.001261739176698029
0.024864396080374718
0.0033689322881400585
-0.026590730994939804
0.018693387508392334
0.020071879029273987
0.007163007277995348
0.006290176883339882
0.02414294146001339
-0.014738273806869984
-0.0010588302975520492
0.010164771229028702
0.0022094526793807745
0.05416058003902435
0.007111474871635437
0.002853607991710305
0.009636563248932362
0.0021096086129546165
-0.04676567763090134
-0.10904261469841003
-0.03545431047677994
0.01154970470815897
0.017327778041362762
0.01044175773859024
0.01116965338587761
-0.010184095241129398
0.005465657915920019
-0.023627616465091705
0.009243628941476345
-0.03952537104487419
-0.031125584617257118
0.0045896065421402454
0.011807367205619812
0.006077605299651623
0.03818552568554878
0.0035170880146324635
0.010016615502536297
-0.030146468430757523
0.023640500381588936
0.012238951399922371
0.028136704117059708
-0.006821604911237955
0.0005624280893243849
-0.005855371709913015
-0.0010709082707762718
-0.040169525891542435
0.001115193939767778
0.014519261196255684
-0.006795838475227356
-0.0399891622364521
-0.013810689561069012
0.0028375042602419853
-0.013005496002733707
0.021695151925086975
0.007588149514049292
-0.007729863747954369
-0.014776922762393951
0.023215357214212418
-0.019054114818572998
0.023447252810001373
0.010969964787364006
0.007278955075889826
-0.022146059200167656
-0.003597607370465994
-0.029991870746016502
-0.008270954713225365
0.014648091979324818
0.006937552709132433
-0.027750210836529732
-0.0196596197783947
-0.00955282337963581
-0.03648495674133301
-0.007620357442647219
0.012387107126414776
0.02474844641983509
0.00939178466796875
-0.006335267331451178
-0.027827510610222816
-0.029450781643390656
-0.01370762474834919
-0.013372664339840412
-0.0044478923082351685
0.0246067326515913
0.034681323915719986
-0.010886224918067455
-0.017108764499425888
-0.015163416042923927
0.006196774076670408
-0.005613813642412424
0.008921551518142223
0.006161345634609461
0.01460944302380085
-0.009481966495513916
-0.033496078103780746
0.022687150165438652
-0.010229186154901981
-0.02025224268436432
-0.0007911032298579812
-0.0048150611110031605
-0.004908463452011347
-0.010699420236051083
-0.017198946326971054
-0.011858899146318436
0.01066077034920454
0.011343575082719326
0.013604559935629368
-0.01820382848381996
0.0019485697848722339
-0.00848352536559105
0.002174024237319827
0.01685110293328762
-0.00339147774502635
0.007317604497075081
0.02398834377527237
-0.005230541341006756
0.011227627284824848
-0.010725186206400394
-0.013121443800628185
0.018809335306286812
-0.028729327023029327
-0.005304619204252958
-0.05575808510184288
0.017482375726103783
0.001988829579204321
-0.023215357214212418
0.004006646107882261
0.012470846995711327
0.022571202367544174
-0.017920400947332382
0.00909547321498394
0.010216303169727325
-0.006199995055794716
0.005890800151973963
-0.024928810074925423
-0.019002581015229225
-0.031666673719882965
-0.01697993464767933
0.01607811637222767
-1.650647936912719e-05
0.003161192173138261
0.023653382435441017
0.026719562709331512
-0.003381815506145358
0.018062114715576172
0.024993225932121277
-0.018062114715576172
-0.0028455560095608234
-0.013102118857204914
-0.015253597870469093
-0.01200705487281084
0.01178804226219654
0.006496306508779526
-0.014029703103005886
-0.024516550824046135
0.01817806251347065
0.005069502163678408
-0.005381917580962181
0.0041580223478376865
0.044936273247003555
0.022867513820528984
0.06498239189386368
-0.01937619224190712
-0.014248715713620186
0.03254272788763046
-0.01154970470815897
-0.01073806919157505
-0.011085912585258484
-0.016748039051890373
-0.006344929803162813
0.015588558278977871
0.0010709082707762718
0.032130468636751175
0.04050448536872864
-0.008032617159187794
-0.008992408402264118
-0.007272513583302498
0.011581912636756897
0.00756238354369998
0.0012496613198891282
0.0023946473374962807
-0.004428567830473185
0.04408599063754082
-0.014841338619589806
0.0009163109352812171
0.010834692046046257
-0.006042176857590675
-0.021952813491225243
-0.004418905358761549
0.010602796450257301
0.010544822551310062
-0.005037294700741768
0.0034075817093253136
0.0014364663511514664
0.0016892972635105252
0.02532818727195263
0.036459192633628845
-0.007923110388219357
0.009939316660165787
-0.007497967686504126
0.005475320387631655
0.03888121619820595
0.0077427467331290245
0.003996983636170626
-0.0057845148257911205
0.030636027455329895
0.014274481683969498
0.008734745904803276
-0.011755834333598614
-0.010673653334379196
-0.019131412729620934
0.007723422255367041
-0.02069026790559292
0.027054524049162865
-0.00909547321498394
0.015511260367929935
-0.018538789823651314
0.006042176857590675
0.015408195555210114
-0.011942639946937561
0.01445484533905983
0.008135681971907616
0.021514788269996643
-0.005146801006048918
0.012638327665627003
-0.03550584241747856
-0.0214761383831501
0.015910636633634567
-0.029425015673041344
-0.034526724368333817
-0.02219759300351143
0.011465964838862419
0.01562720723450184
-0.013398430310189724
0.017095882445573807
-0.0036265943199396133
-0.027775976806879044
-0.011395107954740524
0.03313535079360008
-0.01953078992664814
-0.022687150165438652
0.011053705587983131
-0.017108764499425888
0.032104700803756714
0.0337279736995697
0.014570793136954308
0.006009968928992748
0.011504613794386387
0.03037836402654648
-0.0004641944251488894
0.006757189054042101
-0.004138697870075703
-0.014029703103005886
-0.006464098580181599
-0.005491423886269331
-0.014145650900900364
-0.023073643445968628
-0.009024616330862045
0.011066588573157787
0.013991053216159344
-0.04081368073821068
0.07827775180339813
0.005166125483810902
-0.024542316794395447
0.02924465201795101
-0.004615372978150845
0.013295365497469902
-0.0035525166895240545
0.001646622084081173
-0.010860458947718143
0.004145139362663031
0.003700672183185816
-0.013179417699575424
0.006554280407726765
-0.03267155587673187
-0.012090795673429966
0.0012665704125538468
-0.0366910882294178
0.03738677501678467
-0.008567266166210175
0.009855576790869236
0.04890426993370056
-0.0005720904446206987
-0.010673653334379196
-0.00961079727858305
-0.00781360361725092
0.0010314537212252617
0.03303228318691254
-0.017314894124865532
-0.014867104589939117
-0.022107411175966263
0.002486439421772957
0.015987934544682503
-0.0412001758813858
-0.011465964838862419
0.0018213491421192884
-0.01745660975575447
0.005385138560086489
-0.003971217665821314
-0.007317604497075081
-0.004451113287359476
0.01154326368123293
0.01968538574874401
-0.010055264458060265
-0.03473285585641861
-0.022262006998062134
-0.004689450841397047
-0.007414227817207575
0.0011071419576182961
-0.011485288850963116
