-0.007199984509497881
0.003020170610398054
0.010162809863686562
-0.01883465051651001
-0.035120632499456406
0.014578375965356827
-0.04845016077160835
-0.012367406859993935
-0.015750762075185776
-0.026633571833372116
0.0006566800293512642
0.01838863268494606
-0.03170542046427727
0.016451645642518997
-0.0034980454947799444
-0.014935188926756382
0.03455992415547371
-0.0031794621609151363
0.006072199437767267
-0.015941912308335304
0.0019784027244895697
0.00042291946010664105
-0.01965022273361683
-0.025499414652585983
-0.0212431401014328
0.034508951008319855
0.0017506156582385302
-0.02864701859652996
-0.018898366019129753
0.014310766011476517
0.005192909389734268
-0.01804456301033497
-0.01911500282585621
0.009646705351769924
-0.0003605965757742524
0.014068642631173134
0.014310766011476517
0.014259792864322662
0.012418380007147789
-0.0025407024659216404
0.025053396821022034
0.010755375027656555
0.006728481035679579
-0.026378704234957695
-0.004737334791570902
0.022007741034030914
-0.02088632620871067
-0.01596739888191223
-0.015215542167425156
0.00604671286419034
0.025499414652585983
0.030558519065380096
-0.027653038501739502
0.00911148451268673
-0.026837464421987534
-0.015330232679843903
-0.007040692958980799
0.005705828312784433
0.006100872065871954
-0.012354663573205471
8.746109233470634e-05
-0.006830427795648575
-0.017560316249728203
0.022096943110227585
0.012399265542626381
0.0031157454941421747
-0.007818036712706089
0.014272536151111126
-0.021294113248586655
-0.002897515892982483
0.008754671551287174
0.02660808525979519
-0.015279259532690048
0.006174146197736263
0.053776875138282776
0.004141584038734436
-0.00011001082748407498
-0.03007427230477333
-0.0069451178424060345
0.018707215785980225
0.007333789486438036
-0.015062622725963593
-0.01496067550033331
0.007665116339921951
0.0246456116437912
0.016184035688638687
0.027551092207431793
0.017917130142450333
0.00893307849764824
-0.018273942172527313
-0.014298022724688053
0.01508810929954052
0.00804104469716549
0.003854858921840787
-0.005486005917191505
0.014616605825722218
-0.00919431634247303
0.011029357090592384
-0.01589093916118145
-0.02946259081363678
-0.01688491925597191
-0.0033578688744455576
-0.013852005824446678
0.0025948616676032543
-0.03354045748710632
0.02419959381222725
0.0016327399061992764
0.0016566335689276457
0.028876397758722305
-0.018528809770941734
-0.027653038501739502
0.033081699162721634
0.004702290985733271
-0.010959268547594547
0.024148620665073395
-0.0060339695774018764
0.033336564898490906
-0.024518176913261414
-0.0012671654112637043
-0.011876788921654224
0.02999781258404255
-0.014833242632448673
0.008149363100528717
-0.0018430048367008567
0.03731248527765274
0.008181221783161163
-0.0015833594370633364
-0.006906887982040644
-0.04587600752711296
-0.013316785916686058
0.0023192870430648327
-0.0012400858104228973
0.01013095211237669
-0.0007088480633683503
-0.0055337934754788876
0.0022938004694879055
-0.014501916244626045
0.014654835686087608
-0.008582636713981628
-0.01101661380380392
0.019510047510266304
0.005065476056188345
-0.00292300246655941
-0.03667531907558441
0.02204596996307373
0.017738722264766693
0.030150732025504112
0.04355672001838684
0.0044983974657952785
0.0015554834390059114
0.021714644506573677
-0.03675178065896034
0.017088813707232475
-0.0008410601294599473
0.03318364545702934
-0.0020038895308971405
0.023090923205018044
0.036649834364652634
0.0011206170311197639
0.005489191971719265
-0.033871784806251526
-0.007518568076193333
0.007900867611169815
0.0016407044604420662
0.007684231270104647
0.019573763012886047
-0.0011230064556002617
-0.014629349112510681
0.009219802916049957
0.003165125846862793
-0.00238618953153491
0.03139957785606384
-0.023001721128821373
0.022542960941791534
-0.004335919860750437
0.020159956067800522
0.024352513253688812
-0.013941208831965923
-0.01801907643675804
-0.02473481371998787
-0.027194278314709663
0.009022281505167484
0.013635369017720222
0.009895199909806252
-0.02205871418118477
0.01253944169729948
0.021893050521612167
0.008174849674105644
0.015457665547728539
-0.003026542253792286
0.008557150140404701
0.01432350929826498
0.009213431738317013
-0.009347236715257168
-0.6451185941696167
-0.0014583154115825891
-0.004014150705188513
0.010111836716532707
0.01776420883834362
0.004861582536250353
0.011774841696023941
0.005763173568993807
-0.003711496479809284
-0.02054225653409958
-0.016999609768390656
0.024938708171248436
-0.01615854911506176
-0.004431494977325201
-0.020045267418026924
-0.030558519065380096
0.008302283473312855
-0.03685372695326805
0.024925963953137398
-0.01093378197401762
-0.040829647332429886
0.03621656075119972
0.006951489485800266
0.012666875496506691
-0.004291318356990814
-0.009060511365532875
0.025754280388355255
0.01012458000332117
-0.0012400858104228973
0.0010322101879864931
-0.029437104240059853
0.02597091719508171
0.0030838872771710157
0.019242435693740845
0.04299601539969444
0.02402118779718876
-0.02757657878100872
0.02267039380967617
0.016910405829548836
0.0011811478761956096
-0.006926002912223339
-0.007575912866741419
-0.007703346200287342
0.001968845259398222
0.01766226254403591
-0.00826405268162489
0.02231357991695404
-0.017713235691189766
0.00011707939120242372
0.00834688451141119
-0.0030599934980273247
0.0057536158710718155
0.020504027605056763
0.011685638688504696
-0.0027254808228462934
-0.01312563568353653
0.010647056624293327
-0.014221562072634697
-0.009455555118620396
0.008506176061928272
0.01013095211237669
-0.007282816339284182
-0.007295559626072645
-0.026276757940649986
-0.03218966722488403
0.0148587292060256
-0.005046360660344362
-0.031832851469516754
0.0016550406580790877
-0.023855524137616158
0.014374482445418835
0.03463638573884964
0.009850597940385342
0.0010537145426496863
-0.0017410581931471825
0.006460871081799269
0.038255494087934494
0.008506176061928272
-0.01401766948401928
0.015190055593848228
-0.008015558123588562
-0.016018372029066086
-0.039784692227840424
0.004915741737931967
0.04804237559437752
-0.05454147607088089
-0.006620162632316351
-0.00040241063106805086
-0.005262997467070818
0.009073254652321339
-0.00511326314881444
0.01775146648287773
-0.002623534295707941
-0.02194402366876602
-0.007767063099890947
0.045315299183130264
0.0029405246023088694
-0.009168829768896103
0.008009186014533043
-0.020580487325787544
0.0005268572713248432
-0.022007741034030914
0.01303643174469471
0.0007148214499466121
0.012488468550145626
0.011851302348077297
-0.012214487418532372
0.008487061597406864
0.03820452094078064
-0.030048785731196404
-0.0032718514557927847
-0.03438152000308037
0.003660523099824786
-0.005457333289086819
-0.03017621859908104
-0.025193573907017708
0.004010964650660753
-0.016184035688638687
0.0048424676060676575
-0.04365866631269455
0.01004174817353487
-0.001005927100777626
-0.000821945141069591
0.008977679535746574
-0.009213431738317013
0.003577691502869129
-0.03160347044467926
-0.011564576998353004
-0.014298022724688053
-0.01757306046783924
0.007301931269466877
-0.01766226254403591
0.027168791741132736
-0.00995891634374857
0.028672505170106888
-0.03438152000308037
0.015253772959113121
0.0007729629287496209
0.006747595965862274
-0.002381410915404558
-0.01596739888191223
-0.0028337992262095213
0.009710421785712242
-0.004214858170598745
-0.047787509858608246
-0.020300133153796196
-0.01343147549778223
-0.00884387455880642
-0.027805957943201065
0.01312563568353653
0.0017745094373822212
-0.0050782193429768085
-0.03863779455423355
0.0019146861741319299
-0.015827221795916557
-0.017178015783429146
-0.005715386010706425
-0.0007116356282494962
-0.020198186859488487
0.0009406174649484456
0.0007793346303515136
-0.00025048619136214256
-0.015597842633724213
0.025282777845859528
-0.026047376915812492
0.010150066576898098
0.012341920286417007
0.0030870730988681316
-0.01731819286942482
-0.05250254273414612
0.022198891267180443
0.020058009773492813
0.004683175589889288
0.006843171082437038
0.02241552621126175
-0.0026474278420209885
-0.008601751178503036
0.006508658640086651
-0.006562817841768265
-0.01740739680826664
-0.011067586950957775
0.020937299355864525
-0.013609882444143295
-0.010525994934141636
-0.0018764561973512173
0.00014097314851824194
0.03203674405813217
0.014603862538933754
-6.76491908961907e-05
0.008550778031349182
0.020937299355864525
0.002578932559117675
-0.020312877371907234
7.71071354392916e-05
-0.012513955123722553
0.011507231742143631
-0.00281149847432971
-0.007671487983316183
-0.019599249586462975
0.011411656625568867
0.018516065552830696
-0.00892670638859272
0.024773044511675835
-0.011042100377380848
0.005922465119510889
0.003775213146582246
0.0015212356811389327
-0.004597158171236515
0.03828097879886627
-0.005435032770037651
0.007021578028798103
-0.028723478317260742
-0.0052661835215985775
-0.010424048639833927
0.0050399890169501305
0.01965022273361683
0.005138750188052654
-0.006228305399417877
-0.014425455592572689
0.0039185755886137486
-0.019216949120163918
-0.005524235777556896
0.010264757089316845
-0.010245641693472862
-0.031195685267448425
-0.007875381037592888
-0.01173661183565855
-0.015330232679843903
-0.002610790776088834
-0.012335549108684063
0.000279357802355662
0.006569189485162497
0.0019226507283747196
0.011373426765203476
0.02399570122361183
0.004233973100781441
0.021051989868283272
-0.0025040653999894857
0.019510047510266304
0.0016550406580790877
0.005349014885723591
0.034508951008319855
0.015241029672324657
-0.016489876434206963
0.03443249315023422
0.004329548217356205
0.03463638573884964
-0.002422826597467065
-0.006664764601737261
-0.012877140194177628
-0.0013109706342220306
-0.01329129934310913
-0.015432178974151611
-0.016387930139899254
-0.00024371629115194082
-0.026123838499188423
0.006855914369225502
0.008837503381073475
-0.00834688451141119
0.02419959381222725
0.00138424476608634
0.021319599822163582
-0.014157845638692379
0.028086312115192413
0.0022699066903442144
0.011762098409235477
-0.010207411833107471
-0.008761042729020119
-0.03667531907558441
-0.028341177850961685
-0.016910405829548836
-0.0011102630523964763
0.0038930890150368214
0.01883465051651001
0.004370964132249355
-0.0025168086867779493
0.01608208939433098
0.012061567045748234
0.010742631740868092
0.0025168086867779493
-0.0011309710098430514
-0.03555390611290932
-0.008021929301321507
0.02284879982471466
0.0014806162798777223
-0.02018544264137745
-0.026200298219919205
-0.006588304415345192
-0.023536941036581993
0.005020874086767435
-0.005963881034404039
-0.015151825733482838
-0.0002267915551783517
0.0016239788383245468
-0.004667246714234352
-0.006123172584921122
0.008085646666586399
-0.007767063099890947
-0.0030169847887009382
-0.0025821183808147907
-0.002473799977451563
-0.01432350929826498
-0.031909313052892685
-0.008015558123588562
0.05097334086894989
0.009990775026381016
-0.050463609397411346
0.00928352028131485
-0.00032595061929896474
-0.018324917182326317
-0.021740131080150604
0.023855524137616158
-0.0014423863030970097
0.013444218784570694
0.022708624601364136
0.01659182272851467
0.014170588925480843
-0.0015825629234313965
0.04279211908578873
0.0020007037092000246
-0.0018430048367008567
-0.0019513232400640845
0.0033005238510668278
0.0012584043433889747
0.023613400757312775
-0.004759635776281357
-0.006843171082437038
0.04080415889620781
-0.009315378032624722
-0.014081385917961597
-0.017624033614993095
-0.030838871374726295
0.010870065540075302
0.0006590693956241012
0.006250605918467045
0.007588656153529882
0.014642092399299145
-0.0106215700507164
0.016311468556523323
0.009404581971466541
-0.014896959066390991
-0.0035235323011875153
0.01571253314614296
0.003991849720478058
0.004590786527842283
-0.0246456116437912
0.012571300379931927
0.017534829676151276
0.012023337185382843
0.005282112397253513
0.03257196396589279
0.011730240657925606
-0.0018254828173667192
-0.04330185428261757
-0.0053617581725120544
0.014438198879361153
0.01956102065742016
0.008455202914774418
-0.016375185921788216
0.015266516245901585
-0.0002150437794625759
0.02811179868876934
-0.0009318563970737159
0.01294085755944252
0.018592527136206627
0.014578375965356827
0.0037529123947024345
0.0022460129112005234
0.003107781056314707
0.0020532698836177588
0.010277500376105309
0.017254475504159927
0.0006837595719844103
-0.020593229681253433
0.001510085305199027
0.012807052582502365
0.0018015890382230282
-0.012998201884329319
-0.002226897981017828
0.011583692394196987
-0.007805292960256338
0.04809334874153137
-0.019866859540343285
-0.01892385259270668
0.0013651298359036446
-0.03499319776892662
0.029870377853512764
-0.0173946525901556
0.007448479533195496
-0.0014216783456504345
-0.01035396009683609
0.007372019346803427
-0.03269939869642258
0.000745883327908814
0.019764913246035576
-0.04455070197582245
-0.027092332020401955
-0.005702642723917961
0.013839262537658215
0.033336564898490906
0.0076906029134988785
-0.02946259081363678
0.010258384980261326
0.018770933151245117
0.0066010477021336555
-0.010946525260806084
0.005830076057463884
-0.004549370612949133
-0.0013316785916686058
0.009181573055684566
-0.009430068545043468
-0.005186537746340036
0.011895903386175632
-0.0001015484522213228
-0.03756735473871231
0.005731315352022648
-0.008480689488351345
-0.005342643242329359
-0.024327026680111885
0.02490047737956047
0.015534126199781895
0.02427605353295803
-0.006645649671554565
-0.022657649591565132
-0.0008179628639481962
-0.018363146111369133
-0.009481041692197323
-0.016107575967907906
0.006652021314948797
-0.0050399890169501305
0.0004679193370975554
0.02882542461156845
-0.019510047510266304
0.002257163403555751
0.006881400942802429
-0.005661226809024811
0.0041543273255229
0.026404190808534622
0.009181573055684566
-0.020860839635133743
-0.011532718315720558
0.02704135701060295
0.027270738035440445
-0.021026503294706345
0.01396669540554285
-0.03152701258659363
0.016489876434206963
0.018006332218647003
-0.02829020470380783
0.028009850531816483
-0.004597158171236515
-0.0008538034744560719
0.0003609948034863919
0.022071456536650658
0.004969900939613581
0.03231709823012352
-0.016668282449245453
-0.045926980674266815
-0.01713978685438633
-0.0006761932163499296
-0.016209522262215614
0.0032208780758082867
-0.01432350929826498
0.0011357497423887253
0.011762098409235477
0.006741224322468042
0.0003486496862024069
-0.021306857466697693
0.02857055887579918
-0.029870377853512764
-0.013953952118754387
-0.0040045930072665215
-0.011545461602509022
0.021752873435616493
-0.03687921166419983
0.02571605145931244
-0.012201744131743908
0.0002228092635050416
0.006027597468346357
-0.02283605746924877
-0.018146509304642677
-0.005081404931843281
0.022976234555244446
0.0007956619956530631
0.017088813707232475
0.00012753291230183095
0.022874286398291588
0.02721976488828659
-0.012424752116203308
-0.00658193277195096
-0.003985478077083826
-0.01804456301033497
-0.027882417663931847
0.01767500676214695
0.014807756058871746
0.0015515011036768556
-0.002183889038860798
0.008716441690921783
-0.0010776083217933774
0.03935141861438751
-0.024760300293564796
-0.006652021314948797
-0.011793957091867924
-0.004606715869158506
-0.006543702911585569
0.003899460658431053
-0.01165378000587225
0.005470076575875282
0.004721405915915966
-0.007499453146010637
0.02196951024234295
-0.01605660282075405
0.0005619014264084399
0.001435218146070838
0.02964099869132042
-0.013813775964081287
0.01882190629839897
0.002551852958276868
0.014871472492814064
-0.0030568076763302088
0.03249550610780716
-0.027602065354585648
-0.004934856668114662
0.020848097279667854
-0.005632554180920124
0.007703346200287342
0.00010324092727387324
0.011972364038228989
-0.0030217634048312902
0.005893792491406202
-0.015763506293296814
-0.02203322760760784
0.021204911172389984
-0.001114245387725532
-0.0061614029109478
-0.01688491925597191
-0.0045844148844480515
-0.0013898200122639537
-0.0002944905136246234
0.002142473356798291
-0.004641760140657425
0.02179110422730446
-0.022390039637684822
-0.0043327342718839645
0.00723184272646904
-0.026557110249996185
0.033438511192798615
-0.0047883084043860435
0.02454366348683834
0.019688453525304794
0.003028135048225522
-0.04376061260700226
0.007512196432799101
0.033081699162721634
-0.021472521126270294
-0.002762117888778448
-0.02650613710284233
-0.00334831140935421
-0.019854117184877396
0.03545195981860161
0.027984363958239555
-0.002996276831254363
-0.02366437390446663
0.0003486496862024069
0.001088758697733283
0.015011649578809738
-0.01598014310002327
0.013010945171117783
-0.012412008829414845
0.030150732025504112
-0.008085646666586399
0.03229161351919174
-0.032266125082969666
-0.007550426293164492
-0.0025614104233682156
0.06799843907356262
0.01080634817481041
-0.008066531270742416
0.007709717843681574
0.002895923098549247
-0.001957694999873638
-0.02864701859652996
-0.013507935218513012
-0.007270073052495718
0.0027700825594365597
0.04098256677389145
-0.018770933151245117
0.0007462815847247839
-0.024976937100291252
-0.015202798880636692
0.01713978685438633
0.014514659531414509
-0.012603159062564373
0.0234732236713171
-0.007550426293164492
0.003816629061475396
0.03167993202805519
0.02035110630095005
-0.0018939782166853547
-0.010494137182831764
0.0027971621602773666
-0.025397468358278275
0.0008745113736949861
-0.004963529296219349
-0.01938261277973652
0.015776248648762703
-0.013049175962805748
-0.008130247704684734
-0.002523180330172181
-0.02678649127483368
-0.015113595873117447
-0.00013599528756458312
0.01703783869743347
-0.02490047737956047
0.00026402599178254604
0.005559280049055815
0.007582284510135651
0.025282777845859528
0.005616625305265188
-0.011972364038228989
0.010589711368083954
0.018465092405676842
-0.03430505841970444
0.0019704382866621017
0.01396669540554285
-0.008780158124864101
0.0038644163869321346
0.022721366956830025
0.0008370778523385525
-0.024760300293564796
0.026531623676419258
-0.008984051644802094
-0.013253068551421165
-0.008512548170983791
0.011660152114927769
-0.01169838197529316
-0.007002462632954121
-0.016923150047659874
0.008792901411652565
-0.019930576905608177
0.004157513380050659
0.002284242771565914
-0.0011771656572818756
0.013444218784570694
-0.012736964039504528
-0.024416230618953705
-0.009372723288834095
-0.017190760001540184
0.029793918132781982
-0.00937909446656704
0.012150770053267479
-0.02579251118004322
-0.015266516245901585
0.004112911410629749
0.007582284510135651
0.02543569728732109
-0.012348292395472527
0.013253068551421165
-0.011303338222205639
-0.01998155005276203
-0.025231804698705673
0.023167384788393974
-0.030405597761273384
-0.004058752208948135
0.014374482445418835
0.0017601732397451997
0.027296224609017372
0.01369908545166254
-0.021485263481736183
-0.0011062808334827423
-0.002155216643586755
-0.003635036526247859
-0.02017270028591156
-0.0051100775599479675
-0.02811179868876934
0.05479634180665016
-0.0014105279697105289
0.0016096425242722034
-0.01687217690050602
0.0127688217908144
-0.027168791741132736
0.013189352117478848
0.01039218995720148
0.031909313052892685
0.006926002912223339
0.004992201458662748
-0.001379466033540666
0.030099758878350258
-0.011347940191626549
0.018630756065249443
-0.024696584790945053
-0.013023688457906246
-0.0194590725004673
0.013750058598816395
-0.0028576930053532124
-0.001698049483820796
-0.015406692400574684
-0.008958565071225166
0.028799938037991524
-0.02320561371743679
0.006378039252012968
0.017522085458040237
-0.027805957943201065
-0.003075922606512904
-0.007027949672192335
0.0073911347426474094
0.016999609768390656
0.0026553925126791
-0.01196599192917347
-0.003380169626325369
0.017815183848142624
-0.01146900188177824
-0.009927058592438698
-0.0273217111825943
0.007104409392923117
0.0036573372781276703
-0.013189352117478848
0.02080986648797989
-0.010398562066257
-0.01669376902282238
0.006069013383239508
-0.013852005824446678
0.007728832773864269
-0.017190760001540184
-0.017228988930583
0.0104813938960433
0.0007466798415407538
-0.022007741034030914
0.007983699440956116
0.0016048637917265296
-0.021281370893120766
0.015763506293296814
0.010914666578173637
-0.009015909396111965
0.011819443665444851
-0.0048520248383283615
-0.01151360385119915
-0.01731819286942482
-0.02445446141064167
-0.019140489399433136
0.00834688451141119
-0.01659182272851467
0.008499804884195328
0.014705808833241463
-0.007168126292526722
0.0031507897656410933
-0.015827221795916557
0.0014957489911466837
-0.020733406767249107
-0.01785341277718544
0.008671839721500874
-0.010545110329985619
0.006683879531919956
0.008448831737041473
0.005731315352022648
0.0017171644140034914
-0.0025375166442245245
0.009092370048165321
-0.04974998161196709
0.0013635369250550866
0.19879603385925293
-0.044397782534360886
-0.002199818380177021
0.0058778636157512665
0.010162809863686562
0.012055194936692715
0.03374435380101204
0.006951489485800266
0.010443163104355335
-0.0020484912674874067
0.007639629766345024
-0.028060825541615486
-0.022555703297257423
0.007518568076193333
0.034508951008319855
-0.022364553064107895
-0.027347197756171227
-0.013329529203474522
0.009079626761376858
-0.024403488263487816
0.021663669496774673
0.007053436245769262
0.0005403970717452466
-0.013049175962805748
0.01875818893313408
8.512150088790804e-05
0.0029134450014680624
0.0026394634041935205
0.02017270028591156
0.0005252643604762852
-0.007333789486438036
-0.0035553905181586742
0.005998925305902958
0.007951841689646244
-0.0035649482160806656
-0.008295911364257336
0.027347197756171227
0.006502286996692419
0.012507583945989609
0.015330232679843903
0.029488077387213707
-0.027245251461863518
0.00334831140935421
-0.031832851469516754
0.0019210578175261617
0.06295207887887955
-3.770732973862323e-06
-0.0032033559400588274
-0.015011649578809738
-0.005231139250099659
-0.015941912308335304
0.03313267230987549
0.0167829729616642
0.011978735215961933
0.014947932213544846
0.01819748245179653
-0.010283871553838253
0.0069132596254348755
0.024416230618953705
0.004858396481722593
-0.023052694275975227
0.01956102065742016
-0.006804941222071648
0.034763820469379425
-0.015037136152386665
0.026939410716295242
0.002843356691300869
-0.014769526198506355
-0.006620162632316351
-0.017369166016578674
0.01120139192789793
-0.006081756670027971
-0.009105113334953785
0.030991792678833008
-0.022428270429372787
-0.024492690339684486
0.0054222890175879
0.007270073052495718
-0.00035422490327619016
0.02864701859652996
-0.010277500376105309
-0.0027477818075567484
-0.01795535907149315
-0.0037083106581121683
0.0018031819490715861
-0.009653076529502869
0.03310718387365341
-0.0033642405178397894
0.001541147124953568
-0.026098351925611496
-0.02080986648797989
0.004533441737294197
0.001275926479138434
-0.012335549108684063
-0.004109725821763277
0.01366085559129715
0.00492848502472043
0.03045657090842724
-0.0006686268607154489
-0.013418732210993767
-0.016553591936826706
0.016821203753352165
0.0368027538061142
0.019484559074044228
-0.00954475812613964
0.014667578972876072
-0.00946829840540886
-0.002067606197670102
-0.022619420662522316
-0.02589445747435093
0.011328824795782566
-0.009296263568103313
0.012577672488987446
0.008193965069949627
-0.011953248642385006
-0.0009422103757970035
0.009831483475863934
-0.018248455598950386
0.003351497231051326
0.018796419724822044
0.0038803457282483578
-0.0038867173716425896
-0.011252365075051785
0.030915331095457077
-0.0073465327732264996
-0.01378828939050436
-0.05392979457974434
0.029870377853512764
-0.012157142162322998
-0.02240278385579586
0.0127114774659276
-0.02686295099556446
0.05479634180665016
0.019408099353313446
-0.003427957184612751
0.0019529161509126425
-0.005387245211750269
-0.0029357459861785173
-0.0049539715982973576
0.001568226725794375
0.026302244514226913
-0.0051100775599479675
-0.01605660282075405
-0.01428527943789959
0.013724572025239468
-0.027474630624055862
0.007270073052495718
0.001833447371609509
-0.016808459535241127
-0.0035139748360961676
-0.014998906292021275
-0.030099758878350258
-0.0035522046964615583
-0.009085997939109802
0.018592527136206627
0.02454366348683834
-0.048067860305309296
-0.004737334791570902
0.009117856621742249
0.001302209566347301
-0.04225689917802811
-0.004871139768511057
0.02348596788942814
-0.013979438692331314
-0.012985458597540855
-0.0005702642374671996
-0.15842515230178833
0.004963529296219349
-0.005033617373555899
-0.014986162073910236
-0.011940505355596542
0.009984402917325497
0.028596045449376106
0.019841372966766357
0.008901219815015793
-0.0015881381696090102
0.0017697307048365474
-0.0028003479819744825
-0.023957470431923866
-0.046615120023489
-0.014298022724688053
-0.008735556155443192
-0.03310718387365341
0.0036254790611565113
0.032801344990730286
0.006753967609256506
0.012679618783295155
-0.017789695411920547
-0.026353217661380768
-0.003587248967960477
0.0014814127935096622
0.005011316854506731
-0.010742631740868092
0.022734111174941063
-0.004125654697418213
-0.01058334019035101
0.008818387985229492
0.0029325601644814014
0.016018372029066086
-0.023282073438167572
0.00457804324105382
0.006027597468346357
0.0042403447441756725
0.006652021314948797
-0.004010964650660753
-0.004256274085491896
0.005814146716147661
0.02196951024234295
0.008092017844319344
-0.011316081508994102
0.009117856621742249
-0.0025104370433837175
0.036726292222738266
-0.006537331268191338
0.03114471212029457
-0.005543350707739592
0.014884215779602528
0.001995924860239029
0.009270776994526386
0.006349367089569569
0.015266516245901585
-0.00027756576309911907
0.005896978545933962
0.00811750441789627
0.01813376694917679
-0.0009573430870659649
-0.01396669540554285
-0.01578899286687374
-0.0009884049650281668
0.032368071377277374
0.028188258409500122
-0.004425123333930969
-0.030864357948303223
0.013004573993384838
-0.03282683342695236
-0.004625830799341202
-0.002628312911838293
-0.006320694461464882
0.012106169015169144
-0.011144046671688557
0.00789449643343687
0.014348995871841908
0.004186185542494059
0.021102963015437126
-0.007575912866741419
-0.007027949672192335
-0.006040341220796108
0.03224064037203789
-0.002449906198307872
-0.015037136152386665
0.007193612866103649
-0.0006833613733761013
0.002771675353869796
-0.0009748651646077633
0.010761747136712074
0.01589093916118145
0.01688491925597191
-0.04049832001328468
-0.0013651298359036446
0.00217592460103333
0.003453443991020322
0.0038293723482638597
0.017560316249728203
-0.015852710232138634
0.010799976997077465
0.004826538264751434
0.010965639725327492
0.008213079534471035
-0.011532718315720558
-0.007238214369863272
0.008028301410377026
-0.018248455598950386
0.01801907643675804
0.025919944047927856
0.033693380653858185
-0.006183703429996967
-0.030838871374726295
0.011915018782019615
0.014412712305784225
0.025486670434474945
0.013023688457906246
0.0077224611304700375
-0.016107575967907906
-0.012418380007147789
0.016120320186018944
0.0030360997188836336
0.06652021408081055
-0.009895199909806252
-0.003421585541218519
0.008334141224622726
-0.011704754084348679
-0.02803533896803856
-0.11754452437162399
-0.04197654873132706
0.02249198779463768
0.032877806574106216
-0.006339809391647577
0.02992135100066662
0.0006566800293512642
0.008257681503891945
0.005696271080523729
0.03132311999797821
-0.023906497284770012
-0.010653428733348846
0.001325306948274374
0.020134469494223595
-0.004202114883810282
0.02757657878100872
-0.0026872509624809027
-0.01687217690050602
-0.028086312115192413
0.01679571531713009
0.015037136152386665
0.003794328076764941
-0.026047376915812492
-0.0019513232400640845
-0.01713978685438633
0.014412712305784225
-0.031119225546717644
-0.009340864606201649
0.02179110422730446
0.0007634054636582732
-0.011660152114927769
-0.014247048646211624
0.0009995553409680724
-0.008856617845594883
0.010500508360564709
-0.01669376902282238
-0.017624033614993095
-0.018248455598950386
0.012991830706596375
-0.018630756065249443
0.003577691502869129
0.008831131272017956
0.018783677369356155
-0.018987569957971573
-0.0037529123947024345
-0.01685943268239498
-0.014947932213544846
0.003024949226528406
-0.007805292960256338
-0.011022984981536865
-0.017190760001540184
-0.027092332020401955
-0.03853584825992584
-0.02482401765882969
0.01432350929826498
0.008761042729020119
-0.0018700844375416636
0.006037155166268349
-0.019229693338274956
-0.012405636720359325
-0.012259088456630707
-0.003031320869922638
-0.015164569020271301
0.0252572912722826
0.02017270028591156
0.001487784436903894
-0.01929341070353985
-0.032979752868413925
0.01944633014500141
0.01201059389859438
0.00419255718588829
0.013304042629897594
0.012074310332536697
-0.0010027411626651883
-0.0037083106581121683
0.01928066648542881
-0.020848097279667854
-0.013017317280173302
-0.006983347702771425
-0.004179813899099827
-0.006196446716785431
-0.019076773896813393
-0.003380169626325369
-0.006387596949934959
0.01085095014423132
0.013890235684812069
-0.002418047981336713
-0.005387245211750269
-0.002658578334376216
-0.014616605825722218
0.0021042432636022568
0.030380111187696457
0.006900516338646412
0.009653076529502869
0.015292002819478512
-0.005549722816795111
-0.007155383005738258
-0.003222470870241523
-0.001723536173813045
0.01831217296421528
-0.03853584825992584
-0.004259459674358368
-0.053776875138282776
0.010825463570654392
0.007333789486438036
-0.008952192962169647
-0.004587600938975811
-0.010596083477139473
0.01882190629839897
-0.034457977861166
8.676419383846223e-05
0.012367406859993935
-0.014845985919237137
0.006875029299408197
-0.015151825733482838
-0.017649520188570023
-0.02527003362774849
-0.022644907236099243
0.03550293296575546
0.002652206690981984
0.024123134091496468
0.03241904452443123
0.023638887330889702
-0.0007227860623970628
0.02964099869132042
0.03455992415547371
-0.025741538032889366
0.002900701714679599
-0.004492025822401047
-0.021026503294706345
-0.007072551175951958
0.006368482019752264
-0.005122820846736431
-0.02259393408894539
0.002309729577973485
0.008856617845594883
-0.016655540093779564
-0.01740739680826664
0.009665819816291332
0.023256586864590645
0.01624775305390358
0.07156657427549362
-0.03313267230987549
-0.024518176913261414
0.026659058406949043
-0.004507954698055983
-0.01837589032948017
-0.006537331268191338
-0.012998201884329319
0.0064035262912511826
-0.01182581577450037
-0.02061871625483036
0.0019067216198891401
0.01589093916118145
-0.003453443991020322
-0.022466501221060753
-0.0059415800496935844
0.02527003362774849
0.008181221783161163
0.02179110422730446
-0.007830779999494553
-0.005349014885723591
0.0407022126019001
-0.008270424790680408
0.007639629766345024
-0.008251309394836426
-0.006607419345527887
-0.01614580675959587
0.009270776994526386
0.013711828738451004
-0.004514326807111502
-0.020147213712334633
-0.017101556062698364
0.007085294462740421
0.014094129204750061
0.017267219722270966
0.029258698225021362
-0.0032718514557927847
0.01039218995720148
-0.011889532208442688
-0.009385466575622559
0.01919146254658699
0.010615198872983456
0.017012352123856544
-0.009455555118620396
0.024581894278526306
0.027704011648893356
-0.002419640775769949
0.0038453014567494392
0.006432198453694582
-0.0035904347896575928
0.023766320198774338
-0.0013205280993133783
0.01804456301033497
-0.007397506386041641
0.00920068845152855
0.006690251175314188
0.001835040282458067
-0.0024530920200049877
-0.0076906029134988785
0.031093738973140717
0.011539090424776077
0.023231100291013718
0.009946173056960106
-0.0007279630517587066
-0.021472521126270294
-0.010341216810047626
-0.002604419132694602
-0.027296224609017372
-0.033438511192798615
-0.021306857466697693
-0.003803885541856289
-0.0031762763392180204
-0.018987569957971573
0.02642967738211155
0.0038835315499454737
-0.025843484327197075
-0.017917130142450333
-0.0029883121605962515
-0.01748385652899742
-0.028596045449376106
-0.0011835373006761074
-0.008181221783161163
0.025919944047927856
0.06060730293393135
0.00888847652822733
0.003800699720159173
0.012705105356872082
0.026837464421987534
-0.006760339252650738
0.0016327399061992764
0.005839633289724588
-0.002381410915404558
-0.01316386554390192
-0.020771637558937073
-0.021306857466697693
-0.022976234555244446
0.006387596949934959
0.014744038693606853
0.022198891267180443
-0.014654835686087608
0.10153889656066895
-0.0029293743427842855
-0.02089907042682171
0.014145102351903915
-0.014399969018995762
0.01419607549905777
0.00946829840540886
-0.025677820667624474
-0.02462012507021427
0.005027245730161667
0.037618327885866165
-0.018159253522753716
0.003392913145944476
-0.024225080385804176
-0.0027143305633217096
-0.005613439250737429
-0.013813775964081287
0.03955531492829323
-0.022377297282218933
0.007155383005738258
0.033795326948165894
-0.0015730054583400488
-0.003587248967960477
-0.028239231556653976
-0.010647056624293327
0.01965022273361683
0.01857978291809559
-0.004116097465157509
-0.0067794546484947205
-0.03007427230477333
0.010927409864962101
-0.006027597468346357
-0.04444875568151474
-0.00888210441917181
-0.02027464658021927
-0.03848487138748169
0.006024411879479885
-0.03035462461411953
-0.01281342376023531
0.022390039637684822
-0.0038644163869321346
0.015419435687363148
-0.01473129540681839
-0.040855132043361664
-0.034687358886003494
0.005906535778194666
-0.02606012113392353
0.009334493428468704
-0.01724173314869404
