0.008292071521282196
0.01150815561413765
0.020859340205788612
-0.013884699903428555
-0.034640710800886154
0.006060833111405373
-0.03247082233428955
-0.0012585027143359184
-0.005082446150481701
-0.01606750302016735
-0.013180777430534363
0.002029426395893097
-0.012095834128558636
0.018611956387758255
-0.008724757470190525
-0.014298011548817158
0.028621856123209
-0.014465919695794582
0.009686999954283237
-0.00023975325166247785
-0.0026106464210897684
-0.0006268296274356544
-0.0017307440284639597
-0.009900113567709923
-0.022228436544537544
0.02257716841995716
0.016519563272595406
-0.029629303142428398
-0.008569765836000443
0.00456257676705718
-0.0006914096302352846
-0.002925473963841796
-0.009958235546946526
-0.010881730355322361
-0.00853747595101595
0.010636325925588608
0.013910531997680664
0.01768200471997261
0.02353295125067234
0.018792780116200447
0.017333270981907845
0.007730226032435894
0.008317903615534306
-0.025018291547894478
-0.006761525757610798
0.024449987336993217
-0.023933347314596176
-0.010675073601305485
-0.027304423972964287
0.012425191700458527
0.0043236310593783855
0.020949751138687134
-0.008621430024504662
0.004682050086557865
-0.025315359234809875
-0.01854737661778927
-0.014078440144658089
0.0019309419440105557
0.0060576037503778934
-0.020032715052366257
0.016106251627206802
-0.0061092679388821125
-0.02880267985165119
0.016467899084091187
0.012870794162154198
0.02810521610081196
-0.009525549598038197
0.003913547843694687
-0.011760017834603786
0.004575492814183235
0.011081927455961704
0.016558311879634857
-0.02259008400142193
0.01002927403897047
0.028182711452245712
0.004436646122485399
-0.01433676015585661
-0.049804095178842545
0.005854176823049784
0.018418215215206146
0.006390191148966551
-0.010513624176383018
-0.018934855237603188
0.012909541837871075
-0.0014917979715391994
0.005059842951595783
0.007491279859095812
0.009667625650763512
0.005550650879740715
-0.003367847064509988
-0.019528992474079132
-0.0018970374949276447
-0.0017646484775468707
0.020717263221740723
-0.011688980273902416
0.013225983828306198
-0.013393891975283623
0.013781371526420116
-0.014633827842772007
-0.02975846454501152
-0.023455455899238586
-0.006664656102657318
-0.024307912215590477
-0.0010478105396032333
-0.04151202365756035
0.013316395692527294
0.0015200517373159528
0.0014126874739304185
0.027304423972964287
-0.012722260318696499
-0.004798294045031071
0.03461487963795662
-0.009118695743381977
-0.007768973708152771
0.02720109559595585
-0.007575233932584524
0.00895724631845951
-0.016338739544153214
-0.007232959847897291
-0.004523829091340303
0.02330046333372593
-0.009809701703488827
0.0016742364969104528
-0.007149005774408579
0.017798248678445816
0.007975629530847073
-0.024140004068613052
-0.007736683823168278
-0.028260208666324615
-0.002891569398343563
-0.004769233055412769
-0.013962196186184883
0.004995263181626797
-0.012961206026375294
-0.004343004897236824
-0.001927712932229042
-0.01053299754858017
0.021453475579619408
-0.030843406915664673
-0.017888659611344337
0.0481250174343586
0.012631847523152828
-0.01943857967853546
-0.03593230992555618
-0.0016371030360460281
0.006157702766358852
0.03921297565102577
0.030455928295850754
0.005130880977958441
0.011133591644465923
0.020949751138687134
-0.038489680737257004
0.008272698149085045
0.009015368297696114
0.005179315805435181
0.017759500071406364
0.00756877614185214
0.018702367320656776
0.01485340017825365
0.014892147853970528
-0.010068021714687347
-0.00794333964586258
0.011230462230741978
0.005266498774290085
0.006994014140218496
0.01782407984137535
0.02197011560201645
-0.004123433027416468
0.021608468145132065
0.022267183288931847
0.020613936707377434
0.03890299052000046
-0.027562743052840233
0.01806948333978653
0.0024524254258722067
0.03262581676244736
0.006416022777557373
0.012948289513587952
-0.010164892300963402
-0.01036509033292532
-0.009112237952649593
0.005602315068244934
0.024140004068613052
0.018663620576262474
-0.03236749395728111
0.0254832673817873
0.008853917941451073
0.02067851647734642
0.021983031183481216
0.0012924072798341513
0.029732631519436836
-0.000764465716201812
-0.004158951807767153
0.0009356027585454285
-0.6352605223655701
-0.005011408124119043
-0.0050469269044697285
-0.00018647474644239992
0.018379468470811844
-0.022422175854444504
-0.002068174537271261
0.011947300285100937
-0.000398579693865031
-0.028156880289316177
0.0018582894699648023
0.014427172020077705
-0.0016936104511842132
-0.012735175900161266
-0.03745640069246292
-0.024372491985559464
0.015757519751787186
-0.024902047589421272
0.022925900295376778
-0.030404264107346535
-0.021647214889526367
0.03980711102485657
-0.0005933287320658565
0.004943598993122578
-0.005502216052263975
-0.009783869609236717
0.022499671205878258
0.016429152339696884
0.009525549598038197
0.009615961462259293
-0.02300339564681053
0.017565760761499405
0.009170359931886196
0.021840956062078476
0.045619312673807144
0.03688809648156166
-0.03817969560623169
0.016816630959510803
0.00492099579423666
0.01796615496277809
-0.001008255290798843
-0.006325610913336277
0.010449043475091457
-0.010668615810573101
0.03381408751010895
-0.0010147131979465485
0.021466391161084175
-0.013884699903428555
0.004533515777438879
0.009732206352055073
-0.00743961613625288
-0.0008976620156317949
0.012141039595007896
-0.0006373238866217434
0.0050921328365802765
-0.021737627685070038
0.004301027860492468
0.006684029940515757
-0.014104272238910198
0.019955219700932503
0.01509880367666483
0.012089376337826252
-0.011772934347391129
-0.02771773561835289
-0.030869239941239357
0.011198172345757484
-0.021466391161084175
-0.00410082982853055
0.017694920301437378
-0.022951731458306313
0.027691904455423355
0.033865753561258316
0.014724239706993103
-0.0007172416080720723
0.005550650879740715
0.0018179269973188639
0.008233949542045593
-0.005056614056229591
-0.010784859769046307
0.016080420464277267
-0.009525549598038197
-0.02472122386097908
-0.031592536717653275
0.01010031159967184
0.008524560369551182
-0.052180640399456024
-0.005353681743144989
-0.008304988034069538
-0.00702630402520299
0.019180260598659515
0.009209107607603073
0.019696900621056557
0.019386915490031242
-0.02286132052540779
-0.0022005634382367134
0.04298444837331772
-0.0028399054426699877
-0.01659706048667431
0.01202479563653469
0.0033872209023684263
0.0050017209723591805
-0.024656644091010094
0.01397511176764965
-0.01008093822747469
0.03608730435371399
0.017178280279040337
-0.003503464860841632
0.009241397492587566
0.044379375874996185
-0.020045632496476173
-0.002315192949026823
-0.020510608330368996
-0.014659659937024117
-0.02671028859913349
-0.03593230992555618
-0.031876686960458755
0.0005775873432867229
0.010468417778611183
0.013523051515221596
-0.033736590296030045
0.02091100439429283
0.0056249178014695644
0.011585651896893978
0.00383282289840281
-0.017087867483496666
0.015602528117597103
-0.035777319222688675
0.011456492356956005
-0.009092863649129868
-0.012922458350658417
0.005421490874141455
-0.02073018066585064
0.021647214889526367
-0.0072265020571649075
0.023610448464751244
-0.004517370834946632
0.030895071104168892
-0.016907043755054474
0.0010607264703139663
0.0018744345288723707
-0.012935373932123184
-0.015111720189452171
0.030920904129743576
-0.00941576436161995
-0.053368911147117615
-0.015434619970619678
-0.02053643949329853
-0.016661640256643295
-0.025405772030353546
0.022189687937498093
-0.020148959010839462
-0.002780169015750289
-0.027175264433026314
-0.004284882918000221
0.01601584069430828
-0.020562272518873215
-0.0031644199043512344
-0.004891934804618359
-0.020575188100337982
-0.014892147853970528
0.006577473133802414
-0.010332799516618252
-0.007852927781641483
0.033917415887117386
-0.02419166825711727
0.013587632216513157
0.016416236758232117
0.0006950422539375722
-0.02833770401775837
-0.04740171879529953
-0.004220303148031235
0.0247728880494833
-0.0038037619087845087
0.018314888700842857
0.02111765928566456
-0.003002970013767481
-0.010784859769046307
0.010106770321726799
-0.010487792082130909
-0.011049637570977211
-0.013355144299566746
0.02771773561835289
-0.0008371182484552264
-0.00265585258603096
-0.02376543916761875
0.03327161446213722
-0.0009945320198312402
0.021983031183481216
0.008162911981344223
0.000387883628718555
0.015847932547330856
0.009331810288131237
-0.014143019914627075
0.008059583604335785
0.004652989096939564
-0.004746629856526852
-0.0013650597538799047
-0.011062554083764553
-0.002437894931063056
0.021750543266534805
0.025702839717268944
-0.009790328331291676
0.03019760735332966
-0.020665599033236504
0.003136973362416029
-0.007852927781641483
-0.004065311048179865
-0.006729235872626305
0.043862733989953995
8.950384653871879e-05
0.008724757470190525
-0.029655136168003082
-0.011282125487923622
-0.02319713495671749
0.008020835928618908
0.025315359234809875
-0.0044172718189656734
0.0020875483751296997
-0.010642783716320992
0.014814651571214199
-0.01338097546249628
-0.014414255507290363
0.008466438390314579
-0.013962196186184883
-0.014814651571214199
0.007426700089126825
-0.007639813702553511
-0.008401857689023018
0.017294524237513542
-0.020471859723329544
0.0036132510285824537
0.005495757795870304
-0.008246866054832935
0.031308382749557495
0.020174792036414146
0.011624399572610855
0.019748562946915627
-0.010326341725885868
0.027795230969786644
-0.005140568129718304
-0.003519610036164522
0.03169586509466171
0.0022215519566088915
-0.024307912215590477
0.03495069593191147
0.005637833848595619
0.031075894832611084
0.003555129049345851
-0.011882719583809376
-0.00397166982293129
-0.010300509631633759
-0.0015200517373159528
-0.02496662735939026
-0.016842463985085487
-0.015008391812443733
-0.034640710800886154
-0.0038360520265996456
0.02248675562441349
-0.0013238899409770966
0.02810521610081196
0.012761007994413376
0.00879579596221447
0.013303480111062527
0.015227964147925377
0.009971152059733868
0.00520514789968729
0.00397166982293129
-0.010416753590106964
-0.03784387931227684
-0.018289055675268173
-0.014039691537618637
0.002558982465416193
-0.0028528214897960424
0.017940323799848557
0.003178950399160385
0.022280100733041763
0.0013464930234476924
-0.005402117036283016
0.005214835051447153
0.019219007343053818
-0.0116954380646348
-0.025793252512812614
0.006748609710484743
0.032599981874227524
-0.003965212032198906
-0.035441502928733826
-0.0034518009051680565
-0.018379468470811844
-0.041486192494630814
-0.001605620258487761
-0.01716536469757557
-0.016532480716705322
-0.0031192139722406864
0.0019390145316720009
-0.016661640256643295
-0.007065052166581154
0.02372669242322445
-0.02733025513589382
0.005318162962794304
-0.009564298205077648
0.009286603890359402
-0.010836523957550526
-0.041486192494630814
0.005363368894904852
0.027872728183865547
0.032160840928554535
-0.028880175203084946
0.004136349074542522
0.018004903569817543
-0.008711841888725758
-0.019193176180124283
-0.006419252138584852
-0.0004968623979948461
0.012922458350658417
0.006164161022752523
0.011850429698824883
0.005996252875775099
-0.0027543369214981794
0.04541265591979027
-0.0035938769578933716
-0.003091767430305481
0.008776421658694744
-0.010042189620435238
0.009493259713053703
0.04683341458439827
0.0013117812341079116
-0.0014482064871117473
0.023778356611728668
-0.00766564579680562
-0.014659659937024117
-0.01141128595918417
-0.024695392698049545
0.0035292969550937414
-0.013342227786779404
0.006583930924534798
0.0023410250432789326
0.012915999628603458
-0.004527057986706495
0.010888188146054745
0.02468247525393963
-0.004533515777438879
-0.007930424064397812
0.011120676063001156
0.013587632216513157
-0.0005412611062638462
-0.008040210232138634
0.02463081106543541
0.018560292199254036
0.016145000234246254
0.008356652222573757
0.034821536391973495
0.018754031509160995
-0.005831574089825153
-0.024837467819452286
-0.0008823242387734354
-0.006645281799137592
0.02642613649368286
0.007736683823168278
-0.034976527094841
0.01245748158544302
-0.0024750283919274807
0.024940796196460724
0.005528048146516085
0.014698407612740993
0.02766607142984867
0.012451023794710636
0.001980991568416357
-0.00234748306684196
-0.0012924072798341513
-0.006916517857462168
0.01915442757308483
0.010726737789809704
-0.00014490137982647866
-0.01863778755068779
0.008621430024504662
0.015279627405107021
0.0039296927861869335
0.006948807742446661
0.014530499465763569
0.002326494548469782
-0.006005940027534962
0.043242767453193665
-0.008950787596404552
-0.012806213460862637
0.0013158174697309732
-0.05435052886605263
0.017940323799848557
-0.01943857967853546
-0.0021440559066832066
-0.006767984014004469
-0.02647780068218708
0.004882248118519783
-0.016945792362093925
-0.009893655776977539
0.005986565724015236
-0.03567399084568024
-0.046471767127513885
0.007555860094726086
-0.002878653584048152
0.03151503950357437
0.005201919004321098
-0.010972142219543457
-0.0022667578887194395
0.02880267985165119
0.010642783716320992
-0.0001948499702848494
0.0019583883695304394
-0.019464412704110146
-0.007762515917420387
0.009686999954283237
-0.003367847064509988
-0.011230462230741978
0.013445556163787842
0.011624399572610855
-0.03879966214299202
-0.005815429147332907
-0.007775431964546442
-0.0005117965047247708
-0.03621646389365196
0.03621646389365196
0.01897360384464264
0.009615961462259293
-0.010449043475091457
-0.011947300285100937
-0.013109739869832993
-0.01369095966219902
-0.0031272864434868097
-0.0008096717647276819
0.018624871969223022
0.018043652176856995
0.013833035714924335
0.010487792082130909
-0.013833035714924335
-0.014298011548817158
0.01100443210452795
-0.0015660650096833706
0.02063976787030697
0.00712963193655014
0.009564298205077648
-0.0066323657520115376
-0.008427689783275127
0.030869239941239357
0.022745076566934586
-0.026891112327575684
0.00016982521628960967
-0.054608847945928574
0.001695225015282631
0.004175096750259399
-0.01697162352502346
0.01345847174525261
-0.01012614369392395
-0.0068842279724776745
0.008550391532480717
-0.006742151919752359
-0.01896068826317787
0.026258228346705437
-0.014866315759718418
-0.03593230992555618
-0.009751579724252224
0.003522838931530714
-0.01791449263691902
0.011650231666862965
-0.004475393798202276
-0.005747620016336441
-0.004733713809400797
0.010210097767412663
-0.009615961462259293
-0.0418478399515152
0.021001415327191353
-0.029086831957101822
-0.02135014720261097
-0.0129289161413908
-0.0037940749898552895
0.021466391161084175
-0.027407752349972725
0.013858867809176445
0.0018082399619743228
0.003477632999420166
0.0060253138653934
-0.04383690282702446
-0.008983077481389046
-0.00265585258603096
0.006522580049932003
-0.007142547983676195
0.01906401664018631
-0.007200669962912798
0.0017049119342118502
0.0164033193141222
0.00038747998769395053
0.0025460664182901382
-0.010074479505419731
-0.009241397492587566
-0.031127559021115303
0.002725275931879878
0.024553315714001656
-0.011973131448030472
0.005579711869359016
-0.013574715703725815
-0.006806732155382633
0.03141171112656593
-0.025315359234809875
-0.018754031509160995
-0.001905109966173768
-0.010797776281833649
-0.0005061457632109523
0.021169323474168777
-0.03247082233428955
0.01626124419271946
-0.013884699903428555
0.001373939448967576
0.02333921194076538
-0.011850429698824883
-0.0005949432379566133
0.005318162962794304
0.040582071989774704
-0.021660132333636284
0.009667625650763512
-0.007988546043634415
0.008576223626732826
0.01735910400748253
0.02486329898238182
-0.024462902918457985
0.004652989096939564
0.01929650455713272
0.004275195766240358
0.004158951807767153
-0.013135571964085102
0.006096351891756058
-0.02287423610687256
0.0067938161082565784
-0.01915442757308483
-0.01428509596735239
-0.0022005634382367134
-0.007252334151417017
-0.014362592250108719
-0.017656171694397926
0.009034741669893265
-0.005305246915668249
0.0013715177774429321
-0.0020859339274466038
0.004623928107321262
0.011152965947985649
-0.02007146365940571
0.0016120782820507884
0.006800273898988962
-0.038386352360248566
0.028751015663146973
0.004943598993122578
0.018624871969223022
0.016945792362093925
0.0023539410904049873
-0.02957763895392418
-0.0002954535011667758
0.024514567106962204
-0.009396390058100224
0.01601584069430828
-0.030740080401301384
-0.00010267210745951161
-0.01721702702343464
0.019076932221651077
0.04605845734477043
-0.01138545386493206
-0.009615961462259293
-0.0011035107308998704
0.01783699542284012
0.012844962067902088
-0.01345847174525261
0.020471859723329544
-0.002778554568067193
0.01759159192442894
0.005560338031500578
0.028027718886733055
-0.02748524770140648
0.004740172065794468
-0.017656171694397926
0.07367286086082458
-0.0017259004525840282
0.009996984153985977
0.0026655395049601793
-0.003258060896769166
-0.005505444947630167
-0.014982559718191624
0.008330820128321648
-0.016222495585680008
0.0012657679617404938
0.024127088487148285
-0.019606487825512886
0.00185990403406322
-0.017268691211938858
-0.029035167768597603
0.020613936707377434
0.0014385194517672062
-0.013058075681328773
0.024850383400917053
-0.01122400350868702
0.0027204325888305902
0.023455455899238586
0.02691694349050522
-0.0143109280616045
0.008040210232138634
0.007123174145817757
-0.026658624410629272
0.0009339882526546717
0.008963704109191895
-0.02999095246195793
0.007400867994874716
-0.0011616327101364732
-0.015705855563282967
-0.004146035760641098
-0.010862356051802635
-0.015537947416305542
-0.016287075355648994
0.015085888095200062
-0.026942776516079903
-0.024592064321041107
0.010139060206711292
0.006522580049932003
0.013535968028008938
0.012244367972016335
0.0010381235042586923
0.007685020100325346
0.01735910400748253
-0.0425969660282135
-0.007200669962912798
-0.005282644182443619
0.004649759735912085
0.005547421984374523
0.02358461543917656
-0.00425582192838192
-0.0104619599878788
0.029887624084949493
-0.004950056783854961
-0.01533129159361124
-0.018056567758321762
0.012451023794710636
-0.004355920944362879
-0.018418215215206146
-0.014956727623939514
0.028931839391589165
-0.02167304791510105
0.010423212312161922
0.009654710069298744
-0.03350410237908363
0.008731216192245483
-0.013884699903428555
-0.02286132052540779
-0.00029081181855872273
-0.0188315287232399
0.0334782712161541
-0.00515671307221055
0.015021308325231075
-0.01084298174828291
-0.030869239941239357
0.008395399898290634
-0.010552371852099895
0.029887624084949493
-0.03048175945878029
0.010332799516618252
-0.0016693930374458432
-0.017862828448414803
-0.016532480716705322
0.013497219420969486
-0.034485720098018646
-0.007523569744080305
0.00967408437281847
-0.011346706189215183
0.014762988314032555
0.022512588649988174
-0.023261716589331627
0.009280146099627018
-0.005925214849412441
-0.008395399898290634
-0.03389158472418785
-0.0012262127129361033
-0.021053079515695572
0.04701424017548561
0.00034308125032112
-0.018650703132152557
-0.011243377812206745
-0.0011592110386118293
-0.05424720048904419
0.024165835231542587
0.02168596349656582
0.04598096013069153
0.020471859723329544
0.015060056000947952
0.01038446370512247
0.025948243215680122
-0.021337231621146202
0.0241012554615736
-0.037017256021499634
-0.01601584069430828
-0.018030736595392227
-0.002003594534471631
-0.011120676063001156
-0.013355144299566746
-0.005757307168096304
-0.016274159774184227
0.04270029440522194
-0.011185255832970142
0.017178280279040337
0.02005854807794094
-0.018198644742369652
-0.0032935799099504948
0.005760536063462496
0.009532008320093155
-0.005754077807068825
0.015744604170322418
-0.0065871598199009895
-0.012341237626969814
0.009480344131588936
-0.00212791096419096
-0.02140181139111519
-0.045670974999666214
0.0009840377606451511
0.00895724631845951
0.007555860094726086
0.01274163369089365
0.0018889650236815214
-0.009512634016573429
-0.0043236310593783855
-0.014440087601542473
0.0005711293779313564
-0.01929650455713272
-0.006212595850229263
0.0027737109921872616
0.01076548546552658
-0.020859340205788612
0.008944329805672169
-0.004937140736728907
-0.05481550469994545
0.004623928107321262
0.007116715889424086
-0.020743096247315407
0.014039691537618637
-0.004013646859675646
-0.015860848128795624
-0.025302443653345108
-0.03360743075609207
-0.008879750035703182
0.023997927084565163
-0.008421231992542744
-0.013833035714924335
0.031024232506752014
-0.0037520979531109333
-0.008233949542045593
-0.008324362337589264
-0.0031159850768744946
-0.022757992148399353
-0.017268691211938858
0.01097860001027584
-0.027562743052840233
0.01425926387310028
-0.013833035714924335
-0.005082446150481701
-0.004426958970725536
0.0017856369959190488
0.017423683777451515
-0.05827699229121208
0.011236920021474361
0.19084681570529938
-0.031205056235194206
-0.006851938087493181
0.007633355911821127
-0.013090365566313267
0.0020552584901452065
0.022525504231452942
0.009925945661962032
-0.016984539106488228
0.0002228009980171919
-0.006948807742446661
-0.01730743981897831
-0.04280362278223038
0.007969171740114689
0.011062554083764553
-0.013161404058337212
-0.04151202365756035
-0.01645498350262642
0.006819647736847401
0.0010026044910773635
0.0191673431545496
0.02929348684847355
0.0037359530106186867
0.002857665065675974
0.021466391161084175
0.0018163124332204461
-0.00015075394185259938
-0.0016790799563750625
0.013142029754817486
0.004013646859675646
0.0022344680037349463
-0.00365522806532681
0.0012552737025544047
-0.009028283879160881
0.0020132814534008503
0.006858395878225565
0.020859340205788612
-0.0022199375089257956
0.02381710335612297
0.014013859443366528
0.01744951494038105
-0.02438540756702423
-0.011417743749916553
-0.028363535180687904
-0.014220516197383404
0.058018673211336136
-0.020846424624323845
-0.01801781915128231
-0.003765014000236988
0.001118041225709021
-0.0209239199757576
0.05251645669341087
0.03435656055808067
0.016648724675178528
0.011036721989512444
0.026258228346705437
-0.0010978600475937128
0.01302578579634428
0.010959225706756115
-0.018947772681713104
-0.007588149979710579
0.02182804048061371
0.0017856369959190488
0.021789291873574257
-0.007090883795171976
0.018560292199254036
-0.0008213768596760929
-0.00492099579423666
4.386899308883585e-05
-0.01371679175645113
0.01538295578211546
0.0027640240732580423
-0.006409564986824989
0.01764325611293316
-0.014375507831573486
-0.01433676015585661
0.02124682068824768
-0.0059736501425504684
0.017229944467544556
0.03027510456740856
-0.015951259061694145
-0.022951731458306313
-0.01759159192442894
-0.0024314369075000286
0.007904591970145702
-0.019102763384580612
0.027640240266919136
-0.017191195860505104
-3.2592717616353184e-05
-0.036913927644491196
-0.007891676388680935
0.011747102253139019
0.007652729749679565
0.0005271342233754694
0.009990526363253593
0.01877986453473568
-0.0072652497328817844
0.029680967330932617
-0.013393891975283623
0.013910531997680664
-0.025263695046305656
0.022086359560489655
0.009222024120390415
0.009751579724252224
-0.00466913403943181
0.027872728183865547
-0.010939852334558964
-0.009170359931886196
-0.014762988314032555
-0.03474403917789459
0.01806948333978653
-0.012560809962451458
0.01207645982503891
-0.010158433578908443
-0.025702839717268944
0.009758037514984608
0.005518360994756222
-0.020949751138687134
0.022783823311328888
0.0018001674907281995
-0.002967451000586152
-0.00800792034715414
0.000875866215210408
0.030016783624887466
-0.015951259061694145
-0.005218063946813345
-0.06659489870071411
0.015395872294902802
-0.011191713623702526
-0.012308947741985321
0.02225426770746708
-0.02048477530479431
0.03032676689326763
0.01858612336218357
-0.003555129049345851
0.011682521551847458
0.006354671902954578
-0.011566277593374252
0.004785377997905016
0.004472164902836084
0.03177335858345032
-0.028079383075237274
-0.01017780788242817
-0.014323843643069267
-0.010416753590106964
-0.02273215912282467
0.005159941967576742
-0.004020105116069317
-0.014711324125528336
-0.011340247467160225
-0.015124635770916939
-0.049984920769929886
-0.014375507831573486
-0.013884699903428555
0.013484303839504719
0.02034270018339157
-0.037482231855392456
-0.003277434967458248
-0.004620698746293783
0.012341237626969814
-0.032780807465314865
0.002481486415490508
0.020226456224918365
-0.006022084970027208
0.002560596913099289
0.014685492031276226
-0.16057170927524567
0.006060833111405373
0.0005864670965820551
-0.0019147970015183091
-0.0006728428415954113
-0.0008613357204012573
0.02386876754462719
0.0227192435413599
-0.00259127258323133
0.008408315479755402
-0.00031603837851434946
0.0017420455114915967
-0.037585560232400894
-0.02610323578119278
-0.020316867157816887
0.005063071846961975
-0.029035167768597603
-0.012231451459228992
0.038153864443302155
0.004175096750259399
0.0039296927861869335
-0.0037391819059848785
-0.01649373210966587
0.000293637189315632
0.016726220026612282
0.005295559763908386
-0.022641748189926147
0.01076548546552658
-0.005147025920450687
-0.01062341034412384
-6.760718679288402e-05
0.008369567804038525
0.017578676342964172
-0.011172340251505375
0.0009654709720052779
0.004775690846145153
0.0071812961250543594
-0.008860375732183456
-0.02244800701737404
0.026606960222125053
0.009906572289764881
0.019787311553955078
0.0064450837671756744
-0.01654539629817009
0.023365043103694916
-0.0072717079892754555
0.006038229912519455
-0.014323843643069267
0.03241916000843048
-0.012328322045505047
0.02652946300804615
-0.008182286284863949
0.002814073581248522
-0.007336287759244442
0.012470398098230362
0.004375294782221317
-0.005159941967576742
0.010939852334558964
0.019761480391025543
-0.014556331560015678
0.0022861319594085217
-0.008014378137886524
-0.0055861701257526875
0.024140004068613052
0.021363064646720886
-0.009157444350421429
-0.022564250975847244
0.02434665895998478
-0.03688809648156166
-0.0006736501236446202
0.006403106730431318
-0.0314633771777153
0.023804187774658203
0.00015055212134029716
-0.009506176225841045
0.01276746578514576
0.006525808945298195
0.029035167768597603
0.005844490136951208
-0.017552843317389488
-0.014181767590343952
0.043862733989953995
-0.01977439597249031
-0.007885217666625977
-0.0072717079892754555
-0.02468247525393963
-0.017901575192809105
0.009428679943084717
0.013988028280436993
0.016661640256643295
0.02073018066585064
-0.050320737063884735
-0.016416236758232117
0.008737673982977867
0.008847460150718689
0.020833507180213928
0.005105048883706331
0.0016645494615659118
-0.006558098830282688
0.0022393115796148777
0.015576696023344994
0.018934855237603188
-0.004652989096939564
0.009041199460625648
0.018418215215206146
-0.014814651571214199
0.013510135933756828
0.02496662735939026
0.029060998931527138
0.01043612789362669
-0.013083907775580883
0.013316395692527294
0.015176299959421158
0.011424201540648937
0.020562272518873215
0.012631847523152828
-0.011430660262703896
-0.002084319479763508
-0.00445924885571003
-0.0077495998702943325
0.04554181545972824
-0.004753088112920523
-0.014982559718191624
0.0054085748270154
-0.010933393612504005
-0.010662158019840717
-0.11004431545734406
-0.04982992634177208
0.024075424298644066
0.026684455573558807
0.013626379892230034
0.03195418417453766
0.0023394105955958366
0.007859385572373867
-0.00841477420181036
0.015589611604809761
-0.024127088487148285
-0.018431132659316063
-0.022331763058900833
0.019929388538002968
-0.016132084652781487
0.035544831305742264
0.010642783716320992
0.0005194653640501201
-0.038438014686107635
0.012425191700458527
0.016416236758232117
0.0036487700417637825
-0.017565760761499405
0.0051986901089549065
-0.009984067641198635
0.004246134776622057
-0.03293579816818237
0.01825030706822872
0.026555296033620834
0.005163170862942934
-0.0377405509352684
-0.003380762878805399
0.0039296927861869335
-0.016080420464277267
0.02885434404015541
-0.011760017834603786
-0.013510135933756828
-0.009234939701855183
0.027640240266919136
-0.009706374257802963
0.021802207455039024
0.0015749447047710419
0.015912512317299843
-0.025328276678919792
0.008330820128321648
-0.02363627962768078
-0.01340680755674839
0.005105048883706331
0.01456924807280302
-0.023520035669207573
-0.014388423413038254
-0.01982606016099453
-0.04716923087835312
-0.03283247351646423
0.016661640256643295
0.015060056000947952
0.009144527837634087
-0.005147025920450687
-0.011902093887329102
-0.024230415001511574
-0.0008661792380735278
-0.010681532323360443
-0.003732723882421851
0.02647780068218708
0.009254314005374908
-0.01744951494038105
-0.03143754228949547
-0.013535968028008938
0.005715330131351948
-0.0003842510050162673
0.01839238405227661
0.022267183288931847
0.011915009468793869
0.0022570709697902203
-0.005786368157714605
0.01663580723106861
-0.01958065666258335
-0.006183534860610962
-0.012367069721221924
0.008853917941451073
-0.0068390220403671265
-0.012722260318696499
-0.02206052839756012
-0.01888319104909897
0.02344254031777382
0.00813062209635973
0.01485340017825365
-0.002292589982971549
0.005802513100206852
-0.0007802071049809456
0.014362592250108719
0.02058810368180275
0.0004617469967342913
-0.0019567739218473434
0.01888319104909897
0.013548883609473705
-0.0019083389779552817
-0.023171303793787956
-0.019761480391025543
0.01668747141957283
-0.026116151362657547
-0.012625389732420444
-0.051173191517591476
0.006086664739996195
0.007936881855130196
-0.004259050823748112
-0.0143109280616045
0.010675073601305485
0.02519911527633667
-0.020006883889436722
0.02063976787030697
0.015512116253376007
-0.015667106956243515
0.0014215672854334116
-0.01578335277736187
-0.013096824288368225
-0.017849911004304886
-0.01626124419271946
0.014517583884298801
0.006325610913336277
0.018095316365361214
0.015344208106398582
0.021931366994976997
-0.007575233932584524
0.019813144579529762
0.020136043429374695
-0.0027737109921872616
0.0058121997863054276
-0.005453780759125948
-0.012825587764382362
-0.010939852334558964
0.02034270018339157
0.004652989096939564
-0.02714943140745163
-0.025780335068702698
0.007717309985309839
-0.008066042326390743
-0.022086359560489655
0.011443575844168663
0.03324578329920769
0.0056249178014695644
0.060446880757808685
-0.030869239941239357
-0.019787311553955078
0.03528651222586632
-0.007626898121088743
-0.030791744589805603
-0.008124164305627346
-0.00874413177371025
-0.01233477983623743
0.009325351566076279
-0.01849571242928505
0.018663620576262474
0.024320827797055244
0.0013666742015630007
-0.009493259713053703
-0.024656644091010094
0.031592536717653275
0.005260040983557701
0.019425664097070694
-0.005163170862942934
0.003955524880439043
0.03105006366968155
-0.014982559718191624
0.005256812088191509
-0.0018631329294294119
0.013096824288368225
-0.021789291873574257
0.01033925823867321
-0.005683039780706167
0.0012649607378989458
-0.0002744650118984282
0.01150815561413765
0.017798248678445816
0.004523829091340303
0.006625907961279154
0.0116954380646348
-0.004975888878107071
0.005150254815816879
-0.017475347965955734
-0.011521072126924992
0.041770342737436295
0.019503159448504448
0.016299990937113762
-0.004969431087374687
0.027304423972964287
0.033400774002075195
0.013910531997680664
0.0007216815138235688
-0.0009509404771961272
-0.00553773483261466
-0.002148899482563138
-0.0025073185097426176
0.02496662735939026
-0.015111720189452171
0.020833507180213928
-0.006277176085859537
-0.014104272238910198
0.012425191700458527
-0.037068918347358704
0.02587074786424637
-0.005140568129718304
0.02191845141351223
-0.0021230673883110285
0.013833035714924335
-0.03236749395728111
-0.005011408124119043
0.007213586010038853
-0.02633572369813919
-0.033168286085128784
-0.02296464703977108
0.015990007668733597
0.005466696806252003
-0.0032257710117846727
0.01644206792116165
0.004879018757492304
-0.026374472305178642
0.0008669865201227367
0.03262581676244736
-0.001784022431820631
-0.01561544369906187
0.013019328005611897
-0.015537947416305542
0.0297068003565073
0.04425021633505821
-0.004220303148031235
0.02419166825711727
-0.0046045538038015366
0.021711796522140503
-0.008111247792840004
0.005641062743961811
0.02115640789270401
-0.004785377997905016
0.0054796128533780575
-0.024333743378520012
-0.021569719538092613
-0.024850383400917053
0.0015765592688694596
0.016287075355648994
0.020846424624323845
-0.03270331025123596
0.0776509940624237
0.006102810148149729
-0.030740080401301384
0.010726737789809704
0.0031515038572251797
0.012812672182917595
-0.006942349951714277
-0.004891934804618359
-0.01901235245168209
0.02482455223798752
0.022641748189926147
-0.022951731458306313
-0.005292330868542194
-0.015705855563282967
0.005647521000355482
-0.01462091226130724
-0.020523523911833763
0.04308777675032616
-0.028156880289316177
0.006590388715267181
0.031127559021115303
0.003332328051328659
-0.017281608656048775
-0.011688980273902416
-0.006916517857462168
0.020123127847909927
0.021802207455039024
-0.014091355726122856
-0.016287075355648994
-0.022280100733041763
0.008782880380749702
-0.0030045844614505768
-0.04332026466727257
-0.019942304119467735
-0.011663148179650307
-0.0129289161413908
0.005056614056229591
-0.032160840928554535
-0.000387681822758168
0.0017565760063007474
0.008162911981344223
0.01611916720867157
-0.037637222558259964
-0.043242767453193665
-0.026180731132626534
0.0002561000583227724
-0.026891112327575684
0.001228634500876069
-0.016325823962688446
