-0.005800013896077871
-0.017295734956860542
0.011593705974519253
-0.025918317958712578
-0.041494593024253845
0.005768406204879284
-0.01756124012172222
-0.005834782030433416
-0.007516311947256327
-0.03239157423377037
-0.014792406000196934
-0.011922425590455532
-0.0023610955104231834
0.01759916916489601
-0.001311719766817987
-0.001400221255607903
0.04010385647416115
-0.026272322982549667
0.019685277715325356
-0.009735172614455223
-0.009899533353745937
-0.022529970854520798
-0.003388345940038562
-0.0064795794896781445
-0.010228252969682217
0.020051928237080574
0.013692457228899002
-0.022504685446619987
0.0014460524544119835
0.013325807638466358
0.011037410236895084
0.006397399120032787
-0.011302915401756763
-0.0026771726552397013
-0.002531777136027813
0.004905515816062689
0.011884496547281742
0.013894747011363506
0.026752760633826256
0.0015013659140095115
0.019950782880187035
-0.018926693126559258
-0.004576795734465122
-0.019230127334594727
-0.013768316246569157
0.02125301957130432
-0.012845370918512344
-0.0006096335710026324
-0.028118213638663292
0.02121509052813053
0.001752647222019732
0.0355270579457283
-0.00029000069480389357
-0.00908405426889658
-0.019900210201740265
-0.006612331606447697
-0.01797846145927906
0.004206985235214233
0.00030205113580450416
-0.011827602982521057
-0.003704422852024436
-0.015576276928186417
-0.01830718293786049
0.01261147391051054
0.006100286729633808
0.016322217881679535
-0.02519766241312027
-0.002277335152029991
-0.016132572665810585
0.0036886190064251423
0.014855621382594109
0.01441311277449131
0.008938658982515335
0.0015369246248155832
0.02842164784669876
-0.005458650644868612
-0.03302372992038727
-0.03969927504658699
-0.013389023020863533
0.007592170499265194
0.010114464908838272
0.013957962393760681
-0.015942925587296486
-0.0062772901728749275
0.007649064529687166
0.009817352518439293
0.014880906790494919
0.016360146924853325
0.004810692742466927
-0.0045104194432497025
-0.00890705082565546
0.012959158979356289
0.015462488867342472
0.011119590140879154
-0.013856817036867142
0.014792406000196934
-0.014893550425767899
0.018560044467449188
-0.01092994399368763
-0.031354840844869614
0.01252929400652647
0.0006163502112030983
-0.031051408499479294
-0.004210146144032478
-0.02108865976333618
0.003732869867235422
-0.01084776408970356
-0.004523062612861395
0.013401666656136513
-0.037044230848550797
-0.0018996229628100991
0.03153184428811073
-0.02834578976035118
-0.016663581132888794
0.015133768320083618
-0.012883299961686134
-0.016259003430604935
-0.002018151804804802
-0.003998374566435814
-0.010323076508939266
0.020077213644981384
-0.004093197640031576
0.01068340428173542
-0.014109679497778416
0.029938817024230957
0.01085408590734005
-0.01266204658895731
0.0004634479701053351
-0.004286004696041346
-0.016170501708984375
0.005566116888076067
-0.002016571583226323
-0.009197842329740524
-0.0018395683728158474
-0.014451042748987675
-0.024451719596982002
0.004766441881656647
0.008679475635290146
-0.016094643622636795
-0.04068543761968613
0.04076129570603371
0.024616079404950142
-0.011663243174552917
-0.01831982471048832
0.0018901407020166516
0.00638791685923934
0.022706974297761917
0.0283963605761528
0.02198631875216961
0.019255412742495537
0.005585081409662962
-0.0437956340610981
-0.0003395852691028267
0.00873636920005083
0.005556634161621332
-0.013844174332916737
0.00025997337070293725
0.019217483699321747
0.004839139524847269
-0.000702876306604594
-0.0043270946480333805
-0.026499899104237556
-0.009096696972846985
0.007004267070442438
0.002863657893612981
0.020747296512126923
0.014274039305746555
0.013426952995359898
0.004956088028848171
-0.0006760097458027303
0.02108865976333618
0.05421353504061699
-0.034515611827373505
0.007516311947256327
-0.007990427315235138
0.023149482905864716
0.013705100864171982
0.008413970470428467
-0.029787100851535797
-0.00886912178248167
-0.0015068972716107965
0.0031070373952388763
0.02829521708190441
0.011543133296072483
-0.02537466399371624
0.011555776931345463
0.008369719609618187
0.00228997808881104
-0.019318629056215286
-0.0035337412264198065
0.022896621376276016
-0.0018332467880100012
-0.007010588888078928
0.016663581132888794
-0.6376159191131592
-0.0032650758512318134
0.022466756403446198
-0.029812386259436607
0.014767119660973549
-0.0016673064092174172
0.019520917907357216
-0.007010588888078928
0.009956426918506622
-0.03178470581769943
-0.0026518863160163164
0.03545119985938072
-0.0021224573720246553
-0.016967015340924263
-0.02844693325459957
-0.023414988070726395
0.01239654142409563
-0.03878897428512573
-0.0029521596152335405
-0.005389113444834948
-0.02115187607705593
0.016119929030537605
0.0018537918804213405
0.009747816249728203
-0.0024938478600233793
-0.003325130557641387
-0.0012271690648049116
-0.020557651296257973
0.003587474348023534
-0.008534080348908901
-0.013603955507278442
0.01239021960645914
0.015095839276909828
0.0017810941208153963
0.041039444506168365
0.030697401612997055
-0.030950263142585754
-0.004434560891240835
0.012876979075372219
0.012055178172886372
-0.003189217299222946
0.008173752576112747
0.023162124678492546
-0.005256361328065395
0.03226514533162117
0.0018348272424191236
0.020380647853016853
-0.015222270041704178
0.007509990595281124
0.028269929811358452
-0.013136161491274834
-0.016802655532956123
0.023313842713832855
-0.0016262163408100605
-0.008123179897665977
-0.017042873427271843
-0.005638814531266689
0.008622582070529461
0.0016372790560126305
0.014729189686477184
0.013060303404927254
0.0003646738769020885
-0.030646830797195435
-0.014931479468941689
-0.0014847719576209784
0.005891676060855389
-0.016865871846675873
-0.01290858630090952
0.02154381200671196
-0.014906193129718304
0.020292146131396294
0.02163231186568737
-0.0009498114814050496
-0.02163231186568737
0.023351771757006645
0.009507597424089909
0.01831982471048832
-0.015083196572959423
0.004374506417661905
0.015955569222569466
-0.013743029907345772
-0.02930666320025921
-0.019799066707491875
0.018863478675484657
0.017055517062544823
-0.03931998461484909
-0.012959158979356289
-0.00719391368329525
5.5165321100503206e-05
0.026044748723506927
0.014691260643303394
0.015399273484945297
0.00641004228964448
-0.0124787213280797
0.0020007677376270294
0.034540899097919464
-0.007478382904082537
-0.010417899116873741
-0.0036538506392389536
-0.011271307244896889
0.011821281164884567
-0.016701510176062584
-0.007440453395247459
0.01751066744327545
0.020191000774502754
0.01059490256011486
-0.012801120057702065
-0.001114961807616055
0.04925744608044624
-0.006188788451254368
-0.012023570947349072
-0.016119929030537605
-0.008515115827322006
0.0018285056576132774
-0.026702187955379486
-0.026120606809854507
0.009836317971348763
0.008616260252892971
0.016575079411268234
0.005427042953670025
0.02156909741461277
-0.00874901283532381
0.004896033555269241
0.006808299571275711
-0.01761181280016899
0.014274039305746555
-0.037120088934898376
0.011195449158549309
-0.024350576102733612
-0.02880094014108181
0.0023437112104147673
-0.006991624366492033
0.014109679497778416
-0.010304111987352371
0.020570293068885803
0.0027214232832193375
0.019799066707491875
-0.008534080348908901
0.005344862584024668
-0.02188517525792122
-0.020582936704158783
-0.029989389702677727
0.02179667353630066
-0.005521866027265787
-0.037575237452983856
-0.038030389696359634
-0.018774976953864098
-0.00012573940330184996
-0.03522362560033798
0.022732261568307877
-0.016511864960193634
0.004090036731213331
-0.03985099494457245
-0.0026297608856111765
0.003950962796807289
-0.017055517062544823
-0.001932811108417809
-0.013338451273739338
-0.03522362560033798
-0.022744903340935707
0.01261779572814703
0.0027719957288354635
-0.03846025466918945
0.019318629056215286
-0.026853905990719795
0.005888515152037144
0.0062962546944618225
0.0057715666480362415
-0.004911837168037891
-0.03663964942097664
0.0048517826944589615
0.033782314509153366
-0.017106089740991592
0.015209627337753773
0.03921883925795555
0.0052279140800237656
-0.0008834353066049516
0.009956426918506622
-0.011087982915341854
-0.017131375148892403
-0.005910640582442284
0.01450161449611187
-0.011783352121710777
-0.006536473054438829
-0.010993159376084805
0.024110356345772743
0.007421488873660564
0.010696046985685825
0.004260718356817961
0.0011402479140087962
0.005547151900827885
0.02141738124191761
-0.023579347878694534
0.02231503836810589
-0.007415167521685362
-0.01236493419855833
-0.0036696544848382473
0.0041848598048090935
-0.0048865508288145065
0.023832209408283234
0.02153116837143898
-0.028194071725010872
0.02512180246412754
-0.003973088227212429
-0.011208091862499714
0.006078161299228668
-0.003663332900032401
-0.016663581132888794
0.05122976750135422
0.003777120728045702
0.007573205977678299
-0.031051408499479294
-0.009918497875332832
-0.03226514533162117
-0.005427042953670025
0.02890208549797535
-0.016524508595466614
0.0048486217856407166
-0.0066376179456710815
0.023060981184244156
0.0038687828928232193
0.0037012621760368347
0.008458221331238747
-0.0042891656048595905
0.010240896604955196
0.005073036532849073
0.01467861793935299
-0.004102679900825024
0.010184002108871937
0.0003907502396032214
-0.0009885309264063835
0.004118483979254961
-0.020823154598474503
0.020330075174570084
0.03201228380203247
0.026297610253095627
0.0292813777923584
-0.010190323926508427
0.031278982758522034
-0.011536812409758568
0.03211342915892601
0.04033143073320389
0.01252929400652647
-0.020899014547467232
0.026196464896202087
0.0034642042592167854
0.015727993100881577
0.003325130557641387
-0.010133430361747742
0.0029774457216262817
-0.0031828957144171
0.0032145034056156874
-0.020203644409775734
-0.015399273484945297
0.003013794543221593
-0.01756124012172222
-0.010689725168049335
0.024122999981045723
-0.00040892467950470746
0.018812905997037888
0.005360666662454605
-0.0013931095600128174
0.010291468352079391
0.005717833526432514
-0.000506118347402662
0.01266204658895731
-0.010240896604955196
-0.009425417520105839
-0.02134152129292488
-0.03663964942097664
0.0014942542184144258
-0.0013686135644093156
0.016221074387431145
0.02933194860816002
0.016537150368094444
0.008477185852825642
0.00714966282248497
-0.01412232220172882
0.005442846566438675
0.020456505939364433
-0.03494547680020332
-0.02512180246412754
-0.0037581559736281633
0.014147608540952206
-0.008578331209719181
-0.011163841001689434
-0.006033910904079676
-0.011935069225728512
-0.019811708480119705
0.010139751248061657
-0.01080351322889328
-0.015727993100881577
0.008508794009685516
0.002124037826433778
-0.014236110262572765
-0.009374844841659069
0.017245164141058922
-0.005995981395244598
-0.015690064057707787
-0.007977784611284733
0.0019249091856181622
-0.029483666643500328
-0.03299844264984131
-0.007933533750474453
0.03618450090289116
0.037878673523664474
-0.026348182931542397
-0.0052373968064785
0.0214553102850914
-0.01819339394569397
-0.008249610662460327
-0.01235229056328535
-0.011397738009691238
-0.0007309281500056386
-0.006726119667291641
0.01093626581132412
0.020380647853016853
-0.0011686948128044605
0.04028085991740227
-0.022529970854520798
0.006049714516848326
-0.01235229056328535
-0.016865871846675873
-0.0014910934260115027
0.05148262903094292
0.010234574787318707
-0.009880567900836468
0.038030389696359634
-0.03188585117459297
-0.011031088419258595
0.002549161436036229
-0.037549953907728195
0.002994830021634698
0.0054902583360672
0.0007546339184045792
0.007996749132871628
0.010436863638460636
0.009722529910504818
0.0176370982080698
0.020671438425779343
0.007168627344071865
-0.005585081409662962
0.024464363232254982
0.0033346128184348345
0.0007372496766038239
-0.005698869004845619
0.0010438443860039115
0.02165759913623333
0.020469149574637413
-8.74150573508814e-05
0.04298647865653038
0.037120088934898376
-0.009178876876831055
-0.01794053241610527
0.0015630009584128857
0.004071072209626436
0.016853228211402893
0.013591312803328037
-0.03560291975736618
-0.004039464518427849
-0.009798387996852398
0.023174768313765526
0.011846567504107952
0.004674779251217842
0.02829521708190441
0.013072946108877659
-0.0014152349904179573
-0.003391506616026163
0.0077818166464567184
-0.01824396662414074
0.008812228217720985
0.0021003319416195154
0.016537150368094444
-0.013212020508944988
-0.003846657695248723
0.029660670086741447
-0.019799066707491875
0.013249949552118778
0.006005463656038046
0.0020023479592055082
0.0004899193882010877
0.007465739734470844
-0.0009995936416089535
-0.03550177440047264
-0.02127830684185028
-0.03542591631412506
0.019622063264250755
-0.022706974297761917
0.0025159732904285192
-0.020342718809843063
-0.01455218717455864
-0.019027838483452797
-0.007750208955258131
0.006485900841653347
0.01416025124490261
-0.055477842688560486
-0.041014157235622406
-0.016499221324920654
-0.00012386268645059317
0.026575757190585136
0.014577473513782024
0.0036886190064251423
0.005525026470422745
0.03481904789805412
0.0020371165592223406
-0.013047660700976849
-0.015121125616133213
-0.014097035862505436
-0.016208430752158165
0.02185988798737526
-0.02197367511689663
-0.00014154324890114367
0.01249136496335268
0.020734654739499092
-0.02474251016974449
0.0013709841296076775
0.007819745689630508
-0.012674689292907715
-0.019584134221076965
0.025880388915538788
0.009861603379249573
0.015411916188895702
0.02108865976333618
-0.013262592256069183
-0.015070552937686443
-0.019950782880187035
-0.007788138464093208
-0.01771295815706253
0.011157519184052944
0.008489829488098621
-0.019672635942697525
0.027359629049897194
-0.010316754691302776
-0.015664778649806976
0.02584245800971985
-0.0247045811265707
0.022846048697829247
0.00617930619046092
0.022782832384109497
0.010177680291235447
-0.00628361152485013
0.031101981177926064
0.01282008457928896
-0.0025665455032140017
-0.009008195251226425
-0.02466665208339691
0.004968731198459864
0.0003431411460042
-0.019268056377768517
-0.006833585444837809
0.0051931459456682205
-0.019508274272084236
0.010575938038527966
-0.011960355564951897
-0.010696046985685825
0.023718420416116714
-0.023389700800180435
-0.022479400038719177
-0.010430542752146721
-0.012333326041698456
-0.030646830797195435
0.013768316246569157
-0.010373648256063461
-0.023667849600315094
-0.004026821348816156
-0.0032713974360376596
0.012333326041698456
-0.027890637516975403
0.03345359489321709
-0.027536632493138313
-0.004039464518427849
0.00911566149443388
-0.006384756416082382
0.027814779430627823
-0.017232520505785942
-0.005683065392076969
0.0017668706132099032
0.0026297608856111765
-0.0054902583360672
-0.010108144022524357
-0.017346307635307312
-0.019761135801672935
-0.0004958458594046533
0.019697921350598335
0.027536632493138313
-0.011833924800157547
0.005329058971256018
0.0016546633560210466
0.008603616617619991
-0.01773824356496334
-0.008647867478430271
-0.019900210201740265
-0.017245164141058922
0.02475515380501747
0.026499899104237556
-0.0033314519096165895
0.02536202222108841
-0.0283963605761528
-0.006903122644871473
0.05699501186609268
-0.0009213645826093853
-0.024350576102733612
0.0012832727516070008
-0.003859300632029772
-0.009943783283233643
0.0070990901440382
-0.02576659992337227
0.012150001712143421
-0.03153184428811073
0.0029189714696258307
0.02564016915857792
0.003127582371234894
-0.007326665800064802
0.0029758652672171593
0.019925497472286224
-0.016436006873846054
0.015424559824168682
0.003546384396031499
0.0010549071012064815
0.008205359801650047
0.00538595300167799
-0.023250626400113106
0.011884496547281742
0.023996569216251373
0.0021414218936115503
-0.004425078630447388
-0.011239700019359589
0.00458627799525857
-0.022264467552304268
-0.005477615166455507
-0.02462872304022312
-0.0178899597376585
0.019419772550463676
-0.015968212857842445
-0.024350576102733612
-0.008312826044857502
0.03512248024344444
-0.01845889911055565
0.006018106825649738
-0.006745084188878536
0.022896621376276016
0.01810489222407341
-0.012889621779322624
0.00710541196167469
-0.007914569228887558
-0.04286004602909088
0.02198631875216961
0.01063915342092514
0.04235432296991348
0.04948502033948898
0.01085408590734005
-0.010759262368083
-0.0008865960990078747
0.016461292281746864
-0.009267378598451614
0.02488158456981182
-0.012377576902508736
-0.005164698697626591
-0.013325807638466358
-0.0012508748332038522
0.038434967398643494
-0.014602758921682835
-0.011492561548948288
-0.0022504685912281275
0.013667170889675617
0.01806696318089962
-0.013110876083374023
0.019027838483452797
-0.014855621382594109
0.015057910233736038
0.01412232220172882
0.0286492221057415
-0.013123518787324429
-0.01235861238092184
-0.015285485424101353
0.05340437591075897
-0.004279683344066143
0.01861061528325081
0.018964622169733047
-0.003565348917618394
-0.015614205971360207
-0.008047321811318398
-0.01746009662747383
-0.0013828370720148087
0.015980854630470276
0.026803333312273026
0.0046463324688375
-0.004368184600025415
-0.011340844444930553
-0.03251800686120987
0.0059327660128474236
-0.012042535468935966
-0.0005361457006074488
0.018812905997037888
-0.01830718293786049
-0.0024258913472294807
0.041064728051424026
0.0007866367232054472
0.0008526178426109254
0.002266272436827421
-0.004279683344066143
-0.02553902566432953
0.009564490988850594
-0.01231436152011156
-0.03555234521627426
0.012889621779322624
-0.007326665800064802
-0.020709367468953133
0.002271013567224145
-0.007775495294481516
-0.00895130168646574
-0.01840832643210888
0.015007337555289268
-0.009103018790483475
-0.029989389702677727
-0.005284808110445738
-0.006991624366492033
0.015576276928186417
0.01094258762896061
0.020873727276921272
0.004548348486423492
0.020671438425779343
-0.0283963605761528
-0.013856817036867142
-0.0127315828576684
0.02467929571866989
-0.00314496667124331
0.01753595471382141
-0.0026281806640326977
-0.010139751248061657
0.03651322051882744
0.007137019652873278
-0.004899193998426199
-0.007920891046524048
0.013667170889675617
0.009406452998518944
-0.0023168446496129036
-0.019533561542630196
0.01819339394569397
-0.0013053981820121408
0.010531687177717686
0.010481114499270916
-0.0009545526700094342
0.0028194072656333447
-0.008091572672128677
-0.016461292281746864
-0.00628361152485013
-0.033807601779699326
0.026247037574648857
0.004937123507261276
0.01232068333774805
-0.015247556380927563
-0.029787100851535797
0.008218003436923027
-0.004137448500841856
0.007130697835236788
-0.034111034125089645
0.01801639050245285
-0.01777617260813713
-0.03332716226577759
-0.00894497986882925
-0.0022172804456204176
-0.029964104294776917
-0.01235861238092184
0.010392612777650356
-0.007914569228887558
-0.0015298129292204976
0.03706951439380646
-0.006865193136036396
0.007535276468843222
-0.022934550419449806
-0.008369719609618187
-0.02897794358432293
0.0006139796460047364
-0.02907908707857132
0.031101981177926064
0.012023570947349072
-0.0181428212672472
-0.030039962381124496
-0.011132233776152134
-0.048701152205467224
0.005860068369656801
-0.00443772180005908
0.02460343763232231
0.004222789313644171
-0.0046494933776557446
-0.008856479078531265
0.027941210195422173
-0.01062650978565216
0.00894497986882925
-0.023162124678492546
-0.008439256809651852
-0.019912853837013245
-0.006713476497679949
-0.019141625612974167
0.01260515209287405
-0.024287359789013863
-0.002468561753630638
0.05734901875257492
-0.0005219221930019557
0.0048675863072276115
0.025880388915538788
-0.008976588025689125
0.003657011315226555
0.026095321401953697
0.0009916917188093066
-0.006612331606447697
0.007939855568110943
-1.3235726328275632e-05
-0.016726797446608543
-0.007509990595281124
0.011347165331244469
-0.015816494822502136
-0.02869979478418827
0.009027160704135895
0.005818978417664766
-0.01766238547861576
0.009438060224056244
-0.0037391914520412683
-0.0009940622840076685
0.00449777627363801
-0.020532364025712013
0.001084144227206707
-0.023237984627485275
-0.002874720608815551
0.020089857280254364
0.005117287393659353
-0.009848960675299168
-0.009773101657629013
0.005180502776056528
-0.037651095539331436
-0.0025191339664161205
0.0031655116472393274
-0.02475515380501747
0.016259003430604935
-0.0040046959184110165
-0.0126999756321311
-0.02887679822742939
-0.02892737090587616
-0.022517329081892967
0.0016799494624137878
-0.02111394703388214
0.0071812705136835575
0.022175965830683708
-0.01758652739226818
-0.0027798975352197886
-0.014931479468941689
-0.005806335248053074
-0.023452917113900185
-0.020001355558633804
-0.011081661097705364
-0.030419254675507545
-0.004532544873654842
-0.011119590140879154
-0.007699636742472649
0.013869460672140121
-0.02905380167067051
0.012017249129712582
-0.03997742384672165
0.006014945916831493
0.20461563766002655
-0.014438399113714695
0.0006870724610053003
0.013199376873672009
-0.020696723833680153
-0.002561804372817278
0.05135619640350342
0.00714966282248497
-0.010082857683300972
0.007288736756891012
-0.016587723046541214
-0.01437518373131752
-0.01815546490252018
0.002729325322434306
0.011966676451265812
-0.020759940147399902
-0.03904183581471443
-0.013528097420930862
0.011581062339246273
0.009103018790483475
0.018989909440279007
0.023288557305932045
-0.0057557630352675915
-0.013098232448101044
0.022631116211414337
-0.002642404055222869
0.003682297421619296
0.015260200016200542
0.01759916916489601
0.005417560692876577
-0.01282008457928896
0.002825728850439191
0.016170501708984375
0.0009182037902064621
-0.00908405426889658
-0.0013204118004068732
0.023073624819517136
-0.015892352908849716
0.00925473589450121
0.005278486758470535
0.03196170926094055
-0.019495632499456406
0.000734879111405462
-0.016081999987363815
-0.003767638234421611
0.048802293837070465
0.001877497648820281
-0.012099429033696651
-0.008003070950508118
-0.007705958094447851
-0.03992685303092003
0.02558959648013115
0.026070034131407738
0.011631635017693043
0.009488632902503014
0.03332716226577759
0.0048328181728720665
0.002120876917615533
0.019584134221076965
-0.0016594044864177704
-0.002939516445621848
0.007554241456091404
0.0070990901440382
0.033883459866046906
-0.0045262230560183525
0.014994694851338863
-0.020292146131396294
-0.010114464908838272
0.0023200055584311485
-0.0034452397376298904
0.004791727755218744
-0.001988124568015337
-0.008673153817653656
0.019015194848179817
-0.03138012811541557
-0.02159438282251358
0.030368681997060776
0.019343914464116096
0.009311629459261894
0.03368116915225983
-0.015045267529785633
0.0013196216896176338
-0.03873840346932411
0.02212539315223694
0.0010098661296069622
-0.016246359795331955
0.023933352902531624
-0.0030232768040150404
0.009229449555277824
-0.03347887843847275
0.002851014956831932
0.023629918694496155
0.010993159376084805
0.00042275304440408945
0.00866683293133974
0.005148895084857941
0.0013741449220106006
0.015942925587296486
-0.02538730762898922
0.009412773884832859
-0.022175965830683708
0.04286004602909088
0.010474793612957
0.01437518373131752
-0.024540221318602562
0.01802903413772583
-0.011182805523276329
-0.014855621382594109
-0.003009053412824869
-0.03497076407074928
-0.0012990765972062945
-0.018939336761832237
0.004074233118444681
-0.013401666656136513
-0.006808299571275711
-0.01087937131524086
-0.007168627344071865
-0.013768316246569157
0.024097712710499763
0.002983767306432128
-0.009937462396919727
-0.009621385484933853
-0.015234913676977158
0.019318629056215286
-0.01059490256011486
0.002587090479210019
-0.03347887843847275
0.018977265805006027
-0.04025557264685631
-0.008357076905667782
0.029812386259436607
-0.012466078624129295
0.03610864281654358
0.01818075217306614
-0.0019818029832094908
-0.009457024745643139
-0.0005756553146056831
-0.013806245289742947
0.00047885673120617867
-0.004279683344066143
0.01227643247693777
-0.018560044467449188
-0.011423024348914623
-0.007686993572860956
0.0011276048608124256
-0.027460772544145584
0.027890637516975403
-0.017042873427271843
-0.024375861510634422
-0.001932811108417809
0.0033788636792451143
-0.03188585117459297
0.010784548707306385
-0.019103696569800377
0.013970605097711086
0.00447565084323287
-0.03709480166435242
0.00026629489730112255
0.0124787213280797
0.01278847735375166
-0.02532409317791462
0.006801977753639221
0.029989389702677727
-0.008236967958509922
-0.003527419874444604
0.023452917113900185
-0.15596505999565125
0.018686475232243538
0.024312645196914673
0.008970266208052635
-0.017232520505785942
-0.010082857683300972
0.02837107516825199
0.01794053241610527
-0.006707154680043459
-0.012289075180888176
-0.00028328405460342765
-0.020330075174570084
-0.04098886996507645
-0.03585578128695488
-0.011606348678469658
0.00227891537360847
-0.016473935917019844
-0.006166663020849228
0.034313324838876724
-0.009008195251226425
0.018597973510622978
-0.013098232448101044
-0.007585849147289991
0.007914569228887558
0.020557651296257973
0.001755808014422655
-0.019394487142562866
-0.01758652739226818
-0.015765922144055367
0.005306933540850878
0.015765922144055367
0.002579188672825694
0.04048314690589905
-0.0018095410196110606
-0.0032239858992397785
0.0018395683728158474
-0.011296593584120274
-0.01828189566731453
-0.01796581968665123
0.03261915221810341
0.01791524700820446
0.013047660700976849
0.006530151702463627
0.01273790467530489
0.03269501030445099
0.004560991656035185
0.019091052934527397
-0.0005717043532058597
0.02882622554898262
-0.026196464896202087
0.05360666662454605
0.006871514953672886
0.006580723915249109
0.008900729939341545
0.010285146534442902
0.013136161491274834
0.003818210680037737
-0.008104215376079082
0.002381640486419201
0.005202628206461668
-0.003995213657617569
0.0018759171944111586
0.0035779920872300863
0.02110130339860916
0.03196170926094055
-0.02204953506588936
-0.007920891046524048
0.03299844264984131
-0.041722171008586884
0.020102499052882195
0.011789673939347267
-0.024439075961709023
0.011916104704141617
-0.013186734169721603
-0.006147698499262333
0.004864425864070654
-0.009520240128040314
0.044984083622694016
-0.016638295724987984
-0.008053642697632313
-0.018888764083385468
0.05120448023080826
-0.009773101657629013
-0.0016530829016119242
-0.012807441875338554
-0.02505858801305294
-0.02507123164832592
-0.007472061086446047
0.014311968348920345
0.015045267529785633
0.011498882435262203
-0.04023028537631035
-0.0011528909672051668
0.00044803920900449157
0.010417899116873741
0.008534080348908901
0.008110537193715572
0.0005112545914016664
0.013578670099377632
0.006599688436836004
0.00879326369613409
0.019634705036878586
-0.01842097006738186
-0.0036728151608258486
0.029736528173089027
-0.0028130856808274984
0.013199376873672009
-0.00706116110086441
0.016967015340924263
-0.002737227128818631
-0.013983248732984066
0.015411916188895702
0.012851692736148834
0.0021872532088309526
0.020873727276921272
0.004447204060852528
-0.006391077768057585
0.0036127606872469187
0.010373648256063461
-0.008357076905667782
0.06478314846754074
-0.00900187436491251
-0.005054072011262178
0.014893550425767899
-0.01828189566731453
-0.029685955494642258
-0.10417899489402771
-0.026044748723506927
0.03143070265650749
0.024059783667325974
0.011201770044863224
0.014918836764991283
0.005332219880074263
0.019571490585803986
-0.01071501150727272
0.011170162819325924
-0.03360531106591225
-0.020722011104226112
-0.019141625612974167
0.023212697356939316
-0.008110537193715572
0.034439753741025925
-0.0024085070472210646
-0.006707154680043459
-0.02483101189136505
0.005702029913663864
0.027486059814691544
0.013047660700976849
-0.015841782093048096
-0.00542388204485178
-0.011637956835329533
0.02194838970899582
-0.03358002379536629
0.01283272821456194
0.02160702645778656
0.0039288378320634365
-0.03358002379536629
-0.020734654739499092
0.003086492419242859
-0.015108482912182808
0.026297610253095627
-0.009020838886499405
0.0008115278324112296
-0.01804167777299881
0.04733569920063019
-0.012289075180888176
0.007750208955258131
0.015222270041704178
0.02527352049946785
-0.00132831372320652
0.0008083670400083065
-0.010329397395253181
-0.012251146137714386
0.00038818211760371923
0.012036213651299477
-0.016790011897683144
-0.01248504314571619
-0.02180931530892849
-0.03170884773135185
-0.0041090017184615135
0.01799110509455204
0.028067640960216522
0.0016404398484155536
-0.015727993100881577
-0.029787100851535797
-0.017219876870512962
0.0012010927312076092
-0.015942925587296486
-0.01278847735375166
0.025943603366613388
0.026373468339443207
-0.008015713654458523
-0.013806245289742947
-0.026980336755514145
0.023086266592144966
-0.009444382041692734
0.011353487148880959
0.010272503830492496
0.01467861793935299
0.00544600747525692
-0.008274897001683712
0.02854807861149311
-0.0124471141025424
-0.014236110262572765
-0.0010762423044070601
-0.0003607229155022651
-0.002376899356022477
-0.010462149977684021
-0.020153071731328964
-0.008578331209719181
0.023933352902531624
-0.0070990901440382
0.010082857683300972
0.0016198948724195361
0.005104644224047661
-0.003072268795222044
-0.007965141907334328
0.015942925587296486
0.011517846956849098
0.010291468352079391
0.005351184401661158
-0.0032318877056241035
0.015917640179395676
-0.031127266585826874
-0.011688528582453728
0.026196464896202087
-0.030672116205096245
0.013995891436934471
-0.051937781274318695
0.0012429729104042053
0.012674689292907715
-0.0028494345024228096
0.0077628521248698235
0.014476328156888485
0.03297315537929535
-0.00232316623441875
0.010379970073699951
0.013490168377757072
-0.010146073065698147
0.008982909843325615
-0.013161447830498219
-0.013287878595292568
-0.0180796068161726
-0.0365385077893734
0.03848554193973541
-0.0018016390968114138
-0.005597724579274654
0.02182195894420147
0.024085070937871933
-0.007421488873660564
0.02508387342095375
0.016347505152225494
0.0011441989336162806
0.008338112384080887
0.010057571344077587
-0.023389700800180435
-0.008382363244891167
0.016056714579463005
0.016448648646473885
-0.01256090123206377
-0.03216399997472763
0.01290858630090952
-0.00024120628950186074
-0.018977265805006027
0.029610097408294678
0.037853386253118515
0.01800374872982502
0.048802293837070465
-0.016423363238573074
-0.024072427302598953
0.02920551784336567
-0.010493758134543896
-0.022175965830683708
0.003083331510424614
-0.017358951270580292
0.0036538506392389536
0.02148059569299221
-0.01227643247693777
0.02187253162264824
0.024654008448123932
-0.009539204649627209
-0.019824352115392685
-0.0053733098320662975
0.020089857280254364
0.005136251915246248
0.002601314103230834
0.0030770099256187677
-0.015133768320083618
0.028269929811358452
-0.024502292275428772
-0.016309576109051704
0.015083196572959423
-0.005123608745634556
-0.004753798712044954
0.0013180412352085114
0.007642742712050676
-0.004200663883239031
-0.0019501952920109034
-0.006751405540853739
0.01753595471382141
-0.009886889718472958
0.016929086297750473
0.024224145337939262
-0.011808638460934162
0.008078929036855698
2.9928545700386167e-05
-0.01429932564496994
0.027865352109074593
-0.005325898062437773
0.014779762364923954
-0.017219876870512962
0.02572867088019848
0.029938817024230957
-0.006030749995261431
-0.009570812806487083
-0.0014484230196103454
-0.007326665800064802
0.009899533353745937
-0.02869979478418827
0.02155645377933979
-0.0017810941208153963
0.0355270579457283
-0.014349897392094135
0.010316754691302776
0.016865871846675873
-0.02456550858914852
0.0014997855760157108
-0.0013978506904095411
0.016145214438438416
-0.0006748244632035494
0.016410719603300095
-0.023642562329769135
-0.023212697356939316
0.012459756806492805
-0.034363895654678345
-0.044807080179452896
-0.019445059821009636
0.022416183724999428
0.013705100864171982
-0.009855282492935658
0.02887679822742939
0.0011197029380127788
-0.0364120751619339
-0.006463775411248207
0.02548845298588276
-0.0006732441252097487
-0.020330075174570084
0.029610097408294678
-0.02161967009305954
0.023275913670659065
0.01232068333774805
0.0037233876064419746
0.028017068281769753
0.006624974776059389
0.022138036787509918
-0.005781048908829689
0.014691260643303394
0.0020481792744249105
-0.03132955729961395
0.0039446414448320866
-0.009027160704135895
-0.023414988070726395
-0.026373468339443207
-0.015980854630470276
0.023503487929701805
0.019394487142562866
-0.016537150368094444
0.07338044792413712
-0.002157225739210844
-0.019799066707491875
0.011404059827327728
0.007876640185713768
-0.0012564061908051372
0.009280022233724594
-0.012984445318579674
-0.03909240663051605
-0.003685458330437541
0.008224324323236942
-0.015892352908849716
-0.015272842720150948
-0.03722123056650162
-0.005888515152037144
-0.010070214979350567
-0.027460772544145584
0.045211661607027054
0.006846228614449501
0.0022346647456288338
0.03722123056650162
-0.0003052118991035968
-0.023996569216251373
-0.0017889960436150432
-0.009722529910504818
0.023895423859357834
0.01432461105287075
-0.004883390385657549
-0.008382363244891167
-0.020709367468953133
0.008483507670462132
0.015399273484945297
-0.04000271111726761
-0.020342718809843063
0.002013410674408078
-0.006555438041687012
-0.004877068568021059
-0.008401327766478062
0.007174948696047068
0.006681868806481361
0.02484365552663803
0.024401146918535233
-0.03608335554599762
-0.02115187607705593
-0.0367913693189621
0.015462488867342472
-0.027663063257932663
0.005945409182459116
-0.00915991235524416
