0.004589239601045847
-0.010851372964680195
0.019843975082039833
-0.03466286137700081
-0.05266088619828224
0.00983225367963314
-0.030227450653910637
-0.0016424478963017464
-0.017574993893504143
-0.04222613200545311
-0.0015831595519557595
0.01607515849173069
-0.015767499804496765
0.0313042551279068
0.00976174883544445
0.00042783765820786357
0.04496942088007927
-0.018600521609187126
0.009313080459833145
-0.017664726823568344
-0.014447132125496864
-0.009069517254829407
-0.006736440118402243
-0.00015072463429532945
-0.005374410189688206
0.017741642892360687
0.018459511920809746
-0.02784309722483158
-0.005146870855242014
0.0013051452115178108
0.015395745635032654
-7.946843834361061e-05
-0.02789437398314476
0.007088965270668268
-0.0029291657265275717
0.0005692483973689377
0.01191535871475935
0.016959676519036293
0.021587373688817024
0.0037335644010454416
0.016754571348428726
-0.01579313725233078
0.0017321816412732005
-0.01858770288527012
-0.014959895983338356
0.01286397222429514
-0.015613670460879803
-0.028766073286533356
-0.052609607577323914
0.011928177438676357
0.011280813254415989
0.034585945308208466
0.001982154091820121
0.002204886171966791
-0.023189762607216835
-0.013075487688183784
-0.022523168474435806
0.003788045607507229
7.94183652033098e-05
-0.004986632149666548
-0.004727045074105263
0.006922317203134298
-0.0181133970618248
-0.010210417211055756
0.031227340921759605
0.015998244285583496
-0.02449731156229973
0.009024650789797306
-0.010159141384065151
-0.0009950831299647689
0.011376956477761269
0.018779989331960678
0.014421493746340275
-0.00415979977697134
0.01238325610756874
-0.009531005285680294
-0.03909827023744583
-0.04368751123547554
-0.018190311267971992
0.021536096930503845
0.008749039843678474
0.00988353043794632
-0.029150646179914474
-0.005557082127779722
0.014344579540193081
-0.0005828686989843845
0.005076366011053324
0.011530785821378231
-0.014024101197719574
0.003852141322568059
-0.015498298220336437
0.02057466469705105
0.015613670460879803
0.010691134259104729
-0.025599753484129906
0.012780648656189442
0.0016192132607102394
0.028381500393152237
-0.023574335500597954
-0.032175954431295395
0.006303795147687197
0.00041301557212136686
-0.03276563435792923
0.0007250806665979326
-0.04073911905288696
-0.0009077528957277536
-0.010383475571870804
-0.004803959745913744
0.027791820466518402
-0.03958539664745331
-0.006214061286300421
0.03389371559023857
-0.009428451769053936
-0.004496301058679819
0.015113725326955318
-0.017177602276206017
0.0009285839623771608
-0.009479728527367115
-0.011620519682765007
-0.01593414880335331
0.0314837247133255
0.0005339958588592708
0.005845512263476849
0.010396294295787811
0.022189872339367867
0.029253199696540833
-0.02817639335989952
-0.0017193625681102276
-0.005723730660974979
-0.015165002085268497
-0.0156521275639534
0.007114603649824858
-0.005348771810531616
0.0011024430859833956
0.004329652991145849
-0.019062010571360588
0.009281032718718052
0.01548547949641943
-0.028048202395439148
-0.02613815665245056
0.015306011773645878
0.0250613521784544
-0.02066439762711525
-0.02349742129445076
0.018549246713519096
0.015190640464425087
0.028689159080386162
0.021830936893820763
0.00479755038395524
0.008383695036172867
0.01839541643857956
-0.028535328805446625
0.016177712008357048
0.009877121075987816
0.0011529183248057961
-0.0034579536877572536
0.0025862546171993017
0.0021359834354370832
0.0021696335170418024
0.0014365409733727574
-0.010716772638261318
-0.014588141813874245
0.0010327391792088747
0.015895690768957138
0.009454090148210526
0.022253967821598053
0.009825844317674637
-0.0031775357201695442
0.012005092576146126
0.009659196250140667
0.024561407044529915
0.03735487535595894
-0.023843536153435707
0.03035564161837101
-0.005492986645549536
0.025586934760212898
0.009486137889325619
-0.0045251441188156605
-0.020536206662654877
-0.021920669823884964
0.0057205259799957275
0.006512105464935303
0.01470351405441761
0.015972604975104332
-0.022446254268288612
0.01120389811694622
-0.00046869853395037353
-0.0003889797371812165
-0.0009870710782706738
-0.0003643430245574564
0.032739996910095215
0.011152622289955616
-0.0012314353371039033
-0.00704409833997488
-0.6300846934318542
-0.013293412514030933
0.009043878875672817
-0.015370107255876064
0.02085668407380581
0.015908509492874146
0.03243233636021614
0.011716662906110287
0.006896678823977709
-0.026740653440356255
0.005464143585413694
0.021356629207730293
-0.012934477999806404
-0.02467677742242813
-0.011896129697561264
-0.011761529371142387
0.000806401832960546
-0.03502179682254791
0.008819544687867165
-0.02298465557396412
-0.01844669319689274
0.02147200144827366
0.0032304145861417055
0.005964088719338179
-0.0013564216205850244
-0.0116525674238801
0.011287222616374493
-0.015062449499964714
0.01961323246359825
0.017754461616277695
-0.008915687911212444
0.012037140317261219
0.003941874951124191
0.00815295148640871
0.04850749671459198
0.021382268518209457
-0.02033110149204731
0.01260118093341589
0.02676629275083542
0.014934257604181767
-0.013588251546025276
-0.010537304915487766
0.0005776609177701175
0.005611563567072153
0.031945209950208664
-0.0001307949423789978
0.019561955705285072
-0.002275391248986125
-0.0028041794430464506
0.037611257284879684
-0.014908620156347752
-0.006156375631690025
0.015447022393345833
-0.009986083023250103
0.007197927683591843
-0.012755010277032852
-0.007979893125593662
-0.013652347028255463
0.014665056951344013
0.015229097567498684
0.015139363706111908
-0.0020382378716021776
-0.005614768248051405
-0.028663519769906998
-0.021241258829832077
0.01063985750079155
-0.010101455263793468
-0.02029264345765114
0.017228877171874046
-0.012812696397304535
0.01408819667994976
0.03002234548330307
0.008383695036172867
-0.028919901698827744
0.010043769143521786
0.009037469513714314
0.018946638330817223
0.0030044778250157833
0.017600631341338158
0.004198256880044937
-0.005255833268165588
-0.03238106146454811
-0.01375490054488182
0.01378053892403841
0.018139034509658813
-0.033304035663604736
-0.007345347665250301
-0.026791930198669434
0.004284786060452461
0.028689159080386162
0.0016152072930708528
0.0060121603310108185
0.006755668669939041
-0.028663519769906998
-0.003887393744662404
0.026561187580227852
-0.017844194546341896
-0.015036811120808125
-0.005633996799588203
-0.012062778696417809
0.011139802634716034
-0.009428451769053936
-0.004281581379473209
0.0008015946950763464
0.030176173895597458
0.020625941455364227
0.005569901317358017
0.006460829172283411
0.026561187580227852
-0.007262023165822029
-0.005310314707458019
-0.022753912955522537
0.0005992932128719985
0.005996136460453272
-0.020151633769273758
-0.02175402268767357
0.009370766580104828
-0.011178259737789631
0.0056852735579013824
-0.016382817178964615
0.009659196250140667
0.009287442080676556
0.02217705175280571
0.005496191326528788
-0.024792149662971497
0.012062778696417809
-0.023933270946145058
0.01094110682606697
-0.014395855367183685
-0.01871589384973049
-0.0069479551166296005
-0.0182928629219532
0.01018477976322174
-0.011267993599176407
0.0100245401263237
0.001533485483378172
0.022638540714979172
-0.0011120573617517948
-0.0064416006207466125
0.003566916100680828
0.0006469642394222319
-0.027432886883616447
0.010524485260248184
-0.009082335978746414
-0.04650771617889404
-0.027714906260371208
-0.02571512572467327
0.005220580846071243
-0.03432956337928772
0.03950848430395126
-0.016818666830658913
-0.003807274391874671
-0.044559210538864136
0.004496301058679819
-0.009236165322363377
-0.007902978919446468
-0.01201150193810463
-0.00829396117478609
-0.03222723305225372
-0.016434093937277794
-0.011126983910799026
-0.011671795509755611
-0.045225802809000015
0.009543824009597301
-0.0021808503661304712
0.010652677156031132
0.02789437398314476
-0.00021812508930452168
-0.003656649962067604
-0.04863568767905235
0.011787167750298977
0.03258616477251053
-0.022484710440039635
0.020061900839209557
0.017459621652960777
0.008255504071712494
-0.001394077786244452
0.02884298749268055
-0.0006545755895785987
-0.007345347665250301
-0.005063546821475029
0.020228547975420952
-0.007947845384478569
0.0045315539464354515
-0.005566696636378765
0.02013881504535675
0.0010103057138621807
0.02335640974342823
0.0035412779543548822
0.005419277120381594
-0.0037079262547194958
0.013870271854102612
-0.007319709286093712
0.01848514936864376
-0.00834523793309927
0.008306780830025673
-0.008819544687867165
0.010018130764365196
-0.0033105339389294386
0.006556972395628691
0.026279166340827942
-0.006473648361861706
0.019587593153119087
-0.0113000413402915
-0.01073600072413683
0.012101235799491405
-0.010069407522678375
-0.017241697758436203
0.055429812520742416
0.009011831134557724
0.014203568920493126
-0.016421273350715637
-0.0066146585159003735
-0.008941326290369034
0.003361810464411974
0.04084166884422302
-0.017472440376877785
0.008351647295057774
0.007088965270668268
0.008543933741748333
0.0036886977031826973
-0.008383695036172867
0.01333186961710453
-0.018421053886413574
-0.010851372964680195
0.021869394928216934
0.002970827743411064
0.00418543815612793
-0.004429000895470381
-0.010511666536331177
0.006021774839609861
-0.0011977851390838623
-0.011460280045866966
0.020690036937594414
0.02008753828704357
0.010742410086095333
0.03473977744579315
-0.02133099175989628
0.029714686796069145
-0.023753803223371506
0.02534337155520916
0.04691792652010918
0.0069030881859362125
-0.019356848672032356
0.0208438653498888
0.005451324861496687
0.007422262337058783
0.0010207212762907147
-0.011479509063065052
0.023279495537281036
-0.022959018126130104
0.010011721402406693
-0.038944441825151443
-0.02013881504535675
-0.009063107892870903
-0.031073512509465218
-0.0004068062989972532
0.031227340921759605
-0.0064800577238202095
0.02845841459929943
-0.0027817459776997566
0.01451122760772705
0.006204447243362665
0.010755229741334915
0.00969124399125576
-0.0009774568025022745
-0.0116525674238801
-0.015088086947798729
-0.026586825028061867
-0.019831156358122826
0.0004851230187341571
-0.007909388281404972
0.0017417959170415998
0.023317953571677208
0.001164936227723956
0.0011849660659208894
0.013242135755717754
-0.018280044198036194
-0.0029996708035469055
0.010928287170827389
-0.04284144937992096
-0.02633044309914112
0.023805079981684685
0.02179247885942459
-0.010678314603865147
-0.01063985750079155
-0.014203568920493126
-0.0036181926261633635
-0.022587263956665993
-0.0013980837538838387
0.006851811893284321
-0.0012082007015123963
0.022279605269432068
0.0018779989331960678
-0.011409004218876362
-0.0017850605072453618
0.036380622535943985
-0.007890159264206886
-0.0062653380446136
-0.01456250436604023
0.0189979150891304
-0.013677985407412052
-0.02827894687652588
0.015998244285583496
0.055429812520742416
0.035380732268095016
-0.025830497965216637
0.015716223046183586
0.013293412514030933
-0.031791381537914276
0.0014020897215232253
-0.0021696335170418024
-0.0045283492654562
0.005967293865978718
0.015395745635032654
0.008716992102563381
0.03568838909268379
0.006297385785728693
0.0189979150891304
-0.0020414425525814295
6.079060403862968e-05
-0.014472770504653454
-0.013857453130185604
0.012716553173959255
0.04712303355336189
0.001519064069725573
-0.004932150710374117
0.03379116207361221
-0.02052338793873787
-0.018523607403039932
0.001703338697552681
-0.038893166929483414
0.012703733518719673
0.01127440296113491
0.013883091509342194
-0.0009926795028150082
0.006563382223248482
0.0045700110495090485
0.022112956270575523
0.02661246247589588
0.005903197918087244
-0.0021872599609196186
0.029714686796069145
-0.0032977149821817875
0.020036261528730392
0.0006629881099797785
-0.002342691645026207
0.01335750799626112
0.010973154567182064
0.012415303848683834
0.06337765604257584
0.03607296198606491
-0.004839212168008089
-0.008761858567595482
0.0061083040200173855
-1.77764941327041e-05
0.026061242446303368
0.010992382653057575
-0.045559100806713104
0.002150404965505004
0.0026936144568026066
0.012985753826797009
0.004201462026685476
0.02198476530611515
0.02812511846423149
0.014626599848270416
0.00936435628682375
0.0013428012607619166
0.006319819018244743
-0.028971178457140923
0.006550563033670187
0.01250503771007061
0.0017882651882246137
0.004076475743204355
-0.00036854928475804627
0.025510020554065704
-0.012126874178647995
0.01375490054488182
0.03209904208779335
-0.00012508642976172268
-0.00011917762458324432
0.004957789089530706
-0.00922334659844637
-0.03304765373468399
-0.013139583170413971
-0.0328938253223896
0.018087757751345634
-0.02861224301159382
0.009351537562906742
-0.019779879599809647
-0.022818008437752724
-0.014806066639721394
-0.030330004170536995
0.0156521275639534
0.01489580050110817
-0.04302091896533966
-0.03691902384161949
-0.015908509492874146
0.008332418277859688
0.02571512572467327
0.020869504660367966
0.001818710588850081
-0.008172179572284222
0.0263817198574543
-0.0005492185591720045
-0.024458853527903557
-0.00983225367963314
-0.028073841705918312
-0.015498298220336437
0.020779769867658615
-0.012876791879534721
-0.009768158197402954
0.011908949352800846
0.008896458894014359
-0.009313080459833145
-0.011344908736646175
0.0009542221669107676
-0.006390324328094721
-0.019138924777507782
0.031176064163446426
0.004720635712146759
0.010607809759676456
0.016190530732274055
-0.012139692902565002
-0.0056275874376297
-0.018280044198036194
-0.016254626214504242
-0.0087041724473238
0.0066595254465937614
0.013421603478491306
-0.01725451648235321
0.0016055930173024535
-0.011530785821378231
-0.010588581673800945
0.008813135325908661
-0.01934402994811535
0.0022625720594078302
0.011357727460563183
-0.0025189542211592197
0.02497161738574505
-0.0010375463170930743
0.030381280928850174
0.011357727460563183
-0.019536316394805908
-0.02397172711789608
-0.02922756038606167
-0.010107864625751972
-0.002318655839189887
-0.03309893235564232
-0.007967074401676655
-0.00548337260261178
-0.02104897052049637
0.01862616091966629
0.0013347893254831433
-0.007781197316944599
0.016011063009500504
-0.025586934760212898
-0.016908399760723114
0.0035861448850482702
9.544225031277165e-05
-0.020267006009817123
0.004653335548937321
-0.0008596812840551138
-0.004579625558108091
-0.0004719033313449472
0.00983225367963314
0.019818337634205818
-0.027586715295910835
0.04204666614532471
-0.03304765373468399
-0.015716223046183586
0.017613451927900314
-0.014588141813874245
0.0378163605928421
0.0033906535245478153
-0.00023575135855935514
-0.006883859634399414
0.009684834629297256
-0.024561407044529915
-0.016228986904025078
0.0017257720464840531
-0.024420395493507385
0.003922646399587393
0.015805957838892937
0.026125337928533554
-0.00971688237041235
-0.013677985407412052
0.0033810390159487724
0.0034964110236614943
-0.01274219062179327
0.001474998309276998
-0.03381679952144623
-0.03563711419701576
0.015588032081723213
0.02104897052049637
0.013806176371872425
0.005617972929030657
-0.019279934465885162
-0.018805628642439842
0.05078929662704468
-0.018690256401896477
-0.024740872904658318
-0.007742739748209715
-0.0032416314352303743
-0.008832363411784172
-0.0037079262547194958
-0.024433216080069542
0.0061467611230909824
-0.030894044786691666
-0.002478894544765353
0.03384243696928024
-0.0087041724473238
-0.003614987712353468
0.004973812960088253
0.04496942088007927
-0.00555387744680047
0.024292204529047012
0.010069407522678375
-0.00430401461198926
0.018408235162496567
0.006073051132261753
-0.02363843098282814
0.011780758388340473
0.010825734585523605
-0.017998024821281433
-0.013004982843995094
-0.01551111787557602
-0.000971047265920788
-0.01354979444295168
-0.004300809931010008
-0.012844744138419628
-0.015613670460879803
0.018779989331960678
-0.02217705175280571
-0.019984984770417213
-0.014600961469113827
0.008819544687867165
-0.009941216558218002
0.012819105759263039
-0.007486357819288969
0.011774348095059395
0.012870381586253643
-0.019741423428058624
-0.0009125600918196142
-0.015113725326955318
-0.0308684054762125
0.026689378544688225
-0.004041222855448723
0.046071864664554596
0.0351756252348423
0.01430612150579691
-0.01938248798251152
-0.012133283540606499
0.015165002085268497
-0.022061681374907494
0.020779769867658615
-0.0021792480256408453
0.005537853576242924
-0.015177820809185505
0.0012266281992197037
0.01994652859866619
-0.019087648019194603
-0.010768048465251923
0.007467128802090883
0.012735781259834766
0.01309471670538187
-0.004986632149666548
0.02131817303597927
-0.017998024821281433
0.028945541009306908
-0.006448009982705116
0.009018240496516228
-0.017844194546341896
-0.01948503963649273
-0.010825734585523605
0.049609940499067307
0.004957789089530706
0.023343591019511223
0.02372816391289234
-0.00853752437978983
-0.018280044198036194
-0.006198037415742874
-0.023087209090590477
0.0026487477589398623
0.012267883867025375
0.009537414647638798
-0.004140571225434542
0.003887393744662404
-0.00900542177259922
-0.025792039930820465
0.026279166340827942
-0.010998792946338654
0.017946748062968254
0.022946199402213097
-0.0035540969111025333
0.004880874417722225
0.04017507657408714
0.01335750799626112
-0.006066641770303249
0.020228547975420952
0.008197817951440811
-0.030509471893310547
0.01184485387057066
-0.003095814026892185
-0.017318611964583397
0.015075268223881721
-0.03653445094823837
-0.0282276701182127
-0.006710801739245653
-0.02618943341076374
-0.0007707487093284726
-0.009768158197402954
0.022356519475579262
0.007024869788438082
-0.009601510129868984
0.002776938723400235
-0.011030840687453747
0.007024869788438082
0.00829396117478609
0.004079680424183607
0.008178588934242725
0.01702377200126648
-0.032355424016714096
-0.014318941161036491
-0.013242135755717754
0.0207541324198246
0.012569133192300797
0.03484232723712921
-0.00020099956600461155
-0.026535548269748688
0.027304694056510925
0.006672344636172056
-0.016536645591259003
-0.01663919910788536
0.007114603649824858
0.0024164014030247927
-0.019638869911432266
-0.00333937699906528
0.00733893783763051
-0.023151304572820663
0.014408675022423267
-0.005089184734970331
-0.007947845384478569
-0.008800315670669079
-0.013626709580421448
-0.01890818029642105
0.007749149110168219
-0.023753803223371506
0.026458634063601494
-0.006646706257015467
0.012062778696417809
-0.019074829295277596
-0.02089514210820198
-0.009216937236487865
0.010357837192714214
0.010877011343836784
-0.023843536153435707
0.00756327249109745
-0.010383475571870804
-0.01867743767797947
-0.010216827504336834
-0.010537304915487766
-0.007832473143935204
-0.00265355478040874
0.006755668669939041
0.0010046974057331681
-0.0030685733072459698
0.02103615179657936
-0.010985973291099072
0.0014341374626383185
-0.02997106872498989
-0.013716443441808224
-0.019420944154262543
-0.0008508681203238666
-0.03909827023744583
0.028150755912065506
-0.0005572304944507778
-0.0031855476554483175
-0.028945541009306908
-0.004662949591875076
-0.020164452493190765
-0.0017930724425241351
-0.0016039905603975058
0.027996927499771118
0.01919020153582096
-0.00528467632830143
0.009537414647638798
0.04504633694887161
-0.013370326720178127
0.011120574548840523
-0.027637992054224014
-0.012306340970098972
-0.021266896277666092
-0.007800425868481398
-0.003336172318086028
0.004666154272854328
-0.027304694056510925
-0.020972056314349174
0.04781526327133179
0.009678424336016178
0.017100686207413673
0.014716332778334618
-0.0005295893060974777
-0.016472550109028816
0.019497860223054886
0.010088636539876461
0.012594771571457386
0.012139692902565002
-0.005025089252740145
-0.01548547949641943
0.000623729603830725
0.009748930111527443
-0.005816669203341007
-0.045456547290086746
0.0062268804758787155
0.033688608556985855
-0.012229426763951778
0.02108742855489254
-0.0015719428192824125
0.002502930350601673
-0.0113000413402915
-0.020125996321439743
0.00445463927462697
-0.014203568920493126
-0.00026038807118311524
0.0207541324198246
-0.004733454901725054
-0.010396294295787811
-0.007249204441905022
0.012190969660878181
-0.025471562519669533
-0.013152401894330978
0.007653005886822939
-0.007697872817516327
0.026561187580227852
-0.006114713381975889
-0.021343810483813286
-0.02108742855489254
-0.04422591254115105
-0.014280484057962894
0.004678973462432623
-0.014921438880264759
-0.0011569242924451828
0.02024136856198311
-0.0006653916789218783
0.014101016335189342
-0.0035861448850482702
-0.0027032289654016495
-0.017908290028572083
-0.03204776346683502
-0.003238426521420479
-0.03322712332010269
-0.014806066639721394
0.000566043658182025
-0.014165111817419529
0.0182928629219532
-0.008595210500061512
-0.004848826676607132
-0.017267335206270218
0.006345457397401333
0.20828482508659363
-0.00012408493785187602
0.009210526943206787
0.01545984111726284
0.003342581680044532
0.009742519818246365
0.04548218846321106
-0.0016552669694647193
-0.0038585506845265627
0.007973483763635159
-0.0061018941923975945
-0.026125337928533554
-0.02160019241273403
0.003938670270144939
0.0035637114197015762
-0.021523278206586838
-0.0464308001101017
-0.003993151243776083
0.02057466469705105
-0.003839322132989764
0.010159141384065151
0.021407905966043472
0.011383365839719772
-0.018331320956349373
0.0020622736774384975
0.022664178162813187
-0.001040751114487648
0.006723620928823948
0.00867853406816721
0.00756327249109745
-0.008858001790940762
0.015908509492874146
0.0024997256696224213
0.029201922938227654
-0.014062559232115746
0.003039730479940772
0.03432956337928772
-0.024317843839526176
0.003970718011260033
-0.0030926091130822897
0.03225287050008774
-0.03532945364713669
-0.0014229207299649715
-0.02349742129445076
-0.0063166143372654915
0.05296854302287102
0.0040572467260062695
-0.022612901404500008
0.015472660772502422
-0.002228921977803111
-0.024087099358439445
0.037893276661634445
0.020010624080896378
0.019023552536964417
0.017421163618564606
0.020792588591575623
-0.004864850547164679
-3.570321132428944e-05
0.007774787489324808
-0.00262951897457242
-0.0018763965927064419
0.015408565290272236
-0.008197817951440811
0.02766362950205803
-0.009332308545708656
0.00995403528213501
-0.036047324538230896
-0.007620958145707846
0.006111508700996637
-0.026509910821914673
0.019356848672032356
-0.017600631341338158
-0.0055506727658212185
0.015562394633889198
-0.032842546701431274
-0.02534337155520916
0.020125996321439743
0.02297183685004711
0.015998244285583496
0.02061312086880207
-0.014229207299649715
0.013665166683495045
-0.03232978284358978
0.003579735290259123
0.0005640406743623316
-0.0075504533015191555
0.017344249412417412
-0.00242281099781394
0.010729591362178326
-0.028868624940514565
-0.0033778343349695206
-0.008281142450869083
-0.004336062353104353
-0.003236824180930853
-0.000971047265920788
0.018126215785741806
0.007255613803863525
0.005723730660974979
-0.017036590725183487
-0.004960993770509958
-0.024894703179597855
0.03404754400253296
0.025612572208046913
0.013690805062651634
-0.02024136856198311
0.0029003226663917303
-0.010268103331327438
-0.0104219326749444
-0.007005641236901283
-0.040354546159505844
0.010415523312985897
0.0015599249163642526
-0.0006553767598234117
-0.024035822600126266
-0.015177820809185505
0.0032560527324676514
-0.009851482696831226
-0.0032416314352303743
0.026971397921442986
0.016369998455047607
-0.009838663972914219
-0.00046228899736888707
-0.006185218226164579
-0.0016728932969272137
-0.014947077259421349
-0.004268762189894915
-0.05073802173137665
0.017523717135190964
-0.02203604206442833
0.013716443441808224
0.0012442544102668762
-0.026535548269748688
0.042585067451000214
0.014626599848270416
-0.01120389811694622
0.009607919491827488
-0.0034483394119888544
0.0011008407454937696
0.012569133192300797
0.006730030290782452
0.021959127858281136
-0.010934697464108467
-0.015472660772502422
0.0037111311685293913
0.011550013907253742
-0.012351208366453648
0.0023507035803049803
-0.0009269815636798739
-0.02089514210820198
-0.007524814922362566
-0.0032560527324676514
-0.04245687648653984
-0.0019084443338215351
-0.020125996321439743
0.012306340970098972
0.012556313537061214
-0.024228109046816826
-0.011030840687453747
0.027150865644216537
0.009338718838989735
-0.03507307171821594
0.012088416144251823
0.013575432822108269
-0.012158921919763088
-0.01018477976322174
0.008133722469210625
-0.1591620147228241
0.009114383719861507
0.021779660135507584
0.000354528398020193
-0.00386496027931571
-0.007973483763635159
0.019267115741968155
0.017946748062968254
-0.004076475743204355
-0.020779769867658615
0.004146980587393045
-0.0047494787722826
-0.023702526465058327
-0.048353664577007294
-0.01778009906411171
-0.018408235162496567
-0.030201813206076622
-0.0037688170559704304
0.03579094260931015
-0.00697359349578619
0.017510898411273956
-0.011812806129455566
-0.01824158802628517
-0.014229207299649715
0.031560637056827545
-0.007999122142791748
-0.028150755912065506
-0.01551111787557602
-0.0032496433705091476
-0.0013972824672237039
0.017549356445670128
0.013120354153215885
0.04161081835627556
0.0007318907883018255
0.008550343103706837
-0.00042703645885922015
-0.006691573187708855
0.0034803871531039476
-0.015241916291415691
0.029330113902688026
0.0018251201836392283
0.009454090148210526
0.004996246192604303
0.005916017107665539
0.02884298749268055
0.005175713915377855
0.030330004170536995
-0.005569901317358017
0.02618943341076374
-0.01848514936864376
0.03417573496699333
-0.003784840926527977
0.0019356849370524287
0.0010159141384065151
0.01616489142179489
0.013767719268798828
0.01411383505910635
-0.001930877799168229
-0.020497750490903854
-0.008114493452012539
-0.004855236038565636
0.009377175942063332
-0.006111508700996637
0.013293412514030933
0.014959895983338356
-0.008832363411784172
-0.015575213357806206
0.023856354877352715
-0.03350914269685745
0.019279934465885162
0.016677657142281532
-0.03835476562380791
0.005871150176972151
-0.011735890991985798
0.007422262337058783
0.012344799004495144
-0.008326008915901184
0.03561147674918175
0.002778541063889861
-0.005198147147893906
-0.029996706172823906
0.043610598891973495
-0.006845402531325817
-0.011620519682765007
-0.01127440296113491
-0.017036590725183487
-0.007024869788438082
0.0011521171545609832
0.0233051348477602
0.01683148555457592
0.011742300353944302
-0.04989195987582207
0.000588477065321058
-0.014459950849413872
-0.0020077924709767103
0.029714686796069145
0.020010624080896378
-0.010896239429712296
0.001374047831632197
0.014267664402723312
0.012684505432844162
0.01529319304972887
-0.018985094502568245
0.0032288122456520796
0.02509980835020542
0.0026679763104766607
0.014600961469113827
-0.00926821306347847
0.007454310078173876
-0.007197927683591843
-0.02761235274374485
0.006736440118402243
0.020113177597522736
0.011280813254415989
0.0016504598315805197
0.0027609148528426886
-0.010524485260248184
-0.0014830102445557714
0.02321540005505085
-0.00592242693528533
0.061634261161088943
-0.012415303848683834
0.012524265795946121
0.018613342195749283
-0.006403143052011728
-0.019549135118722916
-0.10357837378978729
-0.027766183018684387
0.011812806129455566
0.010197598487138748
-0.00985789205878973
0.002616700017824769
0.0009678424685262144
0.031227340921759605
0.01184485387057066
0.0091015649959445
-0.028381500393152237
-0.009998902678489685
-0.02108742855489254
0.023510240018367767
-0.001956515945494175
0.01063985750079155
0.00015292792522814125
-0.0017930724425241351
-0.043431129306554794
0.022433435544371605
0.014857343398034573
0.02922756038606167
-0.007935026660561562
-0.011069297790527344
-0.01375490054488182
0.010242464952170849
-0.04561037942767143
0.01475479081273079
0.0151265449821949
-0.012242245487868786
-0.020356738939881325
-0.02388199418783188
0.0010567749850451946
-0.008358056657016277
0.03315020725131035
-0.01254990417510271
0.00023274688282981515
-0.023574335500597954
0.03735487535595894
-0.019164562225341797
0.007999122142791748
0.022600082680583
0.015664946287870407
-0.017895471304655075
0.014421493746340275
-0.014331759884953499
-0.011248765513300896
0.009114383719861507
0.005932040978223085
-0.021292533725500107
-0.022869285196065903
-0.0030237066093832254
-0.042995281517505646
-0.0016408455558121204
0.03125298023223877
0.026356080546975136
-0.01711350679397583
-0.022138595581054688
-0.042149219661951065
-0.01801084354519844
-0.002599073573946953
-0.012979344464838505
-0.01815185323357582
0.020587483420968056
0.019869614392518997
-0.015613670460879803
-0.019831156358122826
-0.037611257284879684
0.008422152139246464
0.007447900250554085
0.009486137889325619
0.006806944962590933
-0.005178918596357107
-0.008691353723406792
-0.023612791672348976
0.026561187580227852
0.0025558092165738344
-0.011030840687453747
0.0007819654420018196
0.006512105464935303
0.0020879118237644434
-0.004586034920066595
-0.02274109423160553
-0.020741313695907593
0.018754351884126663
0.009806616231799126
0.018933819606900215
0.008845183067023754
0.008787496946752071
-0.025920230895280838
0.008261913433670998
0.01467787567526102
0.014818886294960976
-0.002664771629497409
0.0013860657345503569
-0.0014469565358012915
-0.004079680424183607
-0.02940702810883522
-0.0168827623128891
0.029201922938227654
-0.01588287204504013
-0.00459885410964489
-0.055583640933036804
0.023958908393979073
0.01783137582242489
-0.003948284313082695
0.013030621223151684
0.007012050598859787
0.028817350044846535
-0.016139253973960876
0.00638391450047493
0.015165002085268497
-0.009466909803450108
0.005509010516107082
-0.015241916291415691
-0.01243453286588192
-0.02861224301159382
-0.04048273712396622
0.027458524331450462
0.009428451769053936
0.013056258670985699
-2.0993789803469554e-05
0.018459511920809746
-0.008454199880361557
0.00978738721460104
0.017549356445670128
-0.005941655486822128
0.017177602276206017
-0.012684505432844162
-0.014331759884953499
-0.010274512693285942
0.00479755038395524
0.012101235799491405
-0.013677985407412052
-0.010607809759676456
0.007447900250554085
-0.01028092298656702
-0.0055506727658212185
0.020831046625971794
0.04061092808842659
0.013280593790113926
0.033124569803476334
0.004464253317564726
-0.01938248798251152
0.04261070862412453
-0.012165331281721592
-0.030227450653910637
-0.004819983616471291
-0.007133832201361656
0.0056404066272079945
0.007800425868481398
-0.009107974357903004
0.03830348700284958
0.026561187580227852
-0.004957789089530706
-0.016754571348428726
-0.0005904800491407514
0.0035540969111025333
0.023433325812220573
-0.0025814473628997803
0.00013930762361269444
-0.0048295981250703335
0.04443101957440376
-0.008915687911212444
-0.012569133192300797
-0.0017450007144361734
-0.013844634406268597
-0.004608468618243933
-0.01194099709391594
0.0037079262547194958
-0.011614109389483929
-0.014767609536647797
0.0005171708180569112
0.015498298220336437
-0.007909388281404972
0.008800315670669079
0.03456030786037445
-0.02316412329673767
0.027637992054224014
-0.010755229741334915
-0.005976907908916473
0.02249753102660179
-0.008332418277859688
-0.0018972276011481881
-0.034303925931453705
0.024035822600126266
0.025548476725816727
-0.00765941571444273
-0.016100795939564705
0.013229317031800747
-0.030458195134997368
0.01194099709391594
-0.0041085234843194485
0.011069297790527344
0.00016845106438267976
0.011402594856917858
-0.0026936144568026066
0.005134051665663719
-0.0008965362212620676
-0.015203459188342094
0.028868624940514565
0.0029532015323638916
0.03927773982286453
-0.01231275126338005
0.009389994665980339
-0.02179247885942459
-0.005406457930803299
0.028714796528220177
-0.035201262682676315
-0.03540636971592903
-0.011223127134144306
0.026740653440356255
0.029278837144374847
-0.014741971157491207
0.025894593447446823
0.0024067871272563934
-0.015408565290272236
-0.0010071010328829288
0.007313299924135208
-0.020446473732590675
-0.026971397921442986
0.015895690768957138
-0.02298465557396412
0.033124569803476334
0.013229317031800747
-0.0028538533952087164
0.007050508167594671
0.013601071201264858
0.03125298023223877
0.0031374760437756777
0.001805891515687108
-0.0017001339001581073
-0.02709958888590336
-0.0058487169444561005
-0.029817240312695503
-0.015523936599493027
-0.01378053892403841
-0.006704392377287149
0.038739338517189026
0.019369669258594513
-0.022920560091733932
0.07573527842760086
0.002525363815948367
-0.02472805418074131
0.009607919491827488
0.0015607260866090655
0.02188221365213394
0.0023731368128210306
-0.00391303189098835
-0.007249204441905022
-0.004618082661181688
0.002413196722045541
-0.01352415606379509
-0.006832583341747522
-0.035432007163763046
-0.022241149097681046
-0.0078260637819767
-0.02585613541305065
0.02738161012530327
-0.020690036937594414
0.006742849480360746
0.04348240792751312
-0.0017514103092253208
-0.011473099701106548
-0.012126874178647995
-0.011755120009183884
0.01716478168964386
0.03215031698346138
-0.02236934006214142
4.041022839373909e-05
-0.04225177317857742
-0.003361810464411974
-0.0013692406937479973
-0.03399626910686493
-0.02922756038606167
0.016434093937277794
-0.007313299924135208
0.0032977149821817875
-0.027432886883616447
-0.007422262337058783
-0.002275391248986125
0.007012050598859787
0.009415633045136929
-0.02548438124358654
-0.02501007542014122
-0.01730579324066639
0.016652017831802368
-0.02940702810883522
0.012357617728412151
-0.02113870531320572
