-0.0013218980748206377
-0.020398186519742012
0.01209229975938797
-0.01879183016717434
-0.03679322823882103
0.010211842134594917
-0.03771114721894264
-0.00747083593159914
-0.026492144912481308
-0.02906741574406624
-0.004471665248274803
-0.012500263750553131
-0.002371289301663637
0.011983934789896011
0.00029680956504307687
0.018983062356710434
0.0434226393699646
-0.007948918268084526
0.017631683498620987
-0.005947346333414316
-0.014240484684705734
-0.01265962515026331
-0.00014252834080252796
-0.008197521790862083
-0.015617362223565578
0.027920018881559372
0.0022326454054564238
-0.026543140411376953
-0.0022023667115718126
-0.004870067350566387
0.010995897464454174
0.0033975730184465647
-0.022042790427803993
-0.011142509989440441
-0.006814269348978996
0.005928223021328449
0.0047043319791555405
0.015260393731296062
0.029755854979157448
0.018740834668278694
0.02542124129831791
-0.01614006608724594
-0.002449376042932272
-0.008477996103465557
-0.012863606214523315
0.01944202184677124
-0.015923334285616875
-0.016790257766842842
-0.04250472038984299
0.01288272999227047
9.89033214864321e-05
0.03771114721894264
-0.005290779750794172
-0.01380702294409275
-0.013845269568264484
-0.015260393731296062
-0.027945516631007195
-0.003120285226032138
-0.013679534196853638
-0.01463569886982441
0.008573613129556179
-0.007579201366752386
-0.021073877811431885
0.024273842573165894
0.014457214623689651
0.020053967833518982
-0.021175866946578026
0.00027927986229769886
-0.021889803931117058
0.01112976111471653
0.015719352290034294
0.018842825666069984
0.012372775003314018
-0.021520087495446205
0.03228013217449188
-0.0013027748791500926
-0.045054495334625244
-0.040821872651576996
0.011308244429528713
0.01380702294409275
-0.0026469833683222532
0.015821343287825584
-0.02995983697474003
0.0013983913231641054
0.008815841749310493
0.01638229377567768
0.002015914535149932
0.028022009879350662
0.025408491492271423
0.0004195173969492316
-0.015821343287825584
0.012493889778852463
0.019556762650609016
0.02126511000096798
-0.02919490449130535
0.02074240706861019
-0.009956864640116692
0.017529692500829697
-0.02373838983476162
-0.03294307366013527
0.015081909485161304
-0.0018836450763046741
-0.04275969788432121
-0.005341775249689817
-0.020219702273607254
0.0063170637004077435
-0.011607843451201916
0.011569596827030182
-0.005912287160754204
-0.024133604019880295
-0.000897998281288892
0.04094935953617096
-0.004277244675904512
-0.013010218739509583
0.0176189336925745
-0.022106535732746124
-0.002650170587003231
0.002411129418760538
-0.014559205621480942
-0.015642859041690826
0.008388753980398178
0.010415824130177498
0.01686675101518631
0.01023733988404274
0.012525761500000954
0.006776022724807262
-0.03301956504583359
0.003751354059204459
-0.018536852672696114
-0.023024452850222588
-0.015145653858780861
-0.001168911694549024
-0.00011175178951816633
-0.011805450543761253
-0.0033338286448270082
-0.019148798659443855
-0.0016398229636251926
0.023164691403508186
-0.0225017499178648
-0.030750267207622528
0.026339158415794373
0.012704245746135712
-0.021137621253728867
-0.013220574706792831
-0.0036238653119653463
-0.003101161913946271
0.032101646065711975
0.025293752551078796
0.011301870457828045
0.012404647655785084
0.008528991602361202
-0.033580515533685684
0.011537724174559116
-0.012022181414067745
0.0024987778160721064
-0.018256377428770065
-0.0052939667366445065
0.00019143220561090857
0.0030214814469218254
0.0032732714898884296
-0.01399825606495142
-0.01658627577126026
0.0016119348583742976
0.015107407234609127
0.012927350588142872
0.017389453947544098
0.019633254036307335
0.013564794324338436
-0.0007318646530620754
0.0006354513461701572
0.03342752903699875
0.0329175740480423
-0.019352780655026436
0.022552745416760445
0.0004995962372049689
0.020449182018637657
0.027231579646468163
0.0220810379832983
-0.01566835679113865
0.0012653250014409423
-0.0056254374794662
0.009880371391773224
0.014087498188018799
0.0005203131004236639
-0.028455471619963646
0.007311474997550249
0.010683550499379635
0.011671587824821472
-0.01063255500048399
0.0006231008446775377
0.014903425239026546
0.014979918487370014
-0.004277244675904512
0.0177591722458601
-0.6307119131088257
-0.007923420518636703
0.021239612251520157
-0.03342752903699875
0.024159101769328117
0.005612688604742289
0.01021821703761816
0.007821429520845413
-0.007693941239267588
-0.015999827533960342
-0.017083480954170227
0.03314705565571785
-0.004111509770154953
-0.014227735809981823
-0.01964600384235382
-0.02061491832137108
0.011238126084208488
-0.028710447251796722
0.0008756878087297082
-0.01759343594312668
-0.02916940674185753
0.009313046932220459
0.004446167498826981
0.014673945493996143
-0.003936212509870529
-0.022425256669521332
0.0017561564454808831
-0.024120856076478958
-0.0043951719999313354
-0.0033115181140601635
-0.013284319080412388
0.00786605104804039
0.013348063454031944
0.009682764299213886
0.05533008277416229
0.022514499723911285
-0.032203637063503265
0.007247730623930693
0.017567938193678856
0.022183028981089592
-0.005622250493615866
0.00597603153437376
0.022004544734954834
0.01066442672163248
0.03916452080011368
0.007693941239267588
0.023406919091939926
-0.018702587112784386
0.004423856735229492
0.02741006389260292
-0.01193931419402361
-0.00294180097989738
0.020347191020846367
-0.020155958831310272
0.0008533772779628634
-0.017835665494203568
0.0035505595151335
0.00547882542014122
0.015273142606019974
0.026441149413585663
0.007585575804114342
0.006693155039101839
-0.024898536503314972
-0.03602829948067665
-0.008854088373482227
0.015107407234609127
-0.010906655341386795
-0.02260374091565609
0.008012662641704082
-0.02998533472418785
0.014469963498413563
0.03702270984649658
-0.0035441850777715445
-0.018842825666069984
0.005552131682634354
0.0005071658524684608
0.016994239762425423
-0.007795932237058878
-0.014661196619272232
0.006610287353396416
-0.007534580305218697
-0.025880198925733566
-0.021481839939951897
0.015783097594976425
0.007177611812949181
-0.044085580855607986
-0.003046979196369648
-0.023126443848013878
-0.010192719288170338
0.026237167418003082
0.026237167418003082
0.022412508726119995
-0.0012358432868495584
-0.00761744799092412
-0.0022087411489337683
0.03531436249613762
-0.008427000604569912
0.006948132533580065
-0.008720224723219872
-0.011620592325925827
0.0069353836588561535
-0.018409363925457
-0.02456706576049328
-0.004289993550628424
0.014903425239026546
0.004031829070299864
0.008012662641704082
-0.0010358454892411828
0.0386800616979599
-0.021520087495446205
-0.005099546629935503
-0.027639543637633324
-0.008497119881212711
0.0020445995032787323
-0.026951104402542114
-0.024783797562122345
0.0112508749589324
0.014699443243443966
0.016101818531751633
-5.9561112720984966e-05
0.012946474365890026
-0.0014948046300560236
0.014125744812190533
0.0031967784743756056
-0.02345791459083557
0.015706604346632957
-0.030903253704309464
0.00522066093981266
-0.004025454632937908
-0.010383952409029007
-0.00645730085670948
-0.022106535732746124
0.004105135332792997
-0.0032796459272503853
0.013386310078203678
-0.017325710505247116
0.013934511691331863
-0.006699529476463795
1.612283449503593e-05
-0.02363639883697033
-0.017363956198096275
-0.026186171919107437
0.017491444945335388
-0.0017131289932876825
-0.02641565166413784
-0.022539997473359108
-0.03431994840502739
0.0008597517153248191
-0.04936361312866211
0.028073005378246307
-0.015196649357676506
0.001885238685645163
-0.03623227775096893
-0.008031786419451237
-0.0035409978590905666
-0.011856446042656898
-0.018434861674904823
0.01054331287741661
-0.033096060156822205
-0.007540954742580652
0.010473194532096386
-7.141357491491362e-05
-0.023368673399090767
0.035773321986198425
-0.007132991217076778
0.005166478455066681
0.013022967614233494
0.01978624053299427
-0.008197521790862083
-0.04245372489094734
0.0021306544076651335
0.028633954003453255
-0.019620506092905998
0.014801434241235256
0.03146420419216156
0.01523489598184824
-0.01258950587362051
0.023853130638599396
0.002124279970303178
-2.988015694427304e-05
-0.005733802914619446
0.02848096936941147
-0.011913816444575787
0.00190436199773103
-0.0004972058231942356
0.020041218027472496
-0.0073051005601882935
0.018638843670487404
0.0004561703826766461
0.02019420452415943
-0.0011593500385060906
0.012462017126381397
-0.01380702294409275
0.01958226040005684
-0.009797504171729088
0.004350550938397646
0.0029593307990580797
0.006377620622515678
0.010913030244410038
0.020041218027472496
0.015387882478535175
-0.031107235699892044
0.035467348992824554
-0.0034198835492134094
-0.0056732455268502235
-0.010715422220528126
-0.001160146901383996
-0.013539296574890614
0.04885365813970566
0.006505109369754791
0.004576843231916428
-0.01577034778892994
0.002522682072594762
-0.028073005378246307
-0.0019856360740959644
0.030826760455965996
-0.003317892551422119
0.004803135525435209
-0.009568024426698685
0.018026897683739662
0.002811125246807933
0.006871639285236597
0.018077893182635307
-0.010677175596356392
0.001958544598892331
0.025548730045557022
0.007228607311844826
0.012347277253866196
0.010881157591938972
-0.018524102866649628
0.0014963982393965125
0.015948832035064697
-0.013335314579308033
0.02211928367614746
0.032509610056877136
0.02143084444105625
0.014418967999517918
-0.010670801624655724
0.036053795367479324
-0.015706604346632957
0.026262665167450905
0.0286849495023489
0.004968870896846056
-0.024031614884734154
0.019008560106158257
0.009038946591317654
0.022552745416760445
0.000140635936986655
-0.004509911872446537
0.00850349385291338
-0.0016382293542847037
-0.004299555439502001
-0.01759343594312668
-0.020359940826892853
0.015553617849946022
-0.03470241650938988
-0.006403118371963501
0.037048205733299255
0.004576843231916428
0.019607756286859512
0.002246987773105502
0.016777507960796356
0.007713064551353455
0.008535366505384445
0.009975988417863846
0.020296195521950722
-0.0051027340814471245
0.0013912201393395662
-0.017185471951961517
-0.013552045449614525
-0.00838238000869751
-0.020283447578549385
0.013054839335381985
0.03957248106598854
0.01765718124806881
-0.0034198835492134094
-0.00162309012375772
-0.01434247475117445
0.005612688604742289
0.020053967833518982
-0.031693682074546814
-0.04036291316151619
0.006023839581757784
0.008203895762562752
-0.014673945493996143
-0.011684336699545383
-0.002309138420969248
-0.012551259249448776
-0.027359068393707275
-0.0003137416497338563
-0.007585575804114342
-0.011518601328134537
0.013870767317712307
0.0035569339524954557
-0.00942778680473566
-0.011225377209484577
0.01782291568815708
-0.000707562081515789
-0.011276372708380222
-0.007681192364543676
0.008956079371273518
-0.04023542255163193
-0.0294753797352314
-0.004697957541793585
0.037736646831035614
0.04143381863832474
-0.03271359205245972
0.005446953233331442
0.005459702108055353
-0.024273842573165894
-0.00929392408579588
-0.019709747284650803
-0.001705160946585238
0.004172066692262888
0.0058995382860302925
0.004917875397950411
0.017057983204722404
-0.006929009221494198
0.0497460775077343
-0.0231519415974617
0.008012662641704082
-0.00546926399692893
-0.03771114721894264
0.012697871774435043
0.03743067383766174
-0.0031250659376382828
-0.025102518498897552
0.031515199691057205
-0.023508910089731216
-0.006788771599531174
0.008790343999862671
-0.03256060555577278
0.019900981336832047
0.0005892366752959788
-0.005676432978361845
0.0007139365188777447
0.018766332417726517
-0.0021131245885044336
0.02037268877029419
0.022208526730537415
0.008822215721011162
-0.003531436203047633
0.01796315424144268
0.005558506119996309
0.01186919491738081
-0.006215072702616453
0.006224634125828743
0.012850857339799404
0.01871533691883087
0.006383995059877634
0.05441216379404068
0.036436259746551514
0.002226270968094468
-0.01968424953520298
-0.005297154188156128
0.0007976010092534125
0.024720052257180214
0.01105964183807373
-0.04036291316151619
-0.0007908281404525042
-0.010173595510423183
0.02424834482371807
0.014138493686914444
0.010097102262079716
0.03008732572197914
0.017032485455274582
0.003566495608538389
-0.013437305577099323
0.015120156109333038
-0.021035630255937576
0.007770434487611055
0.005552131682634354
0.00942778680473566
-0.020946389064192772
-0.011193505488336086
0.020155958831310272
-0.002450969535857439
0.0074835848063230515
0.015413380227982998
0.002082846127450466
-0.004892377648502588
0.023037202656269073
-0.005080423317849636
-0.022616488859057426
-0.028531964868307114
-0.0326371006667614
0.012818985618650913
-0.022654736414551735
-0.00019222901028115302
-0.013845269568264484
-0.015451626852154732
-0.007426214870065451
-0.024681806564331055
0.004892377648502588
0.018269125372171402
-0.03827209770679474
-0.04015893116593361
-0.01370503194630146
-0.0014573548687621951
0.027231579646468163
0.018014149740338326
-0.005807108711451292
-0.006839767098426819
0.02860845811665058
-0.005746551789343357
-0.024643559008836746
-0.022680234163999557
-0.014877927489578724
-0.015566366724669933
0.03095424920320511
-0.006307501811534166
-0.013258821330964565
0.01004610676318407
0.02493678405880928
-0.020755155012011528
0.00027429984766058624
0.003572870045900345
-0.01104689296334982
-0.0217113196849823
0.014418967999517918
0.005638186354190111
0.009045320563018322
-0.0005617469432763755
-0.015642859041690826
-0.008994325995445251
-0.00726685393601656
-0.0014493868220597506
-0.015362384729087353
0.007050123531371355
0.017784669995307922
-0.025089770555496216
0.013169579207897186
-0.0004689192574005574
0.0011083546560257673
0.015795845538377762
-0.015413380227982998
0.01593608409166336
0.00547882542014122
-0.0004916281905025244
0.005861291661858559
-0.011856446042656898
0.03638526424765587
0.012742492370307446
-0.005344962235540152
-0.018230879679322243
-0.02700209990143776
0.007706690113991499
0.0020812524016946554
-0.018409363925457
0.0045959665440022945
0.006291565950959921
-0.02019420452415943
0.002178462687879801
-0.002919490449130535
0.001851772889494896
0.019454771652817726
-0.012391898781061172
-0.017644431442022324
0.005864478647708893
-0.0057624876499176025
-0.01693049445748329
0.023445166647434235
0.008031786419451237
-0.0019840423483401537
-0.004634213168174028
-0.006036588456481695
-5.017376315663569e-05
-0.028455471619963646
0.03964897617697716
-0.03057178296148777
-0.014661196619272232
0.005995154846459627
-0.005877227522432804
0.027053095400333405
-0.001724284258671105
-0.0034166963305324316
0.0022326454054564238
0.019225291907787323
-0.011811825446784496
-0.017975902184844017
-0.0050549255684018135
-0.027180584147572517
0.007846927270293236
0.014189489185810089
0.01814163662493229
-0.0225017499178648
0.0037991623394191265
0.0062979403883218765
0.007241356186568737
-0.008465247228741646
-0.004337802063673735
-0.028659451752901077
-0.03085225820541382
0.02503877505660057
0.033580515533685684
-0.00880946684628725
0.010230965912342072
-0.021099373698234558
-0.003305143676698208
0.0431421659886837
-0.02132885344326496
-0.034166961908340454
-0.0059887804090976715
0.0005159307038411498
-0.00798716489225626
0.0004776841087732464
-0.03959798067808151
0.016815755516290665
-0.03990395367145538
0.008076407015323639
0.0202706977725029
-0.0048350077122449875
0.011168007738888264
-0.0069353836588561535
0.03592630848288536
-0.02266748435795307
0.011066016741096973
0.010103477165102959
-0.00929392408579588
0.0054118940606713295
0.0001434247533325106
-0.021736817434430122
0.010619806125760078
0.03166818618774414
-0.006833392661064863
-0.00024143166956491768
-0.014023753814399242
-0.005768862087279558
-0.010026983916759491
0.010358454659581184
-0.020602168515324593
-0.0155281201004982
0.02390412613749504
-0.023024452850222588
-0.015655608847737312
-0.016497034579515457
0.018320120871067047
-0.018371116369962692
0.010275586508214474
-0.003964897710829973
0.020206954330205917
0.025433989241719246
-0.00649236049503088
-0.00434417650103569
5.3634881624020636e-05
-0.046635355800390244
0.02607143297791481
0.0046374001540243626
0.04084736853837967
0.04084736853837967
-0.0006095552234910429
-0.00929392408579588
-0.005284405313432217
0.03233112767338753
-0.020219702273607254
0.03452393040060997
-0.007438963744789362
-0.0029800476040691137
-0.021966297179460526
0.0005677229491993785
0.02477104775607586
-0.018052395433187485
-0.00972101092338562
0.003681235248222947
0.016191061586141586
0.007808681111782789
-0.020347191020846367
0.02916940674185753
0.001250982517376542
0.026441149413585663
-0.0018661153735592961
0.016955992206931114
-0.014431716874241829
-0.007445338182151318
-0.027231579646468163
0.045768432319164276
0.006680406164377928
0.022336015477776527
0.012117797508835793
0.003859719494357705
-0.017708176746964455
-0.007534580305218697
-0.010568810626864433
0.0004928233684040606
0.007107493467628956
0.019467519596219063
0.0040190801955759525
0.0010685144225135446
-0.010434947907924652
-0.019595008343458176
0.009389540180563927
-0.02556147798895836
-0.0011226971400901675
0.02081890031695366
-0.012149670161306858
0.0010087541304528713
0.026568638160824776
0.024962281808257103
-0.010517815127968788
0.02700209990143776
0.005268469452857971
-0.034778907895088196
0.0255232322961092
-0.008101904764771461
-0.04066888615489006
0.015260393731296062
-0.012085925787687302
-0.0265941359102726
-0.010371203534305096
-0.030291307717561722
-0.004181628115475178
-0.014584703370928764
0.021443594247102737
0.0001475083699915558
-0.016497034579515457
-0.0006968052475713193
-0.016229307278990746
0.01834561862051487
0.004831820726394653
0.01875358261168003
0.011142509989440441
0.007362470496445894
-0.03727768734097481
-0.012608629651367664
-0.012838108465075493
0.016165563836693764
0.002337823389098048
0.041408319026231766
-0.0012119391467422247
-0.00608758395537734
0.04173979163169861
-0.0043059298768639565
-0.008968828245997429
-0.0342179574072361
0.011314619332551956
-0.008713850751519203
-0.020104963332414627
-0.00829313788563013
0.005925036035478115
0.0004266886389814317
0.004764888901263475
0.004404733423143625
-0.020500177517533302
-0.00022609317966271192
-0.012015807442367077
-0.017465947195887566
-0.0006581602501682937
-0.03108173795044422
0.026492144912481308
0.0043760486878454685
0.021392598748207092
0.007904297672212124
-0.029500877484679222
0.009950490668416023
0.005823045037686825
0.00900069996714592
-0.03156619518995285
0.006890762597322464
-0.012710620649158955
-0.021175866946578026
-0.0060079037211835384
0.001621496514417231
-0.011301870457828045
-0.003531436203047633
0.00026553499628789723
-0.010275586508214474
-0.002137028845027089
0.028378978371620178
-0.00932579580694437
0.005112295504659414
-0.014189489185810089
-0.02432483807206154
-0.031617190688848495
-0.0026916044298559427
-0.02130335569381714
0.030520787462592125
0.011359239928424358
-0.006973630283027887
-0.031030742451548576
-0.003716294653713703
-0.03788963332772255
0.003031043102964759
-0.0017195034306496382
0.0177591722458601
0.019658751785755157
0.0009505873895250261
0.008611859753727913
0.027078593149781227
-0.007840553298592567
0.006170451641082764
-0.04158680513501167
-0.005405519623309374
-0.0313367135822773
-0.019913729280233383
-0.005140980705618858
-0.006498734932392836
-0.006272442638874054
-0.0032605226151645184
0.036818727850914
-0.009816627018153667
0.007081995718181133
0.001394407358020544
0.007107493467628956
-0.00521109951660037
0.013144081458449364
0.0035091256722807884
0.01032020803540945
0.005431017372757196
-0.0021035629324615
-0.014176740311086178
-0.010026983916759491
0.017147226259112358
-0.004952934570610523
-0.028353480622172356
-0.00025159091455861926
0.027971014380455017
-0.022922461852431297
0.017019737511873245
0.007840553298592567
0.0028398099821060896
-0.0024573439732193947
-0.013246072456240654
0.018702587112784386
-0.02047467976808548
-0.004901939071714878
0.004688395652920008
-0.0023298554588109255
-0.014265982434153557
-0.021966297179460526
0.009217430837452412
-0.022170279175043106
0.0004964090185239911
0.011333742178976536
-0.023343175649642944
0.034574925899505615
-0.003811911214143038
-0.01380702294409275
-0.03225463256239891
-0.04204576462507248
-0.021647576242685318
0.029245899990200996
-0.01454645674675703
0.017644431442022324
0.02556147798895836
-0.006215072702616453
0.0010756856063380837
0.0005410300218500197
-0.007770434487611055
-0.021736817434430122
-0.022756727412343025
-0.0015203023795038462
-0.018269125372171402
-0.019314533099532127
-0.010587933473289013
0.0017131289932876825
0.02521725930273533
-0.010670801624655724
0.01707073301076889
-0.038042619824409485
0.0030246686656028032
0.2115291953086853
0.0025864264462143183
-0.0025370244402438402
-0.005019866395741701
-0.02150733768939972
0.011582345701754093
0.04849668964743614
-0.01030745916068554
-0.019365528598427773
0.015375133603811264
0.002101969439536333
-0.019187044352293015
-0.012525761500000954
0.007356096059083939
0.005880414973944426
-0.02343241684138775
-0.04049040004611015
-0.01614006608724594
0.012315405532717705
0.0036780480295419693
0.02906741574406624
0.021494589745998383
-0.008962453342974186
-0.005354524124413729
0.025650719180703163
0.004780825227499008
0.0010645303409546614
0.001023893360979855
0.01786116324365139
0.0038214728701859713
-0.009211055934429169
0.004535409156233072
0.027384566143155098
0.019250789657235146
-0.023024452850222588
0.006215072702616453
0.008267640136182308
-0.029245899990200996
0.009644517675042152
0.002427065512165427
0.007974416017532349
-0.022489001974463463
-0.003356139175593853
-0.01543887797743082
-0.023062700405716896
0.04431506246328354
0.007668443489819765
-0.018383866176009178
-0.0007246934110298753
-0.00021453952649608254
-0.033682506531476974
0.024031614884734154
0.02700209990143776
0.008815841749310493
0.012315405532717705
0.018320120871067047
0.009446910582482815
-0.01195206306874752
0.012417396530508995
-0.011320993304252625
0.006865264847874641
0.015795845538377762
0.004879628773778677
0.036538250744342804
-0.007655694615095854
0.007120242342352867
-0.015987079590559006
-0.0006537778535857797
-0.0019473894499242306
-0.011448482051491737
-0.00409557344391942
-0.0006485985941253603
-0.010052481666207314
0.01814163662493229
-0.021239612251520157
-0.02057667076587677
0.034574925899505615
0.029755854979157448
0.0006322641274891794
0.01054331287741661
-0.010460445657372475
-0.013692283071577549
-0.029653863981366158
0.0161783117800951
0.005628624930977821
-0.030393298715353012
0.00932579580694437
-0.01157597079873085
-0.00015896242985036224
-0.013641287572681904
-0.008592735975980759
-0.001741813961416483
0.004372861236333847
-0.013845269568264484
-1.2095238162146416e-05
-0.003926651086658239
0.019913729280233383
0.011168007738888264
-0.027920018881559372
0.0043059298768639565
-0.014954420737922192
0.03786413371562958
0.014520958997309208
0.0155281201004982
-0.011187130585312843
0.025816455483436584
-0.018179884180426598
-0.019314533099532127
-0.0003852548252325505
-0.0344984345138073
-0.006941758096218109
-0.01542612910270691
-0.006253319326788187
-0.0190595556050539
-0.0067377761006355286
-0.002192805055528879
0.0016302613075822592
-0.01503091398626566
0.03016381897032261
0.005685994401574135
-0.016688266769051552
-0.013182328082621098
-0.015081909485161304
0.012959223240613937
-0.013666785322129726
-0.006218259688466787
-0.04311666637659073
0.02122686244547367
-0.030342303216457367
-0.013271570205688477
0.017873911187052727
-0.030750267207622528
0.03590080887079239
0.018269125372171402
0.0018422112334519625
0.006463675294071436
0.0030198877211660147
-0.015681106597185135
0.0018932067323476076
-0.003085225820541382
0.018294623121619225
-0.01434247475117445
-0.004082824569195509
-0.009198307059705257
0.018371116369962692
-0.019760742783546448
0.011888318695127964
-0.014049251563847065
-0.03154069557785988
-0.007298726122826338
-0.015783097594976425
-0.038042619824409485
-0.0013896265299990773
-0.011117012239992619
0.01051144115626812
0.014584703370928764
-0.019467519596219063
-0.004079637583345175
-0.0027441936545073986
0.035951804369688034
-0.02899092249572277
0.008458873257040977
0.01710897870361805
0.010587933473289013
0.0019139236537739635
0.009950490668416023
-0.15757599472999573
0.007770434487611055
0.0218515582382679
-0.0030613215640187263
-0.00685251597315073
-0.01854960061609745
0.02978135272860527
0.013513798825442791
0.0011003866093233228
-0.010715422220528126
0.00039182844921015203
-0.005494761746376753
-0.04609990119934082
-0.008936955593526363
-0.007120242342352867
-0.013883516192436218
-0.02586745098233223
0.005606314167380333
0.034370943903923035
0.010128974914550781
0.014112995937466621
-0.004401546437293291
-0.00838238000869751
-0.002486028941348195
0.012321779504418373
0.00125416973605752
-0.006081209518015385
0.0028206869028508663
0.0045258477330207825
-0.010626180097460747
0.019365528598427773
0.018358368426561356
0.039419494569301605
0.00230595120228827
0.0006246944540180266
0.0012557633453980088
-0.018970314413309097
-0.007273228373378515
-0.01569385454058647
0.006986379157751799
0.009402289055287838
0.0147376898676157
0.015464375726878643
-0.0015099438605830073
0.010964025743305683
0.00040995574090629816
0.017784669995307922
-0.0005151338991709054
0.029934339225292206
-0.03431994840502739
0.03850157931447029
-0.00732422387227416
0.001670101541094482
0.009542526677250862
0.02146909199655056
0.010007860139012337
0.013666785322129726
0.0008669229573570192
-0.017708176746964455
-0.002411129418760538
0.010670801624655724
0.001161740510724485
0.0008836558554321527
0.03057178296148777
0.026466647163033485
-0.01635679602622986
-0.010658052749931812
0.01680300571024418
-0.03781313821673393
0.02556147798895836
-0.005042176693677902
-0.029755854979157448
0.01814163662493229
-0.0043059298768639565
-0.00880946684628725
-0.00048087132745422423
-0.01772092469036579
0.03296856954693794
-0.010186344385147095
-0.007171237375587225
-0.027920018881559372
0.0421222560107708
-0.015706604346632957
-0.003139408538118005
-0.004978432320058346
-0.019556762650609016
-0.005689181853085756
-0.00675052497535944
0.004978432320058346
0.013615789823234081
0.0155281201004982
-0.050001055002212524
-0.01011622603982687
-0.00497205788269639
0.008146526291966438
0.024031614884734154
0.016955992206931114
-0.002809531521052122
0.007923420518636703
-0.0015123343328014016
0.006565666291862726
0.03177017718553543
-0.02246350422501564
-0.0012382336426526308
0.020155958831310272
-0.011690710671246052
0.01430422905832529
0.0019155172631144524
0.00968913920223713
0.0035123128909617662
-0.011397486552596092
0.023853130638599396
0.01820538192987442
0.0035409978590905666
0.03233112767338753
0.024069860577583313
-0.017771920189261436
-0.007317849434912205
0.023164691403508186
0.0022023667115718126
0.0510464645922184
0.007872425019741058
-0.005338587798178196
0.015413380227982998
0.0038915916811674833
-0.031719181686639786
-0.10913030058145523
-0.03949598968029022
0.024465074762701988
0.019862733781337738
0.012226163409650326
0.022654736414551735
0.010906655341386795
0.026849113404750824
-0.025433989241719246
0.015808595344424248
-0.03569682687520981
-0.036640241742134094
-0.02092089131474495
0.013475552201271057
-0.021928051486611366
0.023547157645225525
0.010403075255453587
-0.0001448191615054384
-0.01430422905832529
0.01944202184677124
0.024477824568748474
0.02600768767297268
0.01370503194630146
-0.01248751487582922
0.0005701133632101119
-0.002769691403955221
-0.038425084203481674
0.013717780821025372
0.025064272806048393
-9.128388046519831e-05
-0.028939926996827126
-0.002175275469198823
-0.012602254748344421
-0.0007637367816641927
0.03434544801712036
0.003188810311257839
-0.000861345324665308
-0.029602868482470512
0.049899064004421234
-0.007560078054666519
0.005351336672902107
0.016777507960796356
0.01042857300490141
-0.009663641452789307
0.018154386430978775
-0.008025411516427994
-0.003515500109642744
0.0036971713416278362
0.006795146036893129
-0.03238212317228317
-0.02524275705218315
-0.0018645217642188072
-0.0344984345138073
-0.009982362389564514
0.009344919584691525
0.030240312218666077
-0.006463675294071436
-0.01209229975938797
-0.006106707267463207
-0.019276287406682968
0.013513798825442791
-0.020219702273607254
-0.0027107277419418097
0.03541635349392891
0.018919318914413452
-0.003136221319437027
-0.019263537600636482
-0.030648276209831238
0.009383166208863258
-0.012423770502209663
0.01454645674675703
0.0047043319791555405
0.009631768800318241
-0.0037099202163517475
-0.023891376331448555
0.018281875178217888
-0.02266748435795307
-0.023853130638599396
-0.0064891730435192585
-0.009466033428907394
-0.02177506498992443
0.001668507931753993
-0.009899495169520378
-0.015069160610437393
0.009873997420072556
0.0024589376989752054
0.013870767317712307
-0.002702759811654687
-0.009153686463832855
-0.010485943406820297
-0.0245925635099411
0.024133604019880295
0.012640501372516155
-0.006036588456481695
0.008012662641704082
-9.138348104897887e-05
0.006584789603948593
-0.01782291568815708
-0.01380702294409275
0.005539382807910442
-0.011537724174559116
0.010989523492753506
-0.051683906465768814
0.005437391810119152
0.00017728892271406949
-0.015617362223565578
0.003987208008766174
0.015566366724669933
0.039623476564884186
-0.011907441541552544
0.007872425019741058
0.012066802009940147
-0.015005416236817837
0.002562522189691663
-0.02710409089922905
-0.010645303875207901
-0.018396614119410515
-0.01800139993429184
0.029016420245170593
0.002702759811654687
-0.007604699116200209
0.01453370787203312
0.019046807661652565
-0.0011872382601723075
0.021214114502072334
0.010390326380729675
-0.0026900109369307756
0.008949704468250275
-0.018294623121619225
-0.00230595120228827
-0.01656077802181244
0.012621378526091576
0.01310583483427763
-0.0026374217122793198
-0.016509782522916794
0.02057667076587677
-0.006240570452064276
-0.007821429520845413
0.024031614884734154
0.02995983697474003
0.029653863981366158
0.0497460775077343
-0.024783797562122345
-0.019939227029681206
0.04207126051187515
-0.015859590843319893
-0.01011622603982687
-0.008076407015323639
-0.00850349385291338
0.012124172411859035
0.015961581841111183
-0.0057816109620034695
0.04087286815047264
0.04186727851629257
-0.007891548797488213
-0.013424556702375412
-0.01577034778892994
0.005593565292656422
0.010326582007110119
-0.002863714238628745
-0.012047679163515568
-0.008038160391151905
0.03870556131005287
-0.01954401284456253
-0.003105942625552416
-0.00023804524971637875
-0.004519473295658827
-0.006288378499448299
-0.005427829921245575
0.004787199664860964
-0.00048087132745422423
0.0043760486878454685
-0.017287462949752808
0.010396701283752918
0.009191933088004589
0.009446910582482815
0.01820538192987442
-0.009058069437742233
0.025497734546661377
0.004643774591386318
0.00204778672195971
0.036844223737716675
-0.006788771599531174
0.024439577013254166
-0.030750267207622528
0.031107235699892044
0.01360304094851017
-0.00912181381136179
-0.01154409907758236
-0.005628624930977821
-0.030214814469218254
0.011435733176767826
-0.013819771818816662
0.028124000877141953
-0.017873911187052727
0.011187130585312843
-0.011085139587521553
0.00029382153297774494
0.006237383000552654
-0.022489001974463463
0.016331298276782036
0.010689924471080303
0.016267554834485054
-0.01023733988404274
0.008739348500967026
-0.013029341585934162
-0.029806850478053093
0.024847541004419327
-0.0405413955450058
-0.03720119222998619
-0.014852429740130901
0.030112823471426964
0.025268254801630974
-0.014023753814399242
0.03085225820541382
-0.0025274627842009068
-0.03975096717476845
0.004188002552837133
0.022183028981089592
-0.014062000438570976
-0.01717272400856018
0.016025325283408165
-0.020206954330205917
0.016841253265738487
0.01999022252857685
-0.004592779092490673
0.00968913920223713
0.01051144115626812
0.014801434241235256
0.005969657097011805
0.010830162093043327
0.010983148589730263
-0.01865159161388874
0.012270784005522728
-0.028633954003453255
-0.007693941239267588
-0.025472236797213554
-0.013131332583725452
0.02779253013432026
0.015489873476326466
-0.02517901174724102
0.07990989834070206
0.0013665191363543272
-0.01410024706274271
0.018116138875484467
0.009574399329721928
0.0047744507901370525
0.0014477932127192616
-0.01095765084028244
-0.006524232681840658
-0.003719481872394681
-0.005462889559566975
-0.014062000438570976
0.006205510813742876
-0.0225017499178648
-0.014763187617063522
-0.010772792622447014
-0.027282575145363808
0.03434544801712036
-0.011187130585312843
0.0169687420129776
0.054055195301771164
0.0022246772423386574
-0.012844483368098736
-0.002576864790171385
-0.0025338372215628624
0.01389626506716013
0.017504194751381874
-0.03350402042269707
-0.002049380447715521
-0.03284108266234398
-0.008497119881212711
0.011633341200649738
-0.030495289713144302
-0.02850646711885929
0.006157702766358852
-0.023100946098566055
0.004764888901263475
-0.01135286595672369
-0.01573210209608078
-0.006450926419347525
-0.003010326297953725
0.015400631353259087
-0.031591691076755524
-0.03253510966897011
-0.024911286309361458
0.021481839939951897
-0.02690010890364647
0.014814183115959167
-0.0014565580058842897
