0.004873656667768955
-0.021601449698209763
0.002144213765859604
-0.026868510991334915
-0.03810490667819977
0.014916835352778435
-0.004298181273043156
-0.004902917891740799
-0.017465833574533463
-0.03225261718034744
0.013616327196359634
-0.00039035582449287176
-0.013063610531389713
0.007991625927388668
0.008271235972642899
-0.007386889774352312
0.04934130236506462
0.0002828606520779431
0.007451915182173252
-0.010156973265111446
-0.032044537365436554
-0.012627939693629742
0.0026920530945062637
0.008362270891666412
-0.005338588263839483
0.025346916168928146
0.0131221329793334
-0.035399846732616425
-0.017062675207853317
-0.0036316707264631987
0.0008615870610810816
0.003774726763367653
-0.01321316882967949
-0.011535512283444405
-0.006756143178790808
0.013447260484099388
0.007998129352927208
0.018792351707816124
0.02363024465739727
-0.006756143178790808
0.014539687894284725
-0.010800724849104881
0.007829062640666962
-0.015359008684754372
-0.014942845329642296
0.01842820830643177
-0.004431483801454306
-0.020678089931607246
-0.03891122341156006
0.012868533842265606
0.008648383431136608
0.0327468104660511
-0.014058499597012997
-0.0013695983216166496
-0.011633050628006458
-0.014786784537136555
-0.014201555401086807
0.0031521080527454615
-0.005679972004145384
-0.008206210099160671
0.003057821188122034
-0.01866229996085167
-0.023773299530148506
0.021744506433606148
0.011997193098068237
-0.002830232260748744
-0.011763101443648338
0.011483492329716682
-0.01844121515750885
0.0016987895360216498
0.01788199506700039
0.02416345290839672
0.001090801670216024
-0.03303292393684387
0.01923452503979206
-0.03136827051639557
-0.029469529166817665
-0.04257865622639656
0.015189941972494125
0.025086814537644386
0.006369241513311863
0.008576855063438416
-0.045569825917482376
0.0058782994747161865
0.008342763409018517
0.001224916661158204
0.0013444009236991405
0.013434255495667458
0.014201555401086807
0.0007502309745177627
-0.013005088083446026
0.02780487760901451
0.012757990509271622
0.015931231901049614
-0.04153824970126152
0.02832508087158203
-0.02777886763215065
0.026920530945062637
-0.017556868493556976
-0.02623126097023487
-0.005078486632555723
0.0020824396051466465
-0.041642289608716965
0.006235939450562
-0.019637681543827057
0.006658604834228754
-0.0071788085624575615
0.00636599026620388
-0.0034333430230617523
-0.02288895472884178
-0.00026965237339027226
0.028090989217162132
0.0037227063439786434
-0.010833238251507282
0.012959569692611694
0.004642816260457039
0.015931231901049614
-0.01663350686430931
-0.01950763165950775
-0.014643728733062744
0.011789112351834774
-0.004320940468460321
0.01219877228140831
-0.005380854941904545
0.031082158908247948
0.0032382667995989323
-0.013434255495667458
-0.007386889774352312
0.0016939126653596759
-0.01922152005136013
-0.0011119350092485547
0.002396187512204051
0.003693444887176156
-0.0035211273934692144
-0.006424513179808855
-0.020665084943175316
-0.0001882689684862271
0.007835565134882927
-0.021692486479878426
-0.03659631684422493
0.02467065118253231
0.03576399013400078
-0.021406374871730804
-0.029521549120545387
0.0073088593780994415
0.013180656358599663
0.016698531806468964
0.01664651185274124
0.0003452444216236472
0.02151041477918625
0.01950763165950775
-0.02829907089471817
0.015072896145284176
-0.004792375024408102
0.022901959717273712
0.0024189462419599295
-0.016438430175185204
-0.005904309917241335
-0.0016971639124676585
0.006655353587120771
-0.032590750604867935
-0.021952588111162186
0.0012533653061836958
0.029131395742297173
0.010566634126007557
0.021419379860162735
0.024605626240372658
0.011073832400143147
0.0012606807285919785
0.010469095781445503
0.028481142595410347
0.03240867704153061
-0.013037600554525852
0.0267124492675066
-0.012530402280390263
0.03183645382523537
0.02412443794310093
0.006261949893087149
-0.009279130026698112
-0.005595439113676548
-0.017036665230989456
0.0044867550022900105
0.00999440997838974
0.014981861226260662
-0.0353478267788887
0.011789112351834774
-0.003709701355546713
-0.00041514678741805255
-0.001862978795543313
0.008238722570240498
0.03269479051232338
0.005367849953472614
-0.005406865384429693
0.010072439908981323
-0.6354805827140808
-0.00037714754580520093
0.022732893005013466
-0.027986949309706688
0.03703849017620087
0.016308380290865898
0.008921490050852299
0.010729197412729263
-0.013089620508253574
-0.02261584810912609
-0.009519724175333977
0.04413926601409912
0.0019637681543827057
-0.016035273671150208
-0.024111432954669
-0.03844304010272026
8.910516771720722e-05
-0.029027355834841728
0.0008331384160555899
-0.0131221329793334
-0.02803896926343441
0.008875972591340542
0.004980948753654957
0.0131221329793334
0.0012403602013364434
-0.018038056790828705
0.006593579426407814
-0.02467065118253231
-0.003677188418805599
0.011639553122222424
-0.007165803108364344
0.015918226912617683
0.0063464827835559845
0.009695292450487614
0.04595997929573059
0.019780738279223442
-0.00867439340800047
0.012875036336481571
0.014136530458927155
0.02619224600493908
-0.0024953512474894524
-0.024228477850556374
0.018792351707816124
0.008531337603926659
0.048691049218177795
-5.496681478689425e-05
0.025359921157360077
-0.01244586892426014
0.012888042256236076
0.042734719812870026
-0.001324893324635923
-0.02023591659963131
0.022524811327457428
-0.0020011579617857933
-0.011041318997740746
-0.0076079764403402805
0.005949827376753092
-0.00045192678226158023
-0.0019637681543827057
0.0192085150629282
0.009019028395414352
0.008238722570240498
-0.010852745734155178
-0.03430742025375366
-0.025502976030111313
0.015306987799704075
-0.01997581496834755
-0.024202467873692513
0.015254967845976353
-0.019611671566963196
0.004938682075589895
0.02023591659963131
-0.008433799259364605
-0.02076912485063076
0.02048301324248314
0.022433776408433914
0.023708274587988853
-0.002781463088467717
-0.0007043067598715425
0.0025766328908503056
-0.00055921875173226
-0.013577311299741268
-0.01103481650352478
0.006905701477080584
0.014253576286137104
-0.041902393102645874
-0.0015931231901049614
-0.010436582379043102
-0.017036665230989456
0.022498801350593567
0.029157405719161034
0.021159278228878975
0.02697255089879036
-0.014617718756198883
-0.0030074266251176596
0.017764950171113014
-0.0023718029260635376
-0.020574048161506653
0.012829518876969814
-0.014045494608581066
0.020131874829530716
-0.010085445828735828
-0.0039470442570745945
-0.0013167650904506445
0.03394328057765961
0.0006043301546014845
-0.00880444422364235
0.009786328300833702
0.04437335953116417
0.0057482486590743065
-0.0011680194875225425
-0.014370622113347054
-0.0030041751451790333
-0.0013289573835209012
-0.035191766917705536
-0.022654863074421883
0.009311642497777939
0.006912203971296549
0.0029082626570016146
0.00284973974339664
0.01896141842007637
-0.008875972591340542
0.017283761873841286
0.0046460675075650215
-0.011568025685846806
0.03732459992170334
-0.0062164319679141045
0.0035211273934692144
-0.020899176597595215
-0.02312304638326168
0.009123069234192371
-0.01998881995677948
0.023240091279149055
-0.007354376837611198
0.01581418700516224
-0.01348627544939518
0.01715371012687683
-0.009032033383846283
0.0033813228365033865
-0.014474662952125072
-0.014110520482063293
-0.029521549120545387
0.020079854875802994
-0.012510893866419792
-0.028403110802173615
-0.013837412931025028
-0.022004608064889908
-0.0007388515514321625
-0.0327468104660511
0.020144879817962646
-0.0053483424708247185
-0.009584750048816204
-0.030275844037532806
0.0024644641671329737
-0.002758704125881195
-0.009253120049834251
-0.027700835838913918
0.004470498766750097
-0.03251272067427635
-0.022225694730877876
-0.0024839716497808695
0.007575463503599167
-0.01736179180443287
0.015306987799704075
-0.013694357126951218
0.009129571728408337
0.027076592668890953
0.007393392268568277
-0.010482100769877434
-0.048222865909338
0.023188071325421333
0.03376120701432228
-0.012888042256236076
0.009480709210038185
0.011568025685846806
0.008141185157001019
-0.0006181480712257326
0.015606105327606201
-0.007946108467876911
-0.005016712471842766
-0.005998596549034119
0.028377100825309753
-0.014786784537136555
-0.005731992423534393
-0.014344611205160618
0.009383170865476131
0.0037942342460155487
0.021406374871730804
-0.0024270745925605297
0.023526202887296677
0.007172305602580309
0.0015858078841120005
-0.011841132305562496
0.018090076744556427
-0.0031195953488349915
0.013310707174241543
-0.007172305602580309
0.014864815399050713
0.008518332615494728
0.03116019070148468
0.02179652638733387
-0.021120261400938034
0.01894841343164444
-0.01144447736442089
-0.0028611193411052227
-0.019780738279223442
-0.0025343664456158876
-0.0026855506002902985
0.05628601834177971
0.007458417676389217
-0.0004173820198047906
-0.027934927493333817
-0.020404983311891556
-0.012881539762020111
-0.010969791561365128
0.0189744234085083
0.015957241877913475
0.007211321033537388
-0.006213180720806122
-0.0018646044190973043
-0.002015788573771715
-0.012205274775624275
0.03084806725382805
0.004704590421169996
-0.005202034953981638
0.005289819557219744
0.02780487760901451
-0.000786401389632374
0.0086873983964324
-0.014617718756198883
0.009929384104907513
0.004922425840049982
-0.009662779979407787
0.021627461537718773
0.026166236028075218
0.02001482993364334
0.027726847678422928
-0.0010680428240448236
0.012569417245686054
-0.02881927415728569
0.018233133479952812
0.0362841933965683
0.007744529750198126
-0.020574048161506653
0.02256382629275322
-0.004447740036994219
0.017062675207853317
0.005823027808219194
-0.00578076159581542
0.018272148445248604
-0.020339956507086754
-0.010104953311383724
-0.015541079454123974
-0.03511373698711395
0.0029846676625311375
-0.010339044965803623
-0.014565697871148586
0.019936800003051758
0.00035621746792458
0.012757990509271622
0.005058979149907827
0.009643272496759892
0.014877820387482643
0.00298791890963912
0.013330214656889439
-0.010586141608655453
0.001890614628791809
-0.0017296766163781285
-0.019013438373804092
-0.026270277798175812
-0.004642816260457039
-0.018805356696248055
-0.004314437974244356
0.03188847377896309
0.011457482352852821
-0.004639565013349056
0.0007034939480945468
-0.01975472830235958
0.021913573145866394
0.0022986491676419973
-0.021133268252015114
-0.03391726687550545
0.007653493899852037
0.03144630044698715
-0.00543937785550952
-0.01842820830643177
0.008537840098142624
-0.016438430175185204
-0.037766773253679276
0.0026367814280092716
-0.0005921379197388887
0.005124004557728767
0.007816057652235031
-0.0008615870610810816
-0.019546646624803543
-0.014019484631717205
0.011607040651142597
-0.01848023012280464
0.0015736155910417438
0.007659996394068003
0.015762167051434517
-0.0011859014630317688
-0.022147664800286293
0.008238722570240498
0.05503753200173378
0.03456752374768257
-0.016152318567037582
-0.006905701477080584
0.016815578565001488
-0.03404732048511505
-0.0018873633816838264
-0.011288415640592575
-0.015944236889481544
0.001387480297125876
0.002461212920024991
0.0026904274709522724
0.008667890913784504
-0.019520636647939682
0.010248009115457535
-0.005163019988685846
0.014435647055506706
-0.022251704707741737
-0.015645120292901993
0.000770145037677139
0.03870313987135887
0.024735676124691963
-0.005016712471842766
0.020574048161506653
-0.02884528413414955
0.006531805265694857
-0.002053178148344159
-0.02232973463833332
0.026101211085915565
-0.014292591251432896
0.01520294789224863
0.006827671080827713
-0.0012549909297376871
0.016490451991558075
0.027622805908322334
0.009370165877044201
0.010072439908981323
-0.002683924976736307
0.029131395742297173
-0.010807228274643421
0.003394327824935317
0.0005551546928472817
0.007699011825025082
0.015319992788136005
0.019611671566963196
-0.007321864366531372
0.0451536625623703
0.029911700636148453
-0.010072439908981323
-0.012510893866419792
-0.008225717581808567
-0.006190421525388956
0.0342814102768898
-0.013005088083446026
-0.04107006639242172
0.008336260914802551
0.006183919031172991
0.031212210655212402
0.007926600985229015
-0.004028325900435448
0.01974172331392765
0.0027733349706977606
0.019403589889407158
-0.001489082584157586
0.010807228274643421
-0.03246069699525833
0.019910790026187897
0.0044217295944690704
0.014058499597012997
-0.027102602645754814
-0.005855540744960308
0.0189744234085083
-0.008420794270932674
0.006255446933209896
0.013291199691593647
0.0011493245838209987
-0.0020824396051466465
0.006905701477080584
-0.007334869354963303
0.001758938073180616
-0.01206872146576643
-0.02256382629275322
0.014929840341210365
-0.022446781396865845
0.0037389625795185566
-0.0010656043887138367
-0.004337196704000235
0.00998140498995781
-0.03693445026874542
0.01968970336019993
0.012413356453180313
-0.04858700558543205
-0.02806497924029827
-0.006518800277262926
-0.009058043360710144
0.02595815435051918
0.015424033626914024
-0.012543407268822193
0.003231764305382967
0.033839236944913864
-0.008219215087592602
-0.006268452387303114
-0.014916835352778435
-0.0006018917192704976
-0.01545004453510046
-0.0021588446106761694
-0.009584750048816204
-0.011385953985154629
0.00013350535300560296
0.02905336581170559
-0.025568002834916115
0.001515092677436769
0.0036739371716976166
-0.0076079764403402805
-0.04067991301417351
0.019884778186678886
0.0012167885433882475
0.025997169315814972
-0.003301666583865881
-0.008511830121278763
-0.001765440683811903
-0.02099021151661873
-0.021588444709777832
-0.006421261932700872
-0.002711560809984803
0.015411028638482094
-0.02673845924437046
0.017829975113272667
-0.0004159595991950482
-0.024579616263508797
0.013889433816075325
-0.01734878681600094
0.012322320602834225
0.006788655649870634
0.006200175732374191
0.00460380082949996
-0.010638161562383175
0.033345043659210205
0.007692509330809116
0.014019484631717205
-0.015606105327606201
-0.04179835319519043
0.009279130026698112
0.0022612595930695534
-0.0033162974286824465
0.00630096485838294
-0.000763236079365015
-0.013785392977297306
-0.005351593717932701
0.00550440326333046
-0.004873656667768955
0.036492276936769485
-0.00149395945481956
-0.04179835319519043
0.004353452939540148
0.003992561716586351
-0.03485363349318504
0.01789500005543232
-0.015983251854777336
-0.014877820387482643
0.008778434246778488
-0.0011607040651142597
-0.021172283217310905
-0.027414724230766296
0.05006958916783333
-0.03194049373269081
-0.010182983241975307
0.0010842991760000587
-0.004437986295670271
0.010722694918513298
-0.014552692882716656
-0.018558260053396225
-0.01050160825252533
0.006148155312985182
-0.010163475759327412
-0.023019004613161087
-0.023786304518580437
-0.011067329905927181
0.012868533842265606
0.0009761943947523832
0.005410116631537676
0.0027993451803922653
-0.0022238700184971094
0.002032045042142272
-0.005930319894105196
-0.003069200785830617
-0.010911268182098866
-0.006847178563475609
-0.0404198132455349
0.006115642376244068
0.0171407051384449
0.005013461224734783
0.031238220632076263
-0.02151041477918625
-0.018623284995555878
0.027050582692027092
-0.012790503911674023
-0.01970270834863186
0.0031521080527454615
-0.019416596740484238
-0.00486715417355299
0.009441693313419819
-0.012289808131754398
0.013291199691593647
-0.025893129408359528
0.007042254786938429
0.031758423894643784
-0.01766090840101242
-0.011854137293994427
-0.017973031848669052
0.034125350415706635
-0.03139428049325943
0.014305596239864826
0.007939605973660946
-0.005231296643614769
0.0063074673525989056
0.0030058007687330246
-0.014513677917420864
0.01558009535074234
0.018818361684679985
-0.026387322694063187
-0.016568481922149658
-0.015085902065038681
0.01786899007856846
-0.0008339512278325856
0.0176088884472847
-0.017322776839137077
-0.02569805271923542
0.014708753675222397
-0.010547125712037086
-0.028871294111013412
-0.008238722570240498
0.007978620938956738
-0.01871432177722454
0.017283761873841286
-0.013759383000433445
0.015137922018766403
0.005254055373370647
-0.008752424269914627
0.0029082626570016146
0.0050394716672599316
-0.027362704277038574
0.02416345290839672
-1.8504309991840273e-05
0.035477880388498306
0.05795067176222801
0.0038299981970340014
-0.006408256944268942
0.00609288364648819
0.01950763165950775
-0.007328366860747337
0.02620525099337101
-0.01221177726984024
-0.0033049178309738636
-0.014942845329642296
0.0019523887895047665
0.043489012867212296
-0.008375276811420918
-0.002032045042142272
0.00973430834710598
0.03186246380209923
0.0022905210498720407
-0.023734284564852715
0.022914964705705643
-0.01633439026772976
0.026816491037607193
-0.012426361441612244
0.026660429313778877
-0.013408245518803596
-0.023565219715237617
-0.009389673359692097
0.0678345337510109
-0.008173697628080845
0.03006776235997677
-0.0037617215421050787
-0.012497888877987862
-0.013018093071877956
-0.0006482223398052156
-0.013395240530371666
-0.01711469516158104
0.008895480073988438
-0.0027001812122762203
-0.022940974682569504
-1.1766810530389193e-05
-0.006635846104472876
-0.021146273240447044
0.009272627532482147
-0.0133562246337533
-0.008667890913784504
0.025294896215200424
0.005403614137321711
0.02312304638326168
0.026634419336915016
0.0071397931315004826
0.00034626046544872224
0.025620022788643837
0.01844121515750885
-0.033891256898641586
0.017179720103740692
-0.010566634126007557
-0.028923314064741135
0.011945173144340515
-0.01819411851465702
-0.01923452503979206
-0.013577311299741268
-0.023942366242408752
-0.01840219832956791
-0.00427867379039526
0.030509935691952705
0.009188094176352024
-0.029521549120545387
-0.004954938311129808
-0.0038527571596205235
0.01660749688744545
0.0218095313757658
0.01126890815794468
0.015346003696322441
0.02619224600493908
-0.020925186574459076
0.005153265781700611
-0.005364598706364632
0.01283602137118578
0.0020596806425601244
0.03612813353538513
0.004990702494978905
-0.005614946596324444
0.04333295300602913
-0.009383170865476131
-0.014669738709926605
-0.012536904774606228
0.007777042221277952
0.0014484416460618377
-0.0017134202644228935
-0.022004608064889908
0.010430079884827137
-0.010742202401161194
0.00924011506140232
0.001988152740523219
-0.0158401969820261
0.011509502306580544
-0.016958633437752724
-0.03212256729602814
0.003895023837685585
-0.016698531806468964
0.02389034628868103
0.0022027366794645786
0.014500672928988934
0.015515069477260113
-0.04276072978973389
-0.007159300614148378
-0.007861575111746788
0.02201761305332184
-0.03186246380209923
-0.006255446933209896
0.005338588263839483
-0.024241482838988304
-0.010839740745723248
-0.017738940194249153
-0.018272148445248604
-0.0016329513164237142
0.0027131864335387945
0.007633986417204142
-0.016256360337138176
0.035139746963977814
-0.003950295504182577
0.02959957905113697
-0.0176088884472847
-0.017947020009160042
-0.026582399383187294
-0.01786899007856846
-0.02749275602400303
0.04939332231879234
0.02182253636419773
-0.004434735048562288
-0.03134226053953171
-0.007679504342377186
-0.04772867262363434
-0.006382246967405081
0.0064115081913769245
0.035451870411634445
0.02386433631181717
0.013915443792939186
0.020899176597595215
0.032616760581731796
-0.017296766862273216
0.014123525470495224
-0.042162492871284485
-0.023162061348557472
-0.023734284564852715
-0.014734764583408833
-0.014279586263000965
0.011483492329716682
-0.00844030175358057
-0.015293982811272144
0.040341783314943314
0.001911747851409018
0.0036869423929601908
0.010521115735173225
-0.0007721770671196282
-0.0070747677236795425
0.0086873983964324
-0.003986059222370386
0.018519245088100433
-0.017075680196285248
-0.002656289143487811
-0.02333112806081772
-0.00545238284394145
0.008563850075006485
-0.006769148167222738
-0.04286476969718933
-0.007419402711093426
0.017192725092172623
-0.014175545424222946
0.008212712593376637
-0.012803508900105953
-0.005657213274389505
-0.004389217123389244
-0.028481142595410347
0.014461657032370567
-0.00037714754580520093
-0.0029684111941605806
0.02261584810912609
-0.0026806737296283245
-0.024826712906360626
-0.005998596549034119
0.014942845329642296
-0.038547080010175705
-0.002345792716369033
0.01585320197045803
-0.009519724175333977
0.03287686035037041
0.008914987556636333
-0.015398023650050163
-0.020808139815926552
-0.0264783576130867
-0.023279106244444847
0.008219215087592602
-0.014266581274569035
0.005523910745978355
0.03787081688642502
-0.012881539762020111
0.0008697152370586991
0.00427867379039526
-0.023721279576420784
-0.012614934705197811
-0.019546646624803543
-0.01091777067631483
-0.03316297382116318
0.0071788085624575615
-0.003823495702818036
-0.007282848935574293
0.018792351707816124
-0.01994980499148369
0.020873164758086205
-0.04811882600188255
0.0025392433162778616
0.1978854089975357
-0.016815578565001488
-0.009662779979407787
0.013954458758234978
-0.0077185193076729774
-0.002586386865004897
0.041096076369285583
0.0035991580225527287
0.004350201692432165
0.020183896645903587
0.00047549852752126753
-0.015346003696322441
-0.015528074465692043
0.006031109485775232
0.008498825132846832
-0.01896141842007637
-0.044295329600572586
-0.003485363442450762
0.02282392792403698
-0.015736155211925507
0.009539231657981873
0.01260192971676588
0.004002315923571587
-0.010078943334519863
0.01038456242531538
0.008082661777734756
-0.004275422543287277
-0.006447272375226021
0.020430993288755417
-0.001398859778419137
-0.018350178375840187
0.012166259810328484
0.0176088884472847
0.009818840771913528
0.001194842392578721
0.02231672964990139
0.018623284995555878
-0.019351569935679436
0.006362739019095898
0.0034561019856482744
0.01115186233073473
-0.0220436230301857
0.002918016631156206
-0.029911700636148453
-0.023045014590024948
0.036986470222473145
-0.004210397135466337
-0.019104473292827606
-0.004483503755182028
0.012107736431062222
-0.020352961495518684
0.03677838668227196
0.0050102099776268005
0.006905701477080584
0.00871340837329626
0.018532250076532364
-0.006655353587120771
-0.012406853958964348
0.010605649091303349
-0.05186428874731064
-0.012959569692611694
0.009012525901198387
-0.018844371661543846
0.03469757363200188
-0.015788177028298378
0.018805356696248055
-0.031212210655212402
-0.012797006405889988
0.010768212378025055
-0.012419858947396278
-0.007100777700543404
-0.012367838062345982
-0.0041421204805374146
0.00486715417355299
-0.029963722452521324
-0.009760318323969841
0.020600058138370514
0.02591913938522339
0.009422185830771923
0.01065766904503107
0.0009916379349306226
-0.016256360337138176
-0.008277738466858864
0.021666476503014565
0.005731992423534393
-0.029209427535533905
0.02153642475605011
-0.007699011825025082
0.009084053337574005
-0.03485363349318504
-0.009025530889630318
0.01734878681600094
-0.004629811272025108
-0.011945173144340515
-7.937675832181412e-07
0.009552236646413803
0.008472814224660397
0.005523910745978355
-0.015293982811272144
0.012536904774606228
-0.03295489028096199
0.03706450015306473
0.020457003265619278
0.00935716088861227
-0.004506262950599194
0.017556868493556976
-0.00883045420050621
-0.0033813228365033865
-0.01533299870789051
-0.03651828691363335
-0.003579650307074189
-0.019325559958815575
0.006983731873333454
-0.010748704895377159
-0.01050160825252533
0.006323724053800106
-0.003324425546452403
-0.03290287032723427
0.0171407051384449
0.013798397965729237
0.00015768669254612178
-0.007764037232846022
-0.011392456479370594
0.02201761305332184
-0.021393369883298874
0.0021360856480896473
-0.04229254648089409
0.011711081489920616
-0.011496497318148613
0.0024254487361758947
0.02751876600086689
-0.02650436945259571
0.042968809604644775
0.010261014103889465
-0.003976305481046438
0.002454710192978382
0.012764493934810162
-0.009532729163765907
0.007588468492031097
0.00985135417431593
0.019559651613235474
-0.0059075611643493176
-0.022394761443138123
0.0018532249378040433
0.02128932811319828
-0.011828127317130566
0.02489173784852028
-0.022394761443138123
-0.021367359906435013
-0.005254055373370647
0.00021681920043192804
-0.03945743665099144
0.010306531563401222
0.007133290637284517
0.020834149792790413
-0.00213933689519763
-0.032564740628004074
-0.0267124492675066
0.00324802054092288
0.025086814537644386
-0.036206163465976715
0.00543937785550952
0.010202491655945778
0.0021149523090571165
-0.022966984659433365
0.011860639788210392
-0.1626156121492386
0.014851810410618782
0.004252663813531399
-0.0026806737296283245
0.005267060361802578
-0.0012241038493812084
0.02156243473291397
0.0202749315649271
0.026400327682495117
-0.01580118201673031
-0.000517358654178679
-0.02100321650505066
-0.02203061804175377
-0.02884528413414955
-0.001955640036612749
-0.025489971041679382
-0.03350110724568367
0.00920760165899992
0.02668643929064274
0.001521595288068056
0.010579639114439487
-0.0006522863986901939
-0.007998129352927208
-0.007380387280136347
0.008784936740994453
0.0021312087774276733
-0.010104953311383724
-0.014136530458927155
0.0072438339702785015
-0.014942845329642296
0.03186246380209923
0.005045974161475897
0.025776084512472153
0.012010198086500168
-0.013421250507235527
-0.0003539822355378419
-0.019039448350667953
-0.013421250507235527
-0.005260557867586613
0.01734878681600094
0.0017459329683333635
0.017543863505125046
0.00447375001385808
0.007575463503599167
0.004242910072207451
0.004064090084284544
0.027674825862050056
-0.012530402280390263
0.016516461968421936
-0.0010249634506180882
0.030509935691952705
-0.020352961495518684
-0.004782620817422867
-0.009493714198470116
0.026361312717199326
0.0035926555283367634
0.007204818539321423
-0.008420794270932674
0.00012060186418239027
0.004398970864713192
0.004064090084284544
-0.019884778186678886
0.01872732676565647
0.030041752383112907
0.022433776408433914
-0.020613063126802444
-0.017283761873841286
0.03664833679795265
-0.01918250508606434
0.032148577272892
-0.0011241273023188114
-0.010488603264093399
0.017582878470420837
-0.013759383000433445
-0.000723814417142421
-0.0024595872964709997
-0.005689725745469332
0.039587486535310745
-0.004961440805345774
-0.014799789525568485
-0.021497409790754318
0.03758470341563225
-0.017829975113272667
-0.023227086290717125
0.005585684906691313
-0.012927057221531868
-0.010013917461037636
-0.004034828394651413
0.027596795931458473
0.009636770002543926
0.012432863935828209
-0.03342307358980179
0.015398023650050163
-0.011483492329716682
0.009435190819203854
0.0058522894978523254
0.01545004453510046
0.0044509912841022015
-0.0038657623808830976
-0.010794222354888916
0.0038299981970340014
0.023708274587988853
-0.019325559958815575
0.017582878470420837
0.014617718756198883
0.0071397931315004826
0.020808139815926552
-0.0056442078202962875
0.0011119350092485547
0.009701794944703579
-0.02832508087158203
0.012491386383771896
0.00315048242919147
-0.00416162796318531
0.014812794514000416
0.029417507350444794
-0.021978598088026047
-0.006996737327426672
0.006164411548525095
0.002080813981592655
0.06897898763418198
-0.011587533168494701
0.012497888877987862
0.015476054511964321
-0.012088228948414326
-0.01970270834863186
-0.1045088842511177
-0.04127814993262291
0.023981381207704544
0.02623126097023487
0.008888977579772472
0.020300941541790962
0.0028383603785187006
0.035373836755752563
0.0011363194789737463
-0.006905701477080584
-0.014617718756198883
-0.028377100825309753
-0.023669259622693062
0.021133268252015114
-0.027856897562742233
0.016802573576569557
-0.005036219954490662
0.00920760165899992
-0.03266878053545952
0.021081246435642242
0.023981381207704544
0.03784480318427086
-0.0008640254964120686
-0.006479784846305847
-0.024072417989373207
-0.008641880936920643
-0.033605147153139114
0.012549909763038158
0.02183554135262966
-0.0031374774407595396
-0.016256360337138176
-0.014266581274569035
-0.005985591560602188
-0.004099853802472353
0.027362704277038574
8.369484930881299e-06
-0.018597275018692017
-0.025385931134223938
0.027050582692027092
-0.009740810841321945
0.008420794270932674
0.011229893192648888
0.025372926145792007
-0.007575463503599167
0.013076615519821644
-0.00805014930665493
-0.020040839910507202
0.00067992223193869
0.012192269787192345
-0.025047799572348595
-0.026036186143755913
-0.010436582379043102
-0.034411460161209106
-0.008316753432154655
0.001758938073180616
0.016464440152049065
0.008056651800870895
-0.020613063126802444
-0.026166236028075218
-0.03061397559940815
-0.015085902065038681
-0.0005632828688248992
-0.007666499353945255
0.03607611358165741
0.014669738709926605
0.0016370153753086925
-0.027128612622618675
-0.02047000825405121
0.016230348497629166
0.004665574990212917
0.008147687651216984
0.000549871358089149
0.003517876146361232
-0.008914987556636333
-0.028116999194025993
0.014877820387482643
-0.019871773198246956
-0.02079513482749462
0.005205286201089621
0.0020027835853397846
-0.0014305596705526114
-0.009675784967839718
-0.02282392792403698
-0.021237308159470558
0.009896871633827686
0.0002095038362313062
0.02177051641047001
0.0019897783640772104
-0.017023660242557526
-0.015541079454123974
-0.01283602137118578
0.010013917461037636
0.008401286788284779
0.011964680626988411
-0.003872264875099063
0.019637681543827057
0.003485363442450762
-0.01738780178129673
-0.0065610664896667
0.005286568310111761
-0.0056474595330655575
-0.014188550412654877
-0.057742588222026825
-0.012244289740920067
0.004633062519133091
-0.011385953985154629
0.004294930025935173
0.008095666766166687
0.03532181680202484
-0.015189941972494125
0.008680895902216434
0.008843459188938141
-0.014890825375914574
0.01918250508606434
-0.014487667940557003
-0.01975472830235958
-0.02591913938522339
-0.0011363194789737463
0.025125829502940178
-0.005091491620987654
0.010156973265111446
0.033891256898641586
0.007816057652235031
-0.004460745025426149
0.013967463746666908
0.014656733721494675
-0.013538296334445477
0.001895491499453783
0.00883045420050621
-0.004174632951617241
-0.012465376406908035
0.007016244810074568
0.0055791824124753475
-0.024254487827420235
-0.02468365617096424
0.003914531320333481
-0.012218279764056206
-0.008355768397450447
0.026166236028075218
0.02127632312476635
0.034125350415706635
0.041668299585580826
-0.00816719513386488
-0.019572656601667404
0.02281092293560505
-0.025268884375691414
-0.012361335568130016
0.011340436525642872
-0.009383170865476131
0.007146295625716448
0.0034788609482347965
-0.009155581705272198
0.029781650751829147
0.019780738279223442
-0.0054133678786456585
-0.01741381175816059
-0.006704122759401798
0.018324168398976326
-0.00842729676514864
0.0067756506614387035
0.0015549208037555218
-0.017986036837100983
0.03797485679388046
-0.015306987799704075
-0.004886661656200886
-0.0005937635432928801
0.0031082159839570522
-0.0024644641671329737
-0.01606128364801407
-0.013954458758234978
0.0014159289421513677
-0.007334869354963303
0.022407766431570053
0.0030058007687330246
-0.0016532717272639275
0.016165323555469513
0.023721279576420784
-0.007484428118914366
0.008056651800870895
-0.008024139329791069
-0.005163019988685846
0.025737067684531212
-0.005338588263839483
0.011672066524624825
-0.01581418700516224
0.021991603076457977
0.03290287032723427
-0.00026782351778820157
-0.016022268682718277
0.0010542249074205756
-0.018064066767692566
0.008680895902216434
0.009012525901198387
0.008355768397450447
-0.0025993918534368277
-0.0005689726094715297
0.0017524355789646506
0.010202491655945778
0.019624676555395126
-0.012036208994686604
0.030249834060668945
0.012354833073914051
0.035139746963977814
0.017764950171113014
0.020691094920039177
-0.019819753244519234
-0.002748950384557247
0.02413744293153286
-0.033371053636074066
-0.03196650370955467
-0.019910790026187897
0.02751876600086689
0.0017800714122131467
0.00898001343011856
0.0058782994747161865
0.012764493934810162
-0.042734719812870026
0.0018873633816838264
0.017192725092172623
-0.009571744129061699
-0.020600058138370514
0.01915649324655533
-0.026400327682495117
0.016685526818037033
0.016035273671150208
-0.012666955590248108
0.02365625463426113
0.0019507631659507751
0.019143488258123398
-0.014058499597012997
0.009155581705272198
0.0034723584540188313
-0.0024026900064200163
-0.0021312087774276733
-0.037740763276815414
-0.021445389837026596
-0.02153642475605011
0.014851810410618782
0.02307102456688881
0.00987736415117979
-0.01866229996085167
0.07386890053749084
-0.008342763409018517
-0.031498320400714874
0.009760318323969841
8.209461520891637e-05
-0.0039080288261175156
0.003517876146361232
-0.0067496406845748425
-0.02177051641047001
0.005826279055327177
0.01193867065012455
-0.007165803108364344
-0.005705981981009245
-0.03831298649311066
-0.016243355348706245
-0.009175089187920094
-0.020717104896903038
0.039275363087654114
-0.024098427966237068
-0.004665574990212917
0.047338519245386124
0.005875048227608204
-0.02152341976761818
0.006180667784065008
-0.0028806268237531185
0.03347509726881981
0.03579000011086464
-0.029417507350444794
-0.012224782258272171
-0.024332519620656967
-0.006343231536448002
-0.006372492760419846
-0.03134226053953171
-0.02827306091785431
0.00023409158166032284
-0.009727805852890015
0.01545004453510046
-0.004041330888867378
-0.002378305420279503
0.011489994823932648
0.002314905636012554
0.01689360849559307
-0.025789089500904083
-0.028767254203557968
-0.0029293959960341454
0.004600549582391977
-0.018857376649975777
0.004021823406219482
-0.016243355348706245
