-0.002440439071506262
0.017031695693731308
0.025573233142495155
-0.00784151628613472
-0.014899522997438908
-0.0003714845806825906
-0.04053697735071182
-0.026253987103700638
-0.024160346016287804
-0.006011186633259058
-0.011303085833787918
0.004675367381423712
-0.029105447232723236
0.02047399990260601
-0.01019846647977829
0.00974891148507595
0.03840480372309685
-0.0014441940002143383
0.011001242324709892
0.004203334916383028
-0.005840998142957687
0.009170913137495518
-0.006075408775359392
-0.025701675564050674
-0.029876111075282097
0.027975138276815414
0.03352392464876175
-0.02633105218410492
-0.0018415681552141905
-0.0018833124777302146
-0.0023248393554240465
0.0006293763872236013
-0.006852495949715376
-0.004052413161844015
-0.009922311641275883
-0.012285684235394001
0.012369172647595406
0.011816862970590591
0.008631447330117226
0.028874246403574944
0.012985704466700554
0.0040299356915056705
0.0003562318452168256
-0.0043960013426840305
-0.006158897653222084
0.015143566764891148
-0.0182776041328907
-0.0024677333422005177
-0.02620260789990425
0.022888749837875366
0.029079757630825043
0.004839133936911821
-0.012837993912398815
-0.002533561084419489
-0.008907602168619633
-0.010378288105130196
-0.00563869858160615
-0.003683136310428381
0.0164536964148283
-0.012966438196599483
0.003076237626373768
0.010359021835029125
-0.016145430505275726
0.0068460735492408276
0.012529728002846241
0.0035996476653963327
-0.0012699916260316968
0.001134322490543127
-0.00562585424631834
0.021077686920762062
-0.0010171171743422747
0.022079551592469215
-0.010615909472107887
0.016119742766022682
0.031340375542640686
0.002666821936145425
-0.01032048836350441
-0.03896995633840561
0.0193051565438509
0.0223492830991745
0.0006618888000957668
0.01865009218454361
-0.007546094246208668
0.020384088158607483
-0.004174435045570135
0.011926040053367615
0.011078308336436749
0.019266624003648758
-0.00545566575601697
-0.020628131926059723
-0.021141909062862396
0.009414956904947758
-0.0052148327231407166
0.013743525370955467
-0.0008421120001003146
0.017494095489382744
-0.005157032981514931
0.0051538217812776566
-0.03393494710326195
-0.02823202684521675
-0.010692976415157318
-0.009492023847997189
-0.01637662947177887
0.0009328257292509079
-0.029156824573874474
0.0060882531106472015
-0.0005001294193789363
0.008541536517441273
0.00775160500779748
-0.025175055488944054
-0.001245105522684753
0.04079386591911316
0.00018022321455646306
-0.009177335537970066
0.014552723616361618
-0.011181063950061798
0.030055932700634003
-0.019022580236196518
-0.002217267407104373
-0.017519783228635788
0.014398590661585331
0.01400041300803423
0.007340583950281143
-0.010179199278354645
0.02661363035440445
0.004277190659195185
-0.02315848134458065
-0.01962626725435257
-0.0406397320330143
-0.004697845317423344
-0.010924175381660461
0.0026411330327391624
-0.012812305241823196
0.005166666116565466
-0.007931427098810673
0.006146052852272987
-0.012510460801422596
0.02071804367005825
-0.02210523933172226
-0.006537807639688253
0.03193121775984764
0.0002739473129622638
-0.005702920723706484
-0.04238657280802727
-0.009620467200875282
0.017802361398935318
0.03059539943933487
0.06047150865197182
0.0016601408133283257
0.016543608158826828
0.034474413841962814
-0.0402287095785141
0.0253934096544981
-0.002116117626428604
0.007218561600893736
0.004033146426081657
0.004017090890556574
0.019151024520397186
0.015670187771320343
0.0019716178067028522
0.002605810994282365
0.011797595769166946
0.016556452959775925
0.011508597061038017
0.011893928982317448
0.013692147098481655
0.010082866996526718
-0.003622125368565321
0.013255436904728413
0.0036381809040904045
0.027332916855812073
0.013692147098481655
-0.031211931258440018
0.015374765731394291
-0.0073534282855689526
0.016543608158826828
0.01718582771718502
0.0062712859362363815
0.005246943794190884
-0.005243733059614897
-0.028026515617966652
0.015438987873494625
0.0036959806457161903
0.015438987873494625
-0.010802153497934341
0.014552723616361618
0.023184170946478844
0.00480381166562438
0.0015878909034654498
0.004961155820637941
0.005096022039651871
0.012099440209567547
-0.010294799692928791
-0.0118875065818429
-0.64530348777771
0.0074433390982449055
-0.010153510607779026
-0.0023505280259996653
0.0170573852956295
-0.010224155150353909
0.0199088454246521
0.01316552609205246
-0.004957944620400667
-0.025175055488944054
-0.0078094047494232655
0.01763538271188736
0.010172777809202671
-0.011681996285915375
-0.016749117523431778
-0.03393494710326195
0.005073544103652239
-0.017905116081237793
0.026587940752506256
-0.01962626725435257
-0.034268900752067566
0.031545884907245636
0.012915059924125671
0.0017034906195476651
-0.012125128880143166
0.001992490142583847
0.016672052443027496
0.01900973543524742
0.010840686969459057
0.0004278795968275517
-0.013884813524782658
0.008759891614317894
0.004270768258720636
0.021552929654717445
0.04878309369087219
0.019716178998351097
-0.027564115822315216
0.029028380289673805
0.030929353088140488
0.006129997316747904
-0.009209446609020233
-0.01491236686706543
0.018341826274991035
-0.014501345343887806
0.021796973422169685
-0.01129666343331337
0.03116055391728878
-0.028591670095920563
-0.0009392478968948126
0.016967473551630974
-0.016967473551630974
-0.010179199278354645
0.015772942453622818
0.0020679510198533535
0.006174953188747168
-0.00877273641526699
0.009215868078172207
0.008291070349514484
0.0025512222200632095
0.024635590612888336
-0.00181587936822325
-0.022169461473822594
-0.006566707510501146
-0.019202401861548424
-0.02178412862122059
0.005372176878154278
-0.01515641063451767
-0.009703956544399261
0.01637662947177887
-0.024712655693292618
0.011540708132088184
0.015528898686170578
-0.006897451356053352
-0.014950900338590145
0.00983240082859993
0.010660865344107151
0.022785993292927742
0.0012065722839906812
-0.010346177034080029
0.008490159176290035
-0.01812347024679184
-0.021347420290112495
-0.03637538477778435
0.010770042426884174
0.005728609394282103
-0.043773770332336426
0.014051791280508041
0.00113271689042449
-0.003529003355652094
0.030980732291936874
-0.02031986601650715
0.00028859797748737037
0.013615081086754799
-0.013332503847777843
-0.004200124181807041
0.0357588529586792
-0.0013727470068261027
-0.002275067148730159
0.016325252130627632
-0.013820591382682323
-0.001543738297186792
-0.02225937321782112
-0.011990262195467949
-0.0037216695491224527
0.005259788129478693
0.000887067464645952
0.002586544258520007
-0.015169255435466766
0.03539920970797539
-0.030004555359482765
-0.014745389111340046
-0.005076755303889513
-0.009691111743450165
-0.020486842840909958
-0.02026848867535591
-0.03375512361526489
0.015207788906991482
-0.001714729587547481
0.006897451356053352
-0.024751190096139908
0.020653821527957916
-0.008869069628417492
0.0035322143230587244
0.010179199278354645
-0.037197429686784744
0.02478972263634205
-0.015336232259869576
-0.006255230400711298
-0.018149159848690033
-0.004161590710282326
0.0016810129163786769
-0.014938055537641048
0.040280088782310486
0.0010516365291550756
0.022580483928322792
-0.007828671485185623
0.024314479902386665
-0.01771244965493679
0.0036606586072593927
-0.0010179199744015932
-0.025894341990351677
-0.00936357956379652
0.016183964908123016
-0.024378702044487
-0.02482825703918934
-0.03444872424006462
-0.01564449816942215
0.008721358142793179
-0.018996890634298325
0.021514397114515305
-0.022773150354623795
-0.0013655219227075577
-0.025008078664541245
-0.024597056210041046
0.006168530788272619
0.008567225188016891
-0.007648849859833717
0.002531955484300852
-0.021077686920762062
-0.021180441603064537
0.006826807279139757
-0.008901180699467659
-0.019433600828051567
0.03704329580068588
-0.02469981275498867
0.013152682222425938
0.004360679071396589
0.0038950692396610975
-0.012632482685148716
-0.03588729724287987
0.002440439071506262
0.0229529719799757
0.00246291677467525
0.022362127900123596
0.025778742507100105
0.00971037894487381
-0.008181893266737461
0.005018955562263727
-0.03187984228134155
-0.019690489396452904
0.0062038530595600605
0.028540292754769325
-0.016851874068379402
-0.016928941011428833
-0.006589185446500778
0.017853738740086555
0.0011238864390179515
0.022490572184324265
0.007693805266171694
-0.008682825602591038
0.010365443304181099
-0.01058379840105772
-0.009350734762847424
0.014026102609932423
-0.020294176414608955
0.003426247974857688
-0.004951522219926119
-0.00940853450447321
0.020242799073457718
0.026305364444851875
0.025136522948741913
-0.007263517472893
0.04002320021390915
-0.005468510091304779
0.0008509425679221749
-0.00031769860652275383
0.004672156181186438
-0.012112284079194069
0.056618183851242065
0.011181063950061798
0.015772942453622818
-0.032033972442150116
-0.02872011438012123
-0.008124093525111675
0.004492334555834532
0.03506525605916977
-0.007064428646117449
-0.00926082395017147
-0.008875491097569466
0.016016986221075058
-0.007347005885094404
0.00023039670486468822
0.013884813524782658
-0.012112284079194069
-0.024751190096139908
-0.0015822715358808637
0.00027334524202160537
0.003496892284601927
-0.00229593925178051
-0.021629996597766876
0.014899522997438908
0.01658214069902897
-0.0011985445162281394
0.031263306736946106
0.0164536964148283
0.013371037319302559
0.014796767383813858
0.00022477727907244116
0.015528898686170578
0.0036863472778350115
0.0023328671231865883
0.014925211668014526
-0.004318934865295887
9.0763860498555e-05
0.0312889963388443
0.005307954736053944
0.01100766472518444
0.005439610220491886
0.0006590791163034737
0.0003413804806768894
-0.005857053678482771
0.017327116802334785
-0.024083279073238373
-0.022683238610625267
-0.009479179047048092
-0.026215452700853348
0.0029526101425290108
0.0027840272523462772
-0.0013767608907073736
0.02600994147360325
-0.000846928684040904
0.014128857292234898
0.006133208516985178
0.01754547283053398
0.01009571086615324
0.0013053137809038162
-0.002777604851871729
-0.005526309832930565
-0.05230246111750603
-0.003548269858583808
-0.033626679331064224
-0.012195773422718048
-0.0009858089033514261
-0.010371865704655647
0.0241731908172369
0.002870726864784956
0.006987362168729305
0.006068986374884844
0.01312057115137577
0.0029172878712415695
-0.019960222765803337
-0.02941371314227581
0.006406152620911598
0.01836751401424408
-0.01596560887992382
-0.0211290642619133
-0.014783922582864761
-0.00995442271232605
-0.03907271474599838
0.009601200930774212
0.013255436904728413
-0.008214004337787628
0.010230577550828457
0.0005378599162213504
-0.002368189161643386
-0.005436399020254612
0.03023575432598591
0.00034298605169169605
0.00046079340972937644
0.009536978788673878
0.011630618944764137
-0.022041017189621925
-0.019472135230898857
-0.002503055613487959
0.04179573059082031
0.029773356392979622
-0.021963952109217644
0.003190231742337346
0.012934327125549316
-0.020165733993053436
-0.02071804367005825
0.0068396516144275665
0.017532628029584885
0.023710791021585464
0.02385208010673523
0.01400041300803423
0.0042418683879077435
-0.005413921549916267
0.023954836651682854
0.004235445987433195
0.01759685017168522
-0.016081208363175392
-0.010089288465678692
0.0015605965163558722
0.03709467500448227
-0.015092188492417336
-0.01172052975744009
0.03388356789946556
-0.0012475139228627086
-0.04331137239933014
-0.0121893510222435
-0.039920445531606674
-0.0029285268392413855
0.0026652163360267878
-0.00800207071006298
0.006377252750098705
-0.0029253156390041113
0.00021895715326536447
0.005449243355542421
0.010525998659431934
0.0004258726548869163
-0.0022943338844925165
0.0078094047494232655
0.010866375640034676
0.00877273641526699
-0.022927282378077507
0.02189972996711731
0.021707063540816307
0.002236533910036087
-0.00453086756169796
0.04477563500404358
0.007815826684236526
-6.783457502024248e-05
-0.030903665348887444
0.012529728002846241
0.017044540494680405
0.019510667771100998
0.00798280443996191
-0.02201532945036888
0.007025895640254021
0.0152334775775671
0.049348246306180954
0.010153510607779026
0.009048891253769398
0.02019142173230648
0.010044333525002003
-0.0026202609296888113
0.0038436914328485727
0.005950175691395998
-0.020422620698809624
0.020820798352360725
0.0268191397190094
-0.016196807846426964
-0.0211290642619133
0.006110731046646833
0.0003323492710478604
0.014334368519484997
0.007693805266171694
0.025830119848251343
-0.019703334197402
0.006162108387798071
0.0451095886528492
0.00024705432588234544
-0.022400662302970886
0.0010018644388765097
-0.019266624003648758
0.037685517221689224
-0.026061320677399635
-0.007578205317258835
0.002369794761762023
-0.012362750247120857
0.006431841291487217
-0.02807789295911789
0.0134095698595047
0.01714729517698288
-0.035039566457271576
-0.02633105218410492
0.01421876810491085
-0.009768178686499596
0.02669069729745388
0.02206670679152012
-0.01889413595199585
-0.00703873997554183
0.0062648640014231205
-0.005535943433642387
-0.002747099380940199
0.0031260098330676556
-0.03200828284025192
-0.013435259461402893
0.013011393137276173
-0.011990262195467949
0.004386368207633495
0.012253573164343834
-0.0013976329937577248
-0.042078305035829544
-0.012407706119120121
0.012960015796124935
-0.0041872793808579445
-0.009922311641275883
0.020705198869109154
0.004129479639232159
0.0112773971632123
-0.004534078761935234
-0.01885560341179371
0.0017805572133511305
-0.024764034897089005
0.003994613420218229
0.005362543743103743
0.00867640320211649
0.004434534814208746
-0.0007445747614838183
0.023145638406276703
-0.00569970952346921
-0.01421876810491085
-0.008258959278464317
-0.005279054865241051
0.002114512026309967
0.00859291385859251
0.015220632776618004
-0.020371243357658386
-0.026639318093657494
0.029285268858075142
0.008984669111669064
-0.008734202943742275
-0.007334161549806595
-0.0451095886528492
-0.003651025239378214
0.013396725989878178
-0.018470270559191704
0.030338510870933533
-0.01677480712532997
-0.006425418891012669
0.00936357956379652
-0.009787444956600666
0.012182928621768951
0.0524052157998085
-0.01823907159268856
-0.02279883809387684
-0.004318934865295887
0.0025191111490130424
-0.017853738740086555
-0.0024886056780815125
-0.0016585352132096887
-0.005128133110702038
-0.0010484254453331232
-0.0016681685810908675
-0.0015517660649493337
-0.03470561280846596
0.018829913809895515
-0.02392914704978466
-0.021064842119812965
-0.005385021213442087
-0.02592003159224987
0.022233683615922928
-0.016723429784178734
0.0014321523485705256
-0.014706856571137905
0.001836751471273601
-0.014360057190060616
-0.0016842240002006292
-0.003333125961944461
-0.012690283358097076
0.009344312362372875
-0.013255436904728413
0.0329073928296566
0.015747254714369774
0.0030120154842734337
-0.011200331151485443
-0.008143359795212746
0.004736378323286772
-0.010892064310610294
-0.02347959205508232
-0.030261443927884102
0.02225937321782112
0.008881913498044014
0.00773876067250967
-0.0056868651881814
-0.01604267582297325
-0.013820591382682323
0.030698154121637344
-0.019921688362956047
-0.0237750131636858
-0.029002690687775612
-0.005349699407815933
-0.013191214762628078
0.0017612905940040946
-0.028745802119374275
0.00468178978189826
-0.01731427200138569
-0.0032464261166751385
0.041256263852119446
0.00021373911295086145
-0.005677232053130865
0.007578205317258835
0.034885432571172714
-0.032444994896650314
0.016800496727228165
0.012465505860745907
0.013884813524782658
0.01572156511247158
0.01812347024679184
-0.02738429419696331
-0.0072314064018428326
0.01906111277639866
0.004389578942209482
-0.0050253779627382755
-0.024853944778442383
0.0074754501692950726
-0.018791381269693375
0.010757198557257652
-0.007520405575633049
-0.030929353088140488
0.0076873828656971455
-0.01397472433745861
-0.01442427933216095
-0.017853738740086555
-0.007796560414135456
-0.008194737136363983
-0.0027438884135335684
0.014411434531211853
0.01233063917607069
0.011508597061038017
-0.02640811912715435
-0.006104308646172285
0.01253615040332079
-0.019073957577347755
0.02372363582253456
0.00045477261301130056
0.028745802119374275
0.0005808084388263524
-0.025496166199445724
-0.030261443927884102
-0.015297699719667435
0.020037289708852768
-0.026998963207006454
0.01938222348690033
-0.011681996285915375
-0.0042739794589579105
-0.0010660865809768438
0.024198880419135094
0.030210066586732864
-0.013615081086754799
-0.009068157523870468
0.014462812803685665
0.023107104003429413
0.02552185393869877
-0.031211931258440018
-0.004659311845898628
-0.018958358094096184
0.020294176414608955
-0.0022124506067484617
0.015631653368473053
-0.015862854197621346
0.0004884891677647829
-0.0035418476909399033
0.07321316748857498
-0.002238139510154724
-0.002389061264693737
-0.0017837682971730828
-0.013627924956381321
-0.011168220080435276
-0.010429665446281433
-0.026253987103700638
-0.025329187512397766
0.002124145394191146
0.025778742507100105
-0.019407913088798523
0.004566189832985401
0.0008629842195659876
-0.028514603152871132
9.216871694661677e-05
-0.005227677524089813
-0.007430494762957096
0.025264965370297432
-0.019716178998351097
-0.002596177626401186
0.03457716852426529
0.0253934096544981
-0.012401283718645573
0.0211290642619133
-0.002331261523067951
-0.012324216775596142
0.011084730736911297
0.008040604181587696
-0.026587940752506256
-0.0038212137296795845
-0.026074163615703583
-0.014347212389111519
-0.00609467551112175
-0.018534492701292038
-0.011515018530189991
-0.012915059924125671
0.02449430152773857
-0.01576009765267372
-0.008393825963139534
-0.00784151628613472
-0.006017609033733606
0.042720526456832886
0.00031187848071567714
0.0035546920262277126
0.014038946479558945
0.008567225188016891
-0.03953511267900467
-0.01358939241617918
0.0019459290197119117
0.008914024569094181
0.012028795666992664
0.0304669551551342
-0.0012788221938535571
-0.030287133529782295
0.03457716852426529
-0.012157239951193333
-0.02518790028989315
-0.019998755306005478
0.001425730180926621
0.009716800414025784
-0.010969131253659725
-0.005420343484729528
0.016890406608581543
-0.00948560144752264
0.0021080898586660624
0.015002277679741383
-0.011938884854316711
0.013627924956381321
-0.0007321317098103464
-0.007700227200984955
-0.0020551064517349005
-0.018585870042443275
0.02225937321782112
-0.018495958298444748
0.022452039644122124
-0.020589599385857582
-0.027409983798861504
-0.01068655401468277
-0.004524445626884699
0.025586076080799103
-0.03254774957895279
-0.006698362994939089
-0.00021514396939892322
-0.018495958298444748
-0.03193121775984764
0.01316552609205246
-0.024353012442588806
-0.012760926969349384
0.0021080898586660624
-0.0003461971355136484
0.009459912776947021
0.026870518922805786
-0.018187692388892174
-0.0005125724710524082
0.015490366145968437
-0.01718582771718502
-0.01832898147404194
-0.008413092233240604
-0.024532834067940712
0.05841640383005142
0.0034326701425015926
-0.012003106996417046
-0.01115537527948618
0.007764449343085289
-0.04675367474555969
0.00786078255623579
0.023004349321126938
0.02576589770615101
-0.0037280917167663574
-0.00193790125194937
0.010692976415157318
0.018007870763540268
-0.020936397835612297
0.016723429784178734
-0.028540292754769325
-0.013107726350426674
-0.028103582561016083
-0.006229541730135679
-0.02454567886888981
-0.02116759680211544
-0.007854360155761242
-0.007533249910920858
0.042309507727622986
0.0029622435104101896
0.007513983175158501
0.024853944778442383
-0.017982183024287224
-0.020294176414608955
-5.493998105521314e-05
0.03904702514410019
0.019934533163905144
0.003866169136017561
-0.0005739848129451275
-0.0024147501680999994
0.004123057704418898
-0.012324216775596142
-0.016723429784178734
-0.03683778643608093
0.00796353816986084
0.011123264208436012
-0.0034069812390953302
0.018020715564489365
-0.0012683860259130597
-0.017622537910938263
7.847135566407815e-05
-0.019523512572050095
0.01314625982195139
-0.013088460080325603
-0.017519783228635788
0.029156824573874474
-0.0031468819361180067
-0.03144313022494316
-0.004720322787761688
-0.012369172647595406
-0.010975553654134274
-0.002941371174529195
0.013949035666882992
-0.017083073034882545
0.018046405166387558
0.0015862854197621346
-0.0022204783745110035
-0.010436087846755981
-0.032804638147354126
-0.006415785755962133
0.006788273807615042
-0.015541743487119675
-0.012304950505495071
0.002368189161643386
-0.003818002762272954
0.0029670600779354572
-0.0057510873302817345
-0.006679096259176731
-0.023877769708633423
-0.02872011438012123
0.003949658013880253
-0.028874246403574944
-0.0006410166388377547
-0.005131344310939312
-0.0029879321809858084
0.024019058793783188
0.0006189402774907649
0.008522270247340202
-0.048757404088974
0.0022541950456798077
0.19513237476348877
-0.026562253013253212
0.003972135484218597
0.010352599434554577
-0.018470270559191704
-0.003159726271405816
0.034345969557762146
0.0029799044132232666
-0.004707478452473879
0.007109384052455425
0.0021707064006477594
-0.008907602168619633
-0.011791174300014973
0.00877273641526699
0.0061171529814600945
-0.01383343618363142
-0.04148746281862259
-0.01617112010717392
0.015027966350317001
-0.0066919405944645405
0.029054069891572
0.004656100645661354
-0.003211104078218341
-0.006602029781788588
0.02913113497197628
-9.854075324255973e-05
0.01609405316412449
0.006801118142902851
0.016068363562226295
-0.004980422090739012
-0.020217111334204674
-0.010249843820929527
-0.015143566764891148
0.004954733420163393
-0.017417028546333313
0.004161590710282326
0.013062771409749985
-0.023800702765583992
0.022901594638824463
0.012927904725074768
0.0385846272110939
-0.03285601735115051
0.0008340842905454338
-0.010153510607779026
0.000802374619524926
0.05615578591823578
-0.002596177626401186
-0.016273874789476395
0.015169255435466766
-0.014116013422608376
-0.016594985499978065
0.0353478342294693
0.033292725682258606
0.024186035618185997
-0.0052308882586658
0.008124093525111675
0.013422414660453796
-0.005346488207578659
0.0011865029809996486
0.008406669832766056
-0.013884813524782658
0.006354774814099073
0.005593743175268173
0.006136419717222452
-0.027358606457710266
0.026639318093657494
-0.016273874789476395
-0.0317000187933445
-0.021424485370516777
-0.027487050741910934
0.021064842119812965
-0.007064428646117449
-0.011200331151485443
0.006024030968546867
-0.009736067615449429
-0.02206670679152012
0.01418023556470871
0.0112773971632123
0.010468198917806149
0.029927488416433334
-0.009215868078172207
-0.007610316388309002
-0.018829913809895515
0.00852869264781475
0.023068571463227272
-0.02022995427250862
0.010275532491505146
0.0014185052132233977
-0.000784312142059207
-0.03519370034337044
-0.00808556005358696
-0.002133778529241681
-0.006923140026628971
-0.012690283358097076
0.018007870763540268
0.01550321001559496
0.010628754273056984
0.009145224466919899
-0.012394861318171024
0.005860264878720045
-0.0038115803617984056
0.02633105218410492
0.01348663680255413
0.025586076080799103
-0.006627718452364206
0.016594985499978065
-0.021707063540816307
-0.021989639848470688
-0.0005434793420135975
-0.03424321487545967
0.018072092905640602
-0.011489329859614372
0.008021337911486626
-0.02421172335743904
-0.01123244222253561
-0.004431323613971472
0.011669151484966278
-0.016350941732525826
0.020872175693511963
0.019073957577347755
-0.030569709837436676
-0.01173979602754116
-0.003988191019743681
0.00691671809181571
-0.011752640828490257
-0.02315848134458065
-0.05297037214040756
0.025688832625746727
-0.006136419717222452
-0.014552723616361618
0.026356741786003113
-0.020666664466261864
0.03917546942830086
0.02169421873986721
-0.012202194891870022
0.01324259303510189
-0.0031741762068122625
-0.0061781639233231544
0.021668529137969017
-0.001410477445460856
0.016350941732525826
-0.014270146377384663
0.015310543589293957
-0.0040909466333687305
-0.008971824310719967
-0.002196395071223378
-0.0060818311758339405
-0.0026427386328577995
-0.01375636924058199
-0.00468178978189826
0.009466334246098995
-0.039637867361307144
-0.010410399176180363
-0.01182328537106514
0.006158897653222084
0.010834264568984509
-0.009614045731723309
-0.004630411975085735
0.008541536517441273
0.011951728723943233
-0.015336232259869576
0.0019250568002462387
0.02774393931031227
0.011752640828490257
0.012664593756198883
0.010988397523760796
-0.15988728404045105
0.015862854197621346
0.010795732028782368
0.005407499149441719
0.0011969390325248241
0.0012579499743878841
0.025085143744945526
0.015811476856470108
-0.012619638815522194
0.002655582968145609
-0.007680960930883884
0.014270146377384663
-0.03254774957895279
-0.021360263228416443
-0.009132379665970802
-0.0039047023747116327
-0.0345257893204689
0.01694178394973278
0.03324135020375252
0.029233891516923904
0.011290241964161396
-0.010609488002955914
-0.013178370893001556
-0.01032048836350441
0.001252330606803298
-0.017584005370736122
-0.013107726350426674
0.007006628904491663
-0.004851978272199631
-0.006640563253313303
-0.001713123987428844
0.014758233912289143
0.0083296038210392
-0.0073277391493320465
-0.005070333369076252
0.01184255164116621
-0.0239676795899868
0.001549357664771378
-0.008490159176290035
0.01358939241617918
0.008438780903816223
0.01194530725479126
0.007937849499285221
0.010513154789805412
0.010949864983558655
0.033421169966459274
0.029388023540377617
-0.011855395510792732
0.018701469525694847
-0.021026309579610825
0.003355603665113449
-0.00667267432436347
0.0020599232520908117
-0.012683860957622528
0.0051152887754142284
-0.0032191318459808826
0.01540045440196991
-0.013769214041531086
0.017288584262132645
-0.0050863889046013355
-0.004800600465387106
-0.0304669551551342
0.006268075201660395
0.023916302248835564
0.027332916855812073
-0.014629789628088474
-0.031545884907245636
0.021514397114515305
-0.03652951866388321
0.0029221046715974808
0.0053914436139166355
-0.030158689245581627
-0.0007806996582075953
-0.008387403562664986
0.00784151628613472
0.013229748234152794
-0.020294176414608955
0.037685517221689224
-0.001442588516511023
-0.015824319794774055
-0.015554587356746197
0.05600165203213692
-0.003766624955460429
-0.010949864983558655
0.022901594638824463
-0.009209446609020233
-0.010416821576654911
0.007244250737130642
0.015438987873494625
0.03765982761979103
0.02503376640379429
-0.041179198771715164
-0.024314479902386665
-0.005259788129478693
0.006043297704309225
0.015284854918718338
0.0005852237227372825
-0.013306815177202225
-0.003795524826273322
-0.012170083820819855
0.009511290118098259
-0.0044859121553599834
0.0023569504264742136
0.0034647812135517597
0.022169461473822594
-0.020486842840909958
0.007648849859833717
0.021989639848470688
0.034885432571172714
0.0007088512065820396
-0.032162416726350784
0.02304288186132908
0.024879634380340576
0.01407747995108366
0.002575305290520191
0.016389474272727966
-0.008477314375340939
-0.010294799692928791
0.025342032313346863
-0.01613258570432663
0.05471721291542053
-0.012760926969349384
-0.0029815100133419037
0.009100268594920635
-0.007379116956144571
-0.030441265553236008
-0.10850962996482849
-0.022490572184324265
0.013004970736801624
0.011919617652893066
0.010204888880252838
0.036914851516485214
0.002809715922921896
0.02766687236726284
-0.006020819768309593
0.01624818705022335
-0.03205966204404831
-0.007912159897387028
-0.0004868836549576372
0.01718582771718502
-0.0015654132002964616
0.018290448933839798
0.00468178978189826
-0.00440884567797184
-0.02689620666205883
0.020936397835612297
0.006335508078336716
0.008021337911486626
-0.006736896000802517
-0.010108555667102337
0.011097575537860394
0.003496892284601927
-0.026035631075501442
0.008541536517441273
0.022529104724526405
0.0035868030972778797
-0.02490532211959362
0.0076873828656971455
-0.01326828170567751
-0.01348663680255413
0.025290654972195625
-0.0182776041328907
-0.023954836651682854
-0.006313030607998371
0.02974766679108143
-0.018046405166387558
0.01525916624814272
0.025008078664541245
0.01731427200138569
-0.01795649342238903
0.021141909062862396
-0.018316136673092842
-0.011258130893111229
0.023980524390935898
0.0017966126324608922
-0.018508803099393845
-0.017584005370736122
-0.031828463077545166
-0.0507868193089962
-0.020140044391155243
0.014758233912289143
0.02088502049446106
0.003100320929661393
0.012863682582974434
-0.0180849377065897
-0.029439400881528854
0.0032865649554878473
-0.003978557884693146
-0.008316759020090103
0.029388023540377617
0.012529728002846241
-0.007937849499285221
-0.014475656673312187
0.001159208593890071
-0.0025480110198259354
0.009414956904947758
-0.005413921549916267
0.0073213172145187855
-0.00217391736805439
-0.0033459702972322702
-0.01159850787371397
0.044878389686346054
-0.033780813217163086
-0.0075974720530211926
-0.006428630091249943
-0.0051827216520905495
0.0008758286130614579
-0.008586492389440536
-0.03365236893296242
-0.009883778169751167
0.01840604841709137
0.015670187771320343
0.006139630917459726
-0.004174435045570135
-0.021707063540816307
-0.015040811151266098
-0.00773876067250967
0.0341404564678669
0.004078102298080921
-0.007180028595030308
0.01904826983809471
0.008637869730591774
0.010018644854426384
-0.005985497962683439
-0.023004349321126938
0.017404183745384216
-0.024198880419135094
0.00950486771762371
-0.05733747407793999
0.009864511899650097
0.014616945758461952
-0.008631447330117226
-0.00611394178122282
0.010371865704655647
0.03557903319597244
-0.018470270559191704
0.00879842508584261
-0.01032048836350441
-0.007347005885094404
0.014295835047960281
-0.012671016156673431
0.006781851872801781
-0.009960844181478024
-0.032162416726350784
0.0027551271487027407
-0.014308679848909378
0.004293246194720268
-0.0011270975228399038
0.02376217022538185
-0.007957115769386292
0.00728278374299407
0.015978453680872917
-0.013563703745603561
-0.003827635897323489
0.0042129685170948505
-0.005433187820017338
-0.015079344622790813
0.014604100957512856
0.011405841447412968
-0.02774393931031227
0.0012748083099722862
0.023595191538333893
-0.0045790341682732105
-0.019433600828051567
0.008914024569094181
0.0536382794380188
0.030158689245581627
0.058159515261650085
-0.033780813217163086
-0.016543608158826828
0.023389682173728943
-0.0031356429681181908
-0.018662936985492706
0.008997512981295586
-0.017275739461183548
-0.005988709162920713
0.01220861729234457
-0.0062038530595600605
0.029079757630825043
0.028386158868670464
-0.00400103535503149
-0.01942075788974762
-0.012947170995175838
0.021874040365219116
-0.0031950485426932573
-0.005304744001477957
0.0031966541428118944
0.0024693389423191547
0.04541785642504692
-0.008984669111669064
0.0009376423549838364
0.003622125368565321
-0.017853738740086555
-0.019574889913201332
-0.0021514396648854017
0.007546094246208668
-0.01653076335787773
-0.015605965629220009
0.004460223484784365
0.019651956856250763
0.003583592129871249
0.00773876067250967
0.014475656673312187
-0.0006418194388970733
0.009671845473349094
-0.008830536156892776
0.001774134929291904
0.009222290478646755
-0.001138336374424398
0.01456556748598814
-0.013332503847777843
0.02056390978395939
0.011881085112690926
0.007578205317258835
0.012426972389221191
0.005879531614482403
-0.033138591796159744
0.007828671485185623
-0.008663558401167393
0.013178370893001556
0.006518540903925896
0.00798280443996191
-0.000846928684040904
0.0030104098841547966
-0.006496063433587551
-0.016222497448325157
0.01714729517698288
0.01803356036543846
0.018393203616142273
0.0041519575752317905
-0.00563869858160615
-0.027409983798861504
-0.008098403923213482
0.013293970376253128
-0.03152019530534744
-0.037839651107788086
-0.0003989796678069979
0.014745389111340046
-0.010391132906079292
-0.016890406608581543
0.022362127900123596
-0.002841826993972063
-0.0056354873813688755
-0.025984253734350204
0.018226226791739464
-0.0029975655488669872
-0.03311290591955185
0.010166355408728123
-0.013255436904728413
0.029567845165729523
0.04960513487458229
0.002328050322830677
0.0002669230161700398
-0.0009392478968948126
0.027923760935664177
-0.002503055613487959
0.007058006711304188
0.012394861318171024
-0.0008156204130500555
0.004501967690885067
-0.04228381812572479
-0.015657342970371246
-0.024044746533036232
-0.005847420543432236
0.02697327360510826
0.007308472879230976
-0.030287133529782295
0.08636585623025894
-0.009305779822170734
-0.014976589009165764
0.017031695693731308
0.0007903329678811133
0.02145017497241497
-0.004562978632748127
-0.016273874789476395
-0.018316136673092842
0.011341619305312634
0.02056390978395939
-0.018187692388892174
-0.00031187848071567714
-0.02787238359451294
-0.011746218428015709
0.0013350164517760277
-0.007796560414135456
0.035245075821876526
-0.0022012118715792894
0.018919825553894043
0.0479353591799736
-0.016119742766022682
0.0031870207749307156
-0.009395690634846687
-0.02291443757712841
0.01673627458512783
0.03637538477778435
0.0034808367490768433
-0.006878184620290995
-0.020307021215558052
-0.008933291770517826
0.0009223896195180714
-0.04323430359363556
-0.021039152517914772
-0.014103168621659279
-0.030980732291936874
0.006589185446500778
-0.04282328113913536
-0.011290241964161396
0.00865071453154087
-0.012407706119120121
0.0017982182325795293
-0.017828049138188362
-0.025740209966897964
-0.011412263847887516
0.012722394429147243
-0.028026515617966652
0.015914231538772583
-0.013987569138407707
