-0.025479955598711967
-0.013255245052278042
0.006878815125674009
-0.04408109560608864
-0.054515253752470016
0.03001430630683899
-0.035115450620651245
-0.011393842287361622
-0.005207417532801628
-0.045214682817459106
-0.018562495708465576
-2.1523972463910468e-05
-0.006865933537483215
0.01663024351000786
-0.014852573163807392
-0.00732967397198081
0.0363263264298439
0.0060447268187999725
-0.0224012341350317
0.019438449293375015
-0.01040195394307375
0.0184079147875309
0.011316552758216858
-0.0051140254363417625
-0.0125725157558918
0.018626904115080833
0.013036256656050682
-0.031560108065605164
-0.005806415807455778
0.0021850543562322855
-0.006479483097791672
-0.01983778178691864
-0.013603050261735916
-0.022362589836120605
-0.02028864063322544
-0.015161733143031597
0.012765740975737572
0.02620133012533188
0.039984721690416336
-0.0037968740798532963
0.026896940544247627
-0.0021512398961931467
0.016849232837557793
-0.009274806827306747
0.00986736360937357
0.015406484715640545
-0.022723276168107986
-0.0051397886127233505
-0.045987583696842194
0.017403144389390945
0.0031753331422805786
0.016346847638487816
-0.03143129125237465
-0.002458789851516485
-0.007117126137018204
0.00024193398712668568
0.00010929297422990203
0.022272419184446335
0.006788643542677164
-0.0005700141773559153
0.0013751189690083265
0.006572875194251537
-0.02444942109286785
0.008012402802705765
0.00947447307407856
0.004924020729959011
-0.025209439918398857
0.009377860464155674
-0.0020401354413479567
0.024732818827033043
0.006556773092597723
0.010517888702452183
-0.014968507923185825
0.004373329225927591
0.04013930261135101
-0.0019048778340220451
0.0045343502424657345
-0.027566786855459213
0.0012132929405197501
0.015999041497707367
0.000900107144843787
-0.00396111560985446
-0.03331201523542404
0.013306771405041218
0.002328363014385104
0.020932724699378014
0.012192506343126297
0.01124570332467556
0.010459921322762966
-0.0188587736338377
-0.011194176971912384
0.02098425105214119
0.02656201645731926
0.012907439842820168
-0.01745467074215412
0.019966598600149155
-0.014363069087266922
0.03619750961661339
-0.01692652329802513
-0.028726138174533844
-0.016166504472494125
-0.012707773596048355
-0.031405527144670486
0.00023227272322401404
-0.03470323607325554
-0.0025457413867115974
0.00407383032143116
0.0010128217982128263
0.005078600719571114
-0.008972087875008583
0.007535780780017376
0.03359541296958923
-0.006476262584328651
-0.005899807903915644
0.003510256763547659
-0.02195037715137005
0.03150857985019684
-0.03666125237941742
-0.023496177047491074
-0.023083964362740517
0.028468504548072815
0.012855912558734417
0.027309153228998184
0.0034329667687416077
0.02277480438351631
0.018098754808306694
-0.014710874296724796
-0.021924613043665886
-0.012340646237134933
-0.016874995082616806
0.003468391252681613
-0.005870823748409748
0.002167341997846961
0.011232821270823479
-0.019335396587848663
-0.002228529890999198
0.004321802407503128
0.030503809452056885
-0.02885495498776436
0.00040134473238140345
0.005577765870839357
0.015973279252648354
0.007896467112004757
-0.03756296634674072
-0.014929862692952156
0.018356388434767723
0.017944175750017166
0.019374040886759758
0.0193096324801445
0.014041027054190636
0.005809635855257511
-0.04062880575656891
-0.00809613335877657
-0.0016778383869677782
0.01173520740121603
-0.0184079147875309
0.008514788001775742
-0.0025666740257292986
-0.007245942950248718
-0.006923900917172432
-0.011484014801681042
-0.008972087875008583
0.002473281929269433
0.015406484715640545
0.0180601105093956
0.019593030214309692
0.006041506305336952
-0.016591599211096764
0.006018963176757097
0.002903207903727889
0.021061541512608528
0.028623085469007492
-0.020868316292762756
0.011116886511445045
-0.004750118125230074
0.02787594683468342
0.01593463309109211
0.0004323412722442299
-0.019786255434155464
-0.009822278283536434
-0.0216025710105896
0.007613070774823427
0.00011160764552187175
0.002154460409656167
-0.022993791848421097
0.004920800216495991
-0.020507628098130226
0.013512878678739071
0.005819297395646572
0.004315361380577087
0.031379763036966324
0.007387641351670027
-0.0051365685649216175
-0.0024008224718272686
-0.6187326908111572
0.005854721646755934
-0.004154340364038944
-0.028288161382079124
0.01867843046784401
-0.020675091072916985
0.02746373414993286
-0.01442747749388218
0.005452169571071863
-0.023341597989201546
0.001863012439571321
0.04469941556453705
0.020146941766142845
-0.04127288982272148
-0.025892170146107674
-0.02629150077700615
-0.006167102605104446
-0.020765261724591255
0.015728525817394257
-0.013132869265973568
-0.04186544939875603
0.03109636716544628
0.013551522977650166
0.02471993677318096
-0.008598518557846546
-0.018188927322626114
0.01368033979088068
0.023264307528734207
0.009558203630149364
0.00269871111959219
-0.010021944530308247
0.03238453343510628
0.013435588218271732
0.03135399892926216
0.05090838298201561
0.018034346401691437
-0.0251450315117836
0.04614216461777687
-0.005983538459986448
0.020739499479532242
-0.021203238517045975
-0.0439007543027401
0.03150857985019684
0.013158632442355156
0.018304862082004547
0.014672229066491127
0.014775282703340054
-0.0054811532609164715
0.0031044839415699244
0.01947709359228611
-0.015483775176107883
-0.012057249434292316
-0.016514308750629425
0.014079672284424305
0.011599949561059475
0.007464931346476078
-0.009822278283536434
0.022903621196746826
0.01753196120262146
0.015831580385565758
0.008920560590922832
0.002937022130936384
-0.01929675042629242
-0.036532435566186905
-0.04317937791347504
0.021267646923661232
-0.0022816669661551714
-0.018704194575548172
0.003413644153624773
-0.03374999016523361
0.014144080691039562
0.040706098079681396
0.019812017679214478
0.01191555056720972
0.014813927933573723
-0.0080574881285429
0.032178428024053574
-0.0034844933543354273
0.005056058056652546
0.007741887588053942
-0.004080270882695913
-0.009635494090616703
-0.0377175472676754
-0.0030626184307038784
0.014375951141119003
-0.033956099301576614
0.0007028564577922225
-0.033080145716667175
0.009049377404153347
0.03905724361538887
-0.002943462925031781
0.005120466463267803
0.0014854182954877615
-0.014904099516570568
0.005593867972493172
0.04225189983844757
0.004988429136574268
-0.008643604815006256
-0.004840289708226919
-0.013744748197495937
-0.015483775176107883
-0.021486636251211166
0.014891217462718487
-0.014556294307112694
0.020829670131206512
0.0004975547199137509
0.00983515940606594
0.011799615807831287
0.030040068551898003
-0.00242497562430799
-0.011632153764367104
-0.013409825041890144
0.011219940148293972
-0.007632393389940262
-0.009184635244309902
-0.040242355316877365
0.016771942377090454
-0.00331059074960649
-0.012952525168657303
-0.013706103898584843
0.0032767762895673513
-0.007258824538439512
0.03387880697846413
0.0046277423389256
-0.01762213371694088
0.032101135700941086
-0.006572875194251537
-0.0004027536488138139
-0.015148851089179516
-0.019167933613061905
-0.010260255075991154
-0.025260966271162033
0.006679149344563484
-0.0036970411892980337
0.02444942109286785
-0.014517649076879025
0.006292698904871941
-0.02045610174536705
-0.00991889089345932
0.0009572695707902312
0.006547112017869949
-0.013371179811656475
0.021486636251211166
-0.017866885289549828
-0.042123083025217056
-0.03331201523542404
-0.0005418354994617403
0.0008348936680704355
-0.00772900553420186
0.015342076309025288
-0.023792456835508347
0.009493795223534107
-0.02885495498776436
0.0014371119905263186
-0.003455509664490819
-0.02345753274857998
-0.015290549956262112
0.0012921931920573115
-0.03297709301114082
-0.00876598060131073
-0.0007241917192004621
0.018356388434767723
-0.02823663502931595
0.00924904365092516
-0.014749519526958466
-0.004750118125230074
0.005519798491150141
-0.0018775042844936252
-0.014942744746804237
-0.04629674553871155
0.01735161803662777
0.006936782505363226
-0.009403623640537262
0.023444650694727898
0.0039224703796207905
0.014968507923185825
-0.010859252884984016
-0.023843983188271523
-0.010653146542608738
-0.030529573559761047
0.0035134772770106792
0.024938926100730896
-0.023573467507958412
-0.007510017137974501
0.02256869710981846
-0.00297888764180243
-0.0023428548593074083
0.015354958362877369
0.0028919363394379616
0.012327764183282852
-0.0005623656907118857
0.0038194169756025076
-0.009062259458005428
0.00561963114887476
0.005783872678875923
0.01709398441016674
0.0017293650889769197
0.0016633464256301522
0.0065116873010993
0.02018558606505394
0.0243463683873415
0.0021319175139069557
0.041041020303964615
0.002389550907537341
0.0036455143708735704
0.006115575786679983
0.010414835065603256
-0.01718415692448616
0.03568224236369133
0.016437018290162086
0.010369749739766121
-0.011374520137906075
-0.0051269070245325565
-0.011400283314287663
-0.0112521443516016
0.014195607043802738
-0.014066790230572224
0.014028145000338554
-0.01262404303997755
0.022285299375653267
0.002519977977499366
-0.012263355776667595
0.0016287269536405802
-0.007142889313399792
0.005436067469418049
0.01346135139465332
0.01798282004892826
0.0022043767385184765
0.021551044657826424
-0.02152528055012226
0.01964455656707287
0.014453240670263767
0.0016359728761017323
0.034394074231386185
0.0329255647957325
0.015110205858945847
0.01324236299842596
-0.02223377302289009
0.03444560244679451
0.01807299256324768
-0.006859492510557175
0.02888071909546852
0.013667458668351173
-0.014466122724115849
0.0014387222472578287
-0.004096372984349728
0.0275410246104002
0.022813448682427406
-0.004019082989543676
-0.01395085547119379
-0.02053339220583439
0.0039224703796207905
-0.013384061865508556
-0.00303202448412776
0.008643604815006256
-0.03624903783202171
0.0045472318306565285
-0.008431057445704937
0.010067029856145382
0.024578237906098366
0.01699093170464039
0.02718033641576767
-0.025518599897623062
0.01349999662488699
0.02312260866165161
-0.01393797341734171
0.0035778856836259365
-0.006125236861407757
-0.036274801939725876
-0.025892170146107674
-0.004705032333731651
-0.007638833951205015
-0.014144080691039562
0.0010418056044727564
0.012314882129430771
0.0012285899138078094
0.019103525206446648
-0.011174853891134262
0.015020034275949001
0.010150761343538761
-0.0379236564040184
-0.03828434273600578
0.013293890282511711
0.021576806902885437
0.010640264488756657
0.0047952039167284966
-0.012237592600286007
-0.0032655049581080675
-0.021898848935961723
-0.02444942109286785
0.001516817370429635
0.0028871058020740747
0.020340166985988617
-0.010775522328913212
-0.008089692331850529
0.005039955954998732
0.041582051664590836
-0.013435588218271732
-0.00942938681691885
0.019786255434155464
0.01393797341734171
-0.014285778626799583
-0.015213259495794773
-0.023663640022277832
0.020520510151982307
0.014053909108042717
-0.030478045344352722
-0.006212188396602869
0.0007636418449692428
-0.032178428024053574
0.012849472463130951
-0.0013308381894603372
0.011058919131755829
0.039366401731967926
2.6845211323234253e-05
0.003294488647952676
0.01699093170464039
0.0056260721758008
0.019593030214309692
0.007806295994669199
0.015264786779880524
-0.0153163131326437
0.0016746178735047579
0.031482815742492676
0.0402165949344635
-0.004998090211302042
-0.02815934456884861
0.015406484715640545
-0.01842079684138298
0.0012157082092016935
-0.02453959360718727
-0.03045228309929371
0.006221849471330643
-0.003262284444645047
0.006717794109135866
0.005236401222646236
0.027850184589624405
-0.009236161597073078
-0.004273496102541685
0.01169656217098236
-0.0007869899272918701
0.0034587301779538393
0.029730908572673798
-0.001772840740159154
-0.003719584085047245
-0.005767770577222109
-0.008830389007925987
0.004273496102541685
0.02267174981534481
0.0016222861595451832
0.041839685291051865
0.03619750961661339
-0.007432727143168449
-0.02053339220583439
0.0076774791814386845
0.019451331347227097
0.03550190106034279
-0.003890266176313162
-0.02728339098393917
0.041401706635951996
0.0022059869952499866
0.040680333971977234
0.011046037077903748
0.004933681804686785
0.014594939537346363
0.0051140254363417625
0.00877242162823677
0.017416026443243027
0.017068220302462578
-0.02630438283085823
0.019193697720766068
0.021306293085217476
0.002838799497112632
-0.026407435536384583
0.019605910405516624
0.024294842034578323
-0.023766692727804184
-0.00258921692147851
0.002658455865457654
0.016952285543084145
0.004569774493575096
0.00529436906799674
-0.02417890727519989
-0.03756296634674072
-0.01744179055094719
-0.013448470272123814
0.01735161803662777
-0.026433199644088745
-0.02478434517979622
-0.005719464272260666
0.0018952166428789496
0.0015087663196027279
-0.01444035954773426
0.01549665629863739
0.0004432101850397885
-0.04178815707564354
-0.022208010777831078
-0.005948114208877087
-0.01169012114405632
0.02692270278930664
0.008798184804618359
-0.0035327996592968702
0.004949783906340599
0.020159823819994926
-0.008901238441467285
-0.009661257266998291
-0.004721134435385466
-0.02638167329132557
-0.012379290536046028
0.0038484008982777596
-0.02401144430041313
-0.019064880907535553
0.0038097556680440903
0.006250833626836538
-0.02772136777639389
-0.008025283925235271
0.02895800769329071
0.004811306018382311
-0.007046276703476906
0.029627855867147446
0.005580986384302378
-0.009075140580534935
0.010305341333150864
-0.010479243472218513
0.002110984642058611
-0.023702284321188927
-0.027566786855459213
-0.006653385702520609
0.0072845877148211
-0.0005837009521201253
-0.018729956820607185
0.024951806291937828
0.0066469451412558556
-0.011703003197908401
0.018214689567685127
-0.0019419126911088824
0.001330033061094582
-0.028288161382079124
0.013693221844732761
-0.0123470863327384
-0.01778959482908249
0.051835864782333374
0.02274904027581215
-0.00041583660640753806
0.0024555695708841085
-0.03411068022251129
-0.0005317716859281063
0.011406724341213703
-0.02310972660779953
0.013396942988038063
-0.027077283710241318
-0.007162211928516626
-0.027309153228998184
0.005097923334687948
-0.0019773372914642096
0.044312965124845505
-0.0007117126369848847
-0.04261258617043495
-0.007258824538439512
-0.019953716546297073
-0.022993791848421097
0.01487833634018898
0.02374092862010002
-0.006160661578178406
0.006196086294949055
0.013654576614499092
0.00992533192038536
-0.013229481875896454
0.030787207186222076
-0.030478045344352722
-0.007503576576709747
-0.006228290498256683
-0.01982489973306656
0.03658396005630493
0.017635013908147812
0.0027341358363628387
-4.566453571897e-05
0.004318581894040108
-0.02470705471932888
-0.017480434849858284
-0.028210870921611786
0.005890146363526583
0.007303910329937935
0.012649806216359138
0.012379290536046028
-0.017506198957562447
-0.0019290309865027666
-0.005877264775335789
-0.0193096324801445
-0.006634063087403774
0.0047404570505023
-0.015689881518483162
-0.03135399892926216
0.004656726028770208
0.0015208428958430886
-0.018343506380915642
-0.010633823461830616
-0.017325853928923607
0.009384301491081715
0.024500947445631027
-0.014736637473106384
-0.014195607043802738
0.0008252323605120182
0.009377860464155674
-0.0073103513568639755
0.009629053063690662
0.006347445771098137
0.035373084247112274
-0.030838733538985252
0.004978768061846495
0.038825374096632004
0.011451810598373413
-0.0005555222742259502
0.031044838950037956
0.034651707857847214
-0.016063449904322624
0.010788403451442719
0.0038387395907193422
0.0008413344621658325
-0.005171992816030979
0.011773851700127125
-0.030246175825595856
0.007799854967743158
0.04186544939875603
-0.009274806827306747
-0.01080772653222084
-0.006795084103941917
0.01373186707496643
-0.008218509145081043
0.02815934456884861
-0.000526538526173681
0.0066469451412558556
0.025801997631788254
-0.020353049039840698
-0.017145510762929916
-0.0034394075628370047
-0.004569774493575096
-0.009171753190457821
0.02339312434196472
0.013538641855120659
0.020056769251823425
0.019721847027540207
-0.010885016061365604
0.014736637473106384
0.01373186707496643
-0.02401144430041313
0.050882622599601746
0.012965407222509384
0.025093505159020424
0.03145705163478851
0.002217258559539914
-0.020353049039840698
0.015792934224009514
0.031225183978676796
-0.025814879685640335
0.02681965008378029
0.008862593211233616
0.02222089096903801
-0.009989740327000618
0.043874990195035934
0.02327718958258629
-0.009719224646687508
0.002640743739902973
-0.00018829388136509806
-0.007245942950248718
-0.0017615691758692265
-0.022465642541646957
0.004283157177269459
-0.023406006395816803
0.027850184589624405
-0.011831820011138916
0.007941553369164467
-0.024591119959950447
-0.014247134327888489
-0.008933442644774914
0.04846086725592613
0.0005736371385864913
0.004589097108691931
0.0017116527305915952
-0.0037002614699304104
-0.013783393427729607
-0.01373186707496643
-0.024552475661039352
-0.019322514533996582
-0.010273137129843235
0.011535541154444218
0.0042187487706542015
-0.0037034819833934307
-0.00026689222431741655
-0.007786973379552364
0.013396942988038063
-0.00921039842069149
-0.0031769433990120888
0.02071373537182808
0.005323352757841349
-0.011599949561059475
0.021551044657826424
-0.00015639160119462758
0.0045729950070381165
0.007007631938904524
0.00921039842069149
-0.042818691581487656
0.001177063211798668
0.001454019220545888
-0.03380151838064194
0.018137400969862938
-0.018021464347839355
-0.015329195186495781
-0.004824187606573105
-0.03197231888771057
-0.009281247854232788
-0.02063644491136074
0.020211350172758102
-0.02383110113441944
-0.012334205210208893
0.013255245052278042
-0.008237832225859165
0.03328625112771988
0.02170562371611595
0.026433199644088745
-0.002500655362382531
0.011116886511445045
-0.02736067958176136
-0.01699093170464039
0.0007298274431377649
0.012308442033827305
0.014028145000338554
0.026896940544247627
0.00662118149921298
5.213053373154253e-05
0.028262397274374962
-0.008534110151231289
-0.019786255434155464
-0.03496086969971657
0.017660778015851974
0.0026133700739592314
-0.02906106226146221
-0.008051048032939434
-0.009931772015988827
0.011806055903434753
-0.00507216015830636
0.01973472721874714
-0.001392026199027896
0.021100185811519623
-0.019077762961387634
-0.017957055941224098
0.010047707706689835
-0.011187735944986343
0.02001812495291233
-0.03305438160896301
0.011548423208296299
-0.009674139320850372
-0.041298653930425644
-0.01655295491218567
-0.008231391198933125
0.03197231888771057
-0.06672707945108414
0.02841697819530964
-0.015883106738328934
0.0010860863840207458
-0.02336736023426056
-0.005941673181951046
-0.0024120938032865524
0.0063667683862149715
0.006495585199445486
0.003870943794026971
-0.004209087695926428
0.013074900954961777
-0.017596369609236717
0.008920560590922832
-0.02497757039964199
-0.0033685583621263504
-0.01235352735966444
0.007477812934666872
-0.03488358110189438
0.01780247688293457
0.0013871955452486873
-0.034316785633563995
-0.01816316321492195
0.0019161493983119726
-0.031199419870972633
-0.01691364124417305
-0.01585734263062477
0.02444942109286785
-0.0013252024073153734
0.0054682716727256775
0.010260255075991154
0.04985208809375763
0.007458490785211325
0.0041929855942726135
-0.026510490104556084
0.0028210871387273073
-0.03171468526124954
-0.005075380671769381
-0.005941673181951046
-0.013158632442355156
-0.03460018336772919
-0.02045610174536705
0.025479955598711967
-0.012366409413516521
0.002003100700676441
0.01465934794396162
-0.02585352398455143
-0.020031007006764412
-0.004418415017426014
0.012417935766279697
0.005387761164456606
-0.02410161681473255
0.0007499550702050328
-0.01849808730185032
0.0030561776366084814
0.014788164757192135
-0.003990099299699068
-0.019180815666913986
-0.01438883226364851
0.036790069192647934
-0.02416602522134781
0.006981868762522936
-0.01031822245568037
-0.01393797341734171
0.0055133574642241
-0.0066598267294466496
0.008527670055627823
0.014324423857033253
-0.009596848860383034
0.012211829423904419
0.013744748197495937
-0.03421373292803764
-0.014762400649487972
0.008231391198933125
-0.02117747627198696
-0.0023042098619043827
0.0025715045630931854
-0.024629764258861542
0.013693221844732761
-0.012314882129430771
-0.02728339098393917
-0.004080270882695913
-0.022697513923048973
-0.00946803204715252
0.0032719457522034645
-0.018124518916010857
-0.0022881077602505684
0.026368791237473488
-0.007477812934666872
0.0031463494524359703
-0.011303670704364777
-0.02613692171871662
-0.019940834492444992
-0.018047228455543518
-0.004457059781998396
-0.01681058667600155
-2.5725612431415357e-06
0.0032220291905105114
0.0009814227232709527
0.008276477456092834
-0.01217962522059679
0.006608299911022186
-0.029627855867147446
0.014002381823956966
0.20724040269851685
-0.02746373414993286
-0.020327284932136536
0.011934872716665268
-0.014929862692952156
-0.007986639626324177
0.035476136952638626
0.008398853242397308
0.016939403489232063
0.023779574781656265
0.026948466897010803
-0.03233300894498825
-0.01699093170464039
0.012218269519507885
0.000817181309685111
-0.017750950530171394
-0.04075762256979942
-0.017750950530171394
0.018987590447068214
-0.001863012439571321
0.023792456835508347
0.0047404570505023
-0.014466122724115849
-0.010749759152531624
0.027077283710241318
0.004975547548383474
0.007535780780017376
0.02522232197225094
0.029911251738667488
-0.005806415807455778
-0.026162683963775635
-6.49115681881085e-05
0.01368033979088068
-0.00986736360937357
-0.014775282703340054
0.014968507923185825
0.017673660069704056
-0.010988069698214531
0.020739499479532242
0.017828239127993584
0.036532435566186905
-0.029859725385904312
0.0018710634903982282
-0.014363069087266922
-0.008856152184307575
0.04987785220146179
0.0021802238188683987
0.012469463050365448
-0.002513537183403969
0.0003467988863121718
-0.02949903905391693
0.015032916329801083
0.011451810598373413
0.006476262584328651
0.000886420370079577
0.004569774493575096
-0.009493795223534107
0.00484673073515296
0.019940834492444992
0.02540266513824463
-0.0033299133647233248
0.019799135625362396
-0.004576215520501137
-0.005526239052414894
-0.015406484715640545
0.007786973379552364
-0.031019076704978943
-0.0026149803306907415
-0.008650045841932297
-0.000584908586461097
0.008379530161619186
-0.0028565116226673126
0.0054682716727256775
-0.0006408633780665696
-0.025531481951475143
-0.0363263264298439
0.024861635640263557
0.020211350172758102
0.0014507988234981894
0.02383110113441944
-0.014736637473106384
-0.002041745698079467
-0.04217460751533508
-0.017776712775230408
0.001620675902813673
-0.01147113274782896
0.01444035954773426
-0.012044367380440235
-0.005345895420759916
-0.021035777404904366
-0.008881915360689163
0.020700853317975998
-0.0038451803848147392
-0.02407585270702839
0.008476142771542072
0.02416602522134781
0.004019082989543676
0.009590407833456993
-0.00402874406427145
-0.025106387212872505
-0.02921564131975174
0.04083491489291191
0.014697992242872715
0.006476262584328651
-0.016308201476931572
0.015264786779880524
-0.020842552185058594
-0.0061574410647153854
-0.008121896535158157
-0.02460400201380253
0.005870823748409748
-0.045111630111932755
0.01257895678281784
-0.007406963966786861
-0.018188927322626114
0.011967076919972897
0.010479243472218513
-0.008154100738465786
0.013628813438117504
0.001648854580707848
-0.0064633809961378574
-0.01549665629863739
0.0042638350278139114
0.016952285543084145
-0.006911019328981638
-0.022117838263511658
-0.03550190106034279
0.016398373991250992
-0.018614022061228752
-0.01239861361682415
0.011477573774755001
-0.019361158832907677
0.05394846200942993
0.01958014816045761
-0.005213858559727669
0.010640264488756657
-0.0046277423389256
-0.02000524289906025
-0.009145990014076233
0.021370701491832733
0.018987590447068214
-0.02063644491136074
0.0011963857105001807
-0.016308201476931572
0.008939883671700954
-0.009796515107154846
0.017416026443243027
0.009313452057540417
-0.01655295491218567
-0.007890027016401291
-0.0060479468666017056
-0.023753810673952103
0.005246062763035297
-0.008559874258935452
0.016617361456155777
0.02594369649887085
-0.03338930383324623
-0.011458250693976879
-0.0061445594765245914
-0.012643365189433098
-0.025801997631788254
0.0030159223824739456
0.027309153228998184
0.002853291342034936
-0.015612591989338398
0.024552475661039352
-0.15952667593955994
-0.00248133298009634
0.016256675124168396
-0.020559154450893402
0.010505006648600101
0.011091123335063457
0.00765815656632185
0.026278618723154068
-0.014749519526958466
-0.019683200865983963
0.002305820118635893
0.00551013695076108
-0.03583682328462601
-0.016166504472494125
0.0037356861867010593
-0.013487115502357483
-0.025209439918398857
-0.0028210871387273073
0.04080915078520775
0.009410064667463303
0.0018034346867352724
-0.002640743739902973
-0.030426518991589546
-0.0014910540776327252
0.01781535893678665
0.01482680905610323
-0.027644077315926552
0.007973757572472095
0.005745227448642254
-0.009854482486844063
0.008212069049477577
-0.0025811658706516027
0.015393603593111038
0.015251904726028442
0.003719584085047245
0.01843367889523506
-0.009564644657075405
-0.008733776398003101
-0.012417935766279697
0.003973997198045254
0.014594939537346363
0.04083491489291191
0.002653625328093767
0.009551762603223324
0.012456580996513367
0.019902190193533897
0.031379763036966324
-0.01691364124417305
0.005284707527607679
-0.02790171094238758
0.020430337637662888
-0.012636924162507057
-0.0032381312921643257
-0.012282677926123142
0.03496086969971657
-0.0023364140652120113
0.004814526531845331
-0.008224950172007084
0.0038097556680440903
-0.01169012114405632
0.0060608284547924995
-0.028288161382079124
0.0018952166428789496
0.0034297462552785873
0.02674235962331295
-0.040499988943338394
-0.015715645626187325
0.018923182040452957
-0.02533825673162937
0.00595777528360486
0.000264678179519251
-0.003954674582928419
-0.0033975420519709587
-0.002320311963558197
-0.005316911730915308
0.021576806902885437
-0.003581105964258313
0.034935105592012405
0.008959205821156502
-0.011271466501057148
-0.017557725310325623
0.019077762961387634
-0.008894797414541245
0.0012640145141631365
0.013628813438117504
0.0005088262259960175
-0.0017825019313022494
0.01789264753460884
0.012772182002663612
0.0022317504044622183
0.003346015466377139
-0.05044464394450188
0.016952285543084145
-0.017957055941224098
0.017300091683864594
0.013119987212121487
-0.009860923513770103
0.01849808730185032
0.02993701584637165
-0.00924904365092516
0.019245224073529243
0.024655528366565704
-0.0048048654571175575
0.006559993606060743
0.02204054780304432
-0.004544011317193508
0.0017406365368515253
0.00924904365092516
0.023534823209047318
0.00595133425667882
-0.041659340262413025
-0.005648614838719368
-0.00650846678763628
-0.0026004884857684374
0.02656201645731926
0.014363069087266922
-0.011535541154444218
-0.015251904726028442
0.008733776398003101
-0.0072974697686731815
0.060440823435783386
-0.025364020839333534
-0.022620223462581635
0.01567699946463108
-0.017647895961999893
-0.03663548827171326
-0.1023835614323616
-0.030143123120069504
0.0283396877348423
0.02018558606505394
0.0331316702067852
0.02037881128489971
0.0005104364245198667
0.01398950070142746
-0.017119748517870903
0.02931869588792324
-0.04763643816113472
-0.024320604279637337
0.004006201401352882
-0.0073361145332455635
-0.003841959871351719
0.014144080691039562
-0.01655295491218567
-0.01674617826938629
-0.018485205247998238
0.027669841423630714
0.01172876637428999
0.007535780780017376
-0.004759779199957848
-0.0006114770658314228
-0.005545561667531729
0.011232821270823479
-0.04029388353228569
-0.005822517443448305
0.01893606409430504
-0.015883106738328934
-0.006357107311487198
-0.02134493738412857
-0.0009943044278770685
-0.013306771405041218
0.00832156278192997
-0.002099713310599327
-0.019786255434155464
-0.002901597646996379
0.019502857699990273
-0.0036326327826827765
0.006531009916216135
0.024926044046878815
0.027747130021452904
-0.012566075660288334
0.020237114280462265
-0.037331096827983856
-0.013512878678739071
0.0011722325580194592
-0.0008195966365747154
-0.024140261113643646
-0.030529573559761047
-0.006009302102029324
-0.03789789229631424
0.009107344783842564
0.00013213782222010195
0.0019403024343773723
0.010962306521832943
0.0014242302859202027
-0.006962546147406101
-0.017493316903710365
-0.020172705873847008
-0.005555222742259502
-0.01187046431005001
0.02772136777639389
0.02736067958176136
0.002490994054824114
-0.03145705163478851
-0.016681769862771034
0.013860683888196945
-0.00033613122650422156
0.006640504114329815
0.012630483135581017
-0.010157201439142227
-0.019812017679214478
-0.02392127364873886
0.008688691072165966
-0.016591599211096764
-0.0010546871926635504
0.004411973990499973
0.0037421269807964563
-0.0026616763789206743
-0.009828719310462475
-0.014697992242872715
0.0010627382434904575
0.009661257266998291
0.005603529047220945
0.0013735087122768164
-0.006775761488825083
-0.005500475876033306
-0.019786255434155464
-0.008205628022551537
0.03197231888771057
0.00336533784866333
-0.008456820622086525
0.008121896535158157
-0.007999520748853683
-0.002162511460483074
0.0037002614699304104
-0.006122016813606024
-0.004705032333731651
-0.018665548413991928
-0.027334917336702347
-0.05745227634906769
6.123827915871516e-05
0.0176092516630888
-0.011806055903434753
0.01691364124417305
0.015187496319413185
0.023959917947649956
0.0008316732128150761
0.02338024228811264
0.005696921143680811
-0.010395512916147709
0.012327764183282852
-0.03673854097723961
-0.0050882622599601746
-0.025621654465794563
-0.018021464347839355
0.027515260502696037
0.003671277780085802
0.024410776793956757
0.017583487555384636
-0.011825378984212875
-0.0025666740257292986
0.018485205247998238
0.012765740975737572
0.01194775477051735
-0.007432727143168449
-0.01196063682436943
-0.002381499856710434
-0.015728525817394257
0.011786733753979206
0.01195419579744339
-0.006943223532289267
0.007239501923322678
0.0038258577696979046
0.005796754267066717
-0.027025757357478142
0.017506198957562447
0.02542842924594879
0.032281480729579926
0.06610876321792603
-0.0026632866356521845
-0.006878815125674009
0.01718415692448616
-0.008038165979087353
-0.019090645015239716
0.000741501513402909
-0.006679149344563484
-0.008308680728077888
0.006347445771098137
-0.01744179055094719
0.04542079195380211
0.027489496394991875
0.0014572396175935864
-0.022362589836120605
-0.0025231982581317425
0.009796515107154846
0.003629412269219756
0.020932724699378014
-0.0153163131326437
-0.023689402267336845
0.038619264960289
-0.026793885976076126
0.006917460355907679
0.012263355776667595
-0.025351138785481453
-0.0048048654571175575
0.003619750961661339
0.00018336261564400047
-0.0012849471531808376
-0.028133580461144447
0.0007249968475662172
-0.010711113922297955
0.018614022061228752
0.013409825041890144
0.01939980499446392
-0.011541982181370258
0.007902908138930798
-0.017480434849858284
0.015007153153419495
0.02558300830423832
0.009397182613611221
0.0002022825792664662
-0.007471372373402119
0.019605910405516624
0.032899800688028336
0.006592197809368372
-0.004827408120036125
0.015380721539258957
-0.015715645626187325
0.01199284102767706
-0.006086592096835375
0.015187496319413185
-0.023315833881497383
0.01080772653222084
-0.023174135014414787
-0.0031962660141289234
0.004911139141768217
-0.0013823648914694786
0.023431768640875816
0.03905724361538887
0.01594751514494419
-0.0018098754808306694
0.011155531741678715
-0.020314402878284454
-0.03967556357383728
-0.009300570003688335
-0.03447136655449867
-0.034059152007102966
0.006711353547871113
0.02232394553720951
0.016321083530783653
-0.015651237219572067
0.026239974424242973
-0.005358777474611998
-0.024062970653176308
-0.011142649687826633
0.012256914749741554
-0.018575377762317657
-0.012952525168657303
0.011219940148293972
-0.011541982181370258
0.0247972272336483
0.009989740327000618
-0.014298660680651665
0.03099331259727478
0.025454191491007805
0.019180815666913986
-0.011580627411603928
0.020301522687077522
0.009377860464155674
0.004969106521457434
0.01013143826276064
-0.009500236250460148
-0.016965167596936226
-0.015020034275949001
-0.005877264775335789
-0.00032848273986019194
0.0029386323876678944
-0.003954674582928419
0.0742499828338623
0.0036616164725273848
-0.012186065316200256
0.01603768765926361
0.00684016989544034
-0.005790313705801964
0.011606390587985516
-0.005374879576265812
-0.026239974424242973
-0.031199419870972633
0.0418139211833477
-0.007754769176244736
0.004202646669000387
-0.03385304659605026
-0.010517888702452183
0.011490454897284508
-0.01664312556385994
0.028365451842546463
-0.010060588829219341
0.004460280295461416
0.02630438283085823
0.011851142160594463
-0.00688525615260005
-0.0013702883152291179
-0.008997851051390171
0.022079193964600563
0.03305438160896301
0.00033492359216324985
0.008688691072165966
-0.01527766790241003
0.00942294578999281
0.018047228455543518
-0.04258682206273079
-0.014955625869333744
-0.010150761343538761
-0.03764025866985321
-0.003510256763547659
-0.04616792872548103
-0.005993200000375509
0.017209919169545174
-0.014865454286336899
0.016102096065878868
-0.010968747548758984
-0.05333013832569122
-0.02187308669090271
-0.006775761488825083
-0.012302001006901264
-0.007625952363014221
-0.014053909108042717
