-0.009218085557222366
-0.010706322267651558
0.028327811509370804
-0.043749019503593445
-0.014882365241646767
0.013496764935553074
-0.04957367107272148
0.002819310175254941
-0.02207978442311287
-0.007890218868851662
0.0009149126126430929
-0.0075117452070117
-0.009250159375369549
0.019744792953133583
-0.011764765717089176
0.013034898787736893
0.027275782078504562
0.01982177048921585
0.007556648924946785
0.0029652470257133245
-0.009923715144395828
0.001622947514988482
0.005811820272356272
-0.015690632164478302
-0.022464673966169357
0.022362036630511284
0.02538982778787613
-0.031022032722830772
-0.009699196554720402
0.0002794452593661845
0.003820020705461502
0.003024584148079157
-0.02369631640613079
-0.0016983215464279056
-0.0036917245015501976
-0.0023253695107996464
0.009410529397428036
-0.0002551892539486289
0.023054836317896843
0.02465853840112686
0.012810380198061466
-0.0028128952253609896
0.023619338870048523
-0.003951524384319782
-0.016011372208595276
0.026762597262859344
-0.007729848846793175
0.0004173637425992638
-0.027378419414162636
0.03666706755757332
0.014856705442070961
0.018628615885972977
-0.009750515222549438
-0.0019148215651512146
-0.01439483929425478
-0.02560793049633503
-0.008172471076250076
-0.006632916163653135
0.00690233800560236
-0.01929575577378273
0.0009918903233483434
0.004679605830460787
-0.024927960708737373
-0.00519599812105298
0.019154630601406097
0.005571264773607254
-0.018410511314868927
0.009455433115363121
-0.00023895176127552986
0.0020735880825668573
0.02513323538005352
0.021181710064411163
-0.022503161802887917
-0.0009229311253875494
0.018846718594431877
0.0054622129537165165
-0.027301441878080368
-0.03515317291021347
0.007620797026902437
0.025800375267863274
-0.003393435850739479
-0.0008531700586900115
-0.010597269982099533
0.015844587236642838
0.008307182230055332
-0.004676398355513811
0.013054143637418747
0.01798713393509388
0.02522304281592369
-0.008255863562226295
-0.032689884305000305
0.01642191968858242
0.006443678867071867
0.023401236161589622
0.0037141763605177402
0.02060437761247158
-0.003029395127668977
-0.007216664031147957
-0.020540229976177216
-0.002434421330690384
-0.0226442888379097
0.010443314909934998
-0.017140379175543785
0.0034575839526951313
-0.040131065994501114
-0.011334973387420177
-0.016486067324876785
0.003377398708835244
0.010892351157963276
-0.03148389980196953
0.005247316788882017
0.03602558746933937
0.0004382118640933186
-0.03720591217279434
0.004506405908614397
0.0029347767122089863
0.006488582585006952
-0.02356802113354206
0.006485375575721264
-0.01947537064552307
0.016665682196617126
0.03166351467370987
0.011649299412965775
-0.02422233112156391
0.029379840940237045
0.03227933496236801
-0.03284383937716484
-0.004589798394590616
-0.024504583328962326
-0.0002636087010614574
0.015960052609443665
-0.021784702315926552
-0.01058444008231163
0.00810190849006176
-0.0037237985525280237
-0.011399121955037117
-0.0020527399610728025
0.03479394316673279
-0.022374866530299187
-0.028712701052427292
0.018564466387033463
0.00388737628236413
-0.011642884463071823
-0.03261290490627289
-0.02033495530486107
0.03453734889626503
0.02709616720676422
0.046674177050590515
0.0042337761260569096
0.015061979182064533
0.03489657863974571
-0.019783280789852142
0.0032234431710094213
-0.01082178857177496
0.018436171114444733
0.0022564101964235306
0.0025065878871828318
0.015369890257716179
0.013650720939040184
0.012162484228610992
-0.005430138669908047
-0.002974869217723608
0.013394128531217575
0.002923550782725215
0.010077670216560364
0.021335666999220848
0.006581597495824099
0.000674758106470108
0.014202394522726536
0.00616142712533474
0.02086097002029419
0.012682083994150162
-0.048803891986608505
0.015280082821846008
-0.013676379807293415
0.03951524570584297
0.011469684541225433
0.018359193578362465
0.00135272357147187
-0.03410114347934723
-0.0246072206646204
-0.0016694549703970551
0.015061979182064533
0.01433069072663784
-0.030996372923254967
0.033126089721918106
0.012983580119907856
0.00226442888379097
0.022182421758770943
0.013253002427518368
0.014664261601865292
0.008916589431464672
-0.014035609550774097
-0.02216959185898304
-0.6449708938598633
0.005417309235781431
-0.022451844066381454
0.013214513659477234
0.017563756555318832
0.005625790450721979
0.028071219101548195
0.010116158984601498
-0.004076613113284111
-0.032125379890203476
-0.002585169393569231
0.0317918099462986
0.019719133153557777
-0.011597980745136738
-0.017884496599435806
-0.01920594833791256
-0.0010504255769774318
-0.029200226068496704
0.015344231389462948
-0.006498205009847879
-0.019590837880969048
0.026108287274837494
-0.0032170284539461136
0.019103311002254486
-0.02234920673072338
-0.026993529871106148
0.009789003990590572
0.011527418158948421
-0.0003989211400039494
-0.006357078906148672
-0.018141089007258415
0.02622375264763832
0.00240074354223907
0.03340834379196167
0.05680957809090614
0.015562335029244423
-0.012354929000139236
0.027506716549396515
0.038565851747989655
0.014292201958596706
0.004499990958720446
-0.01572912000119686
0.022182421758770943
-0.0015435642562806606
0.02630073018372059
-0.010116158984601498
0.0256977379322052
-0.02840478904545307
0.015844587236642838
0.01902633346617222
0.005705975461751223
-0.007877389900386333
0.009545240551233292
0.01483104657381773
0.005253731273114681
-0.01336846873164177
-0.004297924228012562
0.0061453902162611485
-0.0026461100205779076
0.028507426381111145
0.00023193555534817278
0.0003586281090974808
-0.02034778520464897
-0.013445447199046612
-0.039002060890197754
0.01616532728075981
-0.02544114552438259
-0.03248460963368416
0.022939369082450867
-0.016486067324876785
-0.007768338080495596
0.02391442097723484
0.004076613113284111
-0.02156659960746765
0.019924407824873924
0.00966712273657322
0.022362036630511284
-0.005244109313935041
-0.018705593422055244
0.00897432304918766
0.008685655891895294
-0.02334991656243801
-0.017871666699647903
0.003961146809160709
0.02940550073981285
-0.03897640109062195
-0.0013631476322188973
0.0034287171438336372
0.013868824578821659
0.007575893308967352
0.005689938552677631
0.01729433424770832
0.023311428725719452
-0.013907313346862793
0.0012581050395965576
0.02409403584897518
-0.0022900879848748446
-0.004394146613776684
0.014061268419027328
-0.010398411191999912
-0.004798279609531164
-0.02861006371676922
0.007813241332769394
-0.0019372733077034354
-0.007107612211257219
-0.0009189218981191516
0.006296138279139996
0.0010544348042458296
0.04110611975193024
-0.017178867012262344
-0.0072679826989769936
-0.005231279414147139
0.006549523677676916
-0.0056995609775185585
-0.020052703097462654
-0.032638564705848694
0.01746111921966076
0.01545969769358635
0.00523769436404109
-0.031022032722830772
0.008480382151901722
-0.0015604031505063176
-0.0010263699805364013
0.0131760248914361
-0.025107575580477715
0.026711279526352882
-0.009724855422973633
-0.004686020314693451
-0.03966920077800751
-0.0025611137971282005
0.022682776674628258
-0.0016935104504227638
0.027506716549396515
0.0017432252643629909
0.008262278512120247
-0.01629362441599369
0.006498205009847879
-0.024466095492243767
0.008749804459512234
-0.015972882509231567
-0.011399121955037117
-0.0211303923279047
0.00949392281472683
-0.016652852296829224
-0.02966209314763546
-0.03361361846327782
-0.003124013775959611
0.0028674211353063583
-0.01629362441599369
0.015960052609443665
-0.03320306912064552
-0.0019821771420538425
-0.051241520792245865
-0.009898055344820023
0.012194558046758175
0.007101197261363268
-0.0005003553815186024
-0.014869535341858864
-0.030560165643692017
-0.014086928218603134
-0.002131321467459202
-0.022528821602463722
-0.0196036659181118
0.022066954523324966
-0.017448289319872856
0.01134780328720808
0.002331784227862954
-0.0066970642656087875
-0.0202579777687788
-0.035255808383226395
0.00045545169268734753
0.031637854874134064
0.0036019172985106707
0.008769048377871513
0.02409403584897518
0.004002843052148819
-0.006033130921423435
0.012816795147955418
-0.015575164929032326
-0.012521713972091675
0.004022087436169386
0.023760465905070305
-0.017217356711626053
-0.021848851814866066
0.011553077027201653
0.008897344581782818
0.026249412447214127
0.02853308618068695
0.006228782702237368
0.017230186611413956
0.005590509157627821
-0.0027984618209302425
-0.01651172712445259
-0.0026749768294394016
-0.01780751906335354
0.008531700819730759
-0.006001057103276253
0.006469338200986385
0.028019901365041733
0.03374191373586655
0.02961077354848385
0.005503909196704626
0.040182385593652725
-0.004262642934918404
0.017794689163565636
-0.0006799701368436217
0.0016181364189833403
-0.01136704720556736
0.04890653118491173
0.009795418940484524
0.01876974105834961
-0.027250124141573906
-0.01986026018857956
-0.023811783641576767
0.01206626184284687
0.024119695648550987
-0.012521713972091675
-0.012181729078292847
-0.024748345836997032
0.01607551984488964
-0.014343520626425743
-0.00034058644087053835
0.009737685322761536
-0.02417101338505745
-0.011739106848835945
0.005141471978276968
0.017615074291825294
0.002957228571176529
0.0016838882584124804
-0.029456818476319313
0.004419805947691202
0.027891604229807854
-0.013714868575334549
0.01838485337793827
0.020181000232696533
0.0016838882584124804
0.024235161021351814
-0.018218066543340683
0.011828914284706116
0.0001212800489156507
-0.0018971808021888137
0.04151666536927223
-0.004089443013072014
0.0011049514869228005
0.024029888212680817
-0.0043011317029595375
0.0167683195322752
-0.007582308258861303
-0.011751936748623848
0.014228054322302341
-0.01309263240545988
-0.004740546457469463
-0.014985001645982265
-0.02322162128984928
0.007178175263106823
-0.029071930795907974
-0.0026621471624821424
-0.0011899477103725076
0.0029347767122089863
0.022798243910074234
0.008345670998096466
0.014292201958596706
-0.003399850567802787
0.005231279414147139
0.004278679843991995
-0.0066970642656087875
0.002428006613627076
-0.008833196945488453
-0.03404982388019562
0.01091159600764513
-0.02678825706243515
-0.0040926504880189896
0.009538826532661915
0.006219160743057728
0.006171049550175667
-0.008217374794185162
0.005285805556923151
0.0009999088943004608
0.008089078590273857
-0.011860988102853298
-0.039361290633678436
-0.046622857451438904
-0.012053432874381542
0.027814626693725586
0.0027471433859318495
0.0008162849117070436
-0.002482532523572445
-0.02409403584897518
-0.033947188407182693
-0.004862427711486816
0.008698485791683197
-0.009474677965044975
0.0024296101182699203
-0.003393435850739479
-0.012059847824275494
-0.003090335987508297
0.032510269433259964
-0.019629325717687607
0.017794689163565636
-0.004977894481271505
0.014266543090343475
-0.014843875542283058
-0.011264410801231861
-0.010077670216560364
0.014664261601865292
0.02356802113354206
-0.02160508744418621
0.009846736676990986
0.0030470360070466995
-0.024799665436148643
-0.0070755379274487495
-0.022836731746792793
0.012367757968604565
0.01698642410337925
0.015652142465114594
0.009750515222549438
0.014818216674029827
0.009570900350809097
0.02853308618068695
-0.0004630692710634321
0.016190987080335617
-0.009622219018638134
-0.014048439450562
-0.0003784739237744361
0.04947103187441826
-0.019282925873994827
-0.008685655891895294
0.039130356162786484
-0.0013238568790256977
-0.02160508744418621
-0.019885918125510216
-0.008672825992107391
0.002148962114006281
0.010860277339816093
-0.010154647752642632
-0.010815373621881008
-0.0019003881607204676
0.015446868725121021
0.014497475698590279
-0.0021200955379754305
-0.005843894090503454
0.006754797417670488
0.006947241723537445
0.001098536653444171
0.003906620666384697
-0.01729433424770832
0.007030634209513664
0.027711989358067513
0.002819310175254941
-0.002501776907593012
0.023247281089425087
0.015831757336854935
0.006664989981800318
-0.033947188407182693
0.0202579777687788
-0.006979316007345915
0.007607967592775822
0.001048821839503944
-0.01476689800620079
0.008807537145912647
0.02748105674982071
0.04046463593840599
-0.008146812207996845
0.0018651067512109876
0.027250124141573906
0.011508173309266567
0.0016309660859405994
-0.005872760899364948
0.0005925683071836829
-0.017563756555318832
0.016537386924028397
0.03417811915278435
-0.008525285869836807
-0.003496072720736265
0.006231990177184343
0.020437592640519142
-0.0022868807427585125
-0.0005685127689503133
0.014548794366419315
-0.006825360469520092
0.005943323951214552
0.031022032722830772
-0.012726987712085247
-0.013560913503170013
-0.009679951705038548
-0.043364133685827255
0.027429737150669098
-0.025120405480265617
0.00015335410716943443
-0.022618629038333893
-0.015934394672513008
-0.0034704136196523905
-0.02873835898935795
0.008089078590273857
0.019398393109440804
-0.03174049034714699
-0.029687751084566116
0.010969329625368118
-0.0027471433859318495
0.016832467168569565
0.030893737450242043
-0.016742659732699394
0.0017704882193356752
0.03679536283016205
-0.006947241723537445
-0.011027062311768532
0.010064840316772461
-0.02578754536807537
-0.0029107211157679558
0.0070498790591955185
-0.0023782916832715273
-0.00040493503911420703
0.013150365091860294
0.03022659569978714
-0.01798713393509388
-0.01038558129221201
0.014754069037735462
0.01204701792448759
-0.03320306912064552
0.01615249738097191
0.015087638981640339
0.011880232952535152
0.0053948573768138885
-0.026377709582448006
-0.00853811576962471
-0.010655003599822521
-0.004118309356272221
-0.006626501213759184
0.001993403071537614
0.01667851209640503
0.00038288411451503634
0.01241266168653965
-0.008807537145912647
0.006940827239304781
0.0007641645497642457
-0.004352450370788574
0.02329859882593155
0.00042818873771466315
0.005892005283385515
-0.010231626220047474
-0.011309314519166946
0.048803891986608505
0.009872396476566792
-0.01571629010140896
-0.0004269859637133777
-0.03646179288625717
-0.0006398775149136782
0.01615249738097191
-0.017435459420084953
0.01576760970056057
-0.021528109908103943
-0.016319282352924347
0.010167477652430534
-0.005827857181429863
-0.0023077288642525673
0.05175470560789108
-0.011649299412965775
-0.013855994679033756
0.006001057103276253
0.007473256438970566
-0.004743753932416439
0.009821077808737755
-0.013573743402957916
-0.005667486693710089
-0.014138246886432171
0.014125416986644268
0.010905181057751179
-0.03407548367977142
0.005661072209477425
-0.030149618163704872
-0.016524557024240494
-0.013291491195559502
-0.023503873497247696
0.02125868760049343
-0.013278661295771599
0.01869276352226734
-0.0052793906070292
0.005734842270612717
-0.013855994679033756
-0.010783299803733826
-0.02238769456744194
-0.016793979331851006
-0.009898055344820023
0.0027952545788139105
0.0022227324079722166
0.012919432483613491
-0.010725566186010838
-0.012887357734143734
-0.006475753150880337
0.004483954049646854
-0.00025238277157768607
-0.001570025342516601
-0.036076903343200684
0.027583694085478783
0.013188854791224003
-0.009647877886891365
-0.014433328062295914
-0.026198094710707664
2.427480296773865e-07
0.01395863201469183
-0.017525266855955124
-0.01195721048861742
-0.029071930795907974
-0.021630747243762016
0.004981101956218481
0.00897432304918766
-0.019231608137488365
0.004326791036874056
-0.030585825443267822
0.006042753346264362
0.025158895179629326
0.003226650645956397
5.857274913978472e-07
0.007056293543428183
0.032253675162792206
-0.014843875542283058
0.03348531946539879
0.00719741964712739
0.0031352394726127386
0.005228071939200163
0.021194539964199066
-0.03546108305454254
0.006908752955496311
0.01239341776818037
-0.013843165710568428
-0.011533833108842373
-0.025466805323958397
-0.005952945910394192
-0.014266543090343475
0.027429737150669098
-0.008679240942001343
-0.014202394522726536
-0.004269057884812355
-0.019834600389003754
-0.010975743643939495
-0.0054622129537165165
0.009872396476566792
-0.004647531546652317
0.00011997704132227227
0.0010504255769774318
0.0021345289424061775
0.004143968690186739
-0.017615074291825294
-0.017448289319872856
0.011411950923502445
-0.025633590295910835
0.0496506467461586
-0.010494633577764034
0.029893025755882263
-0.008345670998096466
0.005497494246810675
-0.026121117174625397
0.013105461373925209
-0.007094782777130604
-0.008666411973536015
0.023837443441152573
-0.006549523677676916
0.012387002818286419
-0.002684599021449685
0.023118983954191208
0.022503161802887917
-0.020027045160531998
-0.0013647513696923852
0.011751936748623848
0.008409819565713406
0.012091921642422676
-0.023414066061377525
0.007986441254615784
-0.006722723599523306
0.021656407043337822
-0.0021714139729738235
0.026210922747850418
-0.010308603756129742
-0.019565178081393242
-0.002383102895691991
0.044441819190979004
-0.007004975341260433
0.001266925479285419
-0.018615785986185074
-0.007563063874840736
-0.010578026063740253
-0.03420377895236015
-0.023195961490273476
-0.021104732528328896
-0.019526688382029533
0.023632168769836426
-0.00034379385760985315
-0.0010993385221809149
0.017191696912050247
-0.023670658469200134
-0.000878829276189208
-0.020937947556376457
0.010898766107857227
0.02243901416659355
-0.011488929390907288
-0.007819656282663345
0.021284347400069237
0.014215224422514439
-0.012540957890450954
0.018590126186609268
-0.009821077808737755
-0.017191696912050247
0.030457530170679092
0.00142088090069592
-0.04202985018491745
-0.008724144659936428
-0.02717314474284649
-0.017922986298799515
0.0078389011323452
-0.024748345836997032
-0.01624230481684208
0.0010544348042458296
0.0024632879067212343
-0.017345651984214783
-0.0077811675146222115
-0.015074809081852436
0.012207387946546078
0.03892508149147034
-0.0016518142074346542
0.014266543090343475
0.00017069415480364114
0.014600113034248352
-0.035563718527555466
0.0002718276809900999
-0.027070509269833565
0.004554516635835171
-0.006238405127078295
0.01855163834989071
0.00022191241441760212
-0.02125868760049343
0.017692051827907562
-0.011726276949048042
-0.01860295608639717
-0.009654292836785316
0.008339256048202515
0.0007645654841326177
-0.003749457886442542
-0.00777475256472826
0.009134693071246147
-0.010655003599822521
0.002719880547374487
0.00047068684943951666
-0.008685655891895294
-0.002381499158218503
-0.013791847042739391
-0.02665995992720127
-0.018705593422055244
-0.01911614090204239
0.021361324936151505
-0.005260146223008633
0.018615785986185074
-0.0041118948720395565
-0.026813916862010956
-0.010507462546229362
-0.012463980354368687
0.022490331903100014
-0.015664972364902496
0.0023093323688954115
0.008146812207996845
-0.014946512877941132
-0.03392152860760689
-0.0013591384049504995
-0.000245567032834515
-0.008980737067759037
-0.009705611504614353
0.0027214842848479748
0.016627194359898567
0.026210922747850418
-0.02073267474770546
-0.01308621745556593
-0.012008529156446457
-0.02696787193417549
-0.025530952960252762
0.0018875586101785302
-0.02277258411049843
0.044493138790130615
0.0056033385917544365
0.0012957921717315912
-0.021784702315926552
0.009372040629386902
-0.03417811915278435
-0.010828203521668911
0.012444736436009407
0.022451844066381454
-0.0029299654997885227
0.00897432304918766
-0.007184589747339487
0.016229474917054176
-0.01629362441599369
0.006039545871317387
-0.011411950923502445
-0.019128970801830292
-0.02495362050831318
-0.021964317187666893
-0.022631458938121796
-0.015138957649469376
-0.0033485321328043938
-0.03404982388019562
0.03982315585017204
-0.0065270718187093735
0.0005416507483460009
0.026121117174625397
-0.0131760248914361
-0.006026716437190771
0.0074283527210354805
0.023157473653554916
0.003569843014702201
0.019667815417051315
0.0014072494814172387
-0.02660864219069481
-0.0070755379274487495
-0.01885954849421978
-0.03915601596236229
-0.027686331421136856
0.01738414168357849
0.026454687118530273
-0.00536919804289937
0.038001347333192825
0.014176735654473305
-0.013342809863388538
0.0004546498239506036
-0.025505295023322105
0.005709182936698198
-0.016139667481184006
-0.009487507864832878
0.030021322891116142
0.0037205913104116917
-0.012791136279702187
0.005920872092247009
-0.00646613072603941
-0.013471106067299843
0.006090864539146423
-0.0060972790233790874
-0.023362746462225914
0.024106865748763084
-0.006029923912137747
0.004041331820189953
-0.00452885776758194
-0.020373445004224777
-0.019180288538336754
0.00010744811152108014
0.0017047363799065351
-0.020617207512259483
0.012951506301760674
-0.019847430288791656
0.011373462155461311
-0.023593680933117867
-0.0061453902162611485
-0.026082627475261688
-0.016935104504227638
-0.003566635772585869
-0.02322162128984928
-0.003730213502421975
0.0008868478471413255
-0.0014938494423404336
0.01789732649922371
-0.0039419024251401424
8.464545680908486e-05
-0.03661574795842171
-0.0027134655974805355
0.19398392736911774
-0.03515317291021347
-0.02116888016462326
0.01920594833791256
0.008486797101795673
0.0013968254206702113
0.028815338388085365
0.0019998177886009216
0.007793996948748827
0.011732691898941994
0.01982177048921585
-0.017255844548344612
-0.0030053395312279463
0.010359922423958778
-0.000320740626193583
-0.024183843284845352
-0.04120875522494316
-0.011360633186995983
0.010449729859828949
-0.0024231954012066126
0.020617207512259483
0.0068125310353934765
-0.005208827555179596
-0.007800411898642778
0.022592969238758087
0.013201683759689331
0.0007685747114010155
0.007800411898642778
0.03358795866370201
-0.0032186321914196014
-0.03035489283502102
0.01084744744002819
-0.02495362050831318
0.0049201613292098045
-0.017627904191613197
0.008813952095806599
0.012399832718074322
-0.001184334745630622
0.013015654869377613
0.03376757353544235
0.020527400076389313
-0.022811073809862137
0.001588467974215746
-6.936016143299639e-05
0.017743371427059174
0.046058353036642075
-0.013637891039252281
-0.014715579338371754
0.0005216044373810291
-0.019180288538336754
-0.01611400954425335
0.023195961490273476
-0.0005661072209477425
0.014279372058808804
0.006536693777889013
0.008262278512120247
-0.003326080273836851
0.007415523286908865
0.017178867012262344
0.0076849451288580894
-0.010533122345805168
0.008236618712544441
-0.0062416126020252705
0.01132214441895485
-0.019398393109440804
0.0003157290630042553
-0.011444025672972202
-0.03841189667582512
0.003162502544000745
-0.006238405127078295
0.02817385643720627
-0.0039675612933933735
-0.012553787790238857
0.001911614090204239
0.00035942994873039424
-0.025633590295910835
0.022759754210710526
0.01517744641751051
0.02766067162156105
0.03333136439323425
0.003566635772585869
-0.007158930879086256
-0.028892315924167633
0.02155376970767975
0.03084241785109043
-0.012605106458067894
0.023632168769836426
-0.0032041987869888544
0.007364204619079828
-0.024709858000278473
-0.018397681415081024
0.007575893308967352
0.0022403732873499393
0.00023975361546035856
0.011418365873396397
0.010693492367863655
0.007184589747339487
0.02064286731183529
-0.015344231389462948
0.010052011348307133
-0.0018282216042280197
0.015421208925545216
0.012374172918498516
0.018372023478150368
-0.010610099881887436
0.017743371427059174
-0.032818179577589035
-0.01703774183988571
0.003598709823563695
-0.02678825706243515
0.006494997534900904
-0.011296484619379044
0.0003510105307213962
-0.015600823797285557
-0.019783280789852142
0.022592969238758087
0.012605106458067894
0.007473256438970566
0.019962895661592484
0.00020527400192804635
-0.019051993265748024
-0.028943633660674095
0.0014826235128566623
0.010205966420471668
-0.0031977840699255466
-0.019270095974206924
-0.02622375264763832
0.03407548367977142
-0.015305742621421814
-0.00962863303720951
0.021002095192670822
-0.01816674880683422
0.05157509073615074
0.012989995069801807
-0.02204129472374916
0.009109033271670341
0.007915878668427467
-0.010629343800246716
0.010918010957539082
0.004166420549154282
0.017140379175543785
-0.018218066543340683
0.0026797878090292215
0.013779017142951488
0.01707623153924942
-0.01820523850619793
0.022682776674628258
-0.014818216674029827
-0.004147176165133715
-0.013945802114903927
0.00422415416687727
-0.014215224422514439
-0.014805386774241924
-0.010161062702536583
0.012085506692528725
0.017627904191613197
-0.026839574798941612
-0.0008094691438600421
-0.015587993897497654
-0.008435478433966637
-0.02160508744418621
-0.010347092524170876
0.01833353377878666
0.007646456360816956
-7.061305223032832e-05
0.031381264328956604
-0.16001108288764954
0.013079802505671978
0.027429737150669098
-0.009673536755144596
0.006883093621581793
-0.004849598277360201
0.005580886732786894
0.013932972215116024
-0.01036633737385273
-0.012720572762191296
0.0007665700977668166
0.003332494990900159
-0.029148908331990242
-0.03307477384805679
-0.005234486889094114
-0.02182319201529026
-0.026582982391119003
0.0053467461839318275
0.032818179577589035
0.025415487587451935
0.014638601802289486
0.0002535855455789715
-0.013073387555778027
0.003042224794626236
0.00259799906052649
0.009609389118850231
-0.028687041252851486
0.0055295685306191444
-0.0016822845209389925
-0.004246606025844812
-0.005782953463494778
0.008082663640379906
0.03097071498632431
-0.005398064851760864
-0.0007677728426642716
0.01720452681183815
-0.021810362115502357
-0.019667815417051315
-0.018936526030302048
0.021104732528328896
0.00690233800560236
0.017358481884002686
0.008608678355813026
0.007793996948748827
0.03523014858365059
0.013227343559265137
0.02473551593720913
0.0030390173196792603
0.023234451189637184
-0.008961493149399757
0.010552366264164448
-0.002168206498026848
0.009898055344820023
-0.0018715215846896172
0.02500493824481964
0.010109744034707546
0.009923715144395828
-0.007216664031147957
0.018346363678574562
-0.012752647511661053
-0.02064286731183529
-0.02151528000831604
-0.0007252747309394181
0.014792557805776596
0.013599402271211147
-0.012637180276215076
-0.012451151385903358
0.039746176451444626
-0.052421845495700836
0.009859566576778889
-0.00017370108980685472
-0.01603703200817108
0.0022115064784884453
-0.023875931277871132
-0.01483104657381773
0.016755489632487297
-0.022682776674628258
0.031817469745874405
-0.01702491194009781
-0.0051767537370324135
-0.024902302771806717
0.045057643204927444
0.00172558450140059
-0.015318572521209717
0.0059369090013206005
0.0034768283367156982
0.0011795236496254802
0.0004005248483736068
0.009705611504614353
0.02604413777589798
0.013150365091860294
-0.05301200971007347
-0.0439799539744854
0.011059137061238289
0.0022227324079722166
0.0031111841090023518
-0.003579465439543128
-0.009840322658419609
-0.0035762579645961523
-0.0011241958709433675
0.02517172321677208
0.023721976205706596
-0.0053467461839318275
0.009750515222549438
0.02104058489203453
0.0034704136196523905
0.0011618828866630793
0.00962863303720951
0.0272244643419981
0.01474123913794756
-0.009006396867334843
0.013971461914479733
0.004329998511821032
0.015421208925545216
0.008486797101795673
0.01572912000119686
0.020142510533332825
-0.01370203960686922
0.044493138790130615
-0.004945820197463036
0.05075399577617645
-0.01624230481684208
-0.013676379807293415
0.012348514050245285
-0.011046307161450386
-0.01789732649922371
-0.10735829919576645
-0.027737649157643318
0.026275072246789932
0.013535254634916782
0.02120736986398697
0.017615074291825294
-0.007139686029404402
0.005770123563706875
0.004095857962965965
0.013727698475122452
-0.028148196637630463
-0.017307164147496223
-0.0022852770052850246
-0.0065078274346888065
0.0016678512329235673
0.02526153065264225
-0.0008467552252113819
-0.015908734872937202
-0.049548011273145676
0.018397681415081024
0.0050805313512682915
0.03435773402452469
-0.006780456751585007
0.006883093621581793
0.00345116900280118
0.0023927250877022743
-0.03220235928893089
0.008846025913953781
0.002716673072427511
0.00719741964712739
-0.03230499476194382
-0.0074475971050560474
-0.016755489632487297
-0.02334991656243801
0.014754069037735462
-0.006148597691208124
-0.02238769456744194
-0.010808958671987057
0.02748105674982071
-0.0019356696866452694
0.008871685713529587
0.019616495817899704
0.017653563991189003
-0.030200937762856483
0.02673693746328354
-0.036179542541503906
0.00025599112268537283
0.01300282496958971
-0.017756201326847076
-0.008031344972550869
-0.026108287274837494
-0.012419076636433601
-0.04759790748357773
-0.013932972215116024
0.0017319993348792195
0.0016325698234140873
0.004689227789640427
0.01300282496958971
-0.025633590295910835
-0.032997794449329376
0.01474123913794756
-0.010789714753627777
-0.005006761290132999
0.029867365956306458
0.014535965397953987
-0.004115102346986532
-0.02069418504834175
-0.0042818873189389706
-0.007986441254615784
0.0012460773577913642
-0.008255863562226295
0.014715579338371754
0.005321086850017309
-0.01794864609837532
-0.02182319201529026
0.030457530170679092
-0.024992110207676888
-0.003630783874541521
0.003730213502421975
0.0022916917223483324
0.010610099881887436
-0.0069344122894108295
-0.032741203904151917
-0.006398775614798069
0.024684198200702667
0.015164616517722607
-0.005981812719255686
-0.0006057988503016531
-0.004573761485517025
-0.0174226313829422
-0.014458986930549145
0.026429027318954468
0.011764765717089176
0.005940116476267576
0.007056293543428183
-0.011078380979597569
0.010424070060253143
-0.02020666003227234
-0.01789732649922371
0.01703774183988571
-0.025543782860040665
-0.0006382738356478512
-0.05680957809090614
0.005125435069203377
0.029816048219799995
0.0022082992363721132
0.01056519616395235
0.014138246886432171
0.020309295505285263
-0.0030374135822057724
0.015600823797285557
-0.011751936748623848
-0.006084449589252472
-0.002877043327316642
-0.010026351548731327
0.00035942994873039424
-0.016909444704651833
-0.020565887913107872
0.03127862513065338
-0.0023879138752818108
-0.003717383835464716
-0.014266543090343475
0.007043464109301567
-0.004153591115027666
0.025979990139603615
0.01776903122663498
-0.01698642410337925
0.008929419331252575
-0.0065078274346888065
0.00039471141644753516
-0.03066280297935009
-0.005596923641860485
0.018667103722691536
-0.01794864609837532
-0.003095146967098117
0.020963607355952263
-0.004208116792142391
-0.02604413777589798
0.0044230129569768906
0.03748816251754761
0.011444025672972202
0.05927286669611931
-0.011270825751125813
-0.020065532997250557
0.025672079995274544
-0.006071620155125856
-0.02556944265961647
0.001503471634350717
-0.01467709057033062
0.022105444222688675
-0.01023804023861885
-0.014176735654473305
0.045801762491464615
0.024106865748763084
0.0014232865069061518
-0.017935816198587418
-0.01903916336596012
0.026377709582448006
-0.009307892993092537
-0.0008251052349805832
0.006709893699735403
-0.02055305987596512
0.04490368813276291
0.00013130319712217897
-0.005433346144855022
0.006539901252835989
-0.018833888694643974
-0.015215935185551643
-0.005276183132082224
0.005212035030126572
-0.002869024872779846
-0.014535965397953987
-0.0003674484614748508
0.009314307942986488
0.015254423953592777
0.007235908415168524
0.03243329003453255
-0.012951506301760674
0.012771891430020332
-0.02269560657441616
-0.007742678746581078
0.03366493433713913
0.003192972857505083
0.017217356711626053
-0.014869535341858864
0.03928431123495102
0.021502451971173286
0.0030005285516381264
-0.009096204303205013
0.01572912000119686
-0.029585115611553192
0.011238751001656055
0.0010945274261757731
0.020899459719657898
0.00801210105419159
0.02866138145327568
-0.004236983601003885
0.018282216042280197
-0.015190276317298412
-0.018833888694643974
0.01511329784989357
0.013920143246650696
0.01075764000415802
0.00899356696754694
0.011168188415467739
-0.02822517417371273
-0.024183843284845352
0.01616532728075981
-0.03446037322282791
-0.02291370928287506
-0.009789003990590572
0.018564466387033463
0.005090153776109219
0.0014601716538891196
0.009975033812224865
-0.01646040938794613
-0.021502451971173286
-0.004961857572197914
0.028122536838054657
0.006081242114305496
-0.037128932774066925
0.019436880946159363
-0.0013719679554924369
0.007870974950492382
0.024927960708737373
-0.010622929781675339
0.0027295027393847704
0.009968618862330914
0.03866849094629288
-0.011328558437526226
0.028122536838054657
-0.006927997339516878
0.0070755379274487495
0.011155358515679836
-0.01511329784989357
0.004936198238283396
-0.023311428725719452
-0.0001061450966517441
0.023619338870048523
0.02034778520464897
-0.03476828336715698
0.08390574902296066
-0.024620050564408302
-0.021027754992246628
0.008230204693973064
-0.004535272251814604
0.007787582464516163
-0.004949027672410011
-0.0028481767512857914
-0.019808940589427948
0.018410511314868927
0.010526707395911217
-0.006780456751585007
0.003733420744538307
-0.02535133808851242
0.005099775735288858
0.00406057620421052
-0.0156778022646904
0.03941260650753975
-0.011982869356870651
0.015280082821846008
0.025646420195698738
-0.00780682684853673
0.005920872092247009
-0.010533122345805168
-0.016563044860959053
0.009160351939499378
0.025248702615499496
0.011578736826777458
-0.01807694137096405
-0.009064129553735256
-0.004387731663882732
0.008942248299717903
-0.04341544955968857
-0.028558744117617607
-0.018628615885972977
-0.011937965638935566
-0.013342809863388538
-0.048495981842279434
-0.008813952095806599
0.012617936357855797
-0.0010600477689877152
0.004612250253558159
-0.02878967858850956
-0.03679536283016205
-0.009455433115363121
-0.0018185992958024144
-0.010879522189497948
0.0062897237949073315
-0.015908734872937202
