-0.020615963265299797
0.012444383464753628
0.035019244998693466
-0.025040915235877037
-0.036312494426965714
0.00249141245149076
-0.009496528655290604
-0.012571172788739204
-0.002672087401151657
-0.0347149483859539
0.0013051388086751103
-0.009655015543103218
-0.01409898605197668
0.011018002405762672
-0.015912074595689774
0.01780123822391033
0.03674358129501343
-0.006719840224832296
-0.00886258203536272
0.00702413497492671
-0.015493669547140598
-0.01237464975565672
0.017978742718696594
-0.02165563590824604
-0.037960756570100784
0.00601615896448493
0.0025659012608230114
-0.024736620485782623
0.003816362237557769
-0.018232321366667747
-0.009578942321240902
-0.022657273337244987
-0.009851539507508278
-0.004488346166908741
-0.012127409689128399
-0.0026102776173502207
0.006203173194080591
-0.0056262812577188015
0.0287304874509573
0.008494892157614231
0.017015142366290092
-0.0018891626968979836
-0.00926830805838108
0.005816465709358454
0.006561353337019682
0.02796974964439869
-0.03907650709152222
-0.033320263028144836
-0.04272804036736488
0.013515754602849483
0.0003861134755425155
0.02812189795076847
-0.014238454401493073
-0.0044281212612986565
-0.0050969356670975685
-0.020958295091986656
-0.0063775088638067245
-0.012647246941924095
0.01404826994985342
-0.02013416215777397
0.014175059273838997
-0.005372702609747648
-0.015278127044439316
0.011373012326657772
0.011056039482355118
0.0204511359333992
0.005255422089248896
0.01728140003979206
0.005398060195147991
-0.006123929750174284
0.028248686343431473
0.010992644354701042
-0.024723941460251808
-0.019550930708646774
0.038138262927532196
0.005531189497560263
-0.033294908702373505
-0.024051956832408905
0.0011482369154691696
0.021034367382526398
-0.001714827143587172
-0.0001571991015225649
-0.028552981093525887
0.016203690320253372
0.017484264448285103
-0.0027037847321480513
0.006367999594658613
0.02076810970902443
0.012165446765720844
0.015037227421998978
-0.022238867357373238
0.01607690006494522
0.008241313509643078
-0.004688039422035217
-0.0084061399102211
0.014720253646373749
-0.030632328242063522
0.01558242179453373
-0.017002463340759277
-0.031038055196404457
0.006399697158485651
0.012285896576941013
-0.021516168490052223
-0.00033737876219674945
-0.03443601354956627
0.006453582551330328
-0.014187738299369812
0.015404917299747467
0.001025409554131329
-0.011119433678686619
0.001040465896949172
0.02956729754805565
-0.01728140003979206
-0.017433548346161842
0.024368930608034134
0.001832107431255281
0.003248979337513447
-0.016216369345784187
-0.010536202229559422
-0.006282416637986898
0.027411876246333122
-0.008653379045426846
0.015988148748874664
-0.013008596375584602
0.0036420265678316355
0.01258385181427002
-0.0439959354698658
-0.012710641138255596
-0.029998380690813065
-0.03050553984940052
0.00014184568135533482
-0.016951747238636017
-0.002407414373010397
-0.017002463340759277
-0.019411463290452957
-0.018980378285050392
-0.003125359769910574
0.02524377778172493
-0.04191659018397331
-0.013693259097635746
0.004298162180930376
0.014542749151587486
-0.009876897558569908
-0.03580533713102341
-0.003225206397473812
0.01811821013689041
0.03958366438746452
0.02637220360338688
0.0077278162352740765
0.0018447863403707743
0.024787334725260735
-0.023658908903598785
0.009223931469023228
0.005911557469516993
0.007112887687981129
0.0050398800522089005
-0.006482109893113375
0.008076487109065056
-0.02192189358174801
-0.015493669547140598
-0.009002050384879112
-0.023075677454471588
-0.00483701704069972
0.025700218975543976
0.008868921548128128
0.00642188498750329
0.017370153218507767
-0.003898775205016136
0.03288917988538742
0.003212527371942997
0.0249268040060997
0.021478131413459778
-0.038138262927532196
0.030125170946121216
-0.0041808816604316235
0.0022251547779887915
0.02890799194574356
0.020197557285428047
-0.004421781748533249
-0.018916985020041466
-0.020248273387551308
0.01799142174422741
0.01258385181427002
-0.008672397583723068
0.005756240338087082
0.007594687398523092
0.0019113507587462664
0.004488346166908741
0.008932315744459629
0.012121070176362991
0.015861358493566513
0.02097097411751747
-0.028502266854047775
-0.020197557285428047
-0.6333386301994324
-0.01671084761619568
-0.00044653654913417995
-0.013820049352943897
0.01890430599451065
0.028705129399895668
0.027056867256760597
0.002790952567011118
-0.011030681431293488
-0.019005736336112022
0.006738858763128519
0.027690812945365906
-0.009667694568634033
-0.022695310413837433
-0.03585605323314667
-0.029846234247088432
0.01166462805122137
-0.010295302607119083
0.04105442017316818
-0.008336405269801617
-0.011106754653155804
0.020235594362020493
-0.011613912880420685
0.004377405624836683
-0.010675670579075813
-0.004944788292050362
0.01932271011173725
-0.0014691726537421346
0.010523523204028606
0.013490396551787853
0.011265241540968418
0.019741116091609
0.015328843146562576
0.031088771298527718
0.06314113736152649
0.00038096265052445233
-0.028578339144587517
0.036591432988643646
0.019677720963954926
0.04724174365401268
0.011949904263019562
-0.0085519477725029
0.019462179392576218
0.0014327206881716847
0.015341522172093391
0.0074171824380755424
0.01119550783187151
-0.029237644746899605
0.01080245990306139
0.017851952463388443
-0.012856449000537395
-0.026879360899329185
-0.007696119137108326
-0.001814673887565732
-0.0068149324506521225
-0.011785078793764114
-0.01278037577867508
-5.393504034145735e-05
0.0010800875024870038
0.005661148577928543
-0.0014168720226734877
0.010954607278108597
-0.01683763787150383
-0.024470360949635506
-0.039659738540649414
0.0367182232439518
-0.00611442094668746
-0.03428386524319649
0.012545814737677574
-0.03775789588689804
-0.003695912193506956
0.03271167725324631
0.0072903926484286785
-0.011759720742702484
0.016533343121409416
-0.0002735878515522927
0.027792245149612427
0.00742986099794507
-0.009832520969212055
-0.006025668233633041
-0.006548674777150154
-0.01188651006668806
-0.048560354858636856
0.004158693831413984
0.0114807840436697
-0.03453744202852249
0.007220658473670483
0.006612069439142942
-0.0018796534277498722
0.020780788734555244
-0.01725604198873043
0.0023709626402705908
0.012545814737677574
-0.029110854491591454
0.01919592171907425
0.043640926480293274
-0.019918620586395264
-0.006776895374059677
0.014986511319875717
-0.010510844178497791
-0.00018225981330033392
-0.01404826994985342
0.00023436234914697707
0.009883237071335316
0.03509531542658806
0.0026102776173502207
0.006954400800168514
0.018321074545383453
0.03826505318284035
-0.02956729754805565
-0.011043360456824303
-0.00936339981853962
-0.00010747386113507673
-0.0015159262111410499
-0.008767489343881607
-0.02731044590473175
0.01589939557015896
0.00828569009900093
-0.002399490214884281
-0.022707989439368248
0.011930886656045914
-0.0011640855809673667
0.007436200510710478
-0.0017053179908543825
-0.01717996969819069
0.020222915336489677
-0.014847042970359325
0.00818425789475441
-0.0085519477725029
-0.02133866213262081
-0.006019328720867634
-0.029998380690813065
0.0001789910311345011
-0.002879705047234893
0.01155051775276661
-0.009395097382366657
0.004009716212749481
-0.012368310242891312
-0.0056548090651631355
-0.015468311496078968
-0.031088771298527718
-0.01799142174422741
0.021985288709402084
-0.000134713773149997
-0.032483454793691635
-0.02573825605213642
-0.022226188331842422
-0.0013534772442653775
-0.03222987428307533
0.01439060177654028
0.001427966053597629
-0.002236248692497611
-0.0361349917948246
-0.017382832244038582
0.0008039242820814252
-0.014580785296857357
4.0191262087319046e-05
-0.0033567503560334444
-0.016558701172471046
-0.011721683666110039
0.003445503069087863
0.015569742769002914
-0.006342641543596983
0.013503075577318668
-0.035678546875715256
0.010605936869978905
-0.006158797070384026
0.030784476548433304
-0.031595926731824875
-0.054773036390542984
-0.004409102723002434
0.019081810489296913
-0.004054092336446047
0.007582008372992277
0.01934806816279888
0.010498165152966976
-0.0025310341734439135
0.009002050384879112
-0.014137022197246552
-0.011265241540968418
0.007163603324443102
0.02401391975581646
-0.015797963365912437
-0.0013669485924765468
-0.004386914428323507
0.02050185203552246
0.03187486529350281
0.011639270931482315
-0.0025136007461696863
0.0023091526236385107
0.002458130242303014
0.034004926681518555
-0.00886258203536272
0.03053089790046215
-0.00055391137721017
0.013921480625867844
0.016254406422376633
0.013097349554300308
0.005417078733444214
0.02977016009390354
0.020210236310958862
-0.01195624377578497
0.019018415361642838
-0.002973212394863367
0.021440094336867332
-0.006802253425121307
0.0036578753497451544
-0.01260920986533165
0.042043376713991165
0.0004588192969094962
0.021440094336867332
-0.01639387384057045
-0.028299402445554733
-0.021059725433588028
-0.0049859946593642235
0.02414071001112461
-0.015265448950231075
0.008773828856647015
-0.025497356429696083
0.004998673684895039
0.025471998378634453
-0.0021411566995084286
0.015836000442504883
0.007119227200746536
0.0019462178461253643
0.0271836556494236
0.02516770362854004
-0.0015214732848107815
0.01686299592256546
-0.0024993368424475193
0.014720253646373749
0.024787334725260735
-0.005971782840788364
0.020197557285428047
0.020387742668390274
0.024394288659095764
0.022720668464899063
-0.017737843096256256
0.029034782201051712
0.004168202634900808
0.016305122524499893
0.020755430683493614
-0.011296939104795456
0.0003456993435975164
0.0038575686048716307
0.002584919799119234
0.029339076951146126
-0.010060742497444153
-0.0204511359333992
0.010834157466888428
-0.012019638903439045
-0.004830677527934313
-0.01712925359606743
-0.011715344153344631
0.010035384446382523
-0.00440593296661973
-0.003629347775131464
0.004212579224258661
-0.006152457557618618
0.02556075155735016
0.0024739790242165327
0.023062998428940773
0.007322090212255716
0.013946838676929474
0.008032111451029778
-0.01570921204984188
0.004161863587796688
-0.015861358493566513
-0.03268631920218468
-0.012000620365142822
-0.016977105289697647
-0.01281841192394495
-0.009312684647738934
0.001965236384421587
0.0005206291098147631
0.012064015492796898
-0.019487537443637848
0.006497958675026894
0.00898303184658289
0.001009560888633132
-0.03829041123390198
-0.016850316897034645
0.00838078185915947
0.032610245048999786
0.005442436784505844
-0.015125980600714684
0.0034676911309361458
-0.0018859929405152798
-0.028476908802986145
0.010073420591652393
-0.01205767598003149
0.009705731645226479
0.00030706817051395774
-0.0031697358936071396
-0.0219979677349329
-0.018625369295477867
0.018739478662610054
0.015354201197624207
0.004409102723002434
-0.004881393630057573
0.005838653538376093
-0.01853661611676216
-0.027589382603764534
0.0032188668847084045
0.001714827143587172
0.02644827775657177
-0.039659738540649414
-0.006757877301424742
-0.0057625798508524895
-0.023341935127973557
0.009452152997255325
-0.005936915520578623
0.0005943254800513387
0.024001240730285645
0.003261658363044262
0.0009144688374362886
0.02121187373995781
-0.007569329347461462
0.03385278210043907
0.018916985020041466
-0.010143155232071877
-0.007651742547750473
-0.010295302607119083
0.0006870402721688151
0.03938079997897148
0.00924295000731945
-0.03357384353876114
0.027614740654826164
0.021820463240146637
0.0008669227827340364
-0.015912074595689774
-0.030683044344186783
0.008127203211188316
-0.005686506163328886
-0.0048496960662305355
0.004561250098049641
0.005816465709358454
-0.011582215316593647
0.011518820188939571
0.027766887098550797
0.0041269962675869465
0.004158693831413984
0.005870351102203131
0.018232321366667747
0.017167290672659874
-0.006396527402102947
0.003581801662221551
0.025357887148857117
0.012723320163786411
0.004371066112071276
0.03674358129501343
0.03955830633640289
-0.008317387662827969
-0.018993057310581207
-0.008266671560704708
0.00420306995511055
0.03146914020180702
0.0031713207717984915
-0.016609417274594307
0.010403073392808437
0.009274647571146488
0.03679429367184639
-0.0019557271152734756
0.012995917350053787
0.02037506364285946
0.005093765910714865
0.018397146835923195
0.008241313509643078
0.013224138878285885
-0.008501231670379639
0.043615568429231644
0.00704949302598834
-0.011163810268044472
-0.012254199013113976
0.017826594412326813
0.01966504193842411
0.004526382777839899
0.022695310413837433
0.012121070176362991
0.002137986943125725
-0.007303071673959494
0.01222884189337492
-0.011227204464375973
-0.022593878209590912
-0.005835483781993389
-0.017471585422754288
-0.0014263811754062772
-0.02482537180185318
-0.001949387602508068
-0.010238246992230415
0.014238454401493073
-0.0020492342300713062
-0.023608192801475525
-0.0009041671874001622
0.016723526641726494
-0.0562945120036602
-0.04151086136698723
0.0019129356369376183
0.023494083434343338
0.04579634591937065
0.006776895374059677
-0.007074850611388683
0.0027814432978630066
0.01998201571404934
-0.014568106271326542
-0.022188151255249977
0.002020706655457616
-0.017953384667634964
-0.006352150812745094
0.009255629032850266
0.003312373999506235
-0.019069131463766098
0.005071577616035938
0.017636410892009735
-0.015519027598202229
0.000570948701351881
-0.004022394772619009
0.019208600744605064
-0.019436821341514587
0.021275268867611885
0.016875674948096275
0.019132526591420174
0.010548881255090237
-0.02212475799024105
-0.007784871384501457
-0.010675670579075813
-0.006418715231120586
-0.003714930498972535
-0.0037751556374132633
0.005797447171062231
-0.016013506799936295
0.007797550410032272
-0.008558287285268307
-0.02487608790397644
0.03037874959409237
-0.015075264498591423
0.0035215767566114664
-0.004830677527934313
0.00800041388720274
-0.004808489698916674
-0.00020682527974713594
0.04752068221569061
0.015823321416974068
-0.01442863792181015
-0.003867077874019742
-0.0406486950814724
0.001444607158191502
0.00782924797385931
-0.03933008387684822
0.0063775088638067245
0.00757566886022687
-0.017763201147317886
0.00020999500702600926
-0.006827611476182938
-0.029186928644776344
0.03435993939638138
0.002034970559179783
-0.02194725163280964
-0.003784664673730731
-0.00219028745777905
-0.007119227200746536
0.004050922580063343
0.020438456907868385
1.1874128176714294e-05
0.006948061287403107
0.0006418715347535908
-0.005879860371351242
-0.03182414919137955
0.04889000952243805
-0.029288360849022865
-0.023658908903598785
-0.003968509379774332
-0.025624146685004234
0.03618570789694786
-0.018080174922943115
0.009185895323753357
-0.02010880596935749
0.02094561606645584
-0.010352358222007751
-0.02796974964439869
-0.023037640377879143
0.0037212700117379427
0.01958896778523922
-0.004107977729290724
0.013071991503238678
-0.012888146564364433
0.00022643801639787853
-0.003749797586351633
0.00883722398430109
-0.023139072582125664
-0.0004572344187181443
-0.010523523204028606
-0.023506762459874153
0.020222915336489677
0.017243362963199615
-0.020362384617328644
0.007670761086046696
-0.020679358392953873
-0.008361763320863247
0.04422415792942047
-0.008932315744459629
-0.039482232183218
-0.011303278617560863
-0.005553377326577902
-0.010086099617183208
0.024229461327195168
-0.01143006794154644
0.01919592171907425
-0.033320263028144836
0.02111044153571129
0.0203243475407362
-0.001428758492693305
0.004624644760042429
0.00013986459816806018
0.026625782251358032
-0.035627830773591995
-0.0003013230161741376
0.014580785296857357
0.005772089120000601
-0.0036261780187487602
0.0007020964985713363
-0.021592240780591965
0.004456648603081703
0.028451550751924515
0.006155627314001322
0.004501025192439556
-0.012051336467266083
0.0183591116219759
-0.015379559248685837
0.032407380640506744
0.01094826776534319
0.0004960636724717915
0.0024248480331152678
-0.013946838676929474
-0.00989591609686613
-0.020666679367423058
0.0171038955450058
0.005020861979573965
0.01316074375063181
-0.000723096018191427
-0.007582008372992277
0.0168122798204422
-0.02799510769546032
-0.0013035539304837584
0.005756240338087082
-0.025598788633942604
0.042981620877981186
0.006222191732376814
0.0350445993244648
0.018815552815794945
-0.016254406422376633
-0.03207772970199585
0.0021633447613567114
0.030099812895059586
-0.009857879020273685
0.01775052212178707
0.011176489293575287
0.010916571132838726
-0.010231907479465008
-0.00800041388720274
0.020413100719451904
-0.014682217501103878
-0.016381194815039635
-0.003512067487463355
0.007246016524732113
-0.010631294921040535
-0.032382022589445114
0.004003376699984074
-0.027868319302797318
0.029110854491591454
0.0022314940579235554
0.015442953445017338
-0.029161570593714714
-0.018295716494321823
-0.024698583409190178
0.046734586358070374
0.011252562515437603
0.017902668565511703
0.021566884592175484
0.01145542599260807
-0.02207404188811779
-0.008843563497066498
-0.020298989489674568
-0.005971782840788364
0.007100208662450314
0.006057365331798792
-0.02241637371480465
0.015671174973249435
-0.00568967591971159
-0.027031509205698967
0.026220055297017097
-0.0009493359248153865
-0.02040042169392109
0.022378336638212204
0.0024977519642561674
-0.010288963094353676
0.004719736985862255
0.01195624377578497
-0.010377715341746807
0.019804511219263077
0.014124343171715736
-0.021072404459118843
0.020172199234366417
0.015265448950231075
-0.011949904263019562
0.00534100504592061
-0.01995665766298771
-0.007797550410032272
0.009952970780432224
-0.00500818295404315
-0.024216782301664352
-0.0217063520103693
-0.005566056352108717
-0.017864631488919258
-0.02723437175154686
0.00860266387462616
0.005892539396882057
0.012298575602471828
0.005959103815257549
0.020641321316361427
-0.0061746458522975445
0.022872814908623695
-0.04511168226599693
0.0014406449627131224
0.0009184310329146683
-0.00644724303856492
-0.00571503397077322
0.030581612139940262
0.008925976231694221
-0.01924663782119751
0.04260125011205673
-0.020603284239768982
-0.020387742668390274
-0.006333132740110159
0.01838446967303753
-0.0014208341017365456
0.000537270272616297
-0.0013011766131967306
-0.011892849579453468
-0.0037054214626550674
-0.0001900851057143882
0.012361970730125904
-0.01856197416782379
-0.004665851593017578
-0.006751537788659334
-0.03758038952946663
0.012812073342502117
-0.02055256813764572
0.027665454894304276
-0.023557478561997414
0.029034782201051712
0.00553752901032567
-0.022720668464899063
-0.00014917569933459163
-0.007937018759548664
0.025839688256382942
-0.030074454843997955
-0.003193509066477418
8.340367639902979e-05
-0.010536202229559422
-0.031088771298527718
-0.011005323380231857
-0.00048695068107917905
-0.01870144158601761
-0.027842961251735687
0.00033737876219674945
0.015392238274216652
0.019107168540358543
-0.001664111390709877
0.016013506799936295
0.023811057209968567
-0.017002463340759277
-0.02215011604130268
0.004028734285384417
-0.015886716544628143
0.03829041123390198
0.02895870804786682
-0.01482168585062027
-0.011848472990095615
-0.01976647414267063
-0.03354848548769951
0.008773828856647015
0.014618822373449802
0.03770717978477478
0.020172199234366417
-0.009528226219117641
0.008513910695910454
0.027513308450579643
-0.009109821170568466
0.017636410892009735
-0.00979448389261961
-0.0028812899254262447
-0.0057530710473656654
-0.0007532085292041302
-0.028552981093525887
-0.015037227421998978
-0.012000620365142822
-0.015785284340381622
0.03664214909076691
-0.021440094336867332
-0.003911454230546951
0.019132526591420174
-0.021072404459118843
-0.008976692333817482
-0.025129666551947594
0.013452359475195408
0.03423314914107323
-0.008621681481599808
-0.002687936183065176
-0.01809285394847393
-0.009997347369790077
0.010346018709242344
-0.013832727447152138
-0.005350514315068722
0.012121070176362991
0.04004010558128357
-0.01639387384057045
0.02477465569972992
-0.012140088714659214
0.0029637031257152557
0.01059325784444809
-0.01082781795412302
0.005499491933733225
-0.02403927780687809
0.010181192308664322
0.01780123822391033
0.00682127196341753
-0.010485487058758736
-0.0018019948620349169
0.006469431333243847
-0.015493669547140598
-0.0013907216489315033
0.006279246881604195
-0.027006151154637337
0.024267498403787613
-0.005759410094469786
-0.02812189795076847
-0.02286013588309288
-0.02173171006143093
-0.038975074887275696
0.007341108750551939
-0.010181192308664322
0.022682631388306618
0.014060948975384235
-0.0023234165273606777
-0.004038243554532528
0.004288652911782265
-0.0023139072582125664
-0.012913504615426064
-0.022593878209590912
0.008868921548128128
-0.023506762459874153
-0.002586504677310586
-0.02160491980612278
-0.013287533074617386
0.00041246190085075796
-0.005860841833055019
0.007816568948328495
-0.026017192751169205
-0.003209357615560293
0.19616861641407013
-0.029136212542653084
-0.0068529690615832806
0.001412909827195108
0.0100163659080863
-0.012856449000537395
0.04478203132748604
-0.002388396067544818
0.003090492682531476
0.013084670528769493
0.015354201197624207
-0.03184950724244118
-0.017788559198379517
0.014213096350431442
0.003879756899550557
-0.025307172909379005
-0.03146914020180702
-0.016330480575561523
0.022251546382904053
-0.017446227371692657
0.03679429367184639
0.011151131242513657
-0.0022219850216060877
-0.015278127044439316
0.02234029956161976
0.006783234886825085
-0.006675464101135731
0.005290289409458637
0.013224138878285885
-0.0007436993182636797
-0.015075264498591423
0.02654970809817314
-0.010295302607119083
0.007994074374437332
-0.036490000784397125
0.0030857380479574203
0.01068201009184122
-0.006355320569127798
0.023811057209968567
0.020248273387551308
0.028552981093525887
-0.003410635981708765
0.019449500367045403
0.009122500196099281
-0.014086307026445866
0.04569491371512413
-0.007753174286335707
-0.01602618582546711
0.034968528896570206
-0.010650312528014183
-0.020780788734555244
0.02715829759836197
0.01479632779955864
0.004824338015168905
-0.003077813657000661
0.010010026395320892
-6.918939470779151e-05
-0.002670502522960305
0.010441110469400883
-0.010244586504995823
-0.0029003084637224674
0.018891626968979836
-0.008266671560704708
0.03050553984940052
-0.008228634484112263
0.014466674998402596
-0.02819797210395336
-0.017382832244038582
-0.0168122798204422
-5.8293426263844594e-05
0.005173009354621172
-0.025750935077667236
-0.018498579040169716
0.009185895323753357
0.0047133974730968475
-0.012507778592407703
0.035703904926776886
-0.00018315130728296936
0.016305122524499893
0.05036076530814171
-0.0016593567561358213
-0.0045105344615876675
-0.03037874959409237
0.004120656754821539
-0.008856242522597313
-0.030835192650556564
0.029136212542653084
-0.00543926702812314
-0.01039673388004303
-0.02157956175506115
-0.006802253425121307
-0.002033385680988431
0.004107977729290724
-0.044452376663684845
0.01155051775276661
0.004798980429768562
0.0035532740876078606
0.036388568580150604
-0.00012926579802297056
0.008387121371924877
-0.003076228778809309
0.03451208397746086
0.007201640401035547
0.0007591517642140388
-0.011569536291062832
0.008532929234206676
-0.01238732784986496
-0.014732932671904564
0.0012583851348608732
-0.025205740705132484
0.006152457557618618
-0.020273631438612938
-0.01715461164712906
-0.004567589610815048
-0.01200695987790823
0.022872814908623695
0.003126944648101926
-0.006973419338464737
0.00817157980054617
-0.01361718587577343
0.01612761616706848
-0.025180382654070854
-0.002136402064934373
0.021503489464521408
0.012235180474817753
-0.00818425789475441
-0.05109614506363869
0.007784871384501457
0.006580371875315905
-0.02406463585793972
0.011392030864953995
-0.045314546674489975
0.03301597014069557
0.02071739360690117
-0.02094561606645584
-0.006700821686536074
0.003752967342734337
-0.00843149796128273
0.0012037071865051985
0.017218006774783134
0.006225361488759518
-0.010466468520462513
-0.006700821686536074
0.015265448950231075
0.00259284395724535
-0.02961801365017891
0.00013273268996272236
0.014403280802071095
-0.010346018709242344
-0.0029161570128053427
-0.0067705558612942696
-0.02474929951131344
-0.01087853405624628
0.0020761771593242884
-0.005832314025610685
0.01712925359606743
-0.021807784214615822
0.0016546022379770875
0.010821478441357613
-0.003651535836979747
-0.02280941978096962
0.002572240773588419
-0.006209512706845999
0.0020413100719451904
0.0019367086933925748
0.018688762560486794
-0.15569743514060974
0.011715344153344631
-0.00070526625495404
-0.04158693552017212
-0.006941721774637699
-0.0059559340588748455
0.04404665157198906
0.014263811521232128
0.0005804579122923315
-0.013084670528769493
0.011918207630515099
0.004817998502403498
-0.02954193949699402
-0.026143983006477356
-0.004694378934800625
-0.0172306839376688
-0.021199194714426994
0.007683440111577511
0.027513308450579643
-0.0003577839524950832
0.01160123385488987
-0.013896122574806213
-0.0012425364693626761
0.027589382603764534
0.01061861589550972
-0.004764113109558821
-0.0386454202234745
0.022264225408434868
-0.0064852796494960785
-0.02519306167960167
0.016824958845973015
-0.005876690614968538
0.028527623042464256
0.0175222996622324
-0.01570921204984188
-0.0017924857093021274
-0.004960636608302593
0.004152354318648577
-0.009477511048316956
0.005065238103270531
-0.008697755634784698
0.021414736285805702
0.026904718950390816
-0.00028864407795481384
0.018739478662610054
-0.0017607883783057332
0.013680581003427505
-0.0116265919059515
0.007816568948328495
-0.016901032999157906
0.016254406422376633
0.0013146479614078999
0.0006335509824566543
-0.00493527902290225
0.012913504615426064
-0.0187775157392025
0.0102255679666996
-0.004760943353176117
0.009433134458959103
0.006535995751619339
-0.004212579224258661
-0.010726386681199074
0.005201536696404219
0.017509622499346733
0.016926391050219536
-0.019500216469168663
0.006967079825699329
0.02055256813764572
-0.045365262776613235
0.0017417699564248323
0.0025183551479130983
-0.013984874822199345
0.0024771487805992365
-0.012913504615426064
-0.010155834257602692
0.02133866213262081
-0.008387121371924877
0.02956729754805565
-0.008875261060893536
-0.0035881411749869585
-0.0012155937729403377
0.031697358936071396
-0.01757301576435566
-0.012482420541346073
-0.0005138934357091784
-0.015354201197624207
0.0009319023811258376
0.012850109487771988
0.006298265419900417
0.003813192481175065
0.0038417200557887554
-0.055838070809841156
-0.01636851578950882
-0.0010206550359725952
0.005030371248722076
0.02136402018368244
-0.005448776297271252
0.009192234836518764
0.023861773312091827
-0.017687126994132996
-0.005001843441277742
0.02951658144593239
-0.001311478321440518
-0.012089373543858528
0.025966476649045944
-0.022454408928751945
0.001377250300720334
-0.007011455949395895
0.027589382603764534
0.0009160537156276405
-0.014758290722966194
0.000992127344943583
0.00917955581098795
-0.006085893139243126
0.022226188331842422
0.02632148750126362
-0.009490189142525196
-0.0033187135122716427
0.027538666501641273
0.0013851745752617717
0.06253255158662796
-0.007214318960905075
-0.023392651230096817
0.014466674998402596
0.0016498476034030318
-0.033979568630456924
-0.1287166327238083
-0.050081830471754074
0.019969336688518524
0.017839273437857628
0.007157263811677694
0.01226687803864479
-0.011537838727235794
0.013693259097635746
-0.008716774173080921
0.017712485045194626
-0.008729453198611736
-0.00349938846193254
0.005515340715646744
0.015823321416974068
-0.004672190640121698
0.025674860924482346
0.004570759367197752
-0.004320350009948015
-0.023874452337622643
0.023037640377879143
0.01956360973417759
0.01799142174422741
-0.010339679196476936
0.005898878909647465
-0.021858500316739082
-0.011334976181387901
-0.027640098705887794
0.0016847146907821298
0.03286382183432579
-0.004833847284317017
-0.017813915386795998
-0.012774036265909672
-0.005775258876383305
-0.014580785296857357
0.03291453793644905
-0.00014620406727772206
-0.019703079015016556
-0.02215011604130268
0.026879360899329185
-0.010688349604606628
0.01639387384057045
0.014213096350431442
0.03608427569270134
-0.007385484874248505
0.003819531761109829
-0.01919592171907425
0.004212579224258661
-0.013959517702460289
0.0017687126528471708
-0.010637634433805943
-0.025332530960440636
-0.00797505583614111
-0.019994694739580154
-0.018523937091231346
0.005933745764195919
-0.007404503412544727
-0.0002587297058198601
0.0007995659252628684
0.0025326190516352654
-0.04506096616387367
0.00130910100415349
-0.004754603840410709
-0.01560777984559536
-0.0031158505007624626
0.03867077827453613
0.010136815719306469
-0.02959265559911728
-0.028629055246710777
-0.00397484889253974
0.0030033248476684093
0.0004469327686820179
0.002355113858357072
0.013008596375584602
0.01327485404908657
-0.02490144595503807
0.023734983056783676
-0.018815552815794945
-0.016964426264166832
-0.018942343071103096
0.004653172567486763
-0.010048063471913338
-0.003378938650712371
-0.012837430462241173
-0.015290806069970131
0.0253452081233263
0.006757877301424742
-0.001194198033772409
-0.006808592937886715
-0.0021253079175949097
-0.01364254392683506
0.005550207570195198
0.020311668515205383
0.007664421573281288
-0.010117797181010246
0.013452359475195408
0.0009667694685049355
0.022112078964710236
-0.011715344153344631
0.002722803270444274
0.021097762510180473
-0.015037227421998978
-0.010840496979653835
-0.034943170845508575
0.0067705558612942696
0.019386105239391327
0.0018764836713671684
-0.010865855030715466
0.0011783493682742119
0.008292029611766338
-0.01107505802065134
0.006231701001524925
0.02231494151055813
-0.014301848597824574
0.014694896526634693
-0.01047280803322792
0.011296939104795456
-0.026701856404542923
-0.031748075038194656
0.02372230403125286
-0.010517183691263199
0.009914934635162354
0.01570921204984188
0.0007298316922970116
-0.011689986102283001
0.0342077910900116
0.023405330255627632
-0.008964013308286667
0.00864070001989603
-0.012501439079642296
0.005391721148043871
0.0041650328785181046
0.01634315960109234
0.017851952463388443
-0.03783397004008293
-0.011937226168811321
0.010796120390295982
-0.013262175023555756
0.0006272115278989077
0.013059312477707863
0.014783648774027824
0.018714120611548424
0.07338573038578033
-0.007797550410032272
-0.02485072985291481
0.024267498403787613
-0.026879360899329185
-0.019373426213860512
0.008653379045426846
-0.020590605214238167
0.008976692333817482
0.008361763320863247
-0.014809006825089455
0.037960756570100784
0.02977016009390354
-0.0011680476600304246
-0.024597151204943657
-0.020603284239768982
0.002017536899074912
0.0036864029243588448
0.0102255679666996
0.006510637700557709
-0.023443367332220078
0.032356664538383484
-0.010143155232071877
0.02202332578599453
0.0036039897240698338
-0.005794277414679527
-0.01128426007926464
-0.004551740828901529
-0.007442540023475885
-0.02192189358174801
-0.014872401021420956
-0.000874847115483135
0.0005725335795432329
0.021934572607278824
0.016634775325655937
0.032356664538383484
-0.02076810970902443
0.00498282490298152
0.004783131647855043
-0.017294079065322876
0.023253183811903
0.011696325615048409
0.015544385649263859
-0.04802783951163292
0.0200327318161726
0.02168099395930767
0.0005245913052931428
-0.011246223002672195
0.019373426213860512
-0.028299402445554733
0.00704949302598834
-0.008070147596299648
0.008507571183145046
-0.009655015543103218
0.0023614533711224794
0.002385226311162114
0.007081190124154091
-0.01754765771329403
-0.008196936920285225
0.04019225388765335
0.010561560280621052
0.011582215316593647
-0.00938875786960125
0.005084256641566753
-0.01316074375063181
-0.010701028630137444
0.006504298187792301
-0.01166462805122137
-0.034791022539138794
-0.01119550783187151
0.022352978587150574
0.0078102294355630875
-0.00023396614415105432
0.011791418306529522
-0.00574039202183485
-0.043615568429231644
0.0038385502994060516
0.004092128947377205
-0.00011094076035078615
-0.017268721014261246
0.013655222952365875
-0.016850316897034645
0.007157263811677694
0.03184950724244118
-0.0032378854230046272
0.007746834773570299
0.0029541938565671444
0.0271836556494236
-0.0034042964689433575
0.021909214556217194
0.019310031086206436
-0.004640493541955948
0.009889576584100723
-0.015645816922187805
-0.0039906976744532585
0.0027640098705887794
-0.025865046307444572
0.006504298187792301
0.027919035404920578
-0.008621681481599808
0.07967448234558105
-0.014251133427023888
-0.03694644197821617
-0.00036709505366161466
-0.0032870161812752485
-0.008678737096488476
-0.005594584159553051
-0.004925769753754139
0.0013574394397437572
0.0063489810563623905
0.02974480204284191
-0.008653379045426846
0.014568106271326542
-0.015189374797046185
-0.007315750699490309
-0.0018685593968257308
-0.025053592398762703
0.04556812345981598
-0.0007670760969631374
0.004117486998438835
0.051755450665950775
-0.003882926655933261
0.020121484994888306
0.01895502209663391
-0.0032061878591775894
0.006789574399590492
0.032534170895814896
-0.023785699158906937
-0.0008130372734740376
-0.04660779982805252
0.0100163659080863
-0.003911454230546951
-0.050918638706207275
-0.02657506614923477
0.015455632470548153
-0.03425850719213486
-0.015379559248685837
-0.017484264448285103
-0.02207404188811779
0.005562886595726013
-0.015392238274216652
0.012051336467266083
-0.024584472179412842
-0.026270771399140358
-0.017458906397223473
-3.565953011275269e-05
-0.010079760104417801
0.005657978821545839
-0.015874037519097328
