-0.016303276643157005
0.00035951347672380507
0.006628804374486208
-0.027846097946166992
-0.05134124308824539
0.009540103375911713
-0.020295914262533188
-0.0017227852949872613
-0.013526344671845436
-0.03130126744508743
-0.0024394127540290356
-0.007575776427984238
-0.00606254069134593
0.007716542575508356
-0.0132448123767972
0.005685031414031982
0.042792901396751404
-0.01506197452545166
0.011088530533015728
-0.014306955970823765
-0.00788930058479309
-0.0014684465713799
0.01948970928788185
-0.006577616557478905
-0.020423883572220802
0.017634155228734016
0.020449478179216385
-0.026745561510324478
0.004469324368983507
-0.007031907327473164
0.003925455268472433
-0.005432292353361845
-0.010653435252606869
-0.02576019987463951
0.0042389798909425735
-0.003320800606161356
1.1578463272599038e-05
0.021895529702305794
0.014383737929165363
0.009616885334253311
0.013910251669585705
-0.00832439586520195
-0.00816443469375372
-0.02399422414600849
-0.01625208742916584
0.0264128427952528
-0.02085897885262966
-0.0066735935397446156
-0.03375827521085739
0.017237450927495956
0.01873468980193138
0.007882902398705482
-0.01974564790725708
-0.008042864501476288
-0.003867869032546878
-0.017710937187075615
0.001746779540553689
-0.00014096607628744096
0.010256730951368809
-0.007998074404895306
0.01794128119945526
-0.00472846208140254
-0.022317828610539436
0.008919453248381615
0.013871860690414906
0.005253135692328215
-0.02666878141462803
0.01563783548772335
-0.016840746626257896
0.020820587873458862
0.02915138378739357
0.02414778806269169
-0.011574814096093178
-0.02071821317076683
0.0332208052277565
-0.021447638049721718
-0.02414778806269169
-0.03480762243270874
0.0008086053421720862
0.019656069576740265
0.006987118162214756
-0.0019515302265062928
-0.01916978508234024
0.006699187681078911
0.0051635573618113995
0.013219217769801617
0.013628719374537468
0.01484442688524723
0.006788766011595726
-0.020091164857149124
-0.011184507980942726
0.011504431255161762
0.0032760114409029484
0.008209223859012127
-0.03444930911064148
0.014754848554730415
-0.022893689572811127
0.012668950483202934
-0.0014156592078506947
-0.01827400177717209
-0.012157074175775051
0.008874664083123207
-0.02792287804186344
-0.0063760653138160706
-0.04061742499470711
0.012029104866087437
-0.028588319197297096
0.004411737900227308
0.027359815314412117
-0.022868094965815544
-0.010768608190119267
0.04478921741247177
-0.012598567642271519
-0.020769400522112846
0.019579287618398666
-0.02309844084084034
-0.004015033598989248
-0.0263360608369112
-0.019758444279432297
-0.0389794185757637
0.024186179041862488
0.012214659713208675
0.008522748947143555
0.01877308078110218
0.016891933977603912
-0.0014300558250397444
-0.02738540805876255
0.004888423252850771
-0.02323920652270317
0.004616488702595234
-0.002204269403591752
0.0011397256748750806
-0.001194112584926188
0.007166275288909674
-0.006126525346189737
-0.013923048973083496
-0.005083576310425997
0.01300806924700737
-0.03424455597996712
-0.03048226237297058
0.03117329627275467
0.005723422393202782
0.000639046193100512
-0.025197135284543037
-0.0010629441821947694
0.006737578194588423
0.05200668051838875
0.051366835832595825
0.014166190288960934
0.012931287288665771
0.030149543657898903
-0.044046998023986816
0.016060134395956993
-0.003746298374608159
0.002869709162041545
0.013084850274026394
0.005592253990471363
0.007959684357047081
-0.010435888543725014
-0.007223861292004585
-0.012848107144236565
-0.01823561079800129
-0.005006794817745686
0.025133149698376656
0.019809631630778313
0.014997989870607853
0.011146117001771927
0.02958647906780243
0.018837066367268562
0.020948557183146477
0.02460847608745098
0.02659199945628643
-0.03171076625585556
0.023379972204566002
-0.009220181033015251
0.027078282088041306
0.02371269278228283
0.0056722345761954784
0.003887064289301634
-0.013513547368347645
-0.010934967547655106
0.03081498295068741
0.020922964438796043
0.00418779207393527
-0.017454998567700386
0.008420373313128948
0.020910166203975677
0.004469324368983507
-0.006660796701908112
0.007639761082828045
0.01966886594891548
0.019361739978194237
-0.02339276857674122
-0.008004473522305489
-0.630632221698761
0.0017595764948055148
-0.008861866779625416
-0.009796041995286942
0.018760284408926964
-0.019553693011403084
0.030712608247995377
0.010813397355377674
-0.0024106197524815798
-0.030687013640999794
0.00037690927274525166
0.02137085609138012
0.013104045763611794
-0.031326860189437866
-0.03406539931893349
-0.015407491475343704
0.03375827521085739
-0.024531695991754532
0.048628296703100204
-0.025990543887019157
-0.011657994240522385
0.006356869824230671
0.012470598332583904
0.015113161876797676
0.005972962360829115
-0.010589451529085636
0.02561943419277668
0.0006090534152463078
0.014498909935355186
0.021716373041272163
0.0003997038002125919
0.018401971086859703
0.005825797561556101
-0.0012532983673736453
0.03816041350364685
0.028639506548643112
-0.024992384016513824
0.018325189128518105
0.006596812047064304
0.012547380290925503
-0.011414851993322372
-0.013539141044020653
0.018350783735513687
-0.007921293377876282
0.029202571138739586
0.007319838274270296
0.005880184471607208
-0.03037988767027855
-0.011542821303009987
0.03636884689331055
-0.012700943276286125
0.008753092959523201
0.007876504212617874
0.006756773684173822
0.006993516813963652
-0.02474924363195896
-0.01934894360601902
-0.0027673339936882257
-0.011242094449698925
0.02774372138082981
0.005409897770732641
0.007863706909120083
-0.025235526263713837
-0.020603040233254433
-0.002301845932379365
0.03020073100924492
-0.021281277760863304
-0.009501713328063488
0.013193624094128609
-0.02861391194164753
0.03101973421871662
0.037853289395570755
-0.007857308723032475
-0.023379972204566002
0.007255853619426489
0.0035255514085292816
0.01439653430134058
0.00314004416577518
-0.006865547504276037
0.010973358526825905
-0.005589054897427559
-0.017096685245633125
-0.015586648136377335
0.012732935138046741
-0.0014908411540091038
-0.02756456471979618
0.008983437903225422
0.005915376357734203
-0.011504431255161762
0.0176597498357296
0.008740296587347984
0.012681747786700726
0.02764134667813778
-0.015305115841329098
-0.00834359135478735
0.03647122159600258
-0.006903938017785549
-0.005569859407842159
-0.009335353039205074
-0.020731009542942047
0.0003575139562599361
-0.004997197072952986
0.00025593838654458523
0.0027033493388444185
0.017902890220284462
0.024416523054242134
-0.008132442831993103
-0.0007954085594974458
0.05733020231127739
-0.023687098175287247
-0.007390221115201712
-0.005358709953725338
0.008356388658285141
-0.01635446399450302
-0.015829790383577347
-0.025824183598160744
0.009610487148165703
0.011555618606507778
0.01577860116958618
-0.015791399404406548
0.0166871827095747
-0.011267688125371933
0.0036407236475497484
0.005022791214287281
-0.011990713886916637
0.04051504656672478
-0.017019903287291527
0.01444772258400917
-0.0023514339700341225
-0.0131680304184556
-0.009194586426019669
-0.012528184801340103
0.024915602058172226
-0.009501713328063488
0.014166190288960934
-0.0037558958865702152
0.023866254836320877
-0.00963608082383871
-0.004002236761152744
-0.018222814425826073
-0.008868264965713024
-0.02339276857674122
0.023469550535082817
-0.016776761040091515
-0.03813482075929642
-0.02021913416683674
-0.03365590050816536
-0.0032008294947445393
-0.030456669628620148
0.00817723199725151
-0.01974564790725708
0.0024506100453436375
-0.02208748273551464
0.0014156592078506947
-0.0131680304184556
-0.01772373355925083
-0.019195379689335823
0.007953285239636898
-0.013398375362157822
0.004872427321970463
-0.009629681706428528
0.004373347386717796
-0.01718626357614994
0.021038135513663292
-0.012099487707018852
0.004002236761152744
0.01986081898212433
0.013500750064849854
0.0066224061883986
-0.047937262803316116
0.02186993509531021
0.028050847351551056
-0.005755414720624685
0.012003511190414429
0.01946411468088627
0.007953285239636898
-0.014409331604838371
0.008490756154060364
-0.012445004656910896
-0.0024298152420669794
-0.0029240960720926523
0.019502505660057068
-0.03145482763648033
-0.012668950483202934
0.007230259478092194
0.005512273404747248
-0.0009861625730991364
0.010058378800749779
0.0006534426938742399
0.01712227798998356
0.024045411497354507
0.017902890220284462
0.007140681147575378
0.012732935138046741
-0.005224342457950115
0.02140924707055092
0.0045365081168711185
-0.012464200146496296
0.018709097057580948
0.02591376192867756
0.03915857523679733
0.0009029826615005732
0.024237366393208504
-0.02198510803282261
0.01396143902093172
-0.022637750953435898
-0.0042517767287790775
-0.01887545734643936
0.03624087572097778
0.026873530820012093
0.009616885334253311
-0.00861232727766037
-0.01571461744606495
-0.026464030146598816
0.0038134821224957705
0.03332317993044853
-0.020129553973674774
0.00566583639010787
-0.025030774995684624
0.003592735156416893
0.007204665802419186
0.002399422461166978
0.010992554016411304
-0.008714701980352402
-0.01236182451248169
0.010205543600022793
0.007537385914474726
0.00699991500005126
-0.002647362882271409
-0.013628719374537468
0.00875949114561081
0.029432915151119232
-0.000821402296423912
0.03309283405542374
0.014908411540091038
0.0051187677308917046
0.005377905443310738
-0.0076461597345769405
0.026259278878569603
0.008663514629006386
0.015919368714094162
0.032913677394390106
0.005611449480056763
0.0031624387484043837
0.02446771040558815
-0.0014788440894335508
0.0264128427952528
0.002676155883818865
-0.012700943276286125
0.002504996955394745
-0.017493389546871185
-0.0065008350647985935
0.0013572733150795102
-0.03278570994734764
0.005969763267785311
-0.01982242800295353
0.008298802189528942
0.029842417687177658
0.025824183598160744
0.023559128865599632
-0.008567538112401962
0.02410939708352089
0.009098609909415245
-0.0018811471527442336
-0.01070462353527546
-0.00836278684437275
-0.02107652649283409
-0.01657201163470745
-0.03462846577167511
-0.023879053071141243
-0.003048866055905819
0.0030520653817802668
0.009687268175184727
0.0027897285763174295
0.010077574290335178
0.0005554662784561515
0.011069335974752903
0.0022506583482027054
-0.0036567198112607002
-0.009968800470232964
-0.02720625139772892
-0.02288089320063591
-0.012982475571334362
0.03473084047436714
-0.0005866587744094431
-0.03286248818039894
-0.014281362295150757
0.008401177823543549
-0.029919197782874107
0.005035588052123785
-0.013628719374537468
0.006427253130823374
-0.008900257758796215
0.002386625623330474
-0.009776846505701542
-0.009527307003736496
0.01585538312792778
-0.0061905100010335445
0.011184507980942726
-0.001935534062795341
0.03160839155316353
-0.012950482778251171
-0.015292319469153881
-0.006353670731186867
0.043688684701919556
0.02976563572883606
-0.02958647906780243
-0.0088106794282794
0.004085416439920664
-0.012355426326394081
-0.01657201163470745
-0.001457249280065298
-0.0050771781243383884
0.007371025625616312
0.006718382705003023
0.0004394942079670727
0.00841397512704134
0.007895699702203274
0.033604711294174194
-0.009105008095502853
0.01128048449754715
-0.007786925882101059
-0.023252002894878387
-0.00628008833155036
0.06157877668738365
0.029970386996865273
-0.016098525375127792
0.02460847608745098
-0.01974564790725708
-0.00027193455025553703
-0.024557288736104965
-0.036880724132061005
0.010314317420125008
0.0013364782789722085
-0.022586563602089882
0.00719826715067029
0.00698071951046586
-0.011901135556399822
0.013987033627927303
0.02764134667813778
-0.0059441691264510155
0.0040918150916695595
0.018747488036751747
0.014870020560920238
0.0024138190783560276
-0.017915688455104828
0.013884657993912697
0.012617763131856918
0.013833470642566681
-0.00022834503033664078
0.02432694472372532
0.028997819870710373
-0.01722465455532074
-0.01869630068540573
-0.005000396631658077
0.0055730585008859634
0.014857224188745022
0.004571699537336826
-0.030712608247995377
0.0029288949444890022
-0.002468205988407135
0.04097573831677437
0.003672715974971652
0.018747488036751747
0.023904645815491676
-0.0007730139186605811
-0.002756136702373624
-0.0006134523428045213
0.021383652463555336
-0.03309283405542374
0.0014116602251306176
0.01104374136775732
0.008945046924054623
-0.015330709517002106
0.01510036550462246
0.024992384016513824
-0.014639676548540592
0.012041901238262653
0.006257693748921156
-0.014012627303600311
-0.0008557940018363297
0.022471390664577484
-0.022036295384168625
-0.012566574849188328
-0.020884573459625244
-0.04215305298566818
0.014780442230403423
-0.023968631401658058
0.010525466874241829
-0.018657909706234932
0.011741173453629017
0.008509951643645763
-0.021038135513663292
0.0028841057792305946
0.020193539559841156
-0.05553863197565079
-0.018043657764792442
-0.014562894590198994
-0.014652472920715809
0.0294073224067688
0.02540188655257225
-0.0018923445604741573
0.002586577320471406
0.03473084047436714
-0.0024234165903180838
-0.025325104594230652
0.0006174513837322593
-0.021089324727654457
-0.005502675659954548
0.005217944271862507
-0.026259278878569603
-0.004309362731873989
0.00458449637517333
0.007825316861271858
-0.03270892798900604
-0.0010653436183929443
-0.020193539559841156
0.001919538015499711
-0.026540812104940414
0.02828119322657585
0.01439653430134058
0.014473316259682178
0.023124033585190773
-0.014511707238852978
-0.0007278248085640371
-0.022906485944986343
-0.019617678597569466
-0.0004702867881860584
0.00029272952815517783
0.012873701751232147
-0.018030859529972076
0.0016052136197686195
-0.0019739249255508184
-0.01378228235989809
0.009687268175184727
-0.0175445768982172
-0.0027017497923225164
-0.0010549461003392935
0.023290393874049187
1.1690935934893787e-05
-0.0056466409005224705
0.025017978623509407
0.003775091376155615
-0.015125959180295467
-0.007006313651800156
-0.02861391194164753
0.00025273917708545923
0.00819642748683691
-0.01510036550462246
0.00034551683347672224
-0.002290648641064763
-0.016559213399887085
0.0010285524185746908
-0.015369100496172905
0.008426771499216557
0.0225993599742651
-0.012624161317944527
-0.023687098175287247
-0.0008661915198899806
0.021434839814901352
-0.024634070694446564
0.021575607359409332
-0.008113247342407703
-0.0026345658116042614
-0.015944961458444595
-0.005860989447683096
0.005726621486246586
-0.03567781299352646
0.03575459495186806
-0.0284347552806139
-0.0410781130194664
-0.0012461000587791204
-0.022458594292402267
0.03460286930203438
-0.015625039115548134
0.007070298306643963
-0.010736615397036076
0.026745561510324478
0.004974802490323782
-0.010583052411675453
-0.008740296587347984
-0.029893605038523674
0.00553146842867136
0.022279437631368637
0.006312080658972263
0.0009725659037940204
0.0009613686124794185
-0.008797882124781609
0.01364151667803526
-0.013948642648756504
0.013462360017001629
-0.02186993509531021
-0.02666878141462803
0.0175445768982172
0.02782050333917141
0.004555703606456518
-0.0028729084879159927
-0.019220974296331406
-0.01234262902289629
0.03030310571193695
-0.013347187079489231
-0.04381665214896202
-0.023546332493424416
-0.019848022609949112
0.0017659749137237668
-0.006529628299176693
-0.022714532911777496
0.01444772258400917
-0.043151214718818665
0.004894821904599667
0.03419337049126625
0.007722941227257252
-0.006942328996956348
0.010173550806939602
0.02579859085381031
-0.026566404849290848
0.011670790612697601
0.0046356841921806335
-0.0006402459111995995
-0.0009317757212556899
0.0010749412467703223
-0.036599189043045044
0.02950969710946083
0.03125007823109627
0.005694629158824682
0.000594656856264919
-0.017685342580080032
0.014063814654946327
-0.01110132783651352
0.01621369644999504
-0.006635203026235104
-0.012278644368052483
0.03260655328631401
-0.036522410809993744
-0.000599455728661269
-0.018657909706234932
-0.001192512921988964
-0.02432694472372532
-0.013487953692674637
-0.008349990472197533
0.015113161876797676
0.006974321324378252
-0.010659834370017052
0.010474278591573238
0.0026249680668115616
-0.028741881251335144
0.022036295384168625
0.0030664619989693165
0.04443090409040451
0.02597774751484394
-0.014562894590198994
-0.03752056881785393
-0.000917379162274301
0.02288089320063591
-0.011792361736297607
0.03595934435725212
-0.00574901606887579
-0.009751252830028534
-0.022688938304781914
0.007754933554679155
0.022906485944986343
0.0035511453170329332
-0.001275692950002849
0.00220266985706985
0.013513547368347645
0.021178903058171272
-0.007857308723032475
0.01899062842130661
-0.026387248188257217
0.020667025819420815
0.01819721981883049
0.015074771828949451
0.003493559081107378
-7.573176844744012e-05
-0.011952322907745838
0.03654800355434418
-0.008349990472197533
0.005406698677688837
-0.008381982333958149
-0.005003595724701881
-0.014601285569369793
-0.008017269894480705
0.003220024984329939
0.001194912358187139
0.01275852881371975
0.00836278684437275
-0.0025945755187422037
0.0039030604530125856
-0.002565782517194748
-0.017493389546871185
0.0205390565097332
0.001381267560645938
-0.02039829082787037
0.02403261512517929
-0.007818917743861675
0.0004982800455763936
0.023290393874049187
0.008439568802714348
-0.012393816374242306
0.0016316073015332222
0.007223861292004585
-0.023610316216945648
0.010480677708983421
-0.005611449480056763
-0.02230503037571907
-0.020206335932016373
-0.023124033585190773
-0.010531865060329437
-0.0019675265066325665
-0.013846267014741898
-0.01044868491590023
-0.018657909706234932
0.027948472648859024
0.004123807419091463
-0.014754848554730415
-0.008983437903225422
-0.01812043786048889
0.007665354758501053
0.007735738065093756
0.004494918044656515
0.006807961501181126
0.020833386108279228
-0.03675275295972824
-0.018965035676956177
-0.00859313178807497
0.02472364902496338
-0.022650547325611115
0.03388624265789986
0.008234817534685135
-0.013987033627927303
0.028485942631959915
0.008337193168699741
-0.022113077342510223
-0.019080206751823425
0.021575607359409332
-0.00553146842867136
-0.008317997679114342
0.006484839133918285
0.02266334556043148
0.002397822914645076
0.0006886342307552695
0.001929135643877089
-0.009668072685599327
0.001929135643877089
-0.018184423446655273
-0.014754848554730415
-0.000832599587738514
-0.0026985504664480686
0.04051504656672478
-0.01643124409019947
0.030354293063282967
0.010275926440954208
-0.024122193455696106
-0.0035543444100767374
0.007690948899835348
0.014946802519261837
-0.03552424907684326
0.016200900077819824
-0.013692704029381275
-0.018222814425826073
-0.024173380807042122
0.02439092844724655
-0.03575459495186806
-0.003861470613628626
0.009073016233742237
-0.006859148852527142
-0.0008885861025191844
0.024058209732174873
-0.016341665759682655
-0.028153223916888237
-0.0019035418517887592
-0.019451318308711052
-0.020513461902737617
0.005105970893055201
-0.021460434421896935
0.03606171905994415
0.012880099937319756
-0.0225225780159235
-0.006955125834792852
0.0062161036767065525
-0.04330477491021156
0.0047348602674901485
0.019412927329540253
0.023124033585190773
5.588654676103033e-05
0.004168596584349871
-0.000779412395786494
0.02684793807566166
-0.0020091163460165262
0.009309759363532066
-0.040873363614082336
-0.020308712497353554
-0.01629047840833664
0.0008437968790531158
0.0017803714144974947
0.001562024001032114
-0.01617530733346939
-0.0016060133930295706
0.042434584349393845
0.004818040411919355
0.00276573421433568
0.03729022294282913
-0.023968631401658058
-0.0087722884491086
0.009725659154355526
0.0036279268097132444
0.004686872009187937
0.010583052411675453
-0.0033655900042504072
-0.01315523311495781
0.009738455526530743
0.0026153705548495054
-0.016623198986053467
-0.015330709517002106
-0.007268650457262993
-0.0021898727864027023
-0.02403261512517929
0.005173154640942812
-0.01154922042042017
-0.00398943992331624
-0.009866424836218357
-0.009808839298784733
0.005985759198665619
-0.015087568201124668
0.007940488867461681
0.029125789180397987
-0.004875626415014267
-0.013487953692674637
-0.02155001275241375
0.0054482887499034405
-0.027692534029483795
-0.014690863899886608
0.005000396631658077
-0.014601285569369793
0.02666878141462803
0.0035191529896110296
-0.00500999391078949
-0.017851702868938446
-0.017685342580080032
-0.023584723472595215
0.017685342580080032
-0.01780051551759243
0.0008925851434469223
0.024813227355480194
-0.025465870276093483
0.0014108604518696666
-0.0008837872883304954
0.0018651511054486036
-0.023584723472595215
-0.01887545734643936
0.016981512308120728
-0.028460349887609482
0.0024410125333815813
0.006756773684173822
-0.004645281936973333
0.014422128908336163
-0.010525466874241829
0.013743891380727291
-0.03629206493496895
0.027692534029483795
0.20638872683048248
-0.012636958621442318
0.015049177221953869
0.009060218930244446
-0.022548172622919083
0.010103167966008186
0.02299606427550316
0.008881062269210815
-0.0012237054761499166
0.003871068125590682
0.00418779207393527
-0.008701905608177185
-0.006948727648705244
0.0034679651726037264
0.011721978895366192
-0.01091577298939228
-0.03946569934487343
-0.017646951600909233
0.01730143465101719
-0.01153002493083477
0.029740041121840477
0.008401177823543549
-0.006353670731186867
0.0017243849579244852
0.026464030146598816
0.010461482219398022
0.015381897799670696
-0.009335353039205074
0.005112369544804096
0.019758444279432297
-0.019950397312641144
0.000148264312883839
0.01378228235989809
-0.007582175079733133
0.0021530818194150925
0.017787719145417213
0.012470598332583904
-0.024710852652788162
0.020116757601499557
0.017851702868938446
0.013948642648756504
-0.016380056738853455
0.0131680304184556
-0.015049177221953869
0.0025321904104202986
0.0644964724779129
0.004754055757075548
-0.005512273404747248
-0.0010853387648239732
0.007716542575508356
-0.028332380577921867
0.021434839814901352
0.020052773877978325
0.004002236761152744
-0.008445966988801956
0.022868094965815544
0.00790849607437849
-0.0065840152092278
0.007371025625616312
0.004616488702595234
0.015484272502362728
0.017071090638637543
0.0022874493151903152
0.025414682924747467
-0.006107329856604338
0.018030859529972076
-0.016738371923565865
-0.00753098726272583
0.0015316313365474343
-0.022932080551981926
0.0019707255996763706
-0.005585855338722467
-0.0312756709754467
0.009904815815389156
-0.02093576081097126
-0.03178754821419716
0.03984960913658142
0.03130126744508743
0.018645111471414566
0.03163398429751396
-0.021127713844180107
-0.003378386842086911
-0.04299765080213547
0.013692704029381275
0.007211064454168081
-0.018286798149347305
0.031147703528404236
-0.011626001447439194
-0.00741581479087472
-0.020628634840250015
-0.0117667680606246
0.013974236324429512
0.0063888621516525745
-0.02089736983180046
0.0012644956586882472
-0.00698071951046586
0.012291441671550274
0.02597774751484394
-0.03012394905090332
-0.011626001447439194
-0.005848192144185305
0.04594094306230545
0.04238339886069298
0.025504261255264282
-0.0019819228909909725
0.012995271943509579
-0.01708388701081276
0.0008142040460370481
-0.01982242800295353
-0.05146921053528786
-0.010320715606212616
-0.020027179270982742
-0.001961127854883671
-0.012924889102578163
-0.0025145947001874447
0.010519067756831646
0.011152515187859535
-0.027334220707416534
0.011779564432799816
0.004341355059295893
-0.007652557920664549
-0.009744854643940926
0.002397822914645076
0.012016307562589645
-0.012950482778251171
0.0004234980733599514
-0.046759944409132004
0.02244579792022705
-0.03823719546198845
-0.008036465384066105
0.00387426745146513
-0.032990459352731705
0.0254402756690979
0.024851618334650993
-0.0007018310716375709
-0.0032760114409029484
-0.013257608748972416
-0.011798759922385216
0.01589377410709858
-0.0073326351121068
0.018261205404996872
-0.018389172852039337
-0.008740296587347984
-0.0166871827095747
0.013257608748972416
1.8870458006858826e-05
-0.0009869624627754092
-0.0014340548077598214
-0.02323920652270317
-0.0011869142763316631
-0.007211064454168081
-0.024198975414037704
-0.0018635514425113797
-0.008797882124781609
0.00962328352034092
0.017813311889767647
-0.0254786666482687
-0.0015300316736102104
-5.538666664506309e-05
0.0009805639274418354
-0.013692704029381275
0.004520511720329523
0.03455168381333351
0.0007054302259348333
-0.008023669011890888
0.012214659713208675
-0.1584770530462265
0.008650717325508595
0.03168517351150513
-0.011504431255161762
0.006955125834792852
-0.017774920910596848
0.03145482763648033
0.005726621486246586
0.0021530818194150925
-0.006699187681078911
0.01009037159383297
0.000828600546810776
-0.03974723443388939
-0.017966875806450844
-0.0036247274838387966
-0.02428855374455452
-0.03347674384713173
0.01443492528051138
0.02504357136785984
0.02331598848104477
0.023290393874049187
-0.003330398350954056
-0.010256730951368809
0.007505393587052822
0.009034625254571438
-0.010359106585383415
-0.016098525375127792
0.01859392412006855
0.005713824648410082
-0.02593935653567314
0.019195379689335823
0.007703745737671852
0.028767475858330727
0.0011277286102995276
-0.020052773877978325
0.011830752715468407
-0.009341751225292683
-0.0042165848426520824
-0.013833470642566681
0.024019818753004074
0.020155148580670357
0.023776676505804062
0.016341665759682655
0.0030040768906474113
0.014319753274321556
-0.015164350159466267
0.0184787530452013
0.008701905608177185
0.010371903888881207
-0.006641601212322712
0.0283579733222723
0.005013193469494581
0.0027273434679955244
-0.017378216609358788
0.024122193455696106
0.01230423804372549
0.020603040233254433
-0.004930013325065374
-0.005208346527069807
0.010320715606212616
-0.007863706909120083
0.0025881770998239517
0.009277766570448875
0.009661674499511719
0.017275841906666756
-0.014383737929165363
-0.009610487148165703
0.020270321518182755
-0.05175074189901352
0.005595453083515167
0.000595456687733531
-0.010954163037240505
0.00204110867343843
-0.0015252329176291823
0.0008525947923772037
0.01443492528051138
-0.022215452045202255
0.02039829082787037
0.0005198748549446464
-0.024442117661237717
-0.013436765410006046
0.05548744276165962
-0.018901050090789795
-0.014422128908336163
-0.0010349508374929428
-0.017314232885837555
-0.02111491747200489
0.00625129509717226
0.007575776427984238
-0.005432292353361845
-0.002210667822510004
-0.03470524773001671
-0.01938733272254467
0.0025817786809056997
0.0021946716587990522
0.013487953692674637
0.02039829082787037
-0.007479799445718527
-0.0024953994434326887
-0.005016392562538385
-0.007057501468807459
0.002845715032890439
-0.009264970198273659
0.015804195776581764
0.027436595410108566
-0.010544662363827229
0.007678152061998844
0.016008947044610977
0.022752923890948296
-0.008906655944883823
-0.01549706980586052
0.01686633937060833
0.01356473471969366
0.023213611915707588
0.018286798149347305
0.015074771828949451
-0.009092211723327637
0.008650717325508595
0.017429403960704803
-0.009757651016116142
0.06342153251171112
-0.020654229447245598
-0.016098525375127792
-0.01974564790725708
0.0036983098834753036
-0.020475070923566818
-0.12377180904150009
-0.03790447488427162
0.044482093304395676
0.03818600997328758
0.010115965269505978
0.00837558414787054
-0.010179949924349785
0.014652472920715809
-0.03163398429751396
0.019681662321090698
-0.008158036507666111
-0.020449478179216385
0.006724781356751919
-0.00039910394116304815
-0.018222814425826073
0.04197389632463455
0.013295999728143215
-0.001275692950002849
-0.01403822097927332
0.00922657921910286
0.009296962060034275
0.003576738992705941
-0.014498909935355186
0.017211856320500374
-0.008842671290040016
0.020590243861079216
-0.03772531822323799
0.027538971975445747
0.020577447488904
0.006440049968659878
-0.02204909361898899
-0.009277766570448875
0.011203703470528126
0.0008102050051093102
0.03805803880095482
-0.0057586138136684895
-0.011248492635786533
-0.02161399833858013
0.025017978623509407
-0.012176268734037876
0.002399422461166978
0.0022810508962720633
0.002834517741575837
-0.029279353097081184
-0.005601851735264063
-0.002658560173586011
-0.00774853490293026
0.007710144389420748
0.010806999169290066
-0.032555364072322845
-0.03419337049126625
-0.01549706980586052
-0.04583856835961342
-0.017813311889767647
-0.005768211558461189
0.016405651345849037
-0.0031080518383532763
-0.004869227763265371
-0.013295999728143215
-0.020129553973674774
-0.001649203011766076
0.008893859572708607
-0.006692789029330015
0.030226323753595352
0.03160839155316353
-0.01443492528051138
-0.0263360608369112
-0.026118513196706772
0.007211064454168081
-0.008945046924054623
-0.009776846505701542
-0.008202825672924519
0.005451487842947245
0.010544662363827229
-0.0009421732393093407
0.02317522093653679
-0.031838737428188324
-0.009245774708688259
0.007467002607882023
-0.006548823788762093
-0.002017114544287324
-0.006865547504276037
0.010135160759091377
-0.022816907614469528
0.009066618047654629
0.019617678597569466
0.022432999685406685
-0.006654398515820503
-0.002025112509727478
-0.012905693612992764
-0.002306644804775715
0.029356133192777634
0.011440446600317955
-0.01696871593594551
-0.004085416439920664
0.006891141179949045
0.017902890220284462
-0.01001998782157898
-0.013129639439284801
0.00963608082383871
-0.026873530820012093
0.0017227852949872613
-0.0529792495071888
0.008727499283850193
-0.0059313722886145115
-0.0020619037095457315
-0.018542736768722534
0.0039030604530125856
0.006350471638143063
-0.0056722345761954784
0.010615045204758644
0.012169870547950268
-0.015727413818240166
0.006200107745826244
-0.021306870505213737
0.004395741969347
-0.029458509758114815
-0.036778345704078674
0.024237366393208504
-0.0014188585337251425
0.0017275841673836112
0.01614971272647381
0.007505393587052822
0.010263130068778992
0.033425554633140564
0.0034327737521380186
-0.019553693011403084
0.009348150342702866
-0.0014508507447317243
-0.014191783964633942
-0.005598652176558971
0.007569378241896629
0.00039270546403713524
-0.027078282088041306
-0.02414778806269169
0.017135076224803925
-0.0057458169758319855
-0.009431329555809498
0.02234342135488987
0.03037988767027855
0.023226410150527954
0.054003000259399414
-0.021434839814901352
-0.027308626100420952
0.02728303335607052
-0.03393743187189102
-0.017454998567700386
0.0021514820400625467
-0.012406613677740097
0.0013444763608276844
-0.0008373984601348639
-0.005150760058313608
0.02565782330930233
0.028485942631959915
-0.016840746626257896
-0.02331598848104477
-0.011466040275990963
0.020743807777762413
0.004782848991453648
0.016635995358228683
-0.01091577298939228
-0.017531780526041985
0.01700710691511631
-0.030149543657898903
-0.012137878686189651
0.013513547368347645
0.009130602702498436
-0.014089408330619335
-0.004600492771714926
-0.004213385749608278
-0.010525466874241829
-0.011901135556399822
-0.018568331375718117
0.00625129509717226
0.017634155228734016
0.011933127418160439
0.015471476130187511
-0.007742136251181364
0.012630559504032135
-0.0066863903775811195
-0.010371903888881207
0.030072761699557304
-0.006273690145462751
0.013628719374537468
-0.01126128900796175
0.01974564790725708
0.021140512079000473
0.012694544158875942
-0.0027673339936882257
0.009962402284145355
-0.006398459896445274
0.01776212453842163
-0.00943772867321968
0.011318875476717949
-0.018184423446655273
-0.0058833840303123
-0.014793239533901215
-0.005598652176558971
0.009284165687859058
-0.003146442584693432
0.026643186807632446
0.026464030146598816
0.03769972547888756
-0.01567622646689415
0.012329832650721073
-0.01776212453842163
-0.013615923002362251
-0.016738371923565865
-0.022714532911777496
-0.029740041121840477
-0.014255768619477749
0.007255853619426489
-0.007409416604787111
-0.0117283770814538
0.01863231509923935
0.0027177457232028246
-0.03301605209708214
0.006660796701908112
0.020513461902737617
-0.016712777316570282
-0.018005266785621643
0.0010861385380849242
-0.017531780526041985
0.03427015244960785
0.029816823080182076
-0.0002000518434215337
0.004699668847024441
-0.006718382705003023
0.022356219589710236
0.014908411540091038
0.005972962360829115
0.009156196378171444
-0.010730217210948467
0.0037143060471862555
-0.028511537238955498
-0.009642479009926319
-0.01300806924700737
-0.020385492593050003
0.02554265223443508
-0.002664958592504263
-0.03938891738653183
0.07125324755907059
0.0030520653817802668
-0.0058577898889780045
0.016239291056990623
-0.005445089191198349
-0.0006122526247054338
-0.004539707209914923
-0.010640638880431652
-0.00471886433660984
0.007831715047359467
0.02421177178621292
-0.025964951142668724
0.0012636958854272962
-0.022727329283952713
0.007281447295099497
0.013046459294855595
-0.013180827721953392
0.034039806574583054
-0.012630559504032135
-0.0018763483967632055
0.04427734389901161
0.005742617882788181
-0.001850754488259554
0.019617678597569466
-0.010749412700533867
0.004059822764247656
0.029714448377490044
-0.03099413961172104
-0.004443730227649212
-0.029253758490085602
0.0023162425495684147
-0.010192746296525002
-0.051187679171562195
-0.022970471531152725
-0.006903938017785549
-0.018465954810380936
0.02299606427550316
-0.02067982219159603
-0.007921293377876282
0.01675116829574108
-0.008202825672924519
-0.002028311835601926
-0.04397021606564522
-0.038032446056604385
-0.019771240651607513
-0.004632485099136829
-0.03526831045746803
0.008074856363236904
-0.02807644195854664
