-0.0040671140886843204
-0.009305506013333797
0.012353414669632912
-0.021988948807120323
-0.028654227033257484
0.031113263219594955
-0.052105654031038284
0.016514360904693604
-0.02192423678934574
-0.013485864736139774
0.0007854351424612105
0.0049310121685266495
0.013485864736139774
0.020759431645274162
0.003921513445675373
-0.004400378093123436
0.035099487751722336
0.006448495201766491
0.010340888984501362
-0.006344957277178764
0.005691371392458677
0.009266679175198078
0.014831863343715668
-0.010716214776039124
-0.009124313481152058
0.025211578235030174
0.02754119038581848
-0.02349025383591652
-0.006807643920183182
-0.01920635625720024
0.002861863700672984
-0.004144767764955759
-0.024745656177401543
-0.0014252695254981518
0.0029573130887001753
0.018041551113128662
-0.0007733017555437982
0.018947510048747063
0.027592958882451057
0.026052827015519142
0.023296119645237923
-0.002258429303765297
0.01297464407980442
-0.0011696593137457967
-0.0036432542838156223
0.018416877835989
-0.015362496487796307
-0.015013054944574833
-0.016721436753869057
0.012107511050999165
0.02443504147231579
0.009952619671821594
-0.00753888301551342
-0.004002403002232313
-0.001227090717293322
-0.025418655946850777
-0.018675722181797028
-0.004044465254992247
0.01638493686914444
-0.0010297208791598678
0.03232983872294426
0.00020990775374229997
-0.023101985454559326
0.022014833986759186
0.023982061073184013
0.021225353702902794
-0.03595367819070816
0.0050377859733998775
-0.02079825848340988
-0.005403405521064997
0.020604124292731285
0.02156185358762741
-0.02015114389359951
-0.018999280408024788
0.03701494634151459
-0.01721324399113655
-0.030466148629784584
-0.015556631609797478
-0.019801702350378036
0.03437471762299538
-0.006464673206210136
0.009538467042148113
-0.029456648975610733
0.00828306470066309
0.015867246314883232
-0.009124313481152058
0.014365940354764462
0.026065770536661148
0.006115231662988663
-0.012385770678520203
-0.005002194549888372
0.010269706137478352
0.0075065274722874165
0.01692851446568966
-0.012146337889134884
0.009557880461215973
-0.025612790137529373
0.015246015973389149
-0.02029350958764553
-0.01888279989361763
0.001076636603102088
0.0037306146696209908
-0.03251102939248085
-0.007228268310427666
-0.04874065890908241
0.018287453800439835
-0.018831029534339905
-0.009227852337062359
0.023749100044369698
-0.028913073241710663
-0.005170444492250681
0.03041437827050686
0.001335482462309301
-0.022519582882523537
-0.0008978712721727788
-0.023658504709601402
-0.01038618665188551
-0.007034134119749069
-0.019478144124150276
-0.02369733154773712
0.03812798112630844
0.017523858696222305
0.00297187315300107
0.01256049145013094
0.023076100274920464
-0.00729297986254096
-0.016773207113146782
-0.006794701796025038
-0.024693887680768967
0.0070276628248393536
-0.003614134155213833
0.0047206999734044075
-0.007001778110861778
-0.008166584186255932
-0.017277956008911133
-0.011900434270501137
-0.020940624177455902
0.0386456735432148
-0.02131594903767109
-0.015025997534394264
0.019853470847010612
0.012948759831488132
-0.011285675689578056
-0.023839695379137993
-0.018170973286032677
0.022493697702884674
0.021794814616441727
0.03432295098900795
0.017847416922450066
0.011007416993379593
0.017705051228404045
-0.02671288326382637
0.015478977002203465
-0.0074353450909256935
-0.0033019015099853277
-9.94432921288535e-05
0.005066906102001667
0.022196024656295776
-0.0005718873580917716
-0.01375765260308981
-0.010787397623062134
-0.0342194102704525
0.0045815701596438885
-0.0011429658625274897
0.020862970501184464
0.0035817783791571856
0.026221077889204025
0.029223687946796417
0.02065589278936386
0.013369384221732616
0.00898841954767704
0.04356374591588974
-0.019038107246160507
0.027049383148550987
-0.0073771048337221146
0.02337377332150936
0.0015401323325932026
-0.0033067548647522926
0.008697218261659145
-0.011622175574302673
-0.019853470847010612
0.008755458518862724
0.02707526832818985
0.007927152328193188
-0.013563518412411213
0.00902724638581276
0.012605789117515087
0.0031061493791639805
0.007189441472291946
0.0062414188869297504
0.016592014580965042
0.018688665702939034
-0.01710970513522625
-0.00587256345897913
-0.6377959847450256
-0.0060311066918075085
-0.006529384758323431
-0.011971617117524147
0.018611012026667595
-0.008160113357007504
0.0180156659334898
0.008490141481161118
-0.01105271466076374
-0.03077676333487034
-0.00012305285781621933
0.02152302674949169
0.004934247583150864
-0.021833641454577446
-0.02769649773836136
-0.015595458447933197
0.016294341534376144
-0.020720604807138443
0.04400378093123436
-0.02101827785372734
-0.021885409951210022
0.01386119145900011
0.01666966825723648
0.019478144124150276
0.001993112498894334
0.004380964674055576
0.001622639480046928
0.0015182922361418605
-0.006315837148576975
0.0030155533459037542
0.011233906261622906
0.023360831663012505
0.012858163565397263
0.01261226087808609
0.04754997044801712
0.023684388026595116
-0.022454870864748955
0.016941456124186516
0.008179526776075363
0.011881020851433277
0.0012125306529924273
-0.017277956008911133
0.01692851446568966
0.010793868452310562
0.034918297082185745
0.016307283192873
0.012055741623044014
-0.037092600017786026
-0.019167529419064522
0.04599689319729805
0.010748570784926414
-0.0016339640133082867
0.005134853068739176
0.019051048904657364
-0.0012400330742821097
-0.012236934155225754
0.018546300008893013
0.002048117108643055
0.005730198230594397
0.021160641685128212
-0.006539091467857361
0.0028084765654057264
-0.02160068042576313
-0.010159696452319622
-0.010425013490021229
0.02808476611971855
-0.014352998696267605
-0.005759318359196186
0.00460421945899725
-0.0313979908823967
0.02371027320623398
0.022454870864748955
-0.0070406049489974976
-0.015867246314883232
0.01588018797338009
-0.0024412393104285
0.01602255366742611
-0.006632923148572445
-0.021510083228349686
0.01735560968518257
-0.01566016860306263
-0.02671288326382637
-0.02697172947227955
0.014831863343715668
0.025651616975665092
-0.017601512372493744
-0.010392657481133938
-0.00277773872949183
-0.0059728664346039295
0.027592958882451057
0.005817558616399765
0.003992696292698383
0.02369733154773712
-0.008069517090916634
0.007758901920169592
0.03276987373828888
0.0033019015099853277
-0.027670614421367645
0.005659015849232674
-0.029378995299339294
0.009227852337062359
-0.0007393282721750438
-0.0031660073436796665
-0.007849497720599174
-0.0055781262926757336
-0.0005124337621964514
0.0022212204057723284
0.003455591155216098
0.04519447311758995
-0.0288871880620718
-0.004306546412408352
-0.01367999892681837
-0.007383575662970543
-0.02624696120619774
-0.033287566155195236
-0.025108039379119873
0.0022212204057723284
0.023283177986741066
0.0022746073082089424
-0.01938754878938198
0.013142894022166729
-0.0005674384883604944
-0.003707965835928917
0.00019656101358123124
-0.0021775399800390005
0.02493979036808014
-0.017562685534358025
-0.0030640868935734034
-0.017640339210629463
-0.029844917356967926
-0.0020594417583197355
-0.01884397305548191
0.027644729241728783
-0.009286092594265938
0.00229725637473166
-0.024202080443501472
0.013874134048819542
-0.017989780753850937
-0.00916961207985878
-0.0011429658625274897
-0.013628230430185795
-0.00831542070955038
0.007267095148563385
-0.014728324487805367
-0.02580692432820797
-0.030802646651864052
-0.014068268239498138
-0.009525524452328682
-0.03921513631939888
0.01815803162753582
-0.015970785170793533
0.005798145197331905
-0.04843004420399666
-0.006846470758318901
0.0003346794983372092
-0.006176707334816456
-0.010140283033251762
0.008632506243884563
-0.02649286575615406
0.0016266839811578393
0.01808037795126438
0.009706716984510422
-0.018714549019932747
0.019491087645292282
-0.019232241436839104
0.014430652372539043
0.018973395228385925
0.006490557920187712
-0.01710970513522625
-0.04415908828377724
-0.0005654162378050387
0.017847416922450066
0.004384200554341078
-0.003086735960096121
0.026039885357022285
0.007273566443473101
-0.022597236558794975
0.005594304297119379
-0.0015336612705141306
-0.003911806736141443
-0.0038956289645284414
-0.005296631716191769
-0.033986449241638184
-0.009357274509966373
0.02613048069179058
0.009564351290464401
0.001722942222841084
0.010787397623062134
0.002857010345906019
0.018106261268258095
0.007623007986694574
0.005558712873607874
-0.00245094601996243
-0.011337445117533207
-0.005438996944576502
0.018326280638575554
0.00823129527270794
-0.004287132993340492
0.022454870864748955
0.01367999892681837
0.030932070687413216
0.016100207343697548
0.038982175290584564
-0.01729089766740799
0.014456536620855331
-0.0024266792461276054
-0.0029961399268358946
0.0015846214955672622
0.047679390758275986
0.02435738779604435
0.012896990403532982
-0.02842126600444317
-0.010599734261631966
-0.024849195033311844
-0.005451939068734646
0.03893040493130684
-0.015038939192891121
-0.007953036576509476
-0.015608400106430054
0.0025366886984556913
0.01714853197336197
-0.00893665011972189
0.012346943840384483
-8.351820724783465e-05
-0.030932070687413216
0.013485864736139774
0.005005430430173874
0.008205411024391651
0.00823129527270794
-0.005076612811535597
0.008121286518871784
0.008891352452337742
-0.00764889270067215
0.02808476611971855
0.029120149090886116
0.005254569463431835
0.0043000755831599236
-0.0002618791186250746
0.01377059519290924
-0.012198107317090034
0.0194263756275177
0.028007112443447113
0.011033301241695881
-0.005215742625296116
0.0005229493835940957
-0.0023700566962361336
0.03062145598232746
-0.015284842811524868
-8.508544124197215e-05
0.006749403662979603
-0.009143726900219917
-0.004888949450105429
0.003911806736141443
-0.02645403891801834
0.02167833410203457
-0.02004760503768921
3.195127646904439e-05
0.04219186305999756
0.0009609649423509836
0.029223687946796417
-0.008063046261668205
0.011408627964556217
-0.0011631882516667247
0.02025468274950981
0.001415562815964222
-0.018442761152982712
-0.004332431126385927
-0.01793801225721836
-0.03416764363646507
-0.013382326811552048
-0.007946565747261047
-0.003335874993354082
0.015970785170793533
0.0075194695964455605
0.009616120718419552
-0.012126924470067024
0.008748987689614296
0.008697218261659145
0.00411564763635397
0.010088514536619186
-0.03538421913981438
-0.03062145598232746
-0.0014026205753907561
0.03302872180938721
-0.018468646332621574
-0.01830039545893669
-0.014935401268303394
0.0014592430088669062
-0.036445483565330505
0.01986641250550747
-0.0016274928348138928
-0.00450391648337245
-0.00842543039470911
0.0006814923835918307
-0.004232128616422415
-0.029508419334888458
0.008761929348111153
0.0023797634057700634
0.01761445589363575
-0.02153596840798855
0.021005334332585335
-0.014676555059850216
-0.02297256328165531
0.003927984740585089
0.022092487663030624
0.022519582882523537
-0.036833755671978
-0.0077653732150793076
0.006238183006644249
-0.02359379269182682
0.007299450691789389
-0.011169195175170898
-0.007830084301531315
0.006833528634160757
0.008140699937939644
-0.0066782208159565926
0.024331502616405487
0.01322701945900917
0.023334946483373642
-0.01624257303774357
-0.002520510694012046
-0.012185164727270603
-0.02602694369852543
-0.01170630007982254
0.06201944872736931
0.007985392585396767
-0.02200189046561718
0.03592779487371445
0.005736669525504112
-0.007299450691789389
-0.00967436097562313
-0.012515192851424217
0.02119946852326393
-0.006390254944562912
-0.01371882576495409
-0.0017714757705107331
0.0061831786297261715
-0.006102289073169231
0.01638493686914444
0.007991863414645195
0.0017423556419089437
0.015815477818250656
0.027049383148550987
-0.0029524597339332104
0.0002626880304887891
-0.019335780292749405
0.01775681972503662
0.0018475117394700646
-0.006619980558753014
-0.014288286678493023
0.05107027292251587
0.03025907091796398
-0.013013471849262714
-0.02751530520617962
0.00041010876884683967
0.009279620833694935
0.014637728221714497
-0.004131825640797615
-0.016255514696240425
0.02446092665195465
0.006878826301544905
0.043227244168519974
0.0023441719822585583
0.010308532975614071
0.008296007290482521
0.007985392585396767
-0.006257596425712109
-0.007875382900238037
0.009946148842573166
-0.011919847689568996
0.006742932368069887
0.02508215606212616
0.01029559038579464
-0.025353943929076195
-0.001494025462307036
0.015970785170793533
-0.011712771840393543
0.016617899760603905
0.011279204860329628
-0.018766319379210472
0.003766206093132496
0.01516836229711771
-0.012075155042111874
-0.029508419334888458
-0.010742099955677986
-0.03385702893137932
0.008981948718428612
-0.014236517250537872
-0.00022588338470086455
-0.028680112212896347
0.013168779201805592
0.00555547745898366
-0.04100117087364197
0.00902724638581276
0.014948343858122826
-0.04527212679386139
-0.03595367819070816
-0.007771844509989023
0.01048972550779581
0.012120453640818596
0.018028607591986656
0.0022794606629759073
-0.012482837773859501
0.0416741706430912
-0.006202592048794031
-0.0313979908823967
0.005558712873607874
-0.026117539033293724
0.0012982733314856887
0.005901683587580919
-0.004345373250544071
-0.004316253121942282
0.025897519662976265
0.01859806850552559
-0.008820169605314732
-0.01054796576499939
-0.003510595764964819
0.002821418922394514
-0.034271180629730225
0.010463840328156948
0.016268456354737282
0.016579071059823036
0.01322701945900917
-0.01950402930378914
-0.014456536620855331
-0.007260623853653669
-0.0057884384877979755
-0.004668930545449257
-0.00011516614904394373
0.022118370980024338
-0.00046187793486751616
0.005659015849232674
-0.00519956462085247
-0.006387019529938698
0.028214190155267715
-0.012554019689559937
0.0026418447960168123
0.0011728949612006545
0.01572488062083721
0.0014592430088669062
-0.006328779272735119
0.03538421913981438
-0.01102035865187645
-0.026415212079882622
-0.015233074314892292
-0.03515125811100006
-0.009357274509966373
0.01652730256319046
-0.014637728221714497
0.0009714805637486279
-0.00846425723284483
-0.014262402430176735
0.02167833410203457
0.002036792691797018
0.0066652786917984486
0.030129648745059967
-0.008794285356998444
-0.03587602451443672
0.006839999463409185
0.0025124219246208668
-0.022623121738433838
0.011576876975595951
0.008496612310409546
-0.00032193944207392633
-0.0074029890820384026
0.010496196337044239
0.00261434237472713
-0.01321407686918974
0.02649286575615406
-0.0360313318669796
-0.0008978712721727788
-0.024085599929094315
-0.022778429090976715
0.013252903707325459
-0.01056737918406725
0.006988835986703634
-0.0027987698558717966
0.023865580558776855
-0.01243106834590435
-0.01569899544119835
-0.006099053658545017
-0.02961195632815361
0.001826480496674776
0.022532524541020393
-0.0045233299024403095
-0.005212506745010614
-0.004986016545444727
0.01830039545893669
-0.0027680320199579
-0.012819336727261543
-0.005642837844789028
-0.009072544053196907
-0.026583461090922356
0.04519447311758995
0.025315117090940475
-0.014844805002212524
0.00030009931651875377
-0.021950121968984604
-0.01174512691795826
0.02391734905540943
-0.008418958634138107
-0.039629288017749786
-0.011628646403551102
-0.012702856212854385
-0.011861607432365417
0.004597748164087534
-0.007875382900238037
0.009525524452328682
-0.017549743875861168
0.0014932166086509824
0.02417619526386261
0.005244862753897905
-0.010204995051026344
0.0021209176629781723
0.033106375485658646
-0.019982893019914627
0.0193228367716074
0.00916961207985878
-0.002184011274948716
0.015543689019978046
0.0038826866075396538
-0.033002834767103195
0.0067235189490020275
0.034012336283922195
-0.0052351560443639755
-0.010826224461197853
-0.01652730256319046
0.0062414188869297504
0.008470728062093258
0.010774455033242702
-0.00364648993127048
-0.005697842687368393
0.03044026345014572
-0.027463536709547043
-0.002625666791573167
-0.02246781252324581
0.023503197357058525
-0.012916403822600842
-0.014262402430176735
0.008684275671839714
0.000916475837584585
0.006878826301544905
-0.007577710319310427
-0.012566962279379368
0.01880514621734619
-0.01797683909535408
0.036083102226257324
0.010942704975605011
0.037092600017786026
0.02761884406208992
-0.002625666791573167
-0.031113263219594955
0.00523839145898819
0.022920792922377586
-0.023399658501148224
0.014987170696258545
-0.0004226466116961092
-0.015543689019978046
-0.02570338547229767
-0.008179526776075363
0.03150153160095215
-0.006293187849223614
0.005484295077621937
0.011305089108645916
0.020034663379192352
0.02298550494015217
-0.010716214776039124
0.00564607372507453
-0.013874134048819542
0.01522013172507286
0.008063046261668205
-0.0030689402483403683
-0.022752543911337852
-0.0020497350487858057
-0.021044161170721054
0.027049383148550987
0.003410293022170663
0.0021856289822608232
0.00014115183148533106
-0.02482330985367298
-0.004203008487820625
-0.03357229754328728
0.006387019529938698
0.009997918270528316
-0.003999167121946812
0.03152741491794586
-0.00035833963192999363
0.003614134155213833
0.012463424354791641
-0.01315583661198616
0.024732714518904686
-0.0021856289822608232
-0.011460396461188793
0.021717160940170288
-0.015233074314892292
0.013912960886955261
0.01648847572505474
-0.006859412882477045
-0.011563935317099094
-0.00031223270343616605
0.008528968319296837
-0.013369384221732616
0.02834361232817173
0.004969839006662369
-0.022881966084241867
-0.010774455033242702
-0.020630007609725
-0.0179121270775795
-0.0040412298403680325
0.004565392155200243
-0.012864635325968266
-0.011065657250583172
0.0181192047894001
-0.0020497350487858057
-0.013149365782737732
-0.009654947556555271
0.003190274117514491
0.01440476719290018
-0.009984975680708885
-0.0043583158403635025
0.001981788082048297
0.014676555059850216
-0.03631606325507164
-0.013874134048819542
-0.027127036824822426
0.024163253605365753
-0.01466361340135336
0.02091473899781704
-0.004555685445666313
-0.005927568301558495
0.02512098290026188
0.007280037272721529
-0.017342666164040565
-0.016307283192873
0.011098012328147888
-0.007215326186269522
0.009331390261650085
-0.013330557383596897
0.028576573356986046
0.0030592335388064384
0.011324502527713776
-0.00156278139911592
-0.004668930545449257
-0.0021548911463469267
-0.005361343268305063
-0.027592958882451057
-0.02570338547229767
-0.011505695059895515
0.03196745365858078
-0.014896574430167675
0.018727492541074753
0.002857010345906019
-0.011195079423487186
0.014210633002221584
-0.010192052461206913
0.02105710469186306
-0.024331502616405487
0.004280662164092064
-0.029042495414614677
-0.02174304611980915
-0.008981948718428612
0.017860358580946922
-0.013796479441225529
0.008768401108682156
-0.008787814527750015
0.013382326811552048
0.0024380036629736423
0.0012772420886904001
-0.031113263219594955
-0.02409854158759117
-0.0007555061019957066
-0.015194247476756573
-0.03830917552113533
0.0110721280798316
-0.015776650980114937
0.049672503024339676
0.003662667702883482
-0.007642421405762434
-0.004685108549892902
0.007875382900238037
-0.02011231705546379
-0.01837805099785328
-0.006736461538821459
0.019309895113110542
0.0252633485943079
0.0066523365676403046
0.009344332851469517
0.021976007148623466
-0.0152977854013443
-0.000522544898558408
-0.03214864432811737
0.0090078329667449
-0.023684388026595116
-0.02065589278936386
-0.004031523130834103
-0.010224408470094204
-0.020345278084278107
0.0014495362993329763
0.04897361993789673
-0.008541910909116268
-0.018067434430122375
0.011013887822628021
-0.013291730545461178
-0.024020887911319733
0.01448242086917162
0.0019461966585367918
0.013278787955641747
-0.008108343929052353
0.0026272847317159176
-0.014430652372539043
0.024991558864712715
0.019154587760567665
-0.012748154811561108
-0.02906838059425354
-0.020966507494449615
0.01805449277162552
-0.02135477587580681
0.031656838953495026
-0.015957841649651527
-0.0054001701064407825
0.01602255366742611
-0.013615287840366364
0.006429081782698631
-0.019594624638557434
-0.016514360904693604
0.018222741782665253
0.008056574501097202
-0.014469479210674763
-0.003986224997788668
0.016268456354737282
0.0007134436746127903
-0.01295523066073656
0.00020849218708463013
-0.017925070598721504
0.03388291224837303
0.0015983727062121034
-0.001227090717293322
-0.015491919592022896
-0.018856914713978767
-0.043149590492248535
0.019762875512242317
-0.017640339210629463
0.013925902545452118
0.03411587327718735
-0.01384824886918068
0.016863802447915077
-0.0024833015631884336
-0.0005338694318197668
-0.019698163494467735
-0.015478977002203465
-0.0012958466541022062
-0.022674890235066414
-0.013796479441225529
0.006729990243911743
0.0017828003037720919
0.017006168141961098
-0.018856914713978767
0.010412070900201797
-0.034555912017822266
0.023619677871465683
0.21246060729026794
-0.020785314962267876
-0.011952203698456287
0.012178693898022175
-0.0022649005986750126
0.008075987920165062
0.01950402930378914
-0.0004400378093123436
-0.0039053356740623713
0.01612609252333641
0.020397046580910683
-0.008787814527750015
-0.0144435940310359
0.0032274832483381033
-0.015491919592022896
-0.008043632842600346
-0.03062145598232746
-0.02725646086037159
0.007047076243907213
-0.026337558403611183
0.021044161170721054
0.025237463414669037
-0.006202592048794031
0.007325335405766964
0.017083821818232536
0.028032997623085976
-0.006956480443477631
-0.013977671973407269
0.02443504147231579
0.004795118235051632
-0.026195192709565163
0.00018948319484479725
0.001435785205103457
0.002816565567627549
-0.017886243760585785
0.026402268558740616
0.009700245223939419
-0.009557880461215973
0.030543802306056023
0.015893131494522095
-0.0014600519789382815
-0.013602345250546932
0.007901267148554325
-0.0010248675243929029
0.005678429268300533
0.04105294123291969
0.006344957277178764
0.0049439542926847935
-0.014637728221714497
0.020422931760549545
-0.025884578004479408
0.026052827015519142
0.028188304975628853
0.01326584629714489
0.00656821159645915
0.010580320842564106
-0.010101456195116043
0.010819753631949425
0.010056158527731895
-0.0023959411773830652
0.019633451476693153
0.024525636807084084
-0.00047239355626516044
0.03106149286031723
-0.004287132993340492
0.018261568620800972
-0.01735560968518257
-0.01256049145013094
0.009862024337053299
-0.005254569463431835
0.01259284745901823
-0.020617065951228142
-0.020824141800403595
-0.00764889270067215
-0.004144767764955759
-0.025250405073165894
0.02576809749007225
0.0152977854013443
0.01783447340130806
0.0362384095788002
-0.004296839702874422
-0.009143726900219917
-0.020888853818178177
0.000991702894680202
0.013039356097579002
-0.031915683299303055
0.024020887911319733
-0.0013047445099800825
-0.009370217099785805
2.3698039512964897e-05
-0.022856082767248154
-0.006111995782703161
0.01056737918406725
-0.017743878066539764
-0.006762345787137747
-0.005908154882490635
0.016436707228422165
0.025353943929076195
-0.05034550279378891
-0.008011276833713055
0.011738656088709831
0.021755987778306007
0.013201134279370308
0.022571351379156113
-0.012903462164103985
0.012799923308193684
-0.018326280638575554
0.0008905912400223315
0.00245094601996243
-0.03722202405333519
-0.018261568620800972
-0.010166168212890625
0.0017860358348116279
-0.015711938962340355
-0.0001748220092849806
0.02842126600444317
0.01312348060309887
-0.02562573179602623
0.01934872195124626
0.007972449995577335
0.0180156659334898
-0.007034134119749069
-0.0026450802106410265
0.02312787063419819
0.002145184436812997
-0.024189136922359467
-0.04581570252776146
0.005377520807087421
-0.02149714156985283
-0.0011680416064336896
0.012334001250565052
-0.03693729266524315
0.017057936638593674
0.0037273792549967766
-0.009810254909098148
0.007170028053224087
-0.013395268470048904
-0.010075571946799755
0.04105294123291969
0.0070147207006812096
0.0028861304745078087
-0.01235988549888134
-0.014547132886946201
-0.010554436594247818
0.012638145126402378
-0.020901797339320183
0.010496196337044239
-0.001101712347008288
-0.028214190155267715
-0.009829668328166008
0.0005314427544362843
-0.021587736904621124
-0.009150197729468346
-0.00513808848336339
0.00762947928160429
0.026182251051068306
-0.02352908067405224
-0.0056687225587666035
-0.0008549999329261482
0.02174304611980915
-0.029819034039974213
0.006341721396893263
0.011958674527704716
-0.0020642951130867004
-0.0028505390509963036
-0.004080056678503752
-0.16193391382694244
0.0014915987849235535
0.022299563512206078
-0.01239871233701706
-7.689539779676124e-05
-0.005995515268296003
0.035824254155159
0.003863273188471794
0.0041480036452412605
-0.02119946852326393
0.00617023603990674
0.0033164615742862225
-0.040250517427921295
-0.028550690039992332
-0.0051542664878070354
-0.00556518416851759
-0.033002834767103195
-0.015776650980114937
0.023037273436784744
0.02663522958755493
0.03352052718400955
-0.011013887822628021
-0.020319392904639244
0.0034394131507724524
-0.000577549624722451
0.010379715822637081
-0.008030690252780914
0.011809838935732841
0.004613926168531179
-0.01566016860306263
0.000706163642462343
0.014547132886946201
0.023360831663012505
0.006820586044341326
0.0017116176895797253
0.0037014945410192013
-0.017342666164040565
-0.017019109800457954
-0.02207954414188862
0.013447037898004055
0.017239129170775414
0.03088030032813549
0.038438599556684494
-0.014870690181851387
0.015673112124204636
0.0013079800410196185
0.02490096352994442
-0.013524691574275494
0.02250663936138153
-0.018313338980078697
0.0031449762172997
0.015194247476756573
0.006917653605341911
-0.005296631716191769
0.024059714749455452
-0.0003482284664642066
0.01855924166738987
-0.006299659144133329
-0.0060311066918075085
-0.005901683587580919
-0.01707087829709053
-0.003808268578723073
-0.0034814756363630295
0.014378882944583893
0.024616234004497528
-0.010793868452310562
-0.03331345319747925
0.03515125811100006
-0.036807868629693985
0.01608726568520069
0.0008978712721727788
-0.014844805002212524
0.01624257303774357
-0.008891352452337742
-0.008606621995568275
0.002457417082041502
-0.020617065951228142
0.02337377332150936
0.006244654301553965
-0.017769763246178627
-0.015233074314892292
0.04050936549901962
0.006416139658540487
-0.0062543610110878944
-0.0018103026086464524
-0.008580737747251987
-0.024564463645219803
-0.001227090717293322
-0.005856385920196772
0.0065714470110833645
-0.004665695130825043
-0.05135500058531761
-0.023334946483373642
-0.0009245647815987468
0.0016404350753873587
0.005364578682929277
0.008839583024382591
0.00037937084562145174
0.00172617775388062
-0.004309782292693853
0.009299034252762794
0.025030385702848434
-0.019814644008874893
0.0043259598314762115
0.01457301713526249
0.0010604588314890862
0.004222421906888485
0.022131314501166344
0.02431856095790863
0.01516836229711771
-0.014818920753896236
0.01029559038579464
0.014469479210674763
0.01103977207094431
-0.004037993960082531
0.020021721720695496
-0.010845637880265713
-0.0025366886984556913
0.018818087875843048
-0.012301645241677761
0.05632483959197998
-0.01787330023944378
0.0017407378181815147
0.0019639923702925444
0.0005245671491138637
-0.019400490447878838
-0.103072389960289
-0.020241739228367805
0.034814756363630295
0.03188979998230934
0.016113149002194405
0.019542856141924858
-0.012689914554357529
-0.008813698776066303
-0.028757765889167786
0.00729297986254096
-0.020862970501184464
-0.0220407173037529
0.019193414598703384
0.006509971339255571
-0.004555685445666313
0.03150153160095215
0.002565808827057481
-0.004714228678494692
-0.009473755024373531
-0.004465089645236731
0.021044161170721054
0.01616491936147213
0.007849497720599174
0.01573782227933407
-0.010017331689596176
0.007176499348133802
-0.04555685818195343
0.028835419565439224
0.02022879756987095
0.00328895915299654
-0.03258868306875229
-0.01598372682929039
0.013783537782728672
-0.018106261268258095
0.016695553436875343
-0.0061249383725225925
-0.006684692110866308
-0.009279620833694935
0.022428985685110092
-0.004306546412408352
0.013304673135280609
0.008328363299369812
0.0031627719290554523
-0.0334169901907444
-0.0021807756274938583
-0.024603290483355522
-0.017265012487769127
-0.008296007290482521
0.014780093915760517
-0.010916820727288723
-0.009072544053196907
-0.006788230501115322
-0.044599127024412155
-0.013149365782737732
-0.004533036611974239
0.0166049562394619
-0.0211347583681345
0.008645448833703995
-0.010806811042129993
-0.032200414687395096
-0.00029463929240591824
-0.02290785126388073
-0.009538467042148113
0.021432429552078247
0.012152809649705887
0.001994730206206441
-0.022493697702884674
-0.03295106813311577
0.013796479441225529
-0.0020125259179621935
0.005532828625291586
0.005710784811526537
0.01747209019958973
0.009874965995550156
-0.02182069979608059
0.011932790279388428
-0.020435873419046402
-0.0035332448314875364
0.010716214776039124
0.001831333851441741
-0.006309365853667259
-0.009292563423514366
-0.01114331092685461
-0.032200414687395096
0.003303519217297435
0.01993112452328205
0.018002724274992943
0.011033301241695881
-0.013233490288257599
-0.026945846155285835
-0.012275760993361473
0.04131178557872772
-0.005257804878056049
0.014935401268303394
0.0015789592871442437
-0.005989043973386288
0.019775817170739174
-0.0038826866075396538
-0.004879242740571499
0.013233490288257599
-0.0398622490465641
0.0016202128026634455
-0.07299450784921646
0.005102497525513172
0.01815803162753582
-0.009926735423505306
-0.00830247811973095
0.007545354310423136
0.012754625640809536
-0.01181630976498127
0.0008008041186258197
0.015711938962340355
-0.01310406718403101
-0.01297464407980442
-0.027127036824822426
-0.0035914850886911154
-0.028136536478996277
-0.03258868306875229
0.033287566155195236
0.006827057339251041
0.0058337366208434105
-0.0054001701064407825
0.016617899760603905
0.010094985365867615
0.028783651068806648
0.017277956008911133
-0.021587736904621124
0.02427973411977291
0.0027647963725030422
-0.0016808797372505069
0.0015304256230592728
0.02536688558757305
0.009111370891332626
-0.0152977854013443
-0.008820169605314732
0.011971617117524147
-0.008865468204021454
-0.010107927955687046
0.003652960993349552
0.013459980487823486
0.02468094415962696
0.07501350343227386
-0.0208370853215456
-0.024305619299411774
0.024370329454541206
-0.02337377332150936
-0.029223687946796417
0.013304673135280609
-0.005448703654110432
0.004261248745024204
-0.005814323201775551
-0.022519582882523537
0.016074322164058685
0.028291843831539154
-0.005946981720626354
-0.020850026980042458
-0.021587736904621124
0.003400586312636733
-0.017316782847046852
0.019516970962285995
-0.005487530492246151
-0.04299428313970566
0.03722202405333519
0.005794909782707691
-0.001407473930157721
0.022493697702884674
0.01165453065186739
-0.02834361232817173
0.0038017972838133574
-0.012327530421316624
-0.0011356858303770423
-0.010172639042139053
-0.0306991096585989
0.020215855911374092
0.020397046580910683
0.023322004824876785
0.009920264594256878
-0.012838750146329403
0.018442761152982712
-0.004575098864734173
0.001247313106432557
0.027463536709547043
-0.0036497253458946943
0.014611843973398209
-0.03918924927711487
0.03305460512638092
0.004135061055421829
-0.005484295077621937
-0.009273150004446507
-0.013013471849262714
-0.02500450238585472
0.02152302674949169
-0.013705884106457233
0.008684275671839714
-0.02917191945016384
-0.003620605217292905
-0.022157197818160057
-0.006852942053228617
-0.005481059197336435
-0.025418655946850777
0.0066782208159565926
0.02007349021732807
0.012295174412429333
-0.004759526811540127
0.020720604807138443
-0.019892297685146332
-0.018390992656350136
-0.009247265756130219
-0.040354058146476746
-0.044340282678604126
-0.0061508226208388805
0.012049270793795586
0.00018614651344250888
0.005500472616404295
0.030103763565421104
0.0020610594656318426
-0.026505807414650917
0.008962535299360752
0.01783447340130806
-0.02008643187582493
-0.017523858696222305
-0.00975201465189457
-0.010670917108654976
0.0324074923992157
0.023425543680787086
0.009978504851460457
-0.005917861592024565
-0.008697218261659145
0.02663522958755493
0.009428457356989384
0.0019235477084293962
0.00833483412861824
-0.00839307438582182
-0.007254153024405241
-0.026686999946832657
0.013434096239507198
-0.024111483246088028
-0.011932790279388428
0.018145088106393814
-0.003026877762749791
-0.037429098039865494
0.07646304368972778
0.005202800035476685
-0.0028392146341502666
0.008328363299369812
-0.006105524953454733
0.012042799964547157
-0.005781967658549547
0.007053547538816929
0.0014438740909099579
0.01663084141910076
0.026117539033293724
-0.006820586044341326
0.014430652372539043
-0.02449975349009037
0.00692412443459034
-0.015103651210665703
-0.01819685846567154
0.02725646086037159
0.003305136924609542
0.01047678291797638
0.028654227033257484
0.0035073603503406048
0.005513415206223726
0.008871939033269882
-0.01043795607984066
0.0023846167605370283
0.04938777536153793
-0.029275456443428993
0.0012618731707334518
-0.0313979908823967
-0.02236427552998066
0.006490557920187712
-0.0318121463060379
-0.02780003659427166
-0.013421153649687767
0.0018928097561001778
0.016773207113146782
-0.02961195632815361
-0.018209800124168396
-0.002569044241681695
-0.01620374619960785
0.006344957277178764
-0.027385883033275604
-0.05368461459875107
-0.027489421889185905
0.007034134119749069
0.0005726962699554861
0.008528968319296837
-0.025561019778251648
