-0.015412414446473122
-0.00506868539378047
0.012226752005517483
-0.018752845004200935
-0.038692254573106766
0.02337012067437172
-0.029767241328954697
0.003917590714991093
-0.007029092870652676
-0.047952599823474884
-0.012471803463995457
0.018417512997984886
-0.0020426285918802023
0.026091476902365685
0.0048204101622104645
-0.0008463930571451783
0.04122014716267586
-0.004049789160490036
0.010988600552082062
0.006168190389871597
-0.018172461539506912
0.018314333632588387
0.014883620664477348
0.0043464298360049725
-0.019539589062333107
0.028271140530705452
0.009189410135149956
-0.03361067175865173
-0.01715356670320034
-0.006245574913918972
0.0021071156952530146
-0.014935210347175598
-0.01618625968694687
-0.012162265367805958
-0.008499398827552795
-0.000719031086191535
0.008305937051773071
0.025033889338374138
0.03435872122645378
0.02173214964568615
0.018546486273407936
-0.004459282383322716
0.005387896206229925
-0.025472400709986687
0.0025730349589139223
0.027677858248353004
-0.006084356922656298
0.0012639469932764769
-0.03221775218844414
0.025446604937314987
0.014445108361542225
0.02303478866815567
-0.016586080193519592
-0.0073837717063724995
-0.00867996271699667
0.00012192090798635036
-0.02071325294673443
0.0010414664866402745
-0.0003250552399549633
-0.0108273820951581
0.015077081508934498
-0.008738000877201557
-0.02451799251139164
0.018224051222205162
0.020958304405212402
0.005587806459516287
-0.027523091062903404
0.010717754252254963
-0.010414664633572102
0.02400209568440914
0.019642768427729607
0.030360521748661995
-0.002371512819081545
0.0049816276878118515
0.03139231726527214
-0.012342829257249832
-0.009821384213864803
-0.03131493180990219
0.012749097310006618
0.03250149264931679
0.0011019231751561165
0.015838028863072395
-0.023911813274025917
0.011620573699474335
0.002476304303854704
0.012342829257249832
0.005929587874561548
0.018288539722561836
-0.0021280739456415176
-0.011259445920586586
-0.009853627532720566
0.007416015490889549
0.002682663034647703
0.018224051222205162
-0.0216547641903162
0.019900716841220856
-0.00882183387875557
0.02909657545387745
-0.015102876350283623
-0.01876574382185936
-0.010524293407797813
-0.01873994804918766
-0.02131943218410015
0.0007375710993073881
-0.04343850538134575
0.02191271260380745
-0.01738571934401989
-0.004391571041196585
0.004478628281503916
-0.025472400709986687
-0.0043206349946558475
0.05192500352859497
-0.01754048839211464
-0.010234101675450802
0.02441481314599514
-0.012175162322819233
0.01572195254266262
-0.032862622290849686
-0.017785539850592613
-0.032888416200876236
0.025627169758081436
0.0035403412766754627
0.02413106895983219
0.011214304715394974
0.02579483576118946
0.01610887609422207
-0.03701559081673622
-0.0020168337505310774
-0.013826032169163227
-0.015863824635744095
-0.008854077197611332
-0.018043488264083862
-0.0006045664777047932
0.0010422725463286042
-0.004807512741535902
-0.015618773177266121
0.0007492593722417951
0.028245344758033752
-0.029638266190886497
-0.029612472280859947
0.017656564712524414
0.025137068703770638
0.008763795718550682
-0.047307729721069336
-0.015941208228468895
0.01824984699487686
0.036061182618141174
0.03407497704029083
-0.00030308932764455676
-0.014045287854969501
0.01569615863263607
-0.0431547611951828
0.0004510065773501992
0.00612949812784791
0.003346879966557026
-0.008725102990865707
0.011859175749123096
0.0144580053165555
0.0071967593394219875
0.006187536288052797
0.0018136993749067187
-0.008789590559899807
0.00033412373159080744
0.009337730705738068
0.027445705607533455
0.02027474157512188
0.00786097627133131
0.0067711444571614265
-0.0033275338355451822
0.011420663446187973
0.023744147270917892
0.019165562465786934
-0.014793338254094124
0.027884216979146004
0.003411367069929838
0.01861097477376461
-0.00234571797773242
0.0001722006854834035
-0.017372822389006615
-0.013361725024878979
-0.020855125039815903
0.005400793626904488
-0.015734849497675896
-0.00014036017819307745
-0.027884216979146004
0.026272039860486984
0.008692859672009945
0.010969254188239574
0.012097777798771858
0.008647718466818333
0.033559080213308334
-0.00018560190801508725
-0.025059683248400688
-0.005320184864103794
-0.6339339017868042
0.006484176963567734
0.0038015139289200306
-0.022480199113488197
0.0217837393283844
-0.001301027019508183
0.02316376194357872
-0.00796415563672781
0.0018540038727223873
-0.018778640776872635
0.008976602926850319
0.020777739584445953
0.016650566831231117
-0.027755243703722954
-0.03732512891292572
-0.02878703735768795
-0.004526993725448847
-0.01301349513232708
0.009099128656089306
-0.013955006375908852
-0.03216616064310074
0.03680923208594322
-0.004072359763085842
0.027806833386421204
-0.011362625285983086
-0.010298588313162327
0.01219450868666172
0.005952158477157354
0.008899218402802944
-0.00032727199140936136
-0.015115774236619473
0.026878219097852707
-0.00041090368176810443
0.015180260874330997
0.04684342071413994
0.01692141219973564
-0.017269643023610115
0.01634102873504162
0.028916010633111
0.01917846128344536
-0.019139768555760384
-0.04023994505405426
0.02428583800792694
0.018095077946782112
0.029354523867368698
0.016405515372753143
0.00017885091074276716
-0.029328728094697
-0.012820033356547356
0.02636232227087021
-0.01779843680560589
-0.019436409696936607
0.013606776483356953
0.0012131633702665567
0.0077835917472839355
0.002076484262943268
0.00039034843211993575
0.0034242644906044006
0.006268145050853491
0.01027924194931984
0.0012228364357724786
-0.0025166086852550507
-0.005965055897831917
-0.026749245822429657
-0.02566586248576641
0.02845170348882675
4.159543095738627e-06
-0.03412656858563423
0.01684402860701084
-0.031134366989135742
0.02592381089925766
0.015335029922425747
0.009492499753832817
-0.004133622627705336
0.007996398955583572
-0.005858652293682098
0.032759442925453186
-0.0107242027297616
0.007628822699189186
0.009995498694479465
-0.005703883245587349
-0.00160089205019176
-0.03154708445072174
0.004901018925011158
0.0036918858531862497
-0.03126334026455879
0.0005900568794459105
-0.0213710218667984
0.006867875345051289
0.026323629543185234
-0.006155292969197035
0.0008641270105727017
0.017192257568240166
-0.019629869610071182
0.004636621568351984
0.03980143368244171
0.014445108361542225
-0.0022860674653202295
-0.011955906637012959
-0.02275104634463787
-0.009389320388436317
-0.01725674606859684
-0.00539434514939785
0.004955832846462727
0.02899339608848095
0.00036475510569289327
0.01689561828970909
0.012871623039245605
0.027884216979146004
-0.0072419000789523125
-0.004568910226225853
-0.01569615863263607
-0.009827832691371441
-0.006039216183125973
-0.005816735327243805
-0.028709651902318
0.0035854822490364313
-0.012658815830945969
-0.010459805838763714
-0.018224051222205162
0.017424412071704865
-0.00782228447496891
0.023254044353961945
-0.009963255375623703
-0.023769941180944443
0.028348524123430252
-0.006055337842553854
0.019771741703152657
-0.009086230769753456
-0.030979597941040993
-0.0033565531484782696
-0.023434609174728394
0.019745947793126106
-0.003656418062746525
0.022286739200353622
-0.012136470526456833
0.0023376569151878357
-0.0006239126087166369
-0.007428912911564112
-0.014935210347175598
-0.019449306651949883
-0.007609476801007986
0.02071325294673443
-0.02329273708164692
-0.04390281066298485
-0.041942402720451355
-0.006013421341776848
-0.006464830599725246
-0.012878071516752243
0.015567183494567871
-0.02061007358133793
-0.0012583043426275253
-0.03505518287420273
0.00288579729385674
-0.005810286849737167
-0.008138271048665047
-0.01296190544962883
0.006854977924376726
-0.026117270812392235
-0.004001424182206392
-0.00012464146129786968
0.0007041183998808265
-0.02269945666193962
0.016121773049235344
-0.03551948815584183
-0.004781717900186777
0.014909415505826473
0.01876574382185936
-0.02042951062321663
-0.050454698503017426
0.01920425519347191
0.013123122975230217
0.0012276730267331004
0.028296934440732002
0.0011696346336975694
0.020919611677527428
-0.015283440239727497
-0.01133683044463396
-0.015838028863072395
-0.01597990095615387
-0.006784041877835989
0.019010793417692184
-0.0213710218667984
-0.015167363919317722
0.007293489761650562
0.019720152020454407
-0.008318834938108921
0.000819389068055898
-0.00025734378141351044
0.005749023985117674
0.002403756370767951
0.009440910071134567
-0.014935210347175598
0.015541388653218746
0.0049816276878118515
0.02048110030591488
0.0003621353243943304
-0.0041852123104035854
0.008344629779458046
0.02480173483490944
0.03768625482916832
-0.002897082595154643
0.025523990392684937
-0.00625202339142561
0.008035091683268547
0.0032453127205371857
0.0052170054987072945
-0.016650566831231117
0.0438254252076149
-0.005026768893003464
0.012820033356547356
-0.013490699231624603
-0.0217837393283844
-0.021770842373371124
0.006332632154226303
0.03139231726527214
-0.005052563734352589
0.01618625968694687
0.015528491698205471
0.014986800029873848
-0.0033920209389179945
-0.012181611731648445
0.020958304405212402
-0.016431311145424843
-0.010537190362811089
0.01738571934401989
0.02584642544388771
0.009647268801927567
0.027471501380205154
-0.027806833386421204
-0.0006396313547156751
0.013284340500831604
-0.010530741885304451
0.035906411707401276
0.03773784637451172
0.015167363919317722
0.01754048839211464
-0.01892051286995411
0.04047209769487381
-0.009015295654535294
0.0060617863200604916
0.03985302150249481
-0.003122787456959486
-0.030747445300221443
0.010266344994306564
0.0014993248041719198
0.035958003252744675
-0.007351528387516737
-0.005374998785555363
0.00820920616388321
-0.009802037850022316
0.0026310733519494534
-0.01610887609422207
-0.013580981642007828
0.00010408619709778577
-0.04704977944493294
0.017966102808713913
0.0212420467287302
0.008112476207315922
0.023511992767453194
4.680352139985189e-05
0.008815385401248932
0.004668865352869034
0.00802864320576191
0.0014396742917597294
-0.006416465621441603
-0.005491075571626425
-0.010904766619205475
-0.03116016276180744
-0.032888416200876236
-0.007087131030857563
-0.016508694738149643
-0.005081582814455032
0.023718351498246193
0.010530741885304451
-0.009492499753832817
0.026955604553222656
-0.004575359169393778
0.011949458159506321
0.010363075882196426
-0.039053380489349365
-0.0429484024643898
-0.002041016472503543
0.023202454671263695
0.0017911288887262344
-0.012761995196342468
-0.0011035352945327759
-0.016457105055451393
-0.03417815640568733
-0.005287941545248032
-0.009814934805035591
-0.004188436549156904
0.0001206110100611113
-0.014225851744413376
-0.0023021891247481108
-0.011446458287537098
0.033275339752435684
-0.006964605767279863
0.0010712917428463697
0.017321232706308365
0.015102876350283623
-0.014561184681952
-0.016044387593865395
-0.019268741831183434
0.04635332152247429
0.03141811117529869
-0.033172160387039185
-0.0008351078140549362
0.012200957164168358
-0.025072580203413963
0.004169090185314417
-0.010756446979939938
-0.009376422502100468
0.015425312332808971
-0.0024843651335686445
0.01012447290122509
0.026646066457033157
8.237217843998224e-05
0.02564006671309471
0.006271369755268097
0.008454257622361183
-0.006358426995575428
-0.008054438047111034
0.03208877518773079
0.041736043989658356
-0.012304136529564857
-0.019552486017346382
0.018198257312178612
-0.015464004129171371
-0.0037112319841980934
-0.010782241821289062
-0.030231548473238945
0.022531788796186447
0.004717230796813965
-0.0002811234153341502
0.012723302468657494
0.009756896644830704
0.0008157616830430925
0.011330381967127323
0.010343729518353939
-0.001931388396769762
0.010369524359703064
0.02071325294673443
0.0057393512688577175
0.008241450414061546
-0.003462956752628088
0.010221203789114952
-0.001219612080603838
0.014071082696318626
-0.007648169063031673
0.03851168975234032
0.033481698483228683
-0.02428583800792694
-0.023782838135957718
-0.005707107484340668
0.0216805599629879
0.020622972398996353
0.0028616145718842745
-0.03541630879044533
0.027677858248353004
-0.005623274482786655
0.03221775218844414
-0.005052563734352589
0.0005034023779444396
0.00871865451335907
-0.0038788984529674053
0.015270543284714222
0.0142516465857625
0.010408216156065464
-0.027136167511343956
0.035442106425762177
0.012465354986488819
-0.0029357748571783304
-0.028709651902318
0.0038337574806064367
0.030489496886730194
-0.007422463968396187
0.017553385347127914
0.0064874012023210526
0.004456058144569397
-0.005613601300865412
0.011549637652933598
-0.018856024369597435
-0.04581163078546524
-0.017063284292817116
-0.014909415505826473
0.0286322683095932
-0.029793035238981247
-0.003672539722174406
-0.0003032908425666392
-0.0003701962123159319
-0.019139768555760384
-0.0219643022865057
0.022583378478884697
0.012923212721943855
-0.06066945567727089
-0.033636465668678284
0.0008496174123138189
-0.006925913505256176
0.025575580075383186
0.002848717151209712
-0.012478251941502094
-0.0144193135201931
0.03758307546377182
-0.0216805599629879
-0.011356176808476448
-0.01886892318725586
-0.03964666277170181
-0.012645918875932693
-0.015489798970520496
-0.023989196866750717
-0.000434078712714836
0.00861547514796257
0.01616046391427517
-0.035983797162771225
-0.0047462498769164085
1.9396507923374884e-05
-0.0005348398117348552
-0.02610437385737896
0.024530889466404915
0.0023279839660972357
-0.002597217448055744
0.014380620792508125
-0.02290581539273262
0.00877024419605732
-0.02017156220972538
-0.018933409824967384
-0.012903866358101368
0.014703056775033474
0.0028035761788487434
-0.012265444733202457
0.013942108489573002
0.004655967932194471
-0.014883620664477348
0.009782691486179829
-0.00463984627276659
0.0006291521713137627
-0.008505847305059433
0.0291481651365757
-0.0018959204899147153
-0.01426454447209835
0.050557877868413925
0.024427710101008415
-0.002208682941272855
0.00405946234241128
-0.024298734962940216
-0.009602127596735954
0.012065534479916096
-0.015244748443365097
0.0003546790103428066
-0.007164515554904938
-0.015141569077968597
-0.022002995014190674
-0.007319284602999687
-0.006155292969197035
0.03167605772614479
-0.02170635387301445
-0.04581163078546524
-0.01730833575129509
-0.0009793976787477732
-0.02024894580245018
0.014238749630749226
0.01153029128909111
-0.010208306834101677
-0.007557887118309736
0.004304513335227966
-0.0066099269315600395
-0.02896760031580925
0.022480199113488197
-0.022789737209677696
-0.024530889466404915
-0.014238749630749226
-0.002692335983738303
0.027471501380205154
0.004546340089291334
0.008531642146408558
0.014793338254094124
-0.00024162506451830268
-0.0012212243163958192
-0.007267694920301437
-0.011265894398093224
0.0007952064042910933
0.015296338126063347
0.013929211534559727
0.010401767678558826
0.0048204101622104645
-0.0013518106425181031
-0.0144193135201931
-0.016908515244722366
-0.019242947921156883
-0.008247898891568184
-0.02269945666193962
-0.03794420510530472
0.008344629779458046
0.010118024423718452
-0.009892319329082966
0.006809836719185114
-0.0071580670773983
-0.006532542407512665
0.02321535162627697
0.0010116412304341793
-0.02001679316163063
-0.007254797499626875
-0.012188060209155083
-0.0015420475974678993
0.023125071078538895
-0.012458905577659607
0.029870420694351196
-0.022892916575074196
0.0030663611833006144
0.017063284292817116
-0.004784942138940096
-0.014032390899956226
0.023125071078538895
0.04132332652807236
-0.019191358238458633
0.00041312043322250247
0.0056168255396187305
0.0031163387466222048
-0.0031340725254267454
0.0038273087702691555
-0.033636465668678284
0.022763943299651146
0.04026573896408081
-0.011420663446187973
0.004997749347239733
-0.010569433681666851
0.015180260874330997
0.01087897177785635
0.024143965914845467
-0.007661066483706236
-0.0007738450658507645
0.02311217226088047
-0.019629869610071182
-0.012394418939948082
-0.0021651540882885456
0.006297164596617222
-0.0043947952799499035
0.010479152202606201
0.0022441507317125797
0.010911216028034687
0.01848199963569641
-0.02329273708164692
0.006471279542893171
0.011149818077683449
-0.03283682465553284
0.04343850538134575
0.012336380779743195
0.03745410218834877
0.024350324645638466
-0.006293939892202616
-0.04271624982357025
-0.0034468350932002068
0.021435508504509926
-0.019978100433945656
0.025523990392684937
0.002061974722892046
0.0005852203466929495
-0.017875822260975838
0.018649665638804436
0.03477143868803978
-0.023099275305867195
-0.012865174561738968
-0.005223454441875219
0.025253145024180412
0.005513646174222231
-0.030876418575644493
0.013400417752563953
-0.02334432676434517
0.03980143368244171
0.0034403863828629255
0.006322959437966347
-0.020790638402104378
-0.005397569388151169
0.001577515504322946
0.05138331279158592
-0.0031356848776340485
0.0045366669073700905
-0.008357526734471321
-0.0218611229211092
-0.01140131801366806
-0.0069130160845816135
-0.010562985204160213
-0.014741748571395874
-0.004894569981843233
0.014058185741305351
-0.0007738450658507645
-0.009595679119229317
0.007087131030857563
-0.01717936061322689
0.009556986391544342
-0.012736200354993343
-0.008080231957137585
0.021616073325276375
-0.0007742481539025903
0.002381185768172145
0.020687459036707878
0.01610887609422207
-0.004930038005113602
-6.897095590829849e-05
-0.00657768314704299
-0.036551281809806824
0.0287354476749897
0.007254797499626875
-0.029586676508188248
0.00460760248824954
-0.00991811417043209
-0.025382118299603462
-0.007138720713555813
-0.017979001626372337
-0.005213781259953976
-0.010246998630464077
0.027032988145947456
-0.013413314707577229
-0.012516944669187069
-0.008544539101421833
-0.0033984696492552757
0.013684161007404327
0.025549784302711487
0.005903793033212423
0.01284582819789648
0.016985898837447166
-0.025704553350806236
-0.023705454543232918
0.004269045311957598
0.013464904390275478
0.0015218952903524041
0.044599272310733795
0.00045302181388251483
-0.010524293407797813
0.03510677069425583
-0.011072433553636074
-0.022131970152258873
-0.02480173483490944
0.029586676508188248
0.000519121065735817
-0.017759744077920914
-0.011130471713840961
0.01311667449772358
0.023602275177836418
-0.0038434306625276804
0.008002848364412785
-0.01219450868666172
0.004597929771989584
-0.01868835836648941
-0.02858067862689495
0.0003395648382138461
-0.01769525744020939
0.03974984213709831
-0.020390817895531654
0.024930709972977638
0.003404918359592557
-0.04354168474674225
-0.004868775140494108
-0.00787387415766716
0.030824828892946243
-0.035983797162771225
0.024969400838017464
-0.016070183366537094
-0.01981043443083763
-0.018146667629480362
0.0031340725254267454
-0.00801574531942606
-0.0018120872555300593
-0.003807962639257312
-0.009440910071134567
0.007403118070214987
0.020339228212833405
-0.026014091446995735
-0.01728253997862339
-0.0072161052376031876
-0.006110151764005423
-0.029793035238981247
0.016044387593865395
-0.02636232227087021
0.03949189558625221
0.00806733500212431
-0.011652817018330097
-0.030102573335170746
0.007145169656723738
-0.02927713841199875
-0.0052847168408334255
0.004501198884099722
0.03283682465553284
0.0025278939865529537
0.0008113281801342964
0.009273243136703968
0.023911813274025917
-0.012723302468657494
-6.196806498337537e-05
-0.041503891348838806
0.0016992348246276379
-0.02868385799229145
0.0046978844329714775
-0.003071197774261236
0.0022586602717638016
-0.018133770674467087
-0.016740849241614342
0.04697239771485329
-0.006835631560534239
0.0075062974356114864
0.013709955848753452
-0.02149999514222145
-0.01603149063885212
0.007744899485260248
0.012974802404642105
0.006667965091764927
-0.011988149955868721
0.010285691358149052
-0.02193850837647915
0.00458825659006834
0.008905666880309582
0.004594705067574978
-0.027600474655628204
-0.01461277436465025
0.018107974901795387
-0.020287638530135155
0.01590251736342907
0.004020770080387592
-0.010917664505541325
-0.0015210892306640744
-0.013413314707577229
0.00011386002006474882
0.0018008019542321563
0.006303613074123859
0.018043488264083862
-0.0042722695507109165
-0.024788837879896164
-0.013110225088894367
0.017037488520145416
-0.030541086569428444
-0.00933128222823143
0.0037950652185827494
-0.014961005188524723
0.025407914072275162
-0.004027219023555517
-0.01209132932126522
-0.0006799357361160219
-0.03495200350880623
-0.018004795536398888
0.004456058144569397
-0.026697656139731407
-0.006816285662353039
0.020919611677527428
0.0023956953082233667
0.019113972783088684
0.0011003109393641353
-0.01699879765510559
-0.023589378222823143
-0.00846070609986782
-0.002634297590702772
-0.039440304040908813
-0.004398019518703222
-0.0038756742142140865
-0.005726453848183155
0.02275104634463787
-0.0032453127205371857
0.00584253016859293
-0.06077263504266739
0.004191660787910223
0.19727890193462372
-0.017089078202843666
-0.007590130437165499
0.017398616299033165
0.013929211534559727
0.013258545659482479
0.03121175244450569
-0.005146069917827845
0.0027100699953734875
0.011098228394985199
0.010201857425272465
-0.01723095029592514
-0.017837129533290863
0.01154318917542696
0.01988781802356243
-0.008673513308167458
-0.036138564348220825
-0.024582479149103165
0.007493400014936924
-0.007370874285697937
0.019397716969251633
0.023021891713142395
-0.010975702665746212
-0.007770694326609373
0.018778640776872635
0.012426662258803844
0.005013871472328901
0.013903416693210602
0.02293160930275917
-0.008983051404356956
-0.020339228212833405
0.013174712657928467
0.0030260568019002676
-0.003353328676894307
-0.008383321575820446
0.016882719472050667
0.02316376194357872
-0.0008713817805983126
0.01426454447209835
-0.0038240845315158367
0.026194656267762184
-0.0286322683095932
-0.003911142237484455
-0.02191271260380745
-0.001047109137289226
0.020739048719406128
0.0006110151880420744
0.005136396735906601
-0.00016182228864636272
-0.008879872038960457
-0.020571382716298103
0.02571745216846466
0.014754646457731724
0.0068936701864004135
-0.0020136095117777586
0.015502696856856346
0.01173665001988411
0.005175088997930288
0.02139681577682495
-0.004920364823192358
-0.013348828069865704
0.014535389840602875
0.0008222103933803737
0.004865550901740789
-0.01723095029592514
0.016934309154748917
-0.028296934440732002
0.0031356848776340485
-0.01897210255265236
-0.008112476207315922
0.014935210347175598
0.008621923625469208
-0.013284340500831604
-0.0001879194169305265
-0.02889021672308445
-0.03208877518773079
0.0027535988483577967
0.01830143667757511
0.004855877719819546
0.023254044353961945
-0.01993940770626068
-0.014844927936792374
-0.03195980191230774
-0.006809836719185114
0.012387970462441444
-0.009750448167324066
0.019526690244674683
-0.017733950167894363
0.01628943905234337
-0.026065681129693985
-0.01094345934689045
0.008273693732917309
-0.001477560494095087
-0.027084577828645706
0.009299037978053093
0.008738000877201557
-0.0035661361180245876
0.022428609430789948
-0.0215515848249197
-0.0026713777333498
-0.027987396344542503
0.03773784637451172
0.019655665382742882
0.021925611421465874
-0.004375448916107416
0.009344179183244705
-0.039337124675512314
0.009802037850022316
-0.002218355890363455
-0.018469102680683136
-0.00272296741604805
-0.018146667629480362
0.015257645398378372
-0.0142516465857625
-0.028271140530705452
0.005545889958739281
0.016276542097330093
-0.01430323626846075
0.015451107174158096
0.008093129843473434
-0.0039498344995081425
0.0028051885310560465
-0.015206055715680122
0.0284259095788002
-0.000677114468999207
-0.014290339313447475
-0.041839223355054855
0.015515593811869621
-0.031031187623739243
-0.0076223742216825485
0.017218053340911865
-0.03239831328392029
0.029483497142791748
0.03195980191230774
-0.009028192609548569
-0.025395015254616737
-0.008744449354708195
-0.012742648832499981
0.007512745913118124
0.00310021685436368
0.010866074822843075
-0.01447090320289135
-0.011601227335631847
0.0036273987498134375
0.009814934805035591
-0.004227128811180592
-0.0064196898601949215
0.007919014431536198
-0.007706207223236561
-0.0034145915415138006
0.020313434302806854
-0.027084577828645706
-0.004739800933748484
-0.02878703735768795
0.02022315189242363
0.019655665382742882
-0.02646550163626671
-0.0038595523219555616
-0.003011547029018402
0.010156717151403427
-0.012162265367805958
-0.015335029922425747
0.02454378642141819
0.012529841624200344
-0.0049622817896306515
0.006065011024475098
-0.16013434529304504
0.006964605767279863
0.015412414446473122
-0.02405368536710739
0.013980801217257977
0.006000523921102285
0.01564456894993782
0.03417815640568733
0.011981701478362083
-0.005555562674999237
-0.004975179210305214
0.0013098940253257751
-0.024582479149103165
-0.031108573079109192
0.0012075207196176052
-0.009305487386882305
-0.010543638840317726
0.013232750818133354
0.027497295290231705
0.00817051436752081
0.022273840382695198
-0.003353328676894307
-0.02211907133460045
-0.0024811408948153257
0.009634370915591717
0.013838929124176502
-0.018933409824967384
0.01618625968694687
-0.006887221243232489
-0.024118172004818916
0.012987700290977955
0.0036306232213974
0.0023956953082233667
0.0036822129040956497
-0.0005896538496017456
-0.002152256667613983
-0.014599877409636974
-0.012787790037691593
-0.02410527504980564
0.020519793033599854
0.0033339825458824635
0.021229149773716927
0.019346127286553383
-0.013032840564846992
0.029122369363904
0.0038434306625276804
0.03177923709154129
-0.008486500941216946
0.012555636465549469
-0.01835302636027336
0.03402338922023773
-0.019487999379634857
0.010305036790668964
-0.0142129547894001
0.03198559582233429
0.006848528981208801
-0.00014862259558867663
-0.010253447107970715
0.013007045723497868
-0.0072225541807711124
0.004720455035567284
-0.016392618417739868
-0.004514096304774284
0.025356324389576912
0.027987396344542503
-0.024427710101008415
-0.02204168774187565
0.03670605272054672
-0.023782838135957718
0.01133683044463396
0.0018443308072164655
-0.016676360741257668
0.002261884743347764
0.004655967932194471
-0.018069282174110413
0.025369221344590187
-0.0036789884325116873
0.03652548789978027
-0.0034178157802671194
-0.006538990885019302
-0.023202454671263695
0.04565685987472534
0.0026955604553222656
-0.013413314707577229
0.019036589190363884
-0.008318834938108921
0.0033275338355451822
0.006132722366601229
0.02042951062321663
0.00887342356145382
-0.004810736980289221
-0.03379123657941818
-0.002329596085473895
-0.015347927808761597
0.0037176806945353746
0.017321232706308365
0.0020926061552017927
-0.0031308482866734266
0.025859322398900986
-0.002402144018560648
0.014083980582654476
0.027910012751817703
-0.01897210255265236
0.012420213781297207
0.012607226148247719
-0.0005340336938388646
0.000607387803029269
0.02410527504980564
0.017218053340911865
0.018598075956106186
-0.03928553685545921
0.0004497974587138742
0.0039014690555632114
0.002571422839537263
0.023563582450151443
0.010640369728207588
-0.008699308149516582
-0.00021018761617597193
-0.0018652890576049685
-0.006206882651895285
0.06892380118370056
-0.019900716841220856
-0.002308637835085392
0.00815761648118496
-0.017372822389006615
-0.03572584688663483
-0.11040189862251282
-0.04692080616950989
0.03239831328392029
0.01866256445646286
0.014393518678843975
0.010743549093604088
-0.0055974796414375305
0.0012091329554095864
-0.023834427818655968
0.02564006671309471
-0.02646550163626671
-0.022660763934254646
0.0001510408619651571
0.00501709571108222
-0.026929808780550957
0.01858517900109291
-0.006777593400329351
0.007029092870652676
-0.009821384213864803
0.005697434302419424
0.010833831503987312
0.005149294156581163
-0.01164636854082346
0.002758435206487775
-0.0034855271223932505
0.017966102808713913
-0.039466097950935364
0.006361651234328747
0.017063284292817116
0.007564335595816374
-0.012059086002409458
-0.02180953323841095
0.002099054865539074
-0.018185360357165337
0.020880918949842453
-0.019526690244674683
-0.027858423069119453
-0.004352878779172897
0.035932205617427826
-0.01209132932126522
0.008396219462156296
0.014058185741305351
0.01679243892431259
-0.020687459036707878
0.009640820324420929
-0.012284791097044945
-0.005910241976380348
0.017824232578277588
0.002434387570247054
-0.019926510751247406
-0.009595679119229317
-0.02011997252702713
-0.03851168975234032
-0.003369450569152832
0.0006497074500657618
0.03157287836074829
0.005884447135031223
-0.0142129547894001
-0.015347927808761597
-0.021306535229086876
-0.013439109548926353
-0.0021022791042923927
-0.00926679465919733
0.041478097438812256
0.010259896516799927
-6.614964513573796e-05
-0.039027586579322815
-0.009950358420610428
0.003520995145663619
0.011407766491174698
0.012903866358101368
0.005645844619721174
-0.003190498799085617
-0.009028192609548569
-0.02006838284432888
0.013826032169163227
-0.022235149517655373
0.009621473960578442
0.0020523015409708023
0.0010406604269519448
-0.009544089436531067
-0.0057586971670389175
-0.015089979395270348
-0.01608308032155037
0.012478251941502094
0.0215773805975914
0.004136846866458654
-0.0022328654304146767
-0.015102876350283623
-0.011910765431821346
0.006803388241678476
0.022248046472668648
0.003437161911278963
0.015167363919317722
-0.006197209469974041
-0.00436577619984746
0.005903793033212423
-0.0053621013648808
-0.010440459474921227
-0.0014187160413712263
-0.016431311145424843
-0.008222104050219059
-0.05576843395829201
-0.016560284420847893
0.029896214604377747
-0.010601677931845188
-0.007983502000570297
0.012465354986488819
0.04240671172738075
-0.00508803129196167
0.012774892151355743
0.01641841232776642
-0.020029690116643906
0.0006924301269464195
-0.026439707726240158
-0.003346879966557026
-0.02919975481927395
-0.022299636155366898
0.02254468761384487
-0.0071774129755795
0.010195408947765827
0.009911665692925453
0.005581357516348362
-0.009311935864388943
0.026517091318964958
0.009711755439639091
0.0076223742216825485
-0.004494750406593084
0.008376873098313808
0.005336306523531675
-0.015567183494567871
0.016727950423955917
0.01205263752490282
0.009112025611102581
-0.004149744287133217
0.009099128656089306
-0.018752845004200935
-0.030541086569428444
0.017553385347127914
0.027007194235920906
0.03536472097039223
0.050093572586774826
-0.014780441299080849
-0.011143369600176811
0.01225899625569582
-0.0034178157802671194
-0.033430106937885284
0.006348753813654184
0.004533442668616772
-0.00873155239969492
5.1734514272538945e-06
-0.01203973963856697
0.02467276155948639
0.015360824763774872
0.001214775606058538
-0.025627169758081436
-0.004485077224671841
0.013426212593913078
0.009750448167324066
0.01616046391427517
-0.009105577133595943
-0.010492049157619476
0.035700052976608276
0.0018072506645694375
-0.002476304303854704
0.013258545659482479
-0.01279423851519823
-0.023692557588219643
-0.0015533327823504806
0.004801063798367977
-0.006197209469974041
-0.006822734139859676
0.008131821639835835
0.0073837717063724995
0.011182061396539211
0.01214291900396347
0.036319129168987274
0.0013211792102083564
0.007087131030857563
-0.019978100433945656
0.0015702606178820133
0.030437907204031944
0.01600569672882557
0.011865624226629734
-0.01999099738895893
0.019307434558868408
0.022286739200353622
0.002297352533787489
0.002602054039016366
0.015760645270347595
-0.019797537475824356
0.0054652807302773
-0.0018959204899147153
0.02001679316163063
-0.0106855109333992
0.011672163382172585
-0.015657465904951096
0.018856024369597435
0.006235901731997728
-0.016598977148532867
0.011427112855017185
0.022583378478884697
0.02180953323841095
-0.008222104050219059
0.0037595974281430244
-0.0144580053165555
-0.03177923709154129
0.009324832819402218
-0.025304734706878662
-0.03428133577108383
-0.008447809144854546
0.0221706610172987
0.015218953602015972
-0.014341928996145725
0.027781037613749504
0.0015839642146602273
-0.016482900828123093
-0.009247448295354843
0.005603928118944168
-0.017721053212881088
-0.010562985204160213
-0.003714456455782056
-0.017824232578277588
0.020777739584445953
0.025523990392684937
-0.004901018925011158
0.013580981642007828
-0.006500298622995615
0.029922010377049446
-0.008138271048665047
0.009531191550195217
0.008918564766645432
-0.019268741831183434
0.00310021685436368
-0.012742648832499981
-0.02259627729654312
-0.006332632154226303
-0.019487999379634857
0.015863824635744095
0.011923663318157196
-0.007299938704818487
0.07434071600437164
0.005416915751993656
-0.010337281040847301
0.007557887118309736
-0.006925913505256176
-0.00428194273263216
0.00802864320576191
-0.016908515244722366
-0.026568681001663208
-0.010627472773194313
0.018778640776872635
-0.007738451007753611
-0.006680862512439489
-0.03662866726517677
0.010762895457446575
0.008325283415615559
-0.02431163378059864
0.026491297408938408
-0.017966102808713913
0.0035177706740796566
0.03515836223959923
0.01689561828970909
-0.008196309208869934
0.009253897704184055
-0.010311486199498177
0.022286739200353622
0.029509292915463448
-0.018314333632588387
0.00779004069045186
-0.030824828892946243
0.002087769564241171
0.007628822699189186
-0.04029153287410736
-0.02628493867814541
-0.01628943905234337
-0.016547387465834618
0.013361725024878979
-0.03263046592473984
-0.0020539138931781054
0.006035991478711367
0.00792546384036541
0.006555112544447184
-0.02600119449198246
-0.06675703823566437
-0.026697656139731407
0.01129813864827156
-0.017733950167894363
-0.018598075956106186
-0.0007601415854878724
