0.015326250344514847
-0.00991959497332573
-0.0014396089827641845
-0.009951287880539894
-0.04629567265510559
-0.009824519045650959
-0.017151709645986557
-0.012454954907298088
-0.02546769008040428
-0.016251657158136368
-0.004493925254791975
-0.015503725036978722
-0.007054638583213091
0.013082456775009632
-0.015503725036978722
-0.008094136603176594
0.04163060709834099
-0.008455425500869751
0.004937613382935524
0.00341639737598598
-0.016353070735931396
-0.01057245023548603
0.006379599217325449
-0.004595339763909578
-0.013259932398796082
0.03186947479844093
0.026088852435350418
-0.029334113001823425
-4.8875004722503945e-05
-0.010521743446588516
-0.002600328531116247
4.409644316183403e-05
-0.007935676723718643
-0.004110452253371477
0.002036210848018527
0.00037614439497701824
0.0196363627910614
0.018787017092108727
0.022995714098215103
0.014514935202896595
0.026266328990459442
-0.006037325598299503
0.007010269910097122
-0.012518338859081268
-0.011694347485899925
0.016226302832365036
-0.012537354603409767
-0.011947883293032646
-0.0247324351221323
0.0308553297072649
0.016771405935287476
0.016264334321022034
-0.006351076532155275
-0.004921767394989729
-0.01199859008193016
0.0013065026141703129
-0.01384306512773037
0.006278184708207846
-0.0034861199092119932
-0.006744057405740023
0.026443803682923317
0.01022383850067854
-0.02659592404961586
0.02575925551354885
0.012201419100165367
0.016708021983504295
-0.030627146363258362
-0.008835729211568832
-0.032731495797634125
0.014286752790212631
0.01803908497095108
0.012809905223548412
-0.0012819413095712662
-0.007942014373838902
0.033948469907045364
-0.002015611156821251
-0.021068841218948364
-0.04289828985929489
-0.01273384504020214
0.028522798791527748
0.00636692252010107
-0.003473442979156971
-0.023908443748950958
0.020904041826725006
-0.002514760009944439
-0.006256000604480505
0.011421795934438705
0.018736308440566063
0.00789764616638422
0.00024818794918246567
-0.00093729083891958
0.01617559604346752
0.021094193682074547
0.02179141715168953
-0.03544433042407036
0.0031153233721852303
-0.008290627039968967
0.009647044353187084
-0.006984916515648365
-0.028472092002630234
-0.010819648392498493
0.005824989173561335
-0.030627146363258362
-0.007884969003498554
-0.040489695966243744
0.008778683841228485
-0.01360220555216074
-0.0059232343919575214
0.032503314316272736
-0.025290215387940407
-0.0036382414400577545
0.03450624644756317
-0.01180843822658062
-0.021322377026081085
0.01385574135929346
-0.02300839126110077
-0.002284992951899767
-0.015376957133412361
-0.009044895879924297
-0.018546156585216522
0.02537895180284977
0.032985031604766846
0.007599741220474243
0.0006797933601774275
0.026773400604724884
0.012860612943768501
-0.02684946171939373
0.0037143020890653133
-0.03777686133980751
-0.015326250344514847
-0.008658253587782383
-0.005695051979273558
-0.011592932976782322
-0.0012153881834819913
-0.012296495027840137
-0.00028146457043476403
-0.001322348602116108
0.00616726279258728
-0.02047303132712841
-0.03402452915906906
0.028472092002630234
0.013183871284127235
0.004110452253371477
-0.013931802473962307
-0.009672397747635841
0.011440811678767204
0.020042018964886665
0.03787827491760254
0.02634238824248314
0.015250189229846
0.026393096894025803
-0.026291681453585625
0.0013461175840348005
-0.009938610717654228
0.009139971807599068
-0.0012993719428777695
0.00607218686491251
0.02867491915822029
0.0034354126546531916
-0.002895063953474164
0.008835729211568832
0.005628498736768961
-0.0006774164503440261
0.016238979995250702
-0.0014411936281248927
0.01948424056172371
0.02047303132712841
0.010914724320173264
0.020878687500953674
0.01323457807302475
0.01336134597659111
0.024466222152113914
-0.03630635142326355
0.023477431386709213
-0.0016273841029033065
0.014768471010029316
0.009399846196174622
0.016391102224588394
-0.025201477110385895
-0.005558776669204235
-0.015022006817162037
0.008132167160511017
0.013564174994826317
0.012835259549319744
-0.02550571970641613
-0.012157050892710686
0.016682667657732964
0.006477844435721636
-0.004287927411496639
0.01074992585927248
0.007504665292799473
0.0182926207780838
-0.015934737399220467
0.0018967661308124661
-0.6332314610481262
0.010337930172681808
0.007485650014132261
-0.015250189229846
-0.0030329241417348385
-0.01336134597659111
0.018850401043891907
0.013323316350579262
-0.0038442392833530903
-0.02819320186972618
0.017227770760655403
0.00858853105455637
0.013817710801959038
-0.019978635013103485
-0.014121954329311848
-0.026545217260718346
0.01711367815732956
-0.03095674328505993
0.022957682609558105
-0.018977168947458267
-0.006839133333414793
0.022729501128196716
0.0009523445623926818
0.005254533141851425
-0.006132401525974274
0.0005803597159683704
0.012505662627518177
-0.013589528389275074
0.006687011569738388
0.012752859853208065
0.013272608630359173
0.013462760485708714
0.014350136741995811
0.025645164772868156
0.05172134190797806
0.03909524902701378
-0.028243908658623695
0.014705087058246136
0.020257525146007538
0.013690942898392677
0.0068137794733047485
-0.017519336193799973
0.026798753067851067
0.00043933032429777086
0.02040964737534523
-0.002568636555224657
0.012264803051948547
-0.02078995108604431
-0.01980116032063961
0.030753914266824722
-0.023895766586065292
-0.011497857049107552
0.008734314702451229
-0.006195785477757454
-0.0012795644579455256
-0.017823580652475357
-0.007162391673773527
0.012290156446397305
-6.93757610861212e-05
0.023185865953564644
0.008645577356219292
0.014502258040010929
-0.03197088837623596
-0.02082798071205616
-0.006256000604480505
0.028573505580425262
-0.011764070019125938
-0.0037935322616249323
-0.001400786335580051
-0.0254043061286211
0.0053496090695261955
0.020739244297146797
0.0016939373454079032
-0.02720441110432148
0.02483385056257248
-0.002578143961727619
0.020561767742037773
0.0019411349203437567
0.003853746922686696
0.02130969986319542
-0.014438874088227749
-0.014895238913595676
-0.024136625230312347
0.017392568290233612
0.006256000604480505
-0.03328927606344223
-0.0055397613905370235
-0.022412581369280815
-0.00759340263903141
0.02063782885670662
0.003990022465586662
0.008347672410309315
0.0220449548214674
-0.006655319593846798
0.01986454427242279
0.03732049837708473
-0.008144843392074108
-0.006782087497413158
0.007872292771935463
-0.018482772633433342
0.014210691675543785
-0.012581722810864449
0.0015394388465210795
0.0036984561011195183
0.03835999593138695
0.008746991865336895
-0.009621690958738327
0.009463231079280376
0.05207629129290581
-0.028015727177262306
-0.002034626202657819
-0.0017224601469933987
-0.015199482440948486
-0.013133164495229721
-0.0053781322203576565
-0.02877633459866047
0.03207230195403099
0.007308174856007099
0.0134120536968112
-0.006414460483938456
0.02733117900788784
0.002052056835964322
0.0003749559400603175
-0.0029853861778974533
-0.009716766886413097
0.03744726628065109
0.0009515522397123277
-0.007942014373838902
0.004319619387388229
-0.01672069914638996
-0.0015956921270117164
0.0005498561658896506
0.027407240122556686
-0.009349139407277107
0.03584998846054077
-0.009545629844069481
0.015998121351003647
-0.017544690519571304
0.008398379199206829
-0.018558833748102188
-0.01604882813990116
-0.02915663830935955
0.019179997965693474
-0.03508938103914261
-0.035393621772527695
-0.038436055183410645
-0.023084452375769615
0.006465167738497257
-0.03914595767855644
0.02771148271858692
-0.02345207892358303
-0.007073653861880302
-0.03303574025630951
-0.011288689449429512
-0.004332296084612608
-0.006636304315179586
-0.0018270437140017748
0.013551498763263226
-0.024047888815402985
-0.0024783143308013678
-0.0008327072719112039
0.002568636555224657
-0.02242525853216648
0.02730582468211651
-0.017633426934480667
0.016555899754166603
0.01208098977804184
0.01730383187532425
-0.0005407447461038828
-0.04507869854569435
0.01184013020247221
0.019598331302404404
-0.0037745169829577208
0.014426197856664658
0.01637842506170273
-0.0004634954675566405
-0.020434999838471413
-0.00215505575761199
-0.014730440452694893
-0.008068782277405262
0.021170254796743393
0.01682211272418499
-0.01604882813990116
-0.012435940094292164
-0.005168965086340904
0.008968835696578026
-0.007618756499141455
0.005992956925183535
-0.003635072149336338
-0.005381301511079073
0.009900580160319805
0.03001866117119789
-0.0009428369230590761
0.007206760346889496
-0.019395502284169197
0.009273078292608261
0.006991254631429911
-0.013957155868411064
0.022957682609558105
0.011073184199631214
0.033111799508333206
-0.005039027892053127
0.024428192526102066
-0.0019300426356494427
-0.004009037744253874
-0.0036414104979485273
-0.003514642594382167
-0.008810375817120075
0.053394678980112076
0.02582263946533203
0.006395445205271244
-0.014527612365782261
0.0016796758864074945
-0.0134120536968112
-0.009304770268499851
0.03488655015826225
-0.022019600495696068
0.0049407826736569405
-0.014426197856664658
0.01720241643488407
-0.008094136603176594
-0.00919701810926199
0.008258935064077377
0.0012122188927605748
-0.012651445344090462
0.0017050295136868954
0.009564644657075405
-0.01057245023548603
0.0055397613905370235
-0.003280121833086014
0.004696754273027182
0.014616349712014198
-0.009076587855815887
0.023794353008270264
0.011865484528243542
0.020713889971375465
-0.0023943304549902678
-0.012315510772168636
0.033821702003479004
0.0026272665709257126
0.01260707713663578
0.026748046278953552
-0.011700686067342758
-0.00035396000021137297
0.007124361116439104
0.012892304919660091
0.021411113440990448
0.006477844435721636
-0.010521743446588516
-0.0008350841235369444
0.005752097815275192
0.005821819882839918
0.010933739133179188
-0.021411113440990448
-0.01121262926608324
-0.0365852415561676
0.01724044606089592
0.016315041109919548
0.004360818769782782
0.021297022700309753
-0.012131696566939354
0.0183306522667408
-0.012055636383593082
0.003932977095246315
0.001364340540021658
-0.0021439637057483196
-0.01384306512773037
-0.012372556142508984
-0.027001582086086273
-0.020080050453543663
0.0076567865908145905
-0.0016812605317682028
0.002156640402972698
0.004769645631313324
0.0016701682470738888
0.013690942898392677
0.0035907034762203693
-0.004164328332990408
-0.004062914289534092
-0.008328656665980816
-0.023502785712480545
-0.016238979995250702
-0.0007126738200895488
0.027179056778550148
0.00520699517801404
-0.021829448640346527
0.0032262455206364393
-0.026519864797592163
-0.025201477110385895
0.016708021983504295
-0.011922529898583889
-0.007808908354490995
-0.01177674625068903
-0.009317447431385517
-0.016936203464865685
-0.011123890988528728
0.004988320637494326
0.009697751142084599
0.0071497149765491486
-0.002337284851819277
0.0007954691536724567
-0.03169199824333191
-0.010356944985687733
0.0007257467368617654
0.037092313170433044
0.02697622962296009
-0.01644180901348591
-0.0028110803104937077
0.0024070071522146463
-0.030525732785463333
-0.009298432618379593
0.0037555017042905092
0.0013833557022735476
0.011079522781074047
0.005508069414645433
0.003869592910632491
0.019370149821043015
0.012524677440524101
0.016200950369238853
-0.004633370321244001
0.008474440313875675
0.0002452168264426291
-0.03072856180369854
0.0073652202263474464
0.04150383919477463
-0.0020758258178830147
-0.023312633857131004
0.038816358894109726
-0.015503725036978722
-0.012188742868602276
-0.011580255813896656
-0.03848676383495331
0.009558307006955147
0.006477844435721636
-0.014793824404478073
0.007777216378599405
0.01360220555216074
-0.019205350428819656
0.004652385134249926
0.007884969003498554
0.00901954248547554
-0.008702622726559639
0.026418449357151985
0.01803908497095108
0.01251200120896101
-0.010008333250880241
0.011637302115559578
0.02191818505525589
0.002162978984415531
0.004820352885872126
0.04495193064212799
0.02300839126110077
-0.0033783670514822006
-0.010756264440715313
-0.004839368164539337
0.027052288874983788
0.023730969056487083
0.00531157897785306
-0.02829461544752121
0.009526615031063557
-0.0066743348725140095
0.04715769365429878
0.004706261679530144
0.023401372134685516
0.016771405935287476
0.009501260705292225
-0.0004003095382358879
-0.004465402569621801
0.012721167877316475
-0.03181876614689827
0.009241386316716671
0.009951287880539894
-0.009951287880539894
-0.011833792552351952
0.0010236515663564205
0.008848405443131924
-0.004899582825601101
0.021068841218948364
0.003129584714770317
-0.00302024744451046
0.009767473675310612
0.02319854311645031
-0.013881094753742218
-0.02710299752652645
-0.012201419100165367
-0.03912060335278511
0.007422266062349081
-0.02854815125465393
-0.007878630422055721
-0.0039298078045248985
0.0045192791149020195
0.005489054135978222
-0.03143846243619919
0.020003989338874817
0.01774751953780651
-0.05309043452143669
-0.0434560663998127
-0.0009539291495457292
0.0007380273891612887
0.006629966199398041
0.016543222591280937
0.011878160759806633
-0.011605610139667988
0.014489581808447838
-0.0013263100991025567
-0.018723633140325546
0.004630201030522585
-0.012195080518722534
-0.016429131850600243
0.028370676562190056
-0.01379235740751028
-0.01260707713663578
0.002441868418827653
0.017405245453119278
-0.03962767496705055
-0.007029285188764334
-0.0047949994914233685
0.012461293488740921
-0.024085918441414833
0.015579786151647568
0.012847935780882835
0.016555899754166603
0.029841184616088867
-0.023439401760697365
-0.00686448672786355
-0.0137289734557271
-0.009393508546054363
0.015085390768945217
0.008271611295640469
0.00015935132978484035
-0.02179141715168953
0.00633523054420948
-0.013450084254145622
-0.013424730859696865
0.017671458423137665
-0.015389634296298027
0.0017050295136868954
0.0023721461184322834
0.014667056500911713
-0.004826691467314959
0.0012415340170264244
0.026418449357151985
0.0075490339659154415
-0.0065665822476148605
0.006373260635882616
-0.01852080412209034
0.004335465375334024
0.00022798431746196002
-0.028852395713329315
0.008334995247423649
0.009209694340825081
-0.01589670591056347
-0.009780150838196278
-0.01983918994665146
0.009013203904032707
0.03544433042407036
-0.0068201180547475815
-0.031260985881090164
-0.013437407091259956
0.006211631465703249
-0.027026936411857605
0.002819003304466605
0.0006271054153330624
-0.020485708490014076
-0.018001055344939232
-0.013893771916627884
0.0013025411171838641
-0.03344139829277992
0.03257937356829643
-0.02428874745965004
-0.0250873863697052
0.003822054946795106
-0.004142144229263067
0.04710698500275612
-0.008201888762414455
0.003280121833086014
-0.001604407443664968
0.007067315746098757
-0.002452960703521967
-0.025391628965735435
-0.0004801337781827897
-0.03095674328505993
0.012226772494614124
0.00010517781629459932
0.014261399395763874
-0.009298432618379593
0.017101002857089043
0.008804037235677242
-0.0028396029956638813
-0.01602347381412983
-0.007079992443323135
-0.021157577633857727
-0.020206818357110023
0.02531556785106659
0.020777273923158646
0.007682140450924635
0.011624624952673912
-0.008937143720686436
-0.007999060675501823
0.03475978225469589
-0.031286340206861496
-0.05608215928077698
-0.018001055344939232
-0.005067550577223301
-0.004078760277479887
-0.00029394327430054545
-0.037219081073999405
0.008315980434417725
-0.032503314316272736
-0.0004056575708091259
0.004088267683982849
-0.00584083516150713
-0.0035178118851035833
0.004196020774543285
0.0339738205075264
-0.018723633140325546
0.009247724898159504
0.010109747759997845
0.00030899696866981685
0.00195856555365026
-0.009171664714813232
-0.02124631591141224
0.015706554055213928
0.02191818505525589
-0.001208257395774126
-0.009894241578876972
-0.019788483157753944
0.010984446853399277
-0.011852807365357876
0.019141966477036476
-0.005298902280628681
-0.030221490189433098
0.03024684265255928
-0.015351603738963604
-0.0013508714037016034
-0.007092669140547514
0.004484417848289013
-0.008398379199206829
-0.0026240975130349398
0.0009460061555728316
0.024618344381451607
0.012404248118400574
-0.016682667657732964
-0.0019252889323979616
0.02771148271858692
-0.021575912833213806
0.028953809291124344
-0.004138974938541651
0.030931390821933746
0.01353882160037756
-0.022666117176413536
-0.007206760346889496
-0.0004611185868270695
0.017608074471354485
-0.009602675214409828
0.030551087111234665
-0.013069779612123966
-0.004119959659874439
-0.026190267875790596
0.012993719428777695
0.0210561640560627
0.003796701319515705
-0.014045893214643002
-0.0027381887193769217
0.016036150977015495
0.013335992582142353
-0.0149332694709301
0.011656316928565502
-0.018153175711631775
0.02672269195318222
0.005473208148032427
0.032376546412706375
-0.012714829295873642
-0.012562707997858524
-0.017468629404902458
0.045509710907936096
0.009152648970484734
0.001030782237648964
0.0002775030443444848
-0.007587064523249865
-0.010109747759997845
-0.004890075419098139
-0.006113386247307062
0.008068782277405262
0.00019817402062471956
0.00454146321862936
-0.020549092441797256
0.008664592169225216
-0.0007209929754026234
-0.020916718989610672
0.019332118332386017
-0.003723809728398919
-0.023464756086468697
0.016036150977015495
-0.009044895879924297
0.008537824265658855
0.03633170574903488
0.020143434405326843
-0.022349197417497635
-0.0033815361093729734
0.012093666940927505
-0.013576852157711983
0.014109277166426182
0.011092199012637138
-0.027128349989652634
0.006183108780533075
-0.021360406652092934
-0.020751919597387314
-0.0021106870844960213
-0.02047303132712841
-0.011269674636423588
-0.014400843530893326
0.006145078223198652
-0.009222371503710747
-0.020942071452736855
-0.0049185981042683125
-0.01060414221137762
0.010578788816928864
0.012708491645753384
0.004047068301588297
-0.00673771882429719
0.029308760538697243
-0.05002265051007271
-0.03283290937542915
0.012290156446397305
0.016657313331961632
-0.009729443117976189
0.0365852415561676
-0.0014776394236832857
-0.006059510167688131
0.045002635568380356
-0.015529079362750053
-0.02051106095314026
-0.01717706210911274
0.00447807926684618
0.007308174856007099
0.003964669071137905
0.013462760485708714
0.01164997834712267
-0.0021122717298567295
0.010344267822802067
0.022805562242865562
-0.002505252370610833
0.019889898598194122
0.002359469188377261
-0.02194353938102722
0.0017684134654700756
-0.00917800236493349
0.03366957977414131
-0.016454486176371574
0.01214437372982502
-0.002129702363163233
-0.021677326411008835
-0.007580725941807032
0.008683607913553715
0.0030281704384833574
-0.04444485902786255
-0.010109747759997845
-0.016492515802383423
-0.016137564554810524
-0.02198156900703907
0.0014277244918048382
-0.030221490189433098
-0.009894241578876972
-0.0010093901073560119
-0.007092669140547514
-0.0042435587383806705
0.019243381917476654
-0.0013199717504903674
-0.0006813779473304749
-0.004848875571042299
-0.012258464470505714
-0.016543222591280937
0.0056633600033819675
-0.019953282549977303
0.047309815883636475
0.0118718221783638
-0.01499665342271328
-0.016555899754166603
-0.013868418522179127
-0.05243124067783356
0.010648511350154877
0.03412594273686409
0.026646632701158524
0.0072954981587827206
0.010141439735889435
0.007739185821264982
0.028091786429286003
-0.003571688197553158
0.0028094956651329994
-0.02515077032148838
0.001176565419882536
-0.03519079461693764
0.0027223427314311266
-0.009463231079280376
-0.018026407808065414
-0.023718291893601418
-0.009209694340825081
0.02730582468211651
0.011237982660531998
0.006430306471884251
0.0182926207780838
-0.02120828442275524
-0.030880682170391083
0.008315980434417725
0.00619895476847887
0.014476904645562172
-0.0012819413095712662
-0.017468629404902458
-0.01379235740751028
0.009881565347313881
0.013767004013061523
-0.0018920123111456633
-0.022323843091726303
0.0017921824473887682
0.016289686784148216
-0.013614882715046406
0.009609013795852661
0.0003858500858768821
-0.008043428882956505
-0.004690415691584349
-0.016872819513082504
0.004715769551694393
-0.01701226457953453
-0.004021714441478252
0.02722976543009281
-0.0023578847758471966
-0.008005398325622082
-0.005010504741221666
-0.015807969495654106
-0.02271682396531105
-0.014362813904881477
0.017544690519571304
-0.02445354498922825
0.01675872877240181
-0.009551968425512314
-0.021360406652092934
-0.02880168706178665
-0.03219906985759735
-0.0137289734557271
0.014337459579110146
-0.013272608630359173
-0.010097070597112179
0.023046420887112617
0.0050421967171132565
0.007270144298672676
0.001765244291163981
0.002555959625169635
-0.02428874745965004
-0.015744585543870926
0.017215093597769737
-0.018761662766337395
0.0023182695731520653
-0.009235048666596413
0.003761840285733342
0.03136240318417549
-0.003837900934740901
0.0268241073936224
-0.05765408277511597
0.014717764221131802
0.21804094314575195
-0.016061505302786827
0.0032674449030309916
0.020992780104279518
-0.027255117893218994
-0.008303303271532059
0.022539349272847176
0.00305193942040205
-0.000455572473583743
0.01893913745880127
-0.0025527903344482183
-0.020980102941393852
-0.008442748337984085
0.0042435587383806705
0.003151769284158945
-0.03146381676197052
-0.052532657980918884
-0.009539291262626648
0.029663709923624992
0.014007863588631153
0.019889898598194122
0.0069595626555383205
-0.0038759312592446804
-0.012347202748060226
0.03732049837708473
-0.0002374919131398201
-0.0075110034085810184
0.005761605221778154
0.021474497392773628
0.008354010991752148
-0.0038474085740745068
-0.014667056500911713
0.01659392938017845
-0.011751392856240273
-0.00913363415747881
0.001285902806557715
0.015453018248081207
-0.02403521165251732
0.01517412904649973
0.004753799643367529
0.042213741689920425
-0.028522798791527748
0.0013144256081432104
-0.007346204947680235
-0.004002699162811041
0.04966770112514496
0.014071247540414333
-0.021588589996099472
0.011548563838005066
-0.001593315158970654
-0.025581780821084976
0.019826514646410942
0.019230704754590988
0.01347543764859438
-0.007327190134674311
0.018317975103855133
0.01682211272418499
0.009609013795852661
0.01686014235019684
-0.004623862449079752
0.011979575268924236
0.022501317784190178
-0.003853746922686696
0.03521614894270897
-0.017633426934480667
0.015376957133412361
-0.02425071783363819
-0.019179997965693474
-0.014400843530893326
-0.015402311459183693
0.01044568233191967
0.006788426078855991
-0.010965431109070778
0.011852807365357876
-0.01883772388100624
-0.012550030834972858
0.021829448640346527
0.027660775929689407
0.01251200120896101
0.026038145646452904
-0.02963835746049881
0.011383765377104282
-0.04429273679852486
-0.001822289894334972
-0.00016658107051625848
-0.030551087111234665
0.012531016021966934
0.00044764947961084545
0.0017985209124162793
-0.03169199824333191
-0.010800632648169994
-0.0010696048848330975
-0.001104466151446104
-0.02579728700220585
-0.001687598880380392
0.003009155159816146
-0.0004432918212842196
0.01983918994665146
-0.007314512971788645
3.1815795864531538e-06
0.008968835696578026
0.03726978972554207
0.01711367815732956
0.0049407826736569405
-0.013057103380560875
0.014971300028264523
-0.026291681453585625
0.00030127205536700785
0.0019965958781540394
-0.04168131574988365
-0.0010196900693699718
-0.028700273483991623
-0.013652912341058254
-0.01257538516074419
0.005213333759456873
0.006693350151181221
0.010553435422480106
-0.01874898560345173
0.02999330684542656
0.005926403682678938
-0.007339866831898689
-0.007536357268691063
-0.00018094149709213525
0.01060414221137762
0.0030186627991497517
0.0031010620296001434
-0.062116317451000214
0.013589528389275074
-0.0366613045334816
-0.02534092217683792
0.012619753368198872
-0.016669990494847298
0.01634039357304573
0.021740710362792015
-0.006788426078855991
0.004522447939962149
-0.0016368917422369123
-0.022019600495696068
0.017481306567788124
-0.005596806760877371
0.01041399035602808
-0.009469568729400635
0.0274579469114542
-0.0031422616448253393
0.018406713381409645
0.0033878746908158064
0.007175068370997906
-0.005466869566589594
-0.016872819513082504
0.0011892422335222363
-0.000635424570646137
-0.0308553297072649
-0.012100004591047764
-0.015529079362750053
-0.001635307096876204
0.026545217260718346
-0.014261399395763874
0.01174505427479744
0.009158987551927567
0.01707564853131771
-0.030804622918367386
0.0025543749798089266
0.029942600056529045
0.0012756029609590769
0.0061038788408041
0.0032674449030309916
-0.155975341796875
0.005622160620987415
0.03592604771256447
-0.0056475140154361725
0.0023404541425406933
-0.026012791320681572
0.02611420676112175
0.012683137319982052
-0.01954762451350689
-0.017734842374920845
0.006037325598299503
-0.0011052584741264582
-0.05476377159357071
-0.025480367243289948
0.0004975643823854625
-0.011992252431809902
-0.034658368676900864
-0.004769645631313324
0.045864660292863846
0.013716297224164009
0.006449321750551462
-0.00905123446136713
-0.009399846196174622
0.0091653261333704
0.008575854822993279
-0.0008572685765102506
-0.02636774256825447
0.014350136741995811
-0.003150184638798237
-0.013703620061278343
0.014717764221131802
-0.006468337029218674
0.02902987040579319
0.00474112294614315
-0.015288219787180424
-0.0018238745396956801
-0.005387639626860619
-0.015592463314533234
-0.012860612943768501
0.025455012917518616
0.003796701319515705
0.01251200120896101
0.0056475140154361725
0.002212101360782981
0.02009272761642933
-0.001078320201486349
0.011928868480026722
-0.0008128997287712991
0.023223895579576492
-0.012264803051948547
0.03579927980899811
0.0023309465032070875
0.011326720006763935
0.0015235928585752845
0.008835729211568832
0.02181677147746086
0.0060690175741910934
-0.007504665292799473
0.01637842506170273
-0.006744057405740023
0.0034797813277691603
-0.0025591289158910513
-0.005650683306157589
0.028827041387557983
0.024073241278529167
-0.013424730859696865
-0.00892446655780077
0.02758471481502056
-0.053039729595184326
0.015338927507400513
-0.0005324255907908082
-0.03313715383410454
0.02588602341711521
-0.0035558422096073627
0.004348142072558403
0.01121262926608324
-0.012765537016093731
0.026545217260718346
-0.001749398303218186
-0.01646716147661209
-0.026798753067851067
0.05598074570298195
-0.019243381917476654
-0.0002983009326271713
-0.01753201335668564
-0.00836034957319498
-0.029105931520462036
0.007384235505014658
0.015871353447437286
0.005130934529006481
0.009095603600144386
-0.049135275185108185
-0.024174656718969345
-0.005054873879998922
0.007339866831898689
0.020713889971375465
0.017341861501336098
-0.015579786151647568
0.006316215265542269
-0.007143376395106316
0.0074095893651247025
0.013399376533925533
-0.01768413558602333
0.018825046718120575
0.014375490136444569
-0.007599741220474243
0.015262866392731667
0.0009127295343205333
0.021867478266358376
0.0037871936801820993
-0.02582263946533203
0.022691471502184868
0.02550571970641613
0.015288219787180424
0.009995656087994576
0.010661188513040543
-0.015440341085195541
0.0008109189802780747
0.017062971368432045
-0.020257525146007538
0.057501960545778275
-0.012150712311267853
-0.007682140450924635
-0.002213686006143689
-0.005983449053019285
-0.04933810234069824
-0.11642372608184814
-0.03932343050837517
0.0373712033033371
0.025809964165091515
0.011035153642296791
0.004538293927907944
0.0013144256081432104
0.002384822815656662
-0.03240190073847771
0.006259169429540634
-0.03121027909219265
-0.0203842930495739
0.01038229838013649
0.0008517224341630936
-0.006921532563865185
0.026900168508291245
0.010724572464823723
0.011700686067342758
-0.006908855400979519
0.014109277166426182
0.011890837922692299
-0.00039080195710994303
-0.004062914289534092
-0.0028871409595012665
0.00543834688141942
0.015250189229846
-0.040261514484882355
0.01694888062775135
0.01602347381412983
0.009666059166193008
-0.005821819882839918
-0.005767943803220987
-0.005958095658570528
-0.011434473097324371
0.03349210321903229
-0.01549104880541563
-0.011320381425321102
0.0075490339659154415
0.02649451047182083
-0.011643639765679836
0.009805504232645035
0.015262866392731667
0.009399846196174622
-0.05238053575158119
0.01627700962126255
-0.008144843392074108
-0.021512528881430626
0.01621362566947937
0.007130699697881937
-0.020587122067809105
-0.010768940672278404
-0.01589670591056347
-0.050200123339891434
0.0017272138502448797
0.0022168552968651056
0.028142495080828667
-0.004842537455260754
-0.0019553962629288435
-0.020929396152496338
-0.038081105798482895
0.010730910114943981
0.005878865718841553
-0.008544162847101688
0.02722976543009281
0.015541755594313145
0.0008287457749247551
-0.027052288874983788
-0.004988320637494326
0.013285285793244839
-0.0091463103890419
-0.0032611065544188023
-0.005907388404011726
0.0045351251028478146
0.009044895879924297
-0.017227770760655403
0.030297549441456795
-0.031007450073957443
-0.0008604377508163452
-0.016327718272805214
0.014730440452694893
0.004066083580255508
-0.009038558229804039
-0.022691471502184868
0.0005110334604978561
0.01663196086883545
0.020168786868453026
0.009811842814087868
-0.006224308628588915
0.007796231657266617
-0.01996595971286297
0.001546569517813623
0.03473443165421486
0.0037016253918409348
-0.009602675214409828
0.008683607913553715
0.009184340946376324
0.030500378459692
-0.004487587139010429
-0.017278477549552917
0.030931390821933746
-0.017126355320215225
0.014857208356261253
-0.05613286793231964
0.001307294936850667
0.002326192567124963
-0.0019284581067040563
-0.019877221435308456
0.014667056500911713
0.03214836120605469
-0.020460354164242744
0.016302363947033882
0.012328187003731728
-0.025049354881048203
0.007276482880115509
-0.018305297940969467
0.008873759768903255
-0.03366957977414131
-0.024364808574318886
0.015820644795894623
-0.006043664179742336
-0.0012383648427203298
0.01270215306431055
0.02755936235189438
-0.005124595947563648
0.022121014073491096
0.014020539820194244
-0.0234267245978117
0.022742178291082382
-0.006341568659991026
-0.0033498441334813833
-0.0036984561011195183
0.01954762451350689
0.0072954981587827206
-0.02368026040494442
-0.022032277658581734
0.023667585104703903
9.814615623326972e-05
-0.007707493845373392
0.01868560165166855
0.02951158955693245
0.014755794778466225
0.06069651618599892
-0.013488114811480045
-0.013868418522179127
0.036990899592638016
-0.025074709206819534
-0.015250189229846
-0.009742120280861855
-0.007441281341016293
-0.010768940672278404
0.002906156238168478
-0.0045034331269562244
0.025163445621728897
0.02118293195962906
-0.01852080412209034
-0.04226445034146309
-0.007035623770207167
0.026671985164284706
0.0024767296854406595
0.002052056835964322
0.007606079336255789
-0.006934209261089563
0.024998648092150688
-0.020143434405326843
-0.007707493845373392
-0.003156522987410426
0.01678408309817314
-0.0068201180547475815
-0.008880097419023514
0.0008564762538298965
-0.011206290684640408
-0.024631021544337273
0.00911461841315031
0.0026114205829799175
0.010014671832323074
0.022285813465714455
0.016454486176371574
-0.01726580038666725
0.0010196900693699718
-0.007099007721990347
0.007599741220474243
0.04109818488359451
-0.01360220555216074
0.010433006100356579
-0.009970302693545818
0.020688535645604134
0.011624624952673912
0.015009330585598946
0.016771405935287476
0.0018619048641994596
-0.029334113001823425
0.009799165651202202
-0.009336462244391441
0.006446152459830046
-0.021651973947882652
0.008385702967643738
-0.023629553616046906
0.011814776808023453
0.011846468783915043
-0.019370149821043015
0.010578788816928864
0.02963835746049881
0.03828393295407295
-0.0014150476781651378
0.000536387087777257
-0.021804094314575195
-0.029663709923624992
-0.012923996895551682
-0.02684946171939373
-0.031387753784656525
0.009532952681183815
0.008854744024574757
0.0005142026930116117
-0.01462902594357729
0.025100061669945717
0.009190679527819157
-0.03364422544836998
0.0007380273891612887
0.011326720006763935
-0.01954762451350689
-0.020561767742037773
-0.003932977095246315
-0.011415457352995872
0.015275543555617332
0.015376957133412361
-0.0014205938205122948
0.005786959081888199
-0.006281353998929262
0.023908443748950958
0.007891307584941387
0.0018064439063891768
0.0036319030914455652
-0.023692937567830086
-0.008639238774776459
-0.03123563341796398
-0.030398964881896973
-0.017037618905305862
-0.031058158725500107
0.02111954800784588
0.010965431109070778
-0.021867478266358376
0.08250060677528381
0.007942014373838902
-0.010673864744603634
0.012429601512849331
0.009006866253912449
-0.0067123654298484325
-0.0069659012369811535
-0.002555959625169635
-0.0046206931583583355
0.010166793130338192
0.01980116032063961
-0.01682211272418499
0.015136098489165306
-0.026393096894025803
0.004696754273027182
0.016543222591280937
-0.011269674636423588
0.0240985956043005
0.00517530320212245
0.017189739271998405
0.018317975103855133
0.006636304315179586
-0.0014308936661109328
0.017024941742420197
-0.030322903767228127
-1.0819846465892624e-05
0.027407240122556686
-0.014400843530893326
-0.009976641274988651
-0.01774751953780651
0.005070719867944717
0.006902517285197973
-0.047183047980070114
-0.026621278375387192
-0.01074992585927248
-0.01248030923306942
0.005866189021617174
-0.03306109085679054
7.854911018512212e-06
0.00113536580465734
0.0009119372698478401
0.0071116844192147255
-0.018609540536999702
-0.04130101203918457
-0.03374563902616501
-0.007244790904223919
-0.029004516080021858
0.011161921545863152
-0.013221901841461658
