0.001646848046220839
-0.013220125809311867
0.01353751216083765
-0.003293696092441678
-0.027308205142617226
0.01248819287866354
-0.04376049339771271
-0.00364670786075294
-0.02878502570092678
-0.034821849316358566
-0.012280919589102268
0.015117967501282692
-0.0076172794215381145
0.009158872067928314
-0.005440914072096348
-0.006117789540439844
0.03559912368655205
-0.0012274442706257105
0.018071606755256653
-0.007014892529696226
-0.00216179178096354
-0.0010420321486890316
-0.006658642087131739
-0.012216147035360336
-0.04168776422739029
0.009210689924657345
0.011289896443486214
-0.028474116697907448
-0.005087902303785086
0.00033438950777053833
0.003232161980122328
-0.0024338373914361
-0.011102055199444294
-0.004449890460819006
-0.009774213656783104
0.004028866998851299
-0.001414475729689002
0.016270924359560013
0.029691845178604126
0.01840842515230179
0.014172284863889217
-0.008355689235031605
0.007163870148360729
-0.0024613658897578716
-0.0061113121919333935
0.011749783530831337
-0.00845284853130579
-0.014845922589302063
-0.02062365412712097
0.02821502462029457
0.013226602226495743
0.011082623153924942
-0.009638190269470215
0.0026232977397739887
-0.022735247388482094
-0.00949569046497345
-0.016840923577547073
0.01253353338688612
-0.003507446264848113
-0.0030054571107029915
0.006247335113584995
-0.005243356805294752
-0.011179782450199127
0.01400387566536665
0.011749783530831337
0.017682969570159912
-0.019302289932966232
-0.010499668307602406
-0.005900800693780184
-0.006891824305057526
0.015804558992385864
0.006852960679680109
-0.018952516838908195
-0.0077144387178123
0.03572866693139076
0.012792624533176422
-0.033396847546100616
-0.037930943071842194
0.002563382964581251
0.020105471834540367
0.003439434804022312
-0.009489213116466999
-0.021012291312217712
0.006176085211336613
0.016840923577547073
-0.00324187777005136
0.01882297173142433
0.016413424164056778
-0.001630654907785356
-0.019975926727056503
-0.014599785208702087
0.020960472524166107
0.009826031513512135
0.015519559383392334
-0.010266486555337906
0.009515122510492802
-0.01746274344623089
0.011840465478599072
-0.016685469076037407
-0.03948548808693886
-0.0018670755671337247
0.002407928230240941
-0.02204865589737892
-0.008394553326070309
-0.05259549990296364
0.029665935784578323
-0.009178303182125092
0.011056714691221714
0.016866832971572876
-0.023914111778140068
0.008575916290283203
0.03710184991359711
-0.01462569460272789
-0.02062365412712097
0.030158208683133125
-0.012352170422673225
0.015066149644553661
-0.019354108721017838
-0.0006129124667495489
-0.009392053820192814
0.017644107341766357
-0.0041260262951254845
0.027670932933688164
-0.0037244351115077734
0.02686775103211403
0.021426837891340256
-0.02829275280237198
-0.004731651861220598
-0.028629571199417114
-0.01765706017613411
-0.005583413876593113
0.000995881506241858
0.007578415796160698
-0.012002397328615189
0.0025714796502143145
-0.00053073198068887
-0.013278421014547348
0.015169786289334297
-0.019159790128469467
-0.03469230234622955
0.024445248767733574
0.02137501910328865
-0.01182751078158617
-0.03057275526225567
-0.004845004063099623
0.01310353446751833
0.036713212728500366
0.02316274866461754
0.01097898744046688
0.01419819425791502
0.009618758223950863
-0.039822306483983994
0.008362166583538055
-0.011127964593470097
0.008485234342515469
-0.0014217626303434372
0.011957055889070034
0.0071897790767252445
0.0065064262598752975
-0.00040908061782829463
0.0029568776953965425
0.005356709472835064
0.006159891840070486
2.9147753593861125e-05
0.0035430712159723043
0.01059682760387659
0.01253353338688612
-0.002726934151723981
0.019302289932966232
-0.003096139058470726
-0.00342971901409328
0.03274912014603615
-0.041376855224370956
0.01594705879688263
0.005243356805294752
0.02631070464849472
0.012559442780911922
0.012229101732373238
-0.01229387428611517
-0.018537970259785652
-0.02118070051074028
0.0047964248806238174
0.01890069805085659
0.017695924267172813
-0.027100933715701103
0.0270750243216753
0.017346151173114777
0.011173305101692677
-0.001990143908187747
-0.001813638024032116
0.030132299289107323
0.012429897673428059
-0.0002246805961476639
0.0022816213313490152
-0.642131507396698
-0.00030848037567920983
0.0026670193765312433
-0.0061436984688043594
0.015675013884902
-0.0002635442651808262
0.01272137463092804
0.026712296530604362
0.010136940516531467
-0.020196154713630676
0.00772091606631875
0.0071703470312058926
0.008867394179105759
-0.011263987049460411
-0.015726832672953606
-0.026841841638088226
0.007766257040202618
-0.019639108330011368
0.026271840557456017
-0.03961503505706787
-0.015921151265501976
0.011244555003941059
0.0034847757779061794
0.020014790818095207
-0.013809558004140854
0.008200234733521938
0.008990462869405746
-0.011846941895782948
0.004411026835441589
0.01671137847006321
-0.02137501910328865
0.023395929485559464
0.027489569038152695
0.02137501910328865
0.05586005002260208
0.029873209074139595
-0.027178660035133362
0.007448870223015547
0.026090478524565697
0.018732288852334023
0.001980427885428071
-0.003533355426043272
0.006564721930772066
-0.0021601724438369274
0.029095934703946114
0.003303412115201354
0.02365502156317234
-0.01833069883286953
-0.0025050875265151262
0.019392970949411392
-0.018356606364250183
0.0009456826373934746
0.013420920819044113
-0.009392053820192814
0.00360784400254488
-0.011710919439792633
-0.0011642908211797476
0.007092619780451059
0.00042911971104331315
0.01926342584192753
0.008958076126873493
0.00972887221723795
-0.015506604686379433
-0.017605243250727654
-0.007759779691696167
0.009417963214218616
-0.020377518609166145
-0.020584790036082268
0.026258887723088264
-0.025092976167798042
-0.0004955118056386709
0.0166336502879858
0.003575457725673914
-0.011743306182324886
0.01140648778527975
0.008698984980583191
0.02317570149898529
0.004304151516407728
-0.021141836419701576
0.026530932635068893
-0.013472739607095718
-0.01623206026852131
-0.03259366378188133
0.012021828442811966
0.009903758764266968
-0.05041913688182831
-0.005884607322514057
-0.011160350404679775
0.009715917520225048
0.02176365628838539
-0.018576834350824356
0.013446830213069916
0.008556485176086426
-0.02005365490913391
0.009009893983602524
0.037075940519571304
0.01059035025537014
-0.0018589788815006614
0.01653001457452774
-0.011613760143518448
0.007986484095454216
-0.016840923577547073
0.002783610485494137
-0.0025617636274546385
0.025533432140946388
0.005538072902709246
0.008588870987296104
0.004864436108618975
0.03601366654038429
-0.023577293381094933
0.001740768551826477
-0.01783842407166958
-0.011600805446505547
-0.011561942286789417
-0.02384934015572071
-0.02818911522626877
0.009275462478399277
0.0014428137801587582
0.016193196177482605
-0.031220482662320137
0.015649104490876198
0.002292956691235304
0.005904039368033409
0.01040250901132822
-0.022851837798953056
0.03057275526225567
-0.024859795346856117
0.00520125450566411
-0.015299331396818161
-0.02488570474088192
0.004741367883980274
-0.028344569727778435
0.023680930957198143
-0.0035398327745497227
0.015597286634147167
-0.014250013045966625
0.009016371332108974
-0.004560003988444805
-0.009158872067928314
0.003243497107177973
-0.02344774827361107
-0.028759116306900978
0.011982965283095837
-0.011283419094979763
-0.030831845477223396
-0.035754576325416565
-0.010901259258389473
0.0035689803771674633
-0.023499567061662674
0.012397510930895805
-0.013874330557882786
-0.0021553144324570894
-0.04909776896238327
-0.017682969570159912
0.0030248891562223434
-0.02545570395886898
-0.0059396643191576
0.016219105571508408
-0.023603202775120735
-0.006755801383405924
0.007228642702102661
-0.012773193418979645
-0.007073188200592995
0.025092976167798042
-0.01548069529235363
0.014405467547476292
0.01206716988235712
0.019703881815075874
-0.025377977639436722
-0.048683226108551025
0.010609782300889492
0.01813638024032116
0.009690008126199245
0.02638843283057213
0.033578213304281235
0.0005416623898781836
-0.008847962133586407
0.015506604686379433
-0.009618758223950863
-0.018291834741830826
-0.004799663554877043
0.039822306483983994
-0.009916713461279869
-0.01311001181602478
-0.009573417715728283
0.011607282795011997
0.009107053279876709
0.013485693372786045
0.008537053130567074
-0.008718417026102543
0.018460243940353394
0.0036240373738110065
-0.013258988969027996
0.017734788358211517
-0.005110572557896376
0.005861937068402767
-0.007837506942451
-0.006406028289347887
0.016413424164056778
0.005311368498951197
0.02119365520775318
0.001524589373730123
0.03202366456389427
-0.014729331247508526
-0.003951139748096466
-0.006684551481157541
-0.006545289885252714
-0.005790687166154385
0.04959004372358322
0.0047348905354738235
0.022527974098920822
-0.009262507781386375
-0.018447289243340492
-0.02194502018392086
0.003934946842491627
0.030417298898100853
-0.0036143213510513306
0.005457106977701187
-0.016413424164056778
0.0014387654373422265
-0.01272785197943449
-0.030598662793636322
0.01689274236559868
-0.0032807416282594204
-0.008336257189512253
0.024924566969275475
-0.00322730396874249
-0.005016652401536703
0.013090579770505428
0.0012768334709107876
0.0118793286383152
0.0013416062574833632
0.0031868210062384605
0.029614116996526718
0.021232519298791885
0.017514560371637344
0.031090937554836273
-0.011808078736066818
0.04632549732923508
-0.0072221653535962105
0.013382057659327984
0.03961503505706787
8.926499140216038e-05
-0.006299153435975313
0.02610343135893345
-0.0006096738507039845
0.024820931255817413
-0.014742285944521427
-0.01585637778043747
0.004605344962328672
0.0026767353992909193
0.019405925646424294
-0.00935318972915411
-0.03381139412522316
0.00954103097319603
-0.0308577548712492
0.008847962133586407
0.01699637807905674
0.00044288390199653804
0.03160911798477173
-0.0067622787319123745
0.023292293772101402
-0.00626676669344306
0.019794562831521034
0.0015164928045123816
-0.009651144966483116
-0.017022287473082542
-0.003925230819731951
-0.04438231140375137
-0.010933646000921726
-0.008608303032815456
-0.021996837109327316
0.0032953154295682907
0.01737206056714058
0.007908756844699383
0.019807517528533936
-0.007079665549099445
-0.014250013045966625
0.00035888171987608075
0.019069107249379158
-0.02904411591589451
-0.03303411975502968
0.009243076667189598
0.015299331396818161
-0.0069565968587994576
-0.006273244041949511
-0.0092560313642025
-0.01144535094499588
-0.033759575337171555
0.014988422393798828
0.002798184286803007
0.004381878767162561
0.0021650302223861217
-0.0013140778755769134
-0.008323302492499352
-0.010765236802399158
0.03826776146888733
-0.006457846611738205
0.007520120125263929
0.005531596019864082
-0.0065485285595059395
-0.011970010586082935
-0.019069107249379158
0.0024678430054336786
0.053994592279195786
0.015027286484837532
-0.04394185543060303
0.011548987589776516
0.003944662399590015
-0.003314747242256999
0.0006865914911031723
-0.004789947532117367
-0.006567960139364004
0.017035242170095444
0.012630692683160305
0.0029018206987529993
0.017125925049185753
0.0007736299303360283
0.023577293381094933
-0.003008695784956217
0.012222624383866787
0.0065809148363769054
-0.011322283186018467
0.018861835822463036
0.029484571889042854
0.0012185380328446627
-0.029018208384513855
0.03645412251353264
0.01011750940233469
-0.008465803228318691
-0.014172284863889217
-0.02917366288602352
-0.008899780921638012
-0.01783842407166958
0.0001544426049804315
-0.01605069637298584
0.011769214645028114
-0.005589891225099564
0.0016873310087248683
0.008206712082028389
-0.009411485865712166
-0.021038200706243515
0.026712296530604362
7.479232590412721e-05
0.023240474984049797
-0.012669556774199009
0.013459784910082817
0.014535012654960155
0.023901157081127167
0.006159891840070486
0.0417654924094677
0.018123425543308258
0.007040801923722029
-0.02195797488093376
-0.008381598629057407
0.011717396788299084
0.01976865343749523
0.003928469493985176
-0.011613760143518448
0.014081603847444057
0.017916152253746986
0.030184118077158928
-0.0067622787319123745
0.008718417026102543
0.034148212522268295
0.0266086608171463
0.006464323960244656
-0.0026767353992909193
0.009288417175412178
-0.029743662104010582
-0.0004768896324094385
0.03303411975502968
-0.005117049906402826
-0.011950578540563583
0.002464604564011097
0.022113429382443428
0.0038215944077819586
0.0024532692041248083
-0.0012023447779938579
0.012695466168224812
0.015273422934114933
0.03246412053704262
-0.02193206548690796
-0.021206609904766083
0.001472771167755127
-0.041843220591545105
0.01882297173142433
-0.01625796966254711
-0.008537053130567074
-0.0016954276943579316
-0.002309149829670787
-0.003931708168238401
-0.02270933799445629
0.02829275280237198
0.007254552096128464
-0.03710184991359711
-0.023901157081127167
-0.001268736901693046
-0.011302851140499115
0.019794562831521034
0.017397969961166382
-0.015752742066979408
-0.009644667617976665
0.007954098284244537
-0.014042739756405354
-0.014353648759424686
0.025909114629030228
-0.02935502678155899
-0.019315244629979134
0.023991839960217476
-0.02137501910328865
-0.011134441941976547
0.0032807416282594204
0.011341714300215244
-0.020740246400237083
-0.005253072828054428
-0.012928647920489311
-0.016011832281947136
0.0005274933646433055
0.019522517919540405
0.01623206026852131
0.010221145115792751
0.023382974788546562
-0.0342259407043457
-0.008122507482767105
-0.004430458415299654
-0.005334038753062487
0.004336537793278694
0.01869342476129532
0.01585637778043747
-0.01272137463092804
0.010227622464299202
-0.01562319602817297
-0.01956138014793396
0.009249554015696049
0.011127964593470097
-0.004148697014898062
0.007954098284244537
7.135127088986337e-05
-0.004932447336614132
-0.019418880343437195
0.035288214683532715
0.02031274512410164
-0.014250013045966625
-0.008822053670883179
-0.05168868228793144
-0.0022767633199691772
0.010467281565070152
-0.016491150483489037
0.024471158161759377
-0.011950578540563583
-0.016685469076037407
-0.0028062809724360704
0.0019350869115442038
-0.0005736439488828182
0.03412230312824249
-0.02725638821721077
-0.022851837798953056
-0.01767001487314701
-0.0036240373738110065
-0.01168501004576683
0.011328759603202343
-0.010609782300889492
0.0011100436095148325
-0.0010841344483196735
0.00788284745067358
0.01167853269726038
-0.03287866711616516
0.035365939140319824
-0.02546865865588188
-0.007183301728218794
-0.009560463018715382
0.004138980992138386
0.017125925049185753
-0.01457387674599886
0.011361146345734596
0.0038345488719642162
0.00041697479900904
-0.017449788749217987
-0.033189576119184494
-0.019613198935985565
-0.008336257189512253
0.01097898744046688
-0.006124266888946295
0.02088274620473385
-0.029406843706965446
-0.005719436798244715
0.0008614780381321907
0.002694547874853015
0.0015755980275571346
0.0009124865755438805
-0.030650481581687927
-0.033655937761068344
0.024484112858772278
0.03171275556087494
0.0047769928351044655
-0.0028095196466892958
-0.021880246698856354
-0.0114000104367733
0.051429592072963715
-0.01643933355808258
-0.021051155403256416
-0.00028155918698757887
-0.00698250625282526
-0.0067817107774317265
0.009508645161986351
-0.027126843109726906
0.015027286484837532
-0.014651603996753693
-0.018395470455288887
0.019431835040450096
0.0010857537854462862
0.010577395558357239
-0.005175345577299595
0.0455741323530674
-0.009910236112773418
-0.004168128594756126
0.015040240250527859
0.014081603847444057
-0.0017699163872748613
0.017929106950759888
-0.03412230312824249
0.013628194108605385
0.029199570417404175
0.012235579080879688
-0.015713877975940704
-0.006415744312107563
0.022178201004862785
-0.0017844901885837317
0.018667517229914665
0.014275921508669853
-0.013705921359360218
0.00553483422845602
0.0018589788815006614
0.003000599332153797
-0.023525474593043327
0.004903299733996391
-0.0011853419709950686
0.0011456686770543456
0.004569720011204481
-0.0007205972215160728
0.017255470156669617
-0.018162289634346962
-0.004964834079146385
0.0016581832896918058
-0.040029581636190414
0.04072912782430649
-0.0006088641821406782
0.031298208981752396
0.021996837109327316
-0.0024678430054336786
-0.021880246698856354
0.0006712079630233347
0.022385474294424057
-0.02925138920545578
0.025041159242391586
-0.0062829600647091866
0.011121487244963646
-0.0032580711413174868
-0.0003485585330054164
0.035184577107429504
-0.02071433700621128
-0.009858418256044388
0.01291569322347641
0.0036726167891174555
-0.005521879997104406
-0.010123985819518566
0.011089100502431393
-0.009145917370915413
0.033578213304281235
-0.016491150483489037
0.027800479903817177
-0.01020819041877985
-0.004449890460819006
-0.005745346192270517
0.05632641538977623
0.017048196867108345
0.01624501496553421
-0.002417644253000617
-0.0017164788441732526
-0.023499567061662674
-0.00891921203583479
-0.01871933415532112
-0.012125465087592602
-0.007397051900625229
0.03782730549573898
-0.012093079276382923
-0.007915234193205833
-0.010091600008308887
-0.02232070080935955
0.0017019049264490604
-0.004566481336951256
-0.016672514379024506
0.020766153931617737
-0.010195236653089523
0.013258988969027996
0.01927638053894043
0.022359564900398254
-0.011704442091286182
0.00949569046497345
-0.0024111669044941664
-0.018874788656830788
0.006904779002070427
0.017397969961166382
-0.023719793185591698
0.015182740986347198
-0.01125750970095396
0.0036046055611222982
-0.008899780921638012
-0.02356433868408203
-0.002412786241620779
-0.01985933631658554
0.009521598927676678
-0.02772275172173977
-0.008485234342515469
0.0007610802422277629
-0.0069565968587994576
0.02943275310099125
-0.0034685826394706964
0.01927638053894043
0.01698342338204384
0.007805120665580034
-0.05715550482273102
-0.01634865067899227
-0.008413984440267086
0.0016986662521958351
0.008893303573131561
0.025870250537991524
0.0049583567306399345
-0.01803274266421795
0.030313663184642792
-0.017605243250727654
-0.023901157081127167
-0.0012501147575676441
-0.01482001319527626
-0.0037341511342674494
-0.022152291610836983
-0.00893216673284769
0.014016830362379551
-0.02725638821721077
-0.007487733848392963
0.0014590069185942411
-0.02268342860043049
0.012766716070473194
0.005648186895996332
-0.01439251285046339
-0.0012460664147511125
-0.022540928795933723
0.029510481283068657
-0.008854439482092857
0.027023205533623695
-0.025520477443933487
-0.027619116008281708
0.0036240373738110065
-0.006133982911705971
0.027230478823184967
-0.018447289243340492
0.00360784400254488
-0.004822333808988333
-0.00455676531419158
-0.02213933691382408
0.02441933937370777
-0.011037282645702362
-0.02070138230919838
-0.0121125103905797
-0.0067817107774317265
0.023875247687101364
0.015325240790843964
-0.004197276663035154
0.0010930406861007214
-0.019341154024004936
-0.012850920669734478
-0.018654562532901764
-2.823688555508852e-05
-0.019587289541959763
0.053165502846241
-0.004019151441752911
-0.011497169733047485
-0.010706941597163677
-0.013602284714579582
-0.04140276461839676
0.005029606632888317
0.02109001949429512
0.036505941301584244
0.02023501880466938
-0.008485234342515469
0.020209109410643578
0.021634109318256378
-0.009592849761247635
0.0030605141073465347
-0.033293209969997406
-0.013084102421998978
-0.0370500311255455
-0.00570000521838665
-0.01182103343307972
-0.01290921587496996
-0.016776151955127716
0.0004530046717263758
0.041376855224370956
-0.011801601387560368
0.009016371332108974
0.009217167273163795
0.0010687509784474969
-0.008141938596963882
0.018512062728405
0.026556842029094696
0.004255571868270636
0.011574896983802319
0.0036110826767981052
-0.014094557613134384
0.0040742079727351665
0.011425918899476528
-0.011704442091286182
-0.029225479811429977
0.006519380956888199
0.019535472616553307
0.007558983750641346
0.0332154855132103
0.0054506296291947365
-0.006623017136007547
-0.0058878459967672825
-0.005256311502307653
-0.005926709622144699
-0.009987963363528252
-0.006716937758028507
0.009372621774673462
0.003669378347694874
-0.02146570011973381
-0.009690008126199245
0.02479502186179161
-0.03212730213999748
-0.0010379839222878218
0.014781149104237556
-0.017631152644753456
0.01330433040857315
-0.013071147724986076
-0.020584790036082268
-0.02355138398706913
-0.02518365904688835
-0.01672433316707611
-0.005123527254909277
-0.01795501634478569
0.0035786963999271393
0.0323086641728878
-0.01869342476129532
-0.00978716742247343
-0.0001307600614381954
0.005366425029933453
-0.015713877975940704
-0.015351150184869766
0.003789207898080349
-0.017333196476101875
-0.006911256350576878
-0.02080501802265644
-0.003892844310030341
0.010739327408373356
0.004942163359373808
0.033370938152074814
-0.047905951738357544
0.008996940217912197
0.1975310891866684
-0.032541848719120026
0.005813357420265675
0.011374101042747498
-0.010415463708341122
0.015221604146063328
0.023680930957198143
0.0007420532056130469
-0.0006311298348009586
0.003559264587238431
0.011276941746473312
-0.014612739905714989
-0.01891365274786949
0.002518041990697384
0.011244555003941059
-0.007196256425231695
-0.02935502678155899
-0.012825011275708675
0.0012671175645664334
0.009055235423147678
0.024820931255817413
0.019807517528533936
-0.027955934405326843
-0.0154418321326375
0.03210139274597168
0.01738501526415348
-0.016685469076037407
0.0007388145895674825
0.03295639157295227
-0.010234099812805653
-0.011548987589776516
0.008284439332783222
-0.004764038138091564
0.001430668868124485
-0.01710001565515995
0.011536032892763615
0.014729331247508526
-0.01377069391310215
0.007934666238725185
0.014599785208702087
0.02335706539452076
-0.010104554705321789
-0.010745804756879807
-0.021439792588353157
-0.013705921359360218
0.05539368465542793
0.0042879581451416016
-0.009936145506799221
-0.009016371332108974
-0.006363925989717245
-0.011957055889070034
0.035858213901519775
0.028992298990488052
0.01643933355808258
-0.000358274468453601
0.0265827514231205
-0.0007108813151717186
-0.0012363505084067583
0.012222624383866787
-0.0022557121701538563
-0.008828530088067055
0.010940123349428177
-0.00934671238064766
0.027049114927649498
0.002892104908823967
0.01286387536674738
-0.02641434222459793
-0.017644107341766357
-0.011270464397966862
-0.011134441941976547
0.019250471144914627
-0.015700923278927803
-0.018265925347805023
0.013861375860869884
-0.01096603274345398
-0.015597286634147167
0.01225501112639904
0.01011103205382824
0.0020516780205070972
0.05060049891471863
-0.026945479214191437
-0.013563421554863453
-0.02241138368844986
-0.01225501112639904
0.014327740296721458
-0.035754576325416565
0.012352170422673225
-0.014949558302760124
0.003627276048064232
-0.030728209763765335
-0.010363645851612091
-0.009573417715728283
0.004381878767162561
-0.01414637640118599
0.010985463857650757
0.016776151955127716
0.0037017646245658398
0.016866832971572876
-0.015726832672953606
-0.006312107667326927
-0.009009893983602524
0.03303411975502968
0.013589330017566681
0.018499108031392097
-0.014262966811656952
0.00313338334672153
-0.02316274866461754
-0.020856836810708046
0.0038021623622626066
-0.03274912014603615
0.01938001625239849
-0.009638190269470215
0.011814556084573269
-0.013744784519076347
-0.02458774857223034
0.005457106977701187
0.012740806676447392
-0.01268251147121191
0.008310348726809025
0.0006768755847588181
-0.004171367269009352
-0.00021840573754161596
-0.012999897822737694
0.012792624533176422
-0.005142959300428629
-0.013420920819044113
-0.04927913472056389
0.019535472616553307
-0.028137298300862312
-0.004255571868270636
0.018265925347805023
-0.026362523436546326
0.02829275280237198
0.01672433316707611
-0.010506145656108856
-0.004239378962665796
-0.009320803917944431
-0.006428699009120464
0.0006157463067211211
0.0008711939444765449
0.029614116996526718
-0.015843423083424568
0.0028483832720667124
-0.0008412365568801761
0.003669378347694874
-0.02089570090174675
0.009579895064234734
-0.00978716742247343
-0.001289788051508367
-0.019237516447901726
-0.01624501496553421
-0.060938235372304916
-0.018499108031392097
-0.010467281565070152
9.887970372801647e-05
0.01606365106999874
-0.041843220591545105
0.001409617718309164
0.001938325585797429
-0.006053016521036625
-0.020364563912153244
0.021012291312217712
0.024199113249778748
-0.014612739905714989
0.007688529323786497
0.0030507980845868587
-0.16208741068840027
0.0014241916360333562
0.007027847226709127
-0.009709440171718597
-0.007980006746947765
0.005363186355680227
0.036428213119506836
0.015597286634147167
-0.016465241089463234
0.003126906231045723
-0.019341154024004936
-0.008141938596963882
-0.03730912506580353
-0.034821849316358566
-0.007584893144667149
-0.0012007254408672452
-0.03730912506580353
-0.006260289810597897
0.02052001841366291
0.010480236262083054
0.019924107939004898
-0.01315535232424736
-0.006610062904655933
-0.002032246207818389
0.0161284226924181
-0.007688529323786497
-0.017695924267172813
0.007448870223015547
0.005826312117278576
-0.006610062904655933
0.014042739756405354
0.02743775211274624
0.022074565291404724
-0.00869250763207674
0.0020030983723700047
0.0015100155724212527
-0.023227520287036896
-0.01329137571156025
-0.01852501556277275
0.020260926336050034
0.0017278140876442194
0.01708706095814705
0.025779567658901215
-0.014301830902695656
-0.0038183557335287333
-0.0011238078586757183
0.03378548473119736
0.005904039368033409
0.027489569038152695
-0.017631152644753456
0.017320241779088974
-0.0030621334444731474
0.007131483405828476
-0.00935318972915411
0.01121216919273138
0.00655500590801239
0.012183761224150658
-0.002189320046454668
0.009061712771654129
0.003079945920035243
-0.014755240641534328
-0.0006230332073755562
0.007306369952857494
0.02554638683795929
0.017035242170095444
-0.022113429382443428
-0.022333655506372452
0.015998877584934235
-0.025377977639436722
0.009664099663496017
-0.008401029743254185
-0.017682969570159912
0.008724894374608994
0.005029606632888317
-0.007125006522983313
0.00646108528599143
-0.007118529174476862
0.019107971340417862
-0.0008509524632245302
-0.008550007827579975
-0.031686846166849136
0.030728209763765335
-0.010260009206831455
-0.008187280036509037
-0.01415933109819889
-0.012630692683160305
-0.013628194108605385
0.011963533237576485
0.017786607146263123
0.02383638545870781
0.005188300274312496
-0.03764594346284866
-0.019872291013598442
0.0009076286223717034
0.006833528634160757
0.016853878274559975
0.008122507482767105
-0.001156194251962006
0.002555286278948188
-0.0035625032614916563
0.024548884481191635
0.004945402033627033
-0.012928647920489311
-0.012093079276382923
0.03715366870164871
-0.02128433622419834
0.01077819149941206
0.004343015141785145
0.024548884481191635
0.0030783265829086304
-0.024626612663269043
-0.0012209670385345817
-0.004362447187304497
-0.007902279496192932
0.024911612272262573
0.013680011965334415
-0.017890242859721184
-0.010888305492699146
0.017501605674624443
-0.012714897282421589
0.07036915421485901
-0.0023771612904965878
-0.006350971758365631
0.011503646150231361
-0.009618758223950863
-0.01822706125676632
-0.10664191097021103
-0.02764502540230751
0.02620706893503666
0.026284795254468918
0.0077144387178123
0.02629774995148182
-0.015260468237102032
0.011419441550970078
-0.008550007827579975
0.020442290231585503
-0.03440730273723602
-0.008971030823886395
0.001336748362518847
0.011153873056173325
0.0009602565551176667
0.0361173041164875
0.012714897282421589
-0.011769214645028114
-0.022670473903417587
0.01936706341803074
0.003013553796336055
0.02317570149898529
-0.007565461099147797
0.01119921449571848
-0.018486153334379196
0.004640969913452864
-0.04039230942726135
0.01890069805085659
0.022968430072069168
-0.01139353308826685
-0.014690467156469822
-0.00137642165645957
0.0065064262598752975
0.003730912460014224
0.02004070021212101
-0.009832508862018585
-0.007746824994683266
-0.014340694062411785
0.015143876895308495
-0.013796603307127953
0.01623206026852131
0.02496343106031418
0.007338756695389748
-0.029380934312939644
-0.0016824731137603521
-0.02563706785440445
0.0029698321595788
0.012928647920489311
0.016568878665566444
-0.033396847546100616
-0.02914775349199772
-0.015467740595340729
-0.041273217648267746
-0.011652624234557152
0.01357637532055378
0.01206716988235712
-0.005139720626175404
0.00645460793748498
-0.006768756080418825
-0.028474116697907448
-0.0011456686770543456
-0.012021828442811966
-0.017734788358211517
0.015675013884902
0.008148415945470333
-0.019133880734443665
-0.017268424853682518
-0.02364206686615944
-0.007358188275247812
0.011089100502431393
-0.0001753925607772544
0.013744784519076347
0.00455676531419158
-0.008375121280550957
-0.008103075437247753
0.03412230312824249
-0.028551843017339706
-0.004893583711236715
-0.013744784519076347
0.0019869052339345217
-0.003209491493180394
-0.00868603028357029
-0.014535012654960155
-0.009230121970176697
0.00077767827315256
0.014262966811656952
0.01268251147121191
0.010804100893437862
0.0019933823496103287
-0.01928933523595333
0.010013872757554054
0.03580639511346817
0.010868873447179794
-0.007766257040202618
0.01671137847006321
-0.009579895064234734
0.012410465627908707
-0.009340235963463783
-0.022735247388482094
0.010901259258389473
-0.019107971340417862
0.003876651171594858
-0.05518641322851181
0.008524098433554173
0.015713877975940704
-0.0242250207811594
0.002085683634504676
-0.0011804839596152306
0.0313759371638298
-0.01244285237044096
0.0009926429484039545
0.007902279496192932
-0.011905238032341003
0.005363186355680227
-0.027385933324694633
-0.0034977304749190807
-0.024639567360281944
-0.017812516540288925
0.016413424164056778
0.009132962673902512
0.001339177368208766
0.016568878665566444
0.0041163102723658085
-0.004615060985088348
0.01891365274786949
0.017359105870127678
-0.024237975478172302
0.0008801002404652536
-0.010104554705321789
-0.0034523895010352135
-0.011063192039728165
0.011652624234557152
0.008776712231338024
-0.020662518218159676
-0.010655122809112072
0.009599327109754086
0.006263528484851122
0.01287035271525383
0.00517858425155282
0.037671852856874466
0.017216606065630913
0.07264915853738785
-0.011335236951708794
-0.020649563521146774
0.05168868228793144
-0.008420461788773537
-0.026764115318655968
0.004385117441415787
-0.016672514379024506
0.003462105290964246
0.00972887221723795
-0.004355969838798046
0.04010730981826782
0.02811138890683651
-0.0017521037952974439
-0.03733503445982933
-0.004815856460481882
0.00018743624968919903
0.0015197314787656069
0.008666598238050938
0.00033013877691701055
-0.013887285254895687
0.0308577548712492
-0.013705921359360218
-0.006347733084112406
0.008407507091760635
-0.0005161581211723387
-0.009677054360508919
0.009806599467992783
-0.000737600086722523
-0.011134441941976547
-0.011795124039053917
0.006833528634160757
0.003475059987977147
0.007643188815563917
0.034329574555158615
0.026427296921610832
-0.008284439332783222
0.0034977304749190807
0.0036985259503126144
-0.008621257729828358
0.02202274650335312
-0.003980287816375494
0.022864792495965958
-0.02668638713657856
0.02184138260781765
0.014237058348953724
0.0024629852268844843
0.016542969271540642
-0.01168501004576683
-0.013744784519076347
0.012825011275708675
0.001153765246272087
0.010564440861344337
-0.007558983750641346
0.0008452848414890468
-0.010603304952383041
0.005405288655310869
0.0071573927998542786
-0.01586933247745037
0.007546029519289732
0.013757739216089249
0.021245473995804787
-0.0007529836148023605
0.010855918750166893
-0.029121844097971916
-0.02772275172173977
0.018460243940353394
-0.036246851086616516
-0.036894578486680984
-0.01396501250565052
0.02971775270998478
-0.018071606755256653
0.0012598306639119983
0.03484775871038437
0.009327281266450882
-0.024147294461727142
-0.01162671484053135
0.013511602766811848
-0.009709440171718597
-0.03155729919672012
0.015843423083424568
-0.01016284991055727
0.033085938543081284
0.03730912506580353
-0.002424121368676424
-0.0038377875462174416
-0.010033304803073406
0.026517977938055992
0.005068470258265734
0.0020711098331958055
0.01249467022716999
-0.011652624234557152
-0.009223644621670246
-0.019237516447901726
-0.007792165968567133
-0.009320803917944431
-0.004197276663035154
0.012708419933915138
0.02818911522626877
-0.017449788749217987
0.08715826272964478
0.016167286783456802
-0.014224103651940823
0.006898301653563976
-0.014094557613134384
0.0062926760874688625
-0.00888034887611866
-0.01230035163462162
-0.01938001625239849
0.01691865175962448
0.016944561153650284
-0.01984638161957264
0.01633569598197937
-0.030831845477223396
-0.025326158851385117
-0.003021650481969118
-0.0047672768123447895
0.03591003268957138
-0.008200234733521938
0.023318203166127205
0.04456367716193199
-0.006153414491564035
0.021258428692817688
0.008757280185818672
-0.029665935784578323
0.015027286484837532
0.028629571199417114
-0.008899780921638012
-0.025572296231985092
-0.02904411591589451
0.0016776151023805141
-0.006185800768435001
-0.055808231234550476
-0.014016830362379551
-0.0028208547737449408
-0.002292956691235304
-0.004611822310835123
-0.03246412053704262
-0.004368924535810947
0.007027847226709127
0.008822053670883179
-0.002475939691066742
-0.030184118077158928
-0.042775947600603104
-0.024743203073740005
-0.011736828833818436
-0.03743866831064224
0.012235579080879688
-0.02223001979291439
