0.0005345853278413415
-0.0044827875681221485
0.0012978186132386327
-0.009191002696752548
-0.035836540162563324
0.010472719557583332
-0.03913422301411629
0.0032848012633621693
-0.021808505058288574
-0.028287936002016068
-0.017750808969140053
0.013055475428700447
-0.01652705855667591
0.01790538802742958
-0.007194358855485916
-0.008939811959862709
0.021525109186768532
0.011161883361637592
0.0012696401681751013
-0.008778792805969715
-0.015393480658531189
0.0033202257473021746
0.0009113713749684393
-0.006807911675423384
-0.03802640736103058
0.006704858969897032
0.0033331073354929686
-0.022761741653084755
-0.018291834741830826
0.0035488735884428024
0.018562348559498787
-0.006463329773396254
-0.015805691480636597
-0.004057695623487234
-0.015509414486587048
0.00262462068349123
0.0008034881902858615
0.014375836588442326
0.03416193276643753
0.01711961254477501
0.016668757423758507
-0.010659502819180489
0.0044022779911756516
-0.007986575365066528
-0.002874201163649559
0.01946405880153179
-0.02108713611960411
-0.013396836817264557
-0.03225545957684517
0.02985948882997036
0.019476938992738724
0.02529941126704216
-0.010015423409640789
-0.009815759025514126
-0.024835674092173576
-0.006415023934096098
-0.01599891483783722
0.009873726405203342
0.005284665618091822
-0.011387310922145844
0.0019354564137756824
-0.0003687350545078516
-0.008804555982351303
0.028184883296489716
0.00673706317320466
0.010987982153892517
-0.009313377551734447
0.009603213518857956
0.0021657145116478205
0.011747995391488075
0.015432125888764858
0.014530415646731853
-0.012417837046086788
-0.012411396019160748
0.03846437856554985
0.008269970305263996
-0.018343361094594002
-0.04217427223920822
0.008160476572811604
0.024848556146025658
0.004634146112948656
-0.014865336008369923
-0.02666485868394375
0.02736046351492405
0.015251783654093742
-0.006202477961778641
0.01693926937878132
0.010215087793767452
-0.005819250829517841
-0.025660095736384392
-0.012842928990721703
0.023547517135739326
0.020262716338038445
0.018974557518959045
-0.0010538737988099456
0.014401599764823914
-0.02658756822347641
0.014813809655606747
-0.014955507591366768
-0.032641906291246414
-0.006840115878731012
-0.0011537059908732772
-0.029473040252923965
0.0009540415485389531
-0.04042237997055054
0.014569059945642948
-0.0077096219174563885
0.002962762024253607
0.0008783623343333602
-0.021808505058288574
-0.0057870470918715
0.040654245764017105
-0.011393751949071884
-0.020790860056877136
0.017055204138159752
-0.010041186586022377
0.01822742633521557
-0.02358616143465042
-0.011574094183743
-0.01833047904074192
0.022929200902581215
0.009094391018152237
0.01893591322004795
0.001427439390681684
0.015367717482149601
0.009474397636950016
-0.03416193276643753
-0.008901167660951614
-0.030658146366477013
-0.018175899982452393
-0.009049305692315102
-0.00531364930793643
0.0005708147655241191
-0.0031849690712988377
-0.0015836284728720784
-0.0030835268553346395
-0.01592162437736988
0.00733605632558465
-0.029395751655101776
-0.025569923222064972
0.02331564947962761
0.02013389952480793
-0.0017631654627621174
-0.03921151161193848
0.0022864793427288532
0.0008075136574916542
0.03596535325050354
0.02124171517789364
0.0029853046871721745
0.011760876514017582
0.016230782493948936
-0.03114764578640461
-0.0016085865208879113
0.009706266224384308
0.01651417836546898
0.003194630378857255
0.01540636271238327
0.02435905672609806
0.00619281642138958
-0.012913777492940426
-0.005497211590409279
-0.006035017315298319
0.004579399712383747
0.00942287128418684
0.016320953145623207
0.015226020477712154
0.01153544895350933
-0.0033105644397437572
0.014105323702096939
-0.0033105644397437572
0.008302174508571625
0.04088611528277397
-0.04292140528559685
0.01590874418616295
-0.0066211288794875145
0.021795623004436493
0.013184290379285812
0.01261106040328741
0.003487686160951853
-0.01635959930717945
-0.029473040252923965
0.003909557592123747
0.011200528591871262
0.009789995849132538
-0.023611925542354584
0.009062186814844608
0.005642129573971033
0.01441448088735342
0.0014057017397135496
0.003461922984570265
0.031096119433641434
0.011252054944634438
-0.0054939910769462585
-0.007233003620058298
-0.6393382549285889
-0.0060156951658427715
-0.0009290835005231202
-0.014736520126461983
0.025930607691407204
-0.007200799882411957
0.011644942685961723
0.013003949075937271
0.00714283250272274
-0.031353749334812164
0.004930422175675631
0.024320410564541817
0.0007946320693008602
-0.005564840044826269
-0.010955778881907463
-0.02393396385014057
0.008875404484570026
-0.021525109186768532
0.02537669986486435
-0.02728317305445671
-0.017222663387656212
0.009686943143606186
0.008682181127369404
0.012450041249394417
-0.025595687329769135
0.006943168118596077
0.016836216673254967
-0.011529008857905865
0.010788317769765854
0.01566399447619915
-0.02573738433420658
0.021885793656110764
0.02942151390016079
0.007265207823365927
0.053638871759176254
0.013190731406211853
-0.04663129895925522
0.014659230597317219
0.0202240701764822
0.0066984184086322784
-0.0002801742230076343
0.00035625603049993515
0.010124917142093182
0.005458566825836897
0.02692248858511448
0.013371073640882969
0.016823334619402885
-0.020159663632512093
0.003104459261521697
0.03277072310447693
-0.005130086559802294
-0.0018968117656186223
0.0156124671921134
-0.007600128650665283
-0.009951015934348106
-0.008978457190096378
-0.005664672236889601
0.005809589754790068
-0.0014620586298406124
0.025788910686969757
0.013757521286606789
-0.00021616890444420278
-0.014015152119100094
-0.020893912762403488
-0.01799555867910385
0.01226325798779726
-0.007200799882411957
-0.017596229910850525
0.008360141888260841
-0.03184324875473976
0.0031656466890126467
0.028210647404193878
0.00964185781776905
-0.0013139204820618033
0.008875404484570026
-0.003391074249520898
0.03581077605485916
0.011413074098527431
-0.0202240701764822
0.020082373172044754
0.005925524048507214
-0.0070526618510484695
-0.036171458661556244
0.011052390560507774
0.0274635162204504
-0.04364277049899101
-0.010208647698163986
-0.00024354225024580956
-0.0045471955090761185
0.021898675709962845
-0.017222663387656212
0.012791402637958527
0.013113441877067089
-0.017853861674666405
0.009725588373839855
0.02942151390016079
0.0011311632115393877
-0.005577721633017063
0.022182069718837738
-0.016024677082896233
0.007728944532573223
-0.01406667847186327
0.000675074988976121
-7.769199146423489e-05
0.02072645165026188
-0.0009226427064277232
0.01131646241992712
-0.0022800385486334562
0.0293442253023386
-0.01720978319644928
0.003155985614284873
-0.026368580758571625
-0.00537483673542738
-0.014736520126461983
-0.021924437955021858
-0.028700146824121475
0.009493719786405563
-0.005677553825080395
0.02425600402057171
-0.038438618183135986
0.02754080481827259
-0.008778792805969715
-0.0006477016140706837
0.016539940610527992
-0.016913507133722305
0.02349599078297615
-0.011954100802540779
0.001561890821903944
-0.00964185781776905
-0.024371936917304993
0.005574501119554043
-0.03027169778943062
0.02169257029891014
-0.0017712163971737027
0.020262716338038445
-0.005458566825836897
0.017016559839248657
-0.000607849273364991
0.009925252757966518
0.0022558856289833784
-0.03130222484469414
-0.013448363170027733
0.01527754683047533
-0.024037016555666924
-0.029138119891285896
-0.028880488127470016
-0.018716927617788315
-0.00040254919440485537
-0.027772672474384308
0.026355700567364693
0.00012790999608114362
-0.011078153736889362
-0.03751114383339882
-0.013306666165590286
-0.0009266682318411767
-0.018021320924162865
-0.018729807808995247
0.021718334406614304
-0.023805148899555206
0.002664875704795122
0.008186239749193192
-0.014143968001008034
-0.013293784111738205
0.03217817097902298
-0.022748859599232674
0.01574128307402134
0.014337191358208656
0.01514873094856739
-0.014736520126461983
-0.05070187523961067
0.010775436647236347
0.022491227835416794
0.007406904827803373
0.02048170194029808
0.033002592623233795
-0.0083537008613348
-0.008160476572811604
0.00977067369967699
0.0029466599225997925
-0.015870099887251854
-0.012675468809902668
0.03588806465268135
-0.01755758561193943
-0.005487550515681505
-0.01213444210588932
0.009757792577147484
0.004949744790792465
0.019309479743242264
0.005268563516438007
-0.00977067369967699
0.025235002860426903
0.013242257758975029
-0.01687486097216606
0.025531278923153877
0.0007535720942541957
0.005996372550725937
-0.0029659823048859835
0.005101103335618973
0.01713249273598194
0.008617772720754147
0.019219309091567993
0.0007898014737293124
0.03233275189995766
-0.018807098269462585
0.003870912827551365
-0.008669299073517323
-0.0024861437268555164
-0.010595094412565231
0.0612647645175457
-0.0027630976401269436
0.02021118998527527
-0.012842928990721703
-0.012636823579668999
-0.020352886989712715
-0.003951422870159149
0.03395582735538483
-0.01230834424495697
0.0007443134672939777
-0.00518483342602849
0.0020385091193020344
-0.004386175889521837
-0.011335784569382668
0.008179799653589725
0.0015337123768404126
-0.014440244063735008
0.024552280083298683
0.0043893964029848576
-0.006691977847367525
0.0075808060355484486
0.0006585704395547509
0.02134476788341999
0.00930049642920494
0.0011424345429986715
0.03155985474586487
0.02064916305243969
0.023959727957844734
0.03261614590883255
-0.013003949075937271
0.0343938022851944
-0.007980135269463062
0.0066855368204414845
0.041427142918109894
0.008463193662464619
-0.00518805393949151
0.02289055660367012
0.008862522430717945
0.02358616143465042
-0.013705994933843613
-0.01790538802742958
0.0024603805504739285
-0.006254004314541817
0.00746487220749259
-0.01191545557230711
-0.02495160885155201
0.0003051322710234672
-0.025788910686969757
0.011986304074525833
0.02875167317688465
-0.00856624636799097
0.03045204095542431
-0.002565043279901147
0.027927251532673836
-0.00822488497942686
0.028184883296489716
0.003093187930062413
-0.008166917599737644
-0.021100018173456192
0.0009476007544435561
-0.05268563702702522
-0.01406667847186327
-0.018201664090156555
-0.016243664547801018
0.007703181356191635
-0.0023847012780606747
-0.0010160341626033187
0.006775707937777042
-0.004244478419423103
-0.014259901829063892
-0.011561212129890919
0.009461515583097935
-0.023972608149051666
-0.025956371799111366
0.016746046021580696
0.018652519211173058
-0.014530415646731853
-0.00565823120996356
-0.020352886989712715
-0.006141290534287691
-0.032306987792253494
0.008707944303750992
-0.009732029400765896
0.002869370626285672
-0.005065679084509611
0.004592281300574541
0.004563297610729933
-0.008488956838846207
0.02193732000887394
-0.004270241595804691
0.011838166043162346
0.0006384429871104658
-0.0015771876787766814
-0.008231326006352901
-0.028519803658127785
0.003186579328030348
0.03691859170794487
0.01096866000443697
-0.03715045750141144
0.01432431023567915
0.0007153298938646913
-0.01489109918475151
0.015805691480636597
0.002321903593838215
-0.006276546977460384
0.018910150974988937
0.011979863978922367
0.009667620994150639
0.011020186357200146
-0.006524517200887203
0.03681553900241852
0.004769402556121349
-0.0030947981867939234
0.003584297839552164
0.0012575635919347405
0.010698147118091583
0.03797487914562225
0.005171951837837696
-0.02591772750020027
0.03400735557079315
0.002796911634504795
-0.004447363317012787
-0.004318547435104847
-0.034728724509477615
-0.010891370475292206
-0.009184562601149082
0.0022124103270471096
-0.01311988290399313
0.003147934563457966
-0.01866540126502514
0.0055970437824726105
0.005626027472317219
-0.0011617569252848625
-0.014040915295481682
0.02692248858511448
0.0030513228848576546
0.024333292618393898
-0.019335241988301277
0.005303988233208656
0.007690299768000841
0.021293241530656815
0.00411244248971343
0.0397525355219841
0.023624805733561516
-0.0076838587410748005
-0.027824198827147484
-0.007187918294221163
0.005551958456635475
0.03096730262041092
-0.00404481403529644
-0.019863387569785118
0.002325124107301235
0.013029712252318859
0.031637147068977356
-0.0069882539100945
0.01204427145421505
0.02365056984126568
0.0171969011425972
0.0070268986746668816
-0.005919083021581173
0.018356243148446083
-0.013487007468938828
0.0015457888366654515
0.022671569138765335
-0.00881099607795477
-0.024165833368897438
0.010595094412565231
0.02313530631363392
0.016733163967728615
0.009384226985275745
-0.0007853734423406422
0.015715520828962326
0.0070655434392392635
0.023818030953407288
-0.014491770416498184
-0.030400514602661133
0.0076065692119300365
-0.03591382876038551
0.017518941313028336
-0.017531821504235268
-0.005941626150161028
-0.019734570756554604
0.0004931227304041386
-0.0009371344931423664
-0.02787572517991066
0.008843200281262398
-0.0026713162660598755
-0.04328208789229393
-0.03684129938483238
0.004975507967174053
-0.003423278219997883
0.036197222769260406
0.017403006553649902
-0.0025038558524101973
-0.009248970076441765
0.022426819428801537
-0.010891370475292206
-0.01432431023567915
0.015934506431221962
-0.010543568059802055
-0.0078062335960567
0.011342225596308708
-0.013512770645320415
-0.015870099887251854
0.012701231986284256
0.016913507133722305
-0.016849098727107048
0.0014314649160951376
-0.005674333311617374
-0.009667620994150639
-0.00309962872415781
0.013074797578155994
0.012224613688886166
0.012578857131302357
0.01711961254477501
-0.034213460981845856
-0.016720283776521683
-0.00843743048608303
-0.012694790959358215
0.0016448160167783499
0.026278410106897354
0.0222078338265419
-0.01996644027531147
0.008592009544372559
-0.015779927372932434
-0.02021118998527527
0.007175036706030369
0.01824030838906765
-0.002951490692794323
0.01633383519947529
0.008295733481645584
-0.008411667309701443
-0.016295190900564194
0.0392630361020565
0.011161883361637592
-0.014388717710971832
0.006666214670985937
-0.04871811345219612
0.00235732807777822
0.011934777721762657
-0.01610196754336357
0.019206427037715912
-0.009339140728116035
-0.012875133194029331
0.005616366397589445
-0.006125188432633877
0.0003814153606072068
0.028030304238200188
-0.01131646241992712
-0.023122424259781837
-0.023637687787413597
-0.001285742036998272
-0.011213409714400768
0.013873455114662647
-0.002565043279901147
-0.0066211288794875145
-9.80710465228185e-05
0.0056228069588541985
0.008076746948063374
-0.031714435666799545
0.02529941126704216
-0.027154358103871346
-0.01380904670804739
-0.005213817115873098
-0.0038644722662866116
0.02658756822347641
-0.014002270996570587
0.016990795731544495
0.006846556439995766
0.005864336621016264
-0.011632061563432217
-0.018716927617788315
-0.017441650852560997
-0.004399057477712631
0.007187918294221163
-0.01040831208229065
0.028674382716417313
-0.01720978319644928
-3.15749530273024e-05
0.009377785958349705
0.002669706242159009
0.0019435074646025896
-0.0024040236603468657
-0.024037016555666924
-0.036532144993543625
0.02426888421177864
0.026819435879588127
0.0012253597378730774
0.005793487653136253
-0.025067543610930443
-0.02375362254679203
0.04317903518676758
-0.024539398029446602
-0.016037559136748314
-0.005175172351300716
0.007432668004184961
0.0005446490249596536
0.007097747176885605
-0.03555314242839813
0.011425956152379513
-0.018807098269462585
-0.006547059863805771
0.022349530830979347
-0.010743232443928719
0.006302310153841972
0.0025376700796186924
0.03655790537595749
-0.01934812404215336
-0.0032542075496166945
0.016127729788422585
0.0160117968916893
0.004785504657775164
0.005551958456635475
-0.030477803200483322
0.013641586527228355
0.020623398944735527
0.014221257530152798
-0.01027949620038271
-0.019386768341064453
0.008617772720754147
-0.008411667309701443
0.014221257530152798
0.0077353850938379765
-0.008327937684953213
0.006092984229326248
-0.018008440732955933
-0.01040831208229065
-0.023676332086324692
0.008643535897135735
-0.012688349932432175
0.005039915908128023
0.003648705780506134
0.0032413259614259005
0.0195284653455019
-0.02100984752178192
0.005278225056827068
-0.0012430718634277582
-0.029576092958450317
0.03277072310447693
-0.007014017086476088
0.02366345189511776
0.013796165585517883
-0.0078062335960567
-0.02985948882997036
0.002399193122982979
0.022671569138765335
-0.02599501609802246
0.019515585154294968
-0.009996101260185242
0.005146188661456108
-0.0012148934183642268
0.00458261976018548
0.0547209270298481
-0.007567924447357655
-0.013667349703609943
-0.0012060373555868864
0.010562890209257603
-0.0007624281570315361
-0.015638230368494987
0.009313377551734447
-0.01548365131020546
0.03483177721500397
-0.0038548109587281942
0.018626755103468895
-0.009017101489007473
0.0065019745379686356
-0.011406634002923965
0.06152239814400673
0.00822488497942686
0.004260580521076918
-0.008765910752117634
-5.595433685812168e-05
-0.020005084574222565
-0.01002186443656683
-0.011136120185256004
-0.012031390331685543
-0.015097204595804214
0.0350894071161747
0.00131311547011137
0.009609654545783997
-0.01380904670804739
-0.015599586069583893
0.00872726645320654
-0.010092712938785553
-0.009951015934348106
0.02082950435578823
-0.0036068407353013754
0.000365112122381106
0.022220714017748833
0.024887200444936752
-0.012108679860830307
0.004209054168313742
0.0007282114820554852
-0.00968050304800272
-0.0033363276161253452
0.013796165585517883
-0.03313140943646431
0.006898082792758942
-0.0061477310955524445
-0.0010764164617285132
-0.009583891369402409
-0.025235002860426903
-0.012469363398849964
-0.022130543366074562
0.017944032326340675
-0.024230239912867546
0.0014419311191886663
0.00010737999400589615
-0.0029482701793313026
0.0188328605145216
0.00846963468939066
0.010060508735477924
0.019811861217021942
0.010092712938785553
-0.0458068773150444
-0.012945981696248055
-0.006205698009580374
0.0006388455512933433
0.01642400585114956
0.02564721368253231
0.014002270996570587
-0.019154900684952736
0.026690620929002762
-0.014440244063735008
-0.015535177662968636
0.002669706242159009
-0.0060833231545984745
0.004801606759428978
-0.017055204138159752
-0.012752758339047432
0.01298462599515915
-0.017840979620814323
0.0004118078213650733
-0.0027534363325685263
-0.01514873094856739
0.003655146574601531
0.003870912827551365
-0.02108713611960411
0.002784030046314001
-0.019142018631100655
0.023599043488502502
-0.012102238833904266
0.026484515517950058
-0.02692248858511448
-0.03493482992053032
0.012971744872629642
-0.004221935756504536
0.018536584451794624
-0.020507466048002243
0.0075808060355484486
-0.017235545441508293
-0.003912778105586767
-0.021138662472367287
0.012314784340560436
-0.024204477667808533
-0.020417295396327972
-0.007922167889773846
0.005303988233208656
0.012456482276320457
0.025080423802137375
-0.009306937456130981
0.008012338541448116
-0.009796436876058578
-0.012057153508067131
-0.01678469032049179
0.0039546433836221695
-0.02040441334247589
0.0509595051407814
0.005732300225645304
-0.017145374789834023
-0.008327937684953213
-0.005168731324374676
-0.04431261494755745
-0.0013831589603796601
0.014053797349333763
0.04204545542597771
0.015870099887251854
-0.025402463972568512
0.01131646241992712
0.024294648319482803
-0.01961863785982132
0.009094391018152237
-0.02846827730536461
-0.018266072496771812
-0.035321276634931564
-0.014994151890277863
-0.022246478125452995
-0.01711961254477501
-0.01626942865550518
-0.013164968229830265
0.047893691807985306
-0.010691706091165543
0.010981542058289051
0.011799521744251251
-0.01807284727692604
-0.010459838435053825
0.0017551144119352102
0.01815013773739338
0.015715520828962326
0.007883523590862751
0.009957456961274147
-0.00714283250272274
0.003374972380697727
0.01360294222831726
-0.014878218062222004
-0.03890235349535942
0.007303852587938309
0.024371936917304993
0.0002507881436031312
0.03027169778943062
0.0009226427064277232
0.0013694723602384329
-0.002094866009429097
-0.010453397408127785
0.0044312612153589725
-0.03194630146026611
-0.010459838435053825
0.01325513981282711
0.009983220137655735
-0.015676874667406082
-0.0001308284845435992
0.014388717710971832
-0.04011322185397148
-0.0021222392097115517
0.006427905522286892
-0.01781521737575531
-0.002170545281842351
-0.007439109031111002
-0.020417295396327972
-0.017789453268051147
-0.029215410351753235
-0.012160205282270908
0.005777386017143726
-0.012913777492940426
-0.0015570602845400572
0.017853861674666405
-0.021988846361637115
-0.0076323323883116245
0.0021737655624747276
0.0037871827371418476
-0.0178925059735775
-0.015007033944129944
0.0077225035056471825
-0.014556178823113441
-0.0022607161663472652
-0.014942625537514687
-0.008791673928499222
0.019219309091567993
0.0222078338265419
0.03622298687696457
-0.040396615862846375
0.013268020935356617
0.20672349631786346
-0.029627619311213493
0.006469770334661007
0.004933642689138651
-0.01277208048850298
0.014788046479225159
0.026484515517950058
0.009390667080879211
0.007084865588694811
-0.0025102966465055943
0.012746317312121391
-0.025518398731946945
-0.014865336008369923
0.007947931066155434
0.0049690669402480125
-0.013976507820189
-0.027515042573213577
-0.003922439180314541
0.013396836817264557
-0.018652519211173058
0.02075221575796604
0.012437159195542336
-0.02442346327006817
-0.0018984219059348106
0.021872911602258682
0.021705452352762222
-0.019902031868696213
0.008108951151371002
0.012128002010285854
-0.012578857131302357
-0.01454329676926136
0.0012350209290161729
-0.011606298387050629
0.0003395502280909568
-0.00942931231111288
0.008984898217022419
0.01642400585114956
-0.011194087564945221
0.010788317769765854
0.025003135204315186
0.026020778343081474
-0.01299106702208519
0.0011110357008874416
-0.029241172596812248
-0.022658688947558403
0.054772451519966125
0.00147896574344486
-0.005275004543364048
-0.00363582419231534
-0.007471312768757343
-0.006051119416952133
0.048305902630090714
0.030220171436667442
0.010350344702601433
0.0036648076493293047
0.017750808969140053
-0.010930015705525875
0.0021222392097115517
0.0049787284806370735
-0.005873997695744038
-0.005204156041145325
0.019476938992738724
0.002069102833047509
0.027746910229325294
-0.02176985889673233
0.006930286530405283
-0.02193732000887394
-0.022233596071600914
-0.011677146889269352
-0.0192837156355381
0.021280359476804733
-0.020082373172044754
-0.020687807351350784
0.006749944761395454
-0.023380056023597717
-0.026716385036706924
0.005861116107553244
0.010163561441004276
0.001177858910523355
0.04915608465671539
-0.01762199215590954
-0.004450583830475807
-0.030993066728115082
-0.011992745101451874
0.013976507820189
-0.03805216774344444
0.00714283250272274
-0.01946405880153179
0.00023468617291655391
-0.020430175587534904
-0.008186239749193192
-0.003674468956887722
0.0009838301921263337
-0.006917404942214489
0.017222663387656212
0.01489109918475151
-0.002130290260538459
0.019051847979426384
-0.010079831816256046
-0.0018968117656186223
-0.00967406202107668
0.039546430110931396
0.01780233532190323
0.01720978319644928
-0.007587247062474489
0.005168731324374676
-0.0047082151286304
-0.023895319551229477
0.0006328073213808239
-0.021705452352762222
0.0162565466016531
-0.02099696546792984
-0.0014556178357452154
-0.01371887605637312
-0.023186832666397095
0.006357056554406881
0.005426363088190556
-0.018266072496771812
0.018639637157320976
0.005152629688382149
-0.0065696025267243385
-0.00033492091461084783
-0.010646620765328407
0.012082916684448719
-0.002370209665969014
-0.009191002696752548
-0.06337734311819077
0.024062780663371086
-0.03143104165792465
-0.002908015390858054
0.020262716338038445
-0.0423288531601429
0.04196816682815552
0.012842928990721703
-0.01748029515147209
-0.006994694471359253
-0.004463465418666601
-0.004630925599485636
0.011896133422851562
0.0185881108045578
0.038077931851148605
-0.012314784340560436
-0.01252733077853918
-0.0039321002550423145
0.006601806730031967
-0.024204477667808533
0.011889692395925522
0.0008735317387618124
-0.0023847012780606747
-0.017171137034893036
-0.017493177205324173
-0.04516279697418213
-0.017840979620814323
-0.007941490039229393
-0.0017647756030783057
0.007451990619301796
-0.03869624808430672
-0.005700096487998962
0.015238901600241661
0.0004971482558175921
-0.035321276634931564
0.0092940554022789
0.020262716338038445
-0.014156850054860115
0.00787064153701067
-0.0013453193241730332
-0.16107119619846344
0.006276546977460384
-0.0005289496039040387
-0.009139476343989372
-0.002106137340888381
-0.0029531007166951895
0.028597094118595123
0.0254797525703907
-0.008720825426280499
-0.0029965760186314583
-0.009828641079366207
-0.0025328395422548056
-0.03225545957684517
-0.022581398487091064
-0.010814080946147442
0.007007576059550047
-0.03161138296127319
0.0015031186630949378
0.03037475049495697
-0.003123781643807888
0.023624805733561516
-0.006157392170280218
-0.013963625766336918
0.007361819501966238
0.015007033944129944
-0.01347412634640932
-0.018523702397942543
0.022259360179305077
0.004885336849838495
-0.014092441648244858
0.006405362393707037
0.02057187259197235
0.01963151805102825
-0.007200799882411957
0.0016649434110149741
-0.008063864894211292
-0.010987982153892517
-0.010768995620310307
-0.01780233532190323
0.01822742633521557
0.002302581211552024
0.01148392353206873
0.017673518508672714
-0.016810454428195953
0.006080102641135454
-0.0049272021278738976
0.023882437497377396
-0.0014934574719518423
0.017235545441508293
-0.008553365245461464
0.019940676167607307
-0.0025263987481594086
0.0007113044266588986
-0.0036519262939691544
0.01204427145421505
0.002131900517269969
0.012379192747175694
-0.004447363317012787
0.01454329676926136
-0.004244478419423103
-0.002875811420381069
-0.0024636010639369488
0.004199393093585968
0.025415346026420593
0.0325130932033062
-0.015573822893202305
-0.01669451966881752
0.012327666394412518
-0.036867063492536545
-0.00043072763946838677
-0.017918270081281662
-0.007136391941457987
0.028880488127470016
-0.004205833654850721
-0.009835081174969673
0.014015152119100094
-0.006092984229326248
0.0325130932033062
-0.003391074249520898
-0.011612738482654095
-0.02348310872912407
0.04812556132674217
-0.0030239494517445564
-0.01144527830183506
-0.014813809655606747
-0.003212342504411936
-0.005287886131554842
0.013435481116175652
0.016024677082896233
0.019837623462080956
0.01299750804901123
-0.040911879390478134
0.005948066711425781
-0.009184562601149082
0.011812402866780758
0.016591466963291168
0.007394023239612579
-0.018523702397942543
0.0028001321479678154
-0.013705994933843613
0.012321225367486477
0.00843743048608303
-0.010479160584509373
-0.015045678243041039
0.04111798480153084
-0.00881099607795477
0.016063323244452477
0.014646349474787712
0.03642909228801727
0.0030191189143806696
-0.03398159146308899
0.00954524613916874
0.014092441648244858
-0.001708418712951243
0.03019440919160843
0.012334107421338558
-0.013512770645320415
-0.019322359934449196
0.014105323702096939
-0.008070305921137333
0.07239444553852081
-0.009474397636950016
-0.010189324617385864
0.010015423409640789
-0.013963625766336918
-0.04364277049899101
-0.10253732651472092
-0.023624805733561516
0.023083779960870743
0.020958321169018745
0.002139951568096876
0.013512770645320415
-0.00942931231111288
-0.00013555843906942755
-0.011219850741326809
0.025853319093585014
-0.03673825040459633
-0.01566399447619915
-0.003507008543238044
0.009268292225897312
0.007703181356191635
0.02960185706615448
0.00295793148688972
-0.002587586175650358
-0.026536041870713234
0.01987626776099205
0.006885201204568148
0.02289055660367012
-0.009390667080879211
0.0008111366187222302
-0.0033234460279345512
-0.00868862122297287
-0.04240614175796509
0.014259901829063892
0.02651027962565422
-0.013551415875554085
-0.010331022553145885
-0.00619281642138958
0.007374701090157032
-0.014131086878478527
0.024977371096611023
-0.01548365131020546
-0.02563433162868023
-0.0019306258764117956
0.013860573060810566
-0.030220171436667442
0.003990067634731531
0.023599043488502502
0.006820793263614178
-0.020855268463492393
0.004788725171238184
-0.02831370010972023
0.0026793673168867826
0.015702638775110245
0.01592162437736988
-0.034445326775312424
-0.017171137034893036
-0.025067543610930443
-0.05049576982855797
-0.0023267343640327454
0.003719554515555501
0.019734570756554604
-0.0033105644397437572
0.018111493438482285
-0.001331632724031806
-0.01884574256837368
0.004160748329013586
-0.011516126804053783
-0.018291834741830826
0.01876845397055149
0.022143425419926643
-0.002299360930919647
-0.03640332818031311
-0.020713571459054947
0.008038101717829704
0.0035553143825381994
-0.00685943802818656
0.01693926937878132
0.008772351779043674
-0.00042750724242068827
-0.011857489123940468
0.015032797120511532
-0.024037016555666924
-0.011954100802540779
-0.013641586527228355
0.008592009544372559
-0.012540211901068687
-0.002379870740696788
-0.002879031701013446
-0.008070305921137333
0.0033073441591113806
0.019863387569785118
0.012211731635034084
0.006047898903489113
-0.0003546458319760859
-0.02417871356010437
-0.0045343139208853245
0.039366088807582855
0.00015276741760317236
0.011863929219543934
0.015316191129386425
-0.009738469496369362
0.003558534663170576
-0.007819115184247494
-0.014337191358208656
0.0032413259614259005
-0.02091967687010765
0.0017663858598098159
-0.05539076775312424
0.0012889624340459704
0.01696503348648548
-0.011413074098527431
-0.007922167889773846
-0.000972558802459389
0.01773792691528797
-0.022839030250906944
0.00041060015792027116
0.01298462599515915
-0.02107425406575203
0.008759470656514168
-0.02178274095058441
-0.0030271699652075768
-0.014362954534590244
-0.022658688947558403
0.012553093954920769
-0.005139748100191355
-0.0002483728458173573
0.02124171517789364
0.005320089869201183
0.003616501810029149
0.019077610224485397
0.02417871356010437
-0.005867556668817997
0.0032944625709205866
-0.021215952932834625
-0.004830589983612299
0.004205833654850721
0.021370530128479004
0.00989948958158493
-0.030915778130292892
-0.004811267834156752
0.005052797496318817
-0.0039965081959962845
0.00673706317320466
0.011406634002923965
0.02555704303085804
0.030142882838845253
0.0743524432182312
-0.00477262306958437
-0.021821385249495506
0.04325632378458977
-0.018343361094594002
-0.016462652012705803
0.005136527586728334
-0.00977067369967699
-0.0012825216399505734
0.011670705862343311
-0.011780199594795704
0.0378718264400959
0.03176596015691757
0.0019692706409841776
-0.02846827730536461
-0.0068658790551126
-0.0008630654192529619
0.017531821504235268
0.013680231757462025
-0.010118476115167141
-0.007310293149203062
0.024590924382209778
-0.016063323244452477
0.001837234478443861
0.013770402409136295
-0.010176443494856358
-0.005568060092628002
0.0116964690387249
0.006340954918414354
-0.011606298387050629
-0.017403006553649902
-0.006936727557331324
-0.008302174508571625
0.0032300546299666166
0.02640722692012787
0.02167968824505806
-0.006601806730031967
0.009603213518857956
0.00202240701764822
-0.016050441190600395
0.020584754645824432
-0.0027469955384731293
0.017003677785396576
-0.029807962477207184
0.023882437497377396
0.018137255683541298
0.0008687011431902647
0.015032797120511532
-0.005548737943172455
-0.032306987792253494
0.014040915295481682
-0.008572687394917011
0.0049143205396831036
-0.0005647764774039388
0.012198850512504578
-0.02063628099858761
-0.0008018779917620122
0.016217902302742004
-0.020030846819281578
0.00980931892991066
0.008643535897135735
0.026742147281765938
-0.0010216698283329606
0.01230190321803093
-0.025273647159337997
-0.017325716093182564
0.010659502819180489
-0.03259038180112839
-0.041349850594997406
0.001850116066634655
0.014427362941205502
-0.00980287790298462
0.0035553143825381994
0.0385674312710762
0.013023271225392818
-0.025428226217627525
0.009010660462081432
0.009719147346913815
-0.007258766796439886
-0.029550330713391304
0.015792809426784515
-0.010195765644311905
0.021035609766840935
0.041787825524806976
0.0004621264524757862
0.0027663179207593203
-0.007155714090913534
0.03465143218636513
-0.0038741333410143852
0.01131002139300108
-0.0024619908072054386
-0.0066855368204414845
-0.017338598147034645
-0.016295190900564194
-0.01277852151542902
-0.016836216673254967
-0.003745317691937089
0.018626755103468895
0.02425600402057171
-0.009938133880496025
0.08378175646066666
0.0035681959707289934
-0.020932557061314583
-0.009835081174969673
-0.0024217357859015465
0.006331293378025293
0.0016230782493948936
-0.006128408946096897
-0.010556450113654137
0.01002830546349287
0.031173408031463623
-0.017673518508672714
0.001029720762744546
-0.026175357401371002
-0.013190731406211853
-0.018369125202298164
-0.013422599993646145
0.04467329755425453
-0.020868150517344475
0.012804284691810608
0.05276292562484741
0.005416702013462782
0.015895862132310867
0.001293793087825179
-0.02399837225675583
0.018549466505646706
0.04317903518676758
-0.008907608687877655
-0.02082950435578823
-0.03354361653327942
0.002846827730536461
-0.013577179051935673
-0.0533297173678875
-0.02272309549152851
0.005213817115873098
-0.016153493896126747
0.0066340104676783085
-0.025956371799111366
0.004337870050221682
0.006353836506605148
0.010601535439491272
0.012224613688886166
-0.02332852967083454
-0.038412854075431824
-0.021293241530656815
-0.014478889293968678
-0.03725351020693779
0.006885201204568148
-0.02580179274082184
