0.011496436782181263
-0.009425927884876728
0.01108744740486145
-0.013042928650975227
-0.024782203137874603
0.014084572903811932
-0.01924806460738182
-0.006483121309429407
-0.022392170503735542
-0.026175322011113167
-0.0029875398613512516
-0.003546705236658454
-0.016206204891204834
0.014276286587119102
0.0005100385751575232
-0.0015936208656057715
0.04250933602452278
-0.008972205221652985
0.008614339865744114
-0.013004585169255733
-0.011470874771475792
0.00540952431038022
0.0030913848895579576
0.0005523753352463245
-0.022494418546557426
0.008358721621334553
0.020027700811624527
-0.03404837101697922
-0.019337531179189682
-0.004847163800150156
-0.006428802385926247
0.004281607922166586
-0.0011878267396241426
-0.009994679130613804
0.015912244096398354
0.020436689257621765
0.025497933849692345
0.015656625851988792
0.026942178606987
0.002351689152419567
0.018851855769753456
0.009323680773377419
0.005272129084914923
-0.01207157876342535
-0.013279375620186329
0.004994144197553396
-0.005911175161600113
-0.019426997750997543
-0.02471829764544964
0.009234214201569557
0.01129833236336708
0.02799021266400814
-0.014468000270426273
-0.02949836105108261
-0.016717443242669106
-0.007259562145918608
-0.025076163932681084
0.008173397742211819
0.02648206427693367
-0.01259559579193592
0.015567160211503506
-0.010486744344234467
-0.02351689152419567
0.005693899467587471
0.020768994465470314
0.008499311283230782
-0.025868581607937813
0.020896803587675095
-0.02125466801226139
0.02180424891412258
0.011630636639893055
0.03271915391087532
0.01912025548517704
-0.0241431575268507
0.017918849363923073
-0.015196513384580612
-0.030802015215158463
-0.02112685889005661
0.014506343752145767
0.02622644603252411
0.007585475686937571
0.012646719813346863
-0.026162542402744293
0.0012924704933539033
0.0052337865345180035
-0.008722977712750435
0.002679200144484639
9.535763820167631e-05
0.009310899302363396
-0.010659286752343178
-0.012231339700520039
0.013522212393581867
0.01715199463069439
0.01736927032470703
-0.0341506153345108
0.029856227338314056
-0.013752269558608532
0.013688364997506142
-0.015988929197192192
-0.017803819850087166
0.01209075003862381
-0.0012357551604509354
-0.020602842792868614
-0.010084145702421665
-0.03376718983054161
-1.1145860298711341e-05
-0.021280230954289436
-0.001850038068369031
0.027939090505242348
-0.010410059243440628
-0.0010903722140938044
0.05552031472325325
-0.007789970375597477
-0.024692736566066742
0.008863567374646664
-0.015055922791361809
0.004265632014721632
-0.008633511140942574
-0.009553737007081509
-0.025076163932681084
0.01520929392427206
0.023376300930976868
0.016755785793066025
-0.00033350210287608206
0.030444150790572166
-0.002131218323484063
-0.027913527563214302
0.008761320263147354
0.007892217487096786
-0.018008315935730934
-0.012659500353038311
-0.002930025802925229
-0.010844609700143337
0.011937378905713558
-0.004757697228342295
2.324030538147781e-05
-0.00840984471142292
0.003933327738195658
-0.01891576126217842
-0.03693685680627823
0.02832251787185669
0.025280658155679703
-0.009425927884876728
-0.011451703496277332
-0.008563215844333172
0.013777830637991428
0.027095548808574677
0.033409323543310165
0.004684207029640675
0.01782938279211521
0.013368841260671616
-0.0368090495467186
-0.00399403739720583
0.002709554973989725
0.020641185343265533
0.0136372409760952
-0.003648952580988407
0.018634580075740814
0.010997980833053589
0.0028852925170212984
-0.009400365874171257
0.014442439191043377
0.00033350210287608206
0.009860479272902012
0.03174780309200287
0.024577707052230835
0.03921186178922653
0.023146245628595352
0.011943768709897995
0.00956012774258852
0.006748325657099485
0.023695824667811394
-0.022187676280736923
0.030802015215158463
-0.012116311118006706
0.02289062738418579
0.014685275964438915
0.01386729720979929
-0.02560018189251423
-0.01639791950583458
-0.01644904352724552
0.007706894539296627
0.007681332528591156
0.013228251598775387
-0.0092853382229805
-0.002322932006791234
0.00542869558557868
0.0009481844608671963
-0.004182555712759495
0.0034987765830010176
0.034201741218566895
0.023478548973798752
-0.020513376221060753
-0.0005367986159399152
-0.6327066421508789
-0.01210992131382227
0.010378106497228146
-0.01786772534251213
0.008793272078037262
-0.02020663395524025
0.024526584893465042
0.015822777524590492
0.00979018397629261
-0.012685062363743782
-0.0006897702696733177
0.014071792364120483
0.008205350488424301
-0.02819470874965191
-0.04112899675965309
-0.01253169123083353
0.009195871651172638
-0.025255097076296806
0.024424336850643158
-0.006722763646394014
-0.014135696925222874
0.016040053218603134
-0.006652468349784613
0.01814890466630459
0.002981149358674884
-0.013458307832479477
0.0008275645086541772
-0.0013396000722423196
0.01798275299370289
0.00673554465174675
-0.0011343065416440368
0.015669407323002815
0.01719033718109131
-0.012800090946257114
0.04054107517004013
0.019976576790213585
-0.011119400151073933
0.0043678791262209415
0.008045588620007038
0.004025989677757025
-0.002746300073340535
-0.020820118486881256
0.033613819628953934
0.012959851883351803
0.027683472260832787
-0.003078603884205222
0.025919703766703606
-0.02375972829759121
-0.0036074144300073385
0.0351475290954113
-0.014838647097349167
0.00688252504914999
0.012582815252244473
-0.005760999396443367
0.0022590274456888437
0.0004944617976434529
-0.006518268957734108
-0.007406542543321848
-0.004815211519598961
0.01628289185464382
0.0004661041602957994
0.009195871651172638
-0.012902338057756424
-0.04171692207455635
-0.023836415261030197
0.0121546545997262
-0.015873901546001434
-0.008754929527640343
-0.002346896333619952
-0.010499524883925915
0.00471615931019187
0.03310257941484451
-0.009802965447306633
-0.019005227833986282
0.02079455554485321
0.014480781741440296
0.02799021266400814
0.0033486008178442717
0.0029475996270775795
-0.001450634328648448
-0.011259989812970161
-0.02740229107439518
-0.02292896993458271
0.022992873564362526
0.014416877180337906
-0.03673236072063446
-0.006825010757893324
-0.0016519338823854923
0.003952499479055405
0.0190435703843832
0.0192097220569849
0.027811281383037567
0.004812016151845455
-0.008397064171731472
-0.007515180390328169
0.03665567561984062
0.018583456054329872
-0.002220684662461281
-0.018481209874153137
-0.013074880465865135
0.012461395934224129
-0.014033449813723564
0.0017206312622874975
0.008128664456307888
0.019989358261227608
0.006342531181871891
0.0038949851877987385
0.01798275299370289
0.05434446781873703
-0.014199601486325264
0.013228251598775387
-0.018468428403139114
-0.009470661170780659
-0.0010648103198036551
-0.00847374927252531
-0.030520835891366005
0.01827671378850937
0.01092129573225975
0.010058583691716194
-0.012314415536820889
0.026712121441960335
-0.004182555712759495
0.0023964224383234978
-0.0016223778948187828
-0.026660997420549393
0.043071698397397995
-0.00174140022136271
-0.011509218253195286
-0.010109706781804562
-0.02208542823791504
-0.0076941135339438915
0.0004609118914231658
0.020308880135416985
0.005546919070184231
0.03910961374640465
-0.0013547774869948626
0.016973061487078667
-0.0318756140768528
-0.0045915450900793076
-0.010716800577938557
-0.008237302303314209
-0.02180424891412258
0.01652572862803936
-0.008109493181109428
-0.029344990849494934
-0.039850905537605286
-0.03982534632086754
0.004684207029640675
-0.028143584728240967
0.015784434974193573
-0.00015846343012526631
0.010966029018163681
-0.020066043362021446
-0.006844182498753071
-0.0014945687726140022
-0.006508683320134878
-0.012806480750441551
0.00842901598662138
-0.015669407323002815
-0.005473428871482611
0.004441369324922562
-0.003083396703004837
-0.02602195180952549
0.03151774778962135
-0.025574618950486183
0.018353400751948357
0.017931628972291946
0.018545113503932953
0.004070722963660955
-0.0354798324406147
0.001107945921830833
0.018021095544099808
-0.01079348661005497
0.008416235446929932
0.033409323543310165
0.0016391528770327568
-0.010033021681010723
0.00014378534979186952
-0.028552573174238205
-0.006563002243638039
-0.002537012565881014
0.02338908240199089
-0.03256578370928764
-0.00970710813999176
0.005470233503729105
0.005543723702430725
0.012672281824052334
0.00743849528953433
-0.012563643977046013
0.004981363192200661
0.01504314225167036
0.01113218069076538
0.0009553737472742796
0.020807337015867233
-0.0159378070384264
0.004546812269836664
0.011426141485571861
-0.0006122859194874763
0.005527747794985771
0.02673768252134323
0.03601663187146187
-0.03325595334172249
0.030111845582723618
-0.01573331095278263
0.008544044569134712
-0.006310578901320696
-0.0008770906133577228
-0.020717870444059372
0.06007032096385956
0.005722656846046448
0.019069131463766098
-0.009585689753293991
-0.011988501995801926
-0.013266594149172306
-0.019478121772408485
0.0322079174220562
-0.03634893521666527
-0.003230377333238721
-0.02806689962744713
0.028041336685419083
0.0023836414329707623
-0.0036649287212640047
0.012269682250916958
0.005406328942626715
-0.020551718771457672
0.017267022281885147
0.002212696708738804
-0.0005759401828981936
0.00794973224401474
-0.039927590638399124
5.951115599600598e-05
0.0048823109827935696
-0.0008012038888409734
0.017791040241718292
0.01537544559687376
0.008416235446929932
0.00024643211509101093
-0.0134710893034935
0.03174780309200287
0.00790499895811081
0.010033021681010723
0.034201741218566895
0.011285551823675632
0.0042272889986634254
0.009777403436601162
0.011605074629187584
0.03527533635497093
0.0034188958816230297
-0.008716586977243423
0.005604433361440897
-0.01891576126217842
-0.00018811915651895106
-0.013394403271377087
-0.03563320264220238
0.008933862671256065
-0.01727980375289917
-0.0006793857319280505
0.02116520330309868
0.015873901546001434
0.017752697691321373
0.012851214036345482
0.016679100692272186
0.015797216445207596
0.001288476400077343
0.009802965447306633
-0.00920226238667965
-0.02539568766951561
-0.011822350323200226
-0.0308787003159523
-0.0033581864554435015
0.0036777094937860966
-0.020896803587675095
0.01370114553719759
0.003933327738195658
0.012966242618858814
0.015631064772605896
-0.004220898728817701
0.004284803289920092
-0.0029571852646768093
0.024922791868448257
-0.04659923166036606
-0.03003516048192978
-0.007240390870720148
0.02714667282998562
-0.011643417179584503
-0.02451380342245102
-0.00811588391661644
-0.004182555712759495
-0.022992873564362526
0.00951539445668459
-0.008058370091021061
0.01207157876342535
0.008582387119531631
-0.015170951373875141
-0.01719033718109131
-0.007917779497802258
0.007291514426469803
0.006163598503917456
0.004265632014721632
0.007815532386302948
0.009694327600300312
-0.00949622318148613
-0.014583028852939606
-0.0026744073256850243
0.04447760060429573
0.02296731248497963
-0.03215679153800011
0.007598256692290306
0.010672067292034626
-0.03338376060128212
0.008294817060232162
7.433901919284835e-05
0.008192569017410278
0.010422839783132076
-0.013483869843184948
0.016129519790410995
0.011285551823675632
-0.0068697440437972546
0.012410272844135761
-0.014800304546952248
0.033869437873363495
-0.021011831238865852
-0.018315058201551437
-0.005080415401607752
0.040387704968452454
0.008192569017410278
-0.021318573504686356
0.028015775606036186
0.006294602993875742
-0.014404095709323883
-0.015656625851988792
-0.0476217046380043
0.017688792198896408
-0.017458735033869743
-0.005067634396255016
0.02042390964925289
0.0010288640623912215
-0.006927258335053921
0.02301843650639057
0.01652572862803936
0.01204601675271988
0.0039844517596066
0.020653964951634407
0.023274054750800133
0.01665353775024414
-0.008748539723455906
0.002235063351690769
0.007674942258745432
0.014736399985849857
-0.013483869843184948
0.0479540079832077
0.03923742100596428
-0.010378106497228146
-0.022059867158532143
-0.015349884517490864
0.028399202972650528
0.026379818096756935
-0.0047193546779453754
-0.04289276525378227
0.00836511142551899
-0.00970710813999176
0.04698266088962555
-0.017330925911664963
0.007138143293559551
0.019184159114956856
0.0006286614807322621
0.003958889748901129
-0.008665462955832481
0.013969545252621174
-0.039927590638399124
0.03174780309200287
0.021318573504686356
0.006195550784468651
-0.03075089119374752
0.00832676887512207
0.021561410278081894
-0.010806267149746418
-0.0007396957371383905
0.00862072966992855
0.0014482379192486405
0.0009010548237711191
0.01405901089310646
-0.018941322341561317
-0.023440206423401833
0.0010208759922534227
-0.03277027606964111
-0.0020721065811812878
-0.025676866993308067
-0.005569285713136196
-0.005713070742785931
0.005844075232744217
0.001497764023952186
-0.008850786834955215
-0.006984772626310587
0.01803387701511383
-0.06390459835529327
-0.029549485072493553
0.010576210916042328
0.00471615931019187
0.02000213973224163
0.01673022285103798
-0.0005112367798574269
-0.010167221538722515
0.022494418546557426
-0.0032431583385914564
-0.014646933414041996
-0.012819262221455574
-0.02427096664905548
-0.013713926076889038
-0.0017557787941768765
-0.02197040058672428
0.0017573763616383076
0.0006398448022082448
0.015426569618284702
-0.04805625602602959
-0.014416877180337906
-0.0010584199335426092
-2.2141945009934716e-05
-0.030265217646956444
0.017880506813526154
-0.00478006387129426
0.016870813444256783
0.011336675845086575
-0.021356916055083275
0.012838433496654034
-0.011649807915091515
-0.014429657720029354
0.003971670754253864
-0.0005527747562155128
0.01866014301776886
-0.020347224548459053
0.015477693639695644
0.009509003721177578
-0.002145596779882908
0.010544258169829845
-0.014634152874350548
0.004885506350547075
0.0021296206396073103
0.008230912499129772
-0.0024779008235782385
0.0044094170443713665
0.028296954929828644
-0.007253171876072884
-0.004527640528976917
0.002348494017496705
-0.034073930233716965
-0.011809569783508778
0.00601342273876071
-0.014046230353415012
0.01209075003862381
0.003946108743548393
-0.019094694405794144
-0.010071364231407642
-0.01614230126142502
0.012774528935551643
0.022494418546557426
-0.012697843834757805
-0.030469711869955063
-0.014263506047427654
0.00036525470204651356
-0.015925025567412376
0.019145816564559937
0.0038470567669719458
-0.022737255319952965
-0.024168718606233597
0.005898394156247377
-0.0001468807167839259
-0.03128768876194954
0.040898941457271576
-0.03698797896504402
-0.0161039587110281
-0.005821708589792252
-0.005860051605850458
0.046420298516750336
-0.029089372605085373
0.014992018230259418
-0.013675583526492119
0.014544686302542686
-0.007508790120482445
-0.033486008644104004
-0.011796788312494755
-0.015426569618284702
0.024079252034425735
0.023913100361824036
0.023913100361824036
-0.008786882273852825
0.000942592800129205
0.005003729835152626
0.011323894374072552
-0.01602727361023426
0.012825652956962585
-0.012499739415943623
-0.03606775403022766
0.0043614888563752174
0.01619342528283596
0.01803387701511383
0.015490474179387093
-0.01340718474239111
-0.01744595542550087
0.02292896993458271
-0.011547560803592205
-0.020973488688468933
-0.00849292054772377
-0.0030354682821780443
0.0005879222881048918
0.008710196241736412
-0.024360433220863342
0.005169881973415613
-0.03734584525227547
0.0033102580346167088
0.04000427946448326
0.012665891088545322
-0.003805518848821521
0.011566732078790665
0.018672922626137733
-0.0305463969707489
0.02560018189251423
0.006483121309429407
0.005751413758844137
0.010742362588644028
-0.010844609700143337
-0.029089372605085373
0.016832470893859863
0.038266073912382126
0.00011602678569033742
-0.014289068058133125
-0.02819470874965191
0.014608590863645077
-0.013068489730358124
0.024616051465272903
0.019094694405794144
-0.02046225219964981
0.01882629469037056
-0.027351167052984238
-0.019260846078395844
-0.03785708174109459
0.0041506034322083
-0.02011716738343239
-0.0006981577025726438
-0.006195550784468651
-0.005821708589792252
0.00752157112583518
-0.0008994571981020272
-0.004323145840317011
0.00840984471142292
-0.007227609865367413
0.02254554256796837
-0.013177127577364445
0.03870062530040741
0.04447760060429573
-0.02732560597360134
-0.0002743903605733067
-0.0006909684743732214
0.004156994167715311
-0.023734167218208313
0.03036746382713318
0.007879436947405338
0.002100863726809621
-0.01845564693212509
0.010039412416517735
0.005336033646017313
-0.007035896182060242
-0.013905640691518784
-0.0029603803995996714
0.026839930564165115
0.029984036460518837
-0.019593149423599243
0.004198532085865736
-0.02427096664905548
0.01908191293478012
0.010608162730932236
0.012212168425321579
-0.005195443518459797
-0.014659714885056019
-0.0019059545593336225
0.04394080117344856
0.005834489595144987
0.010167221538722515
0.0005927151069045067
-0.014352972619235516
-0.00020379576017148793
-0.009617641568183899
-0.014301848597824574
-0.002321334555745125
0.001246938481926918
0.01615508273243904
-0.006741934921592474
-0.008959424681961536
-0.009847698733210564
-0.02116520330309868
0.022277142852544785
-0.013790612109005451
-0.019094694405794144
0.022992873564362526
-0.0046522547490894794
0.011355847120285034
0.0282458309084177
0.002290979726240039
-0.006582173518836498
0.006703592371195555
0.00936841405928135
-0.017637668177485466
0.00023484938719775528
0.0035658765118569136
-0.02765790931880474
0.007125362753868103
-0.02471829764544964
0.000452923821285367
0.007943341508507729
-0.01644904352724552
-0.02305677905678749
0.0044285887852311134
0.013445527292788029
-0.004869530443102121
-0.01919694058597088
-0.011208866722881794
-0.02322293072938919
0.011975721456110477
0.019899891689419746
0.013042928650975227
0.0012605182128027081
0.032105669379234314
-0.03473854064941406
-0.021650876849889755
0.01580999791622162
0.01349665131419897
-0.005224200896918774
0.037294723093509674
0.0004357494763098657
-0.02280116081237793
0.035377584397792816
-0.013100442476570606
-0.02627757005393505
-0.029881790280342102
-0.00557567598298192
0.011259989812970161
-0.007662161253392696
0.0029523924458771944
0.012998195365071297
0.002094473224133253
-0.0012046016054227948
0.017164774239063263
0.007738846819847822
0.018902979791164398
-0.00020609232888091356
-0.029907351359725
-0.0027319216169416904
-0.025676866993308067
0.019426997750997543
-0.03417617827653885
0.009547347202897072
0.0019714569207280874
-0.036834608763456345
-0.006914477329701185
-0.005975079722702503
0.016334015876054764
-0.03392056003212929
0.004933435004204512
-0.022941749542951584
-0.027376729995012283
-0.030393026769161224
-0.007611037697643042
-0.02937055192887783
0.010480353608727455
0.005965494085103273
-0.006569392513483763
-0.012001283466815948
0.014276286587119102
-0.017420392483472824
-0.009215042926371098
-0.008230912499129772
-0.014723619446158409
-0.030009599402546883
0.007943341508507729
-0.031901173293590546
0.022417733445763588
-0.008109493181109428
-0.024462679401040077
-0.02699330262839794
-0.006163598503917456
-0.037090227007865906
-0.0147875240072608
0.0062882122583687305
0.028348078951239586
0.013189909048378468
-0.007163705304265022
0.018800731748342514
0.0390840508043766
0.0062147220596671104
0.0026744073256850243
-0.022149333730340004
0.00414101779460907
-0.021650876849889755
-0.017637668177485466
-0.015541598200798035
-0.00947705190628767
-0.029805103316903114
-0.013560555875301361
0.03724359720945358
0.007170095574110746
-0.0030322731472551823
0.03767814859747887
-0.021497506648302078
-0.024922791868448257
0.016576852649450302
-0.0015656626783311367
0.011387798935174942
0.00026520408573560417
-0.00427841255441308
-0.029907351359725
0.006058155559003353
0.0033038677647709846
0.005224200896918774
-0.029523923993110657
-0.000406193605158478
0.01936309225857258
-0.028271393850445747
0.00855682510882616
-0.020398346707224846
0.0027399095706641674
0.01573331095278263
-0.015579940751194954
0.015426569618284702
-0.0025913314893841743
-0.019938234239816666
0.00623389333486557
0.010397277772426605
-0.03241240978240967
-0.02535734325647354
1.6725030945963226e-05
-0.02355523407459259
-0.014289068058133125
0.014992018230259418
-0.017931628972291946
0.01811056211590767
0.000371046073269099
-0.015426569618284702
-0.012474177405238152
-0.0308787003159523
-0.029728418216109276
0.005968689452856779
-0.006192355416715145
-0.004879116080701351
0.036757923662662506
-0.006588563788682222
0.016218986362218857
-0.0009737462969496846
0.0032878913916647434
-0.02648206427693367
-0.014327410608530045
0.0003464827314019203
-0.03701354190707207
-0.007834703661501408
0.010767924599349499
-0.006844182498753071
0.03438067436218262
-0.003850251901894808
0.02819470874965191
-0.03882843255996704
-0.009713498875498772
0.2096070796251297
-0.006741934921592474
-0.008026417344808578
0.014557466842234135
-0.02384919486939907
-0.005367985926568508
0.021190764382481575
0.0004868731484748423
-0.0019474925938993692
0.009163918904960155
-0.006856963038444519
-0.018340619280934334
-0.008729367516934872
0.0020481422543525696
-0.004358293488621712
0.003406115109100938
-0.04999895766377449
-0.02673768252134323
0.009048891253769398
0.003108958713710308
0.023657482117414474
0.0241431575268507
-0.002503462601453066
-0.0072020478546619415
0.017011404037475586
-0.005569285713136196
-0.011573122814297676
0.004345512483268976
0.012263292446732521
0.013522212393581867
-0.028629260137677193
0.0019299187697470188
0.00688252504914999
-0.008607949130237103
-0.00798807479441166
0.014710837975144386
0.02811802178621292
-0.04179360717535019
0.011573122814297676
0.002254234626889229
0.0036649287212640047
-0.025127287954092026
0.006684420630335808
-0.012934290803968906
-0.011675369925796986
0.04603687301278114
0.00968154612928629
-0.008921082131564617
0.005000534933060408
0.007770799100399017
-0.026430942118167877
0.027453415095806122
0.03693685680627823
0.012186606414616108
-0.015004799701273441
0.005700290203094482
0.005189053248614073
0.004840773064643145
0.006716372910887003
0.0057066804729402065
0.009528174996376038
0.017599325627088547
0.00188518560025841
0.03425286337733269
-0.023913100361824036
0.019133036956191063
-0.014736399985849857
0.004847163800150156
0.002976356539875269
-0.007272343151271343
-0.0017461931565776467
-0.0011758445762097836
-0.012672281824052334
0.008665462955832481
-0.009905212558805943
-0.01106188539415598
0.03200342133641243
0.014493562281131744
0.016244549304246902
0.02401534840464592
-0.007489618845283985
-0.0033166485372930765
-0.017305364832282066
0.0013044525403529406
0.010608162730932236
-0.002568964846432209
0.013880078680813313
-0.015285979956388474
0.0195420254021883
-0.020973488688468933
-0.0037895424757152796
0.0013483869843184948
0.007566304411739111
-0.02000213973224163
-0.014493562281131744
-0.006495902314782143
0.01242305338382721
0.01250612922012806
-0.010154440067708492
0.0069783818908035755
-0.02845032699406147
0.041435740888118744
0.0248077642172575
0.006227503065019846
-0.0025881361216306686
0.011119400151073933
-0.01524763647466898
-0.004636278375983238
-0.003629781072959304
-0.04166579619050026
-0.009080843068659306
-0.0019474925938993692
0.004888701718300581
-0.02016829140484333
-0.002284589223563671
0.016410700976848602
0.016960280016064644
-0.02519119158387184
0.007642989978194237
-0.003447653027251363
-0.009138356894254684
-0.02301843650639057
-0.02832251787185669
0.010358935222029686
-0.03141549974679947
-0.010084145702421665
-0.03611887991428375
-0.0020034092012792826
-0.052069466561079025
-0.023695824667811394
0.018583456054329872
-0.010256688110530376
0.024488242343068123
0.01853233389556408
0.0035978287924081087
-0.001171850599348545
0.027683472260832787
-0.020513376221060753
0.011387798935174942
0.0032878913916647434
0.023082340136170387
-0.001845245249569416
0.012493348680436611
-0.010422839783132076
0.0010400472674518824
-0.019887110218405724
0.010787095874547958
0.0004992546746507287
-0.00832676887512207
-0.005137929692864418
-0.019963795319199562
-0.04197254031896591
0.0095217851921916
-0.01753542199730873
0.020232195034623146
0.013419965282082558
-0.027453415095806122
-0.010461182333528996
-0.006447973661124706
0.011560341343283653
-0.03739697113633156
-0.007125362753868103
0.04250933602452278
-0.00830759759992361
-0.0013659608084708452
0.014774742536246777
-0.15848340094089508
0.016755785793066025
0.02983066625893116
-0.012212168425321579
-0.0018340619280934334
0.007662161253392696
0.016040053218603134
0.007515180390328169
-0.004390245769172907
-0.014046230353415012
-0.00034688215237110853
0.008863567374646664
-0.041691359132528305
-0.017522640526294708
-0.003263927297666669
-0.010569820180535316
-0.04381299018859863
0.004105870146304369
0.029779542237520218
0.012646719813346863
0.012915118597447872
-0.01357333641499281
-0.021663658320903778
-0.002033763797953725
0.01497923769056797
0.008844396099448204
-0.031977858394384384
0.006850572768598795
-0.000867504917550832
-0.01765044964849949
0.009777403436601162
-0.001671105157583952
0.03829163312911987
0.022519979625940323
-0.0035307288635522127
0.018378961831331253
0.0037959329783916473
-9.595674782758579e-05
-0.004498883616179228
0.014723619446158409
0.00477047823369503
0.014097354374825954
0.01766323111951351
0.013215471059083939
-0.009841307997703552
-0.005169881973415613
-0.0008315585437230766
0.0003253143513575196
0.015055922791361809
-0.007911388762295246
0.024334870278835297
0.00760464696213603
0.00035506990388967097
-0.016909155994653702
0.0009737462969496846
0.018570676445961
0.007770799100399017
-0.006320164538919926
-0.004332731477916241
0.008953033946454525
-0.0013707536272704601
-0.0060645462945103645
-0.0019379069563001394
0.005987860728055239
0.009796574711799622
-0.03425286337733269
-0.012787309475243092
0.03829163312911987
-0.04376186802983284
0.01200767420232296
-0.00044333815458230674
-0.011547560803592205
-0.009112795814871788
-0.010723191313445568
0.009636812843382359
0.00838428270071745
-0.0013204286806285381
0.03785708174109459
-0.003620195435360074
0.007706894539296627
-0.018800731748342514
0.04966665431857109
-0.007074238732457161
0.001268506282940507
0.016551289707422256
-0.013688364997506142
-0.0033581864554435015
0.0134710893034935
0.022417733445763588
0.004952606279402971
-0.0029827470425516367
-0.038470566272735596
0.006447973661124706
-0.004284803289920092
0.010742362588644028
0.015388227067887783
0.0147875240072608
0.01196294091641903
0.0021439993288367987
-0.002944404259324074
-0.005697094835340977
0.013356060720980167
-0.020564498379826546
-0.0030929825734347105
0.017931628972291946
-0.005339229013770819
0.015158169902861118
0.012518910691142082
0.025804676115512848
-0.0032527439761906862
-0.018378961831331253
0.0167685654014349
0.0076685515232384205
0.011247209273278713
0.018711265176534653
0.01814890466630459
-0.0036840999964624643
0.0001459820632589981
0.015132608823478222
-0.020053261891007423
0.0584854856133461
-0.020449470728635788
0.0003904171462636441
-0.009163918904960155
-0.02577911503612995
-0.03417617827653885
-0.11063163727521896
-0.01719033718109131
0.027683472260832787
0.02342742495238781
0.0008539251866750419
0.012077968567609787
-0.009061671793460846
0.012857604771852493
-0.0066460780799388885
0.011183304712176323
-0.01669188030064106
-0.020679527893662453
-0.012883166782557964
0.025446809828281403
-0.03363937884569168
0.01094046700745821
-0.004377464763820171
-0.006652468349784613
-0.01399510633200407
0.014723619446158409
0.0072212195955216885
-0.0010336568811908364
-0.0040515512228012085
-0.01125359907746315
-0.019848767668008804
0.007048677187412977
-0.024079252034425735
0.010512306354939938
0.029447238892316818
-0.007649380248039961
-0.01891576126217842
-0.012768138200044632
0.0003053441469091922
-0.01115135196596384
0.016998622566461563
0.0018244762904942036
-0.00029076592181809247
-0.020679527893662453
0.01635957695543766
-0.02012994885444641
0.0060805222019553185
0.0138033926486969
-0.002973161404952407
-0.016167862340807915
-0.0025561838410794735
-0.009406756609678268
-0.019056349992752075
0.019171379506587982
0.011592294089496136
-0.010742362588644028
-0.015950586646795273
-0.0315433107316494
-0.025715209543704987
-0.015349884517490864
0.006237088702619076
0.02401534840464592
-0.008377892896533012
-0.007176486309617758
-0.0032096083741635084
-0.026763245463371277
0.006310578901320696
0.007227609865367413
-0.022187676280736923
0.04061776027083397
0.018085001036524773
0.0111705232411623
-0.03075089119374752
-0.01669188030064106
0.010499524883925915
0.003942913841456175
0.009694327600300312
-0.007598256692290306
-0.002532219747081399
-0.007483228109776974
-0.022443294525146484
0.01110661868005991
-0.02246885560452938
-0.007553523406386375
0.020564498379826546
0.0017893287586048245
-0.005454257130622864
-0.00807115063071251
-0.013611678965389729
-0.02346576750278473
0.017842164263129234
0.02381085231900215
0.03049527294933796
-0.011662589386105537
-0.005268934182822704
-0.00816061720252037
0.00933007150888443
0.03003516048192978
0.0072212195955216885
-0.0002721936325542629
0.014813085086643696
0.010569820180535316
0.005927151534706354
0.0020832899026572704
-0.00616998877376318
0.031696680933237076
-0.022775597870349884
-0.00630738353356719
-0.06559167802333832
0.004169775173068047
0.014736399985849857
-0.010620944201946259
-0.012429444119334221
-0.00017833376477938145
0.02937055192887783
0.002460326999425888
0.03923742100596428
0.031441062688827515
0.009975507855415344
0.023861976340413094
-0.013880078680813313
0.0015904256142675877
-0.017215898260474205
-0.03371606394648552
0.022724473848938942
-0.013650021515786648
0.011630636639893055
0.007080629467964172
0.00752157112583518
0.028884878382086754
0.02421984262764454
0.02489723078906536
-0.020104385912418365
0.020193852484226227
-0.009272556751966476
-0.0028453522827476263
0.001522527076303959
0.009342852048575878
0.01376505009829998
-0.020679527893662453
-0.03172224014997482
0.011509218253195286
-0.014097354374825954
-0.013189909048378468
0.001173448166809976
0.04585793986916542
0.019938234239816666
0.07126640528440475
-0.011375018395483494
-0.026047512888908386
0.01508148480206728
-0.028041336685419083
-0.013483869843184948
-0.010825438424944878
-0.0013763452880084515
0.001883588032796979
0.008230912499129772
0.00847374927252531
0.021229106932878494
0.015784434974193573
-0.01615508273243904
-0.037422530353069305
0.0032399629708379507
0.02108851633965969
0.014583028852939606
0.011259989812970161
-0.00970710813999176
-0.005716266110539436
0.014276286587119102
-0.004406222142279148
-6.545228825416416e-05
0.016308452934026718
0.010825438424944878
-0.002830973593518138
-0.01786772534251213
-0.020602842792868614
-0.011988501995801926
-0.02066674642264843
0.007317076437175274
9.620637138141319e-05
-0.0070870197378098965
0.0053008864633738995
-0.007642989978194237
-0.008614339865744114
-0.003228779649361968
-0.007847484201192856
-0.0006538238958455622
0.018979664891958237
0.011368627659976482
0.0004081906226929277
-0.016461824998259544
0.006435193121433258
0.020270537585020065
0.020947927609086037
0.004978168290108442
-0.015004799701273441
-0.021318573504686356
-0.00478006387129426
-0.0033166485372930765
0.007636599242687225
-0.005067634396255016
-0.00667164009064436
-0.03739697113633156
-0.0041601890698075294
0.012665891088545322
-0.013292156159877777
0.024296527728438377
0.015413789078593254
0.02326127327978611
0.0013851320836693048
0.0037831522058695555
-0.013202689588069916
-0.011521998792886734
-0.006294602993875742
-0.02438599430024624
-0.02363191917538643
-0.0193758737295866
0.034457359462976456
-0.012525301426649094
-0.007297905161976814
0.0192097220569849
0.0006694006733596325
-0.012576424516737461
0.021075736731290817
0.010767924599349499
-0.01628289185464382
-0.029523923993110657
0.026839930564165115
-0.019631491973996162
0.027018863707780838
0.0157716553658247
-0.01635957695543766
0.025459591299295425
0.002313346369192004
0.03765258938074112
-0.0008722977363504469
0.004891897086054087
0.006457559298723936
-0.012934290803968906
-4.498284397413954e-05
-0.021663658320903778
-0.01903078891336918
-0.004636278375983238
-0.02317180670797825
0.030674206092953682
0.020935146138072014
-0.02037278562784195
0.08287148177623749
0.024334870278835297
-0.019759301096200943
0.02773459441959858
0.0023293225094676018
-0.013304936699569225
-0.011560341343283653
-0.015912244096398354
-0.016960280016064644
-0.002169561106711626
0.0305463969707489
0.01066567748785019
-0.005486209411174059
-0.03527533635497093
-0.007189267314970493
0.004569178447127342
-0.008058370091021061
0.028629260137677193
0.00021288219431880862
0.008850786834955215
0.03898180276155472
-0.007016724906861782
-0.014838647097349167
0.010480353608727455
-0.020219413563609123
0.02530622109770775
0.038547251373529434
-0.016512947157025337
-0.004457345698028803
-0.03167111799120903
-0.003703271271660924
-0.010192783549427986
-0.030776454135775566
-0.02471829764544964
-0.005051658488810062
-0.01882629469037056
0.009400365874171257
-0.017433173954486847
-0.00470657367259264
0.010461182333528996
0.0027111524250358343
0.02811802178621292
-0.029677294194698334
-0.038675062358379364
-0.01104271411895752
-0.004198532085865736
-0.02832251787185669
-0.006083717569708824
-0.024258185178041458
