-0.007379844784736633
-0.009207173250615597
0.014259577728807926
-0.011912902817130089
-0.04347119480371475
0.004350325558334589
-0.034366607666015625
-0.008226186037063599
-0.006777146831154823
-0.033674146980047226
-0.001623758114874363
0.017208950594067574
-0.005536486394703388
0.014746866188943386
0.0017471830360591412
0.0022248532623052597
0.034366607666015625
-0.007777368649840355
0.00826465617865324
-0.0010402952320873737
-0.014439105056226254
0.01192572619765997
-0.008527535013854504
-0.010027868673205376
-0.03252004459500313
0.020363498479127884
0.022492175921797752
-0.019991621375083923
0.000998619245365262
-0.016118966042995453
-0.00455549918115139
-0.023889923468232155
-0.013067005202174187
-0.016593430191278458
-0.005651896819472313
-0.001251880661584437
0.0032571337651461363
0.038726553320884705
0.022287001833319664
0.017170481383800507
0.0267751794308424
0.006014156620949507
0.0036610697861760855
-0.019209396094083786
0.01057286188006401
0.01902986876666546
-0.001958768581971526
-0.010957562364637852
-0.02844221517443657
0.015131566673517227
-0.0010859784670174122
0.01458016224205494
-0.02895515039563179
0.005372988525778055
-0.00772607559338212
-0.004157974850386381
-0.016939660534262657
-0.005196667276322842
-0.011784669011831284
-0.016606252640485764
0.01554191391915083
-0.006642501335591078
-0.038239262998104095
0.013618409633636475
0.024005332961678505
0.0058698938228189945
-0.01519568357616663
0.018055293709039688
-0.011040913872420788
0.027108587324619293
0.012951594777405262
0.022825583815574646
-0.003677099011838436
0.007123377174139023
0.03180193528532982
-0.01030357088893652
-0.01554191391915083
-0.03264828026294708
0.017580829560756683
0.0177347082644701
-0.0023611015640199184
0.011367909610271454
-0.02591601386666298
-0.0057063959538936615
0.0013344311155378819
0.018504111096262932
-0.0016325742471963167
0.02385145239531994
-0.005424282047897577
-0.015849674120545387
-0.017555182799696922
0.018504111096262932
0.007873544469475746
0.01713201031088829
-0.02450544387102127
0.01195137295871973
-0.012451483868062496
0.014528868719935417
-0.017516711726784706
-0.037315983325242996
-0.0043278844095766544
-0.018555404618382454
-0.018952928483486176
0.003321250667795539
-0.025467196479439735
0.02427462302148342
-0.014657102525234222
-0.004539470188319683
0.004751055501401424
-0.025390256196260452
-0.0149520393460989
0.04370201751589775
-0.011226853355765343
-0.003920742776244879
0.018183527514338493
-0.025633899495005608
0.0338536761701107
-0.02651871182024479
-0.014477575197815895
-0.025877542793750763
0.026672592386603355
0.00833518523722887
0.016824251040816307
0.001408165437169373
0.010611332021653652
0.014144168235361576
-0.03788020834326744
-0.006206506863236427
-0.01847846433520317
-0.017747532576322556
-0.0263135377317667
-0.01545215118676424
-0.0009320980752818286
0.006616854574531317
-0.006969497073441744
-0.008457006886601448
-0.006764323450624943
0.011617965996265411
-0.02800622209906578
-0.028878210112452507
0.01543932780623436
0.012842596508562565
0.004452912136912346
-0.03957289457321167
-0.0050940802320837975
0.009906047023832798
0.03782891854643822
0.02700600028038025
0.0016830662498250604
-0.013111887499690056
0.02264605648815632
-0.06221894919872284
0.009335407055914402
0.004706173669546843
-0.0057320427149534225
-0.009963751770555973
0.007379844784736633
0.01652931235730648
0.0012871449580416083
-0.0031417235732078552
0.005235137417912483
0.011688494123518467
0.006841263268142939
0.015913791954517365
0.019953150302171707
0.021338073536753654
0.008213362656533718
0.017311537638306618
-0.00032399024348706007
0.016708839684724808
0.031955815851688385
0.028852563351392746
-0.034828249365091324
0.029109030961990356
0.020696906372904778
0.014451928436756134
-4.66349592898041e-05
-0.0006235359469428658
-0.002532613929361105
-0.005324901081621647
-0.0071874940767884254
-6.501845200546086e-05
-0.004603586625307798
0.0070849074982106686
-0.019414570182561874
0.011624377220869064
0.02192794904112816
0.018504111096262932
0.004408030770719051
0.009239232167601585
0.029775844886898994
0.014772512950003147
-0.010091985575854778
-0.015298270620405674
-0.6401422023773193
0.007354198023676872
0.004084240645170212
-0.008533947169780731
0.03264828026294708
-0.011707728728652
0.025210728868842125
0.0023835422471165657
-0.005013934336602688
-0.015593207441270351
0.010457451455295086
0.009854753501713276
0.02035067416727543
-0.03526424616575241
-0.03480260446667671
-0.031981464475393295
0.006135978735983372
-0.016349786892533302
0.01759365200996399
-0.018555404618382454
-0.05098568648099899
0.03587976470589638
0.007193905767053366
0.019953150302171707
-0.0014209887012839317
-0.004048976581543684
0.015631677582859993
0.0034558959305286407
0.013041358441114426
0.0015003333101049066
-0.011861609295010567
0.015041803009808064
0.01956844888627529
0.01436216477304697
0.05131909251213074
0.004920965060591698
-0.02100466564297676
0.028647389262914658
0.027826694771647453
0.01787576638162136
-0.016118966042995453
-0.030211839824914932
0.036084938794374466
0.020594319328665733
0.02568519301712513
0.0031545469537377357
0.004545881878584623
-0.01831175945699215
-0.013554293662309647
0.025287669152021408
-0.02582625113427639
-0.004157974850386381
0.006434121634811163
-0.004074623342603445
0.009995810687541962
-0.004702968057245016
0.0014458340592682362
3.929659214918502e-05
0.008258244954049587
0.008303126320242882
-0.0017920647514984012
0.005106903612613678
-0.014567338861525059
-0.027672814205288887
-0.009444406256079674
0.02476191148161888
-0.010681860148906708
-0.0173884779214859
0.01847846433520317
-0.018029646947979927
0.023979686200618744
0.0207481998950243
0.003811744274571538
-0.010431804694235325
0.009534168988466263
-0.0010394937125965953
0.025467196479439735
0.008110776543617249
-0.0003029519284609705
0.014400634914636612
0.0006992739508859813
-0.001785653061233461
-0.03518730401992798
0.0018209173576906323
0.0023338517639786005
-0.03713645413517952
0.004427265375852585
-0.019235042855143547
-0.004427265375852585
0.023954039439558983
-0.020158324390649796
0.007854308933019638
0.0031769878696650267
-0.01988903433084488
0.012041136622428894
0.036546580493450165
-0.00192831305321306
0.004305443726480007
-0.017747532576322556
-0.0099701639264822
-0.004016918130218983
-0.006193683482706547
-0.0048023490235209465
0.012425837107002735
0.028775623068213463
0.004811966326087713
0.01776035502552986
0.00876476801931858
0.024402856826782227
-0.019555626437067986
-0.0170422475785017
-0.022799937054514885
0.005825011990964413
-0.019722329452633858
0.004283002577722073
-0.02496708557009697
0.010406157933175564
-0.003600158728659153
0.004808760713785887
-0.02542872540652752
0.013785113580524921
-0.004590763244777918
0.025877542793750763
-0.006918203551322222
-0.01845281757414341
0.022479353472590446
-0.009066116996109486
0.010111220180988312
-0.009162291884422302
-0.032673925161361694
0.010996032506227493
-0.021799715235829353
0.02295381762087345
-0.009014823473989964
0.03154546767473221
-0.001222226652316749
0.016952484846115112
-0.003160958644002676
-0.009976575151085854
-0.024082273244857788
-0.029621966183185577
-0.002441247459501028
0.021030312404036522
-0.018722107633948326
-0.048369720578193665
-0.033930614590644836
-0.01882469467818737
-0.005090874619781971
-0.01977362297475338
0.020684082061052322
-0.017183303833007812
-0.0015011347131803632
-0.023800158873200417
0.008348008617758751
-0.0071874940767884254
-0.008796826004981995
-0.006427709944546223
0.016311315819621086
-0.027159878984093666
0.0008114783558994532
-0.0028467862866818905
-0.007283669430762529
-0.019671035930514336
0.026005776599049568
-0.037982795387506485
-0.01193854957818985
0.0017840501386672258
0.015657324343919754
-0.01796552911400795
-0.04995981603860855
0.00876476801931858
0.0146058090031147
-0.007591430097818375
0.01647801883518696
0.007956895977258682
0.020363498479127884
-0.024684971198439598
0.006549532059580088
-0.024043802171945572
-0.025031201541423798
0.008796826004981995
0.025749310851097107
-0.03044266067445278
-0.018555404618382454
0.01176543440669775
0.017426948994398117
-0.005728836636990309
0.002393159782513976
-0.009386700578033924
0.0076619586907327175
-0.006847674958407879
0.015939438715577126
-0.015798380598425865
0.024569561704993248
0.0034013965632766485
0.011611553840339184
0.00018483673920854926
-0.0004331891832407564
0.01701660081744194
0.02229982614517212
0.032417457550764084
0.008110776543617249
0.030006665736436844
-0.008168481290340424
0.0040105064399540424
-0.01011763233691454
0.011829551309347153
-0.012214251793920994
0.05919263884425163
0.005020346026867628
0.0026416124310344458
-0.019158102571964264
-0.016631899401545525
-0.01854258030653
0.009816283360123634
0.035084716975688934
-0.023261578753590584
0.024120742455124855
0.0031657672952860594
0.007822250947356224
-0.008046659640967846
-0.0032427075784653425
0.01629849337041378
-0.012400190345942974
-0.00385983195155859
0.014105698093771935
0.009938105009496212
0.016208728775382042
0.01615743525326252
-0.018414346501231194
0.0028067133389413357
0.01297083031386137
-0.0067579117603600025
0.03721339628100395
0.03357155993580818
0.007854308933019638
0.008117187768220901
-0.008822472766041756
0.037495508790016174
0.0021927948109805584
-0.011617965996265411
0.020389145240187645
-0.0025630693417042494
-0.011573083698749542
0.010810093954205513
0.013323472812771797
0.03110947459936142
0.012631011195480824
-0.008976353332400322
0.018465640023350716
-0.007700428832322359
-0.0024316299241036177
-0.009322583675384521
-0.006854086648672819
0.007046437356621027
-0.027313759550452232
0.01110503077507019
0.030314426869153976
0.01572144217789173
0.02086360938847065
0.003834185190498829
0.02895515039563179
-0.004145151469856501
0.008399302139878273
-0.011028091423213482
-0.011111442930996418
-0.007347786333411932
-0.0023643074091523886
-0.03398190811276436
-0.017055070027709007
-0.002819536719471216
-0.012990064918994904
-0.0008543564472347498
0.01894010417163372
0.015606030821800232
-0.011880844831466675
0.010265100747346878
-0.009085351601243019
0.00730290450155735
-0.0002763033553492278
-0.02749328687787056
-0.03226357698440552
0.0031305032316595316
0.01176543440669775
-0.005459546111524105
-0.009239232167601585
-0.00070929218782112
-0.007751721888780594
-0.03228922560811043
0.00010033278522314504
0.0005722424830310047
-0.0003163763612974435
-0.0022456911392509937
-0.0037764799781143665
-0.00197319476865232
-0.011399968527257442
0.0352385975420475
-0.005029963795095682
0.005106903612613678
0.0007826258079148829
0.02651871182024479
-0.018016822636127472
-0.00014806975377723575
-0.02605707012116909
0.029545025900006294
0.02065843529999256
-0.01793988235294819
-0.008707062341272831
0.003414219943806529
-0.009521345607936382
0.00403935881331563
-0.0024460561107844114
-0.0028756388928741217
0.021504776552319527
0.004157974850386381
0.007149023935198784
0.032186638563871384
0.004600381013005972
0.03039136715233326
0.004917758982628584
0.004478558897972107
-0.004129122477024794
-0.007815838791429996
0.02355651557445526
0.05590985715389252
-0.004722203128039837
-0.030801715329289436
0.02350522205233574
-0.009829106740653515
0.006498238537460566
-0.02462085336446762
-0.03131464868783951
0.007565783336758614
-0.004295825958251953
-0.01673448644578457
0.012842596508562565
0.01752953603863716
-0.0022360736038535833
0.005010728724300861
0.0133875897154212
0.009040470235049725
0.003651452250778675
0.0299040786921978
0.017632123082876205
0.003369338344782591
-0.008848119527101517
0.0018657990731298923
0.0020581495482474566
0.01764494553208351
-0.0026063481345772743
0.04988287761807442
0.02260758727788925
-0.019504332914948463
-0.024582384154200554
-0.0030535629484802485
0.032904744148254395
-0.008816061541438103
0.0017263450426980853
-0.027159878984093666
0.02100466564297676
0.0004957030760124326
0.03667481243610382
-0.0014346136013045907
-0.0018305348930880427
0.0008102761348709464
0.005231931339949369
0.026044247671961784
0.012618187814950943
0.010662625543773174
-0.011284558102488518
0.014169814996421337
-0.002119060605764389
-0.0038438027258962393
-0.032699573785066605
0.005523663014173508
0.024697793647646904
-0.0013680923730134964
0.026390478014945984
-0.004683732986450195
-0.001138073392212391
-0.004048976581543684
0.007014378905296326
-0.026159657165408134
-0.03900866582989693
-0.02487732097506523
-0.010701095685362816
0.029134677723050117
-0.025762133300304413
-0.011066560633480549
-0.002091810805723071
-0.0006652118754573166
-0.011784669011831284
-0.03326379880309105
0.012086017988622189
0.030468307435512543
-0.05596115067601204
-0.03228922560811043
0.0036578639410436153
0.00011941755656152964
0.019581273198127747
0.0040265354327857494
-0.009066116996109486
-0.024082273244857788
0.02373604290187359
-0.01341323647648096
-0.011714140884578228
-0.01722177490592003
-0.03746986389160156
-0.012271957471966743
-0.003792509203776717
-0.020684082061052322
-0.018298937007784843
0.005424282047897577
0.009444406256079674
-0.027903635054826736
-0.0022889699321240187
0.017298715189099312
-0.011432026512920856
-0.02605707012116909
0.038008444011211395
0.006010950542986393
0.005645485129207373
0.022915346547961235
-0.026108363643288612
-0.01255407091230154
-0.02728811278939247
-0.012663069181144238
-0.01736283116042614
0.019927503541111946
0.002019679406657815
-0.010290747508406639
0.009309760294854641
-0.014439105056226254
-0.02628789097070694
0.00386303779669106
-0.018414346501231194
0.007232375908643007
0.00608468521386385
0.02619812823832035
-0.005350547842681408
-0.019491510465741158
0.052216727286577225
0.026108363643288612
-0.008033836260437965
-0.0008222980541177094
-0.027134232223033905
-0.011637200601398945
0.010495921596884727
-0.02324875444173813
0.01459298562258482
-0.009521345607936382
-0.021158546209335327
-0.020555848255753517
-0.022851230576634407
-0.01295800693333149
0.040880877524614334
-0.03264828026294708
-0.038726553320884705
0.0029413586016744375
-0.012560483068227768
-0.030981240794062614
0.004577939864248037
0.01604202575981617
0.0005870695458725095
-0.007988953962922096
0.008572417311370373
0.01030357088893652
-0.03313556686043739
0.024569561704993248
-0.019594095647335052
-0.028570448979735374
-0.005196667276322842
-1.790762325981632e-05
0.019927503541111946
0.0017247421201318502
0.0016317727277055383
3.91713620047085e-05
0.004404824692755938
-0.003600158728659153
-0.006123155355453491
0.00137049681507051
-0.008649357594549656
0.004933788441121578
0.011361498385667801
0.0055428980849683285
-0.006376416422426701
-0.00308882724493742
-0.0012142120394855738
-0.013849230483174324
-0.013720996677875519
-0.012624599039554596
-0.009790636599063873
-0.0408039353787899
0.006834851577877998
0.017542358487844467
0.0006664140964858234
0.007854308933019638
-0.01030357088893652
-0.011252500116825104
0.029750198125839233
-0.010515156202018261
-0.038264911621809006
-0.00869423896074295
-0.004180415999144316
-0.012855419889092445
0.019017044454813004
-0.024954261258244514
0.019812094047665596
-0.02844221517443657
-0.000742152042221278
0.007578606717288494
-0.011944961734116077
-0.007629900239408016
0.016144612804055214
0.025262022390961647
-0.007995366118848324
0.0009240835206583142
0.013220885768532753
-0.008187716826796532
0.006680971477180719
-0.004472147207707167
-0.02355651557445526
0.013451706618070602
0.03785456344485283
-0.0013512617442756891
0.0004928979324176908
0.0006111133261583745
0.008803238160908222
0.010880622081458569
0.01274000946432352
-0.0015860894927754998
-0.010752388276159763
0.0345461368560791
-0.02485167421400547
-0.014092874713242054
-0.011541025713086128
0.013503000140190125
-0.002420409582555294
-0.009258466772735119
-0.0032202666625380516
0.0115346135571599
0.009906047023832798
-0.023915570229291916
0.007264434359967709
0.005735248327255249
-0.03321250528097153
0.0317506417632103
0.01555473729968071
0.024902967736124992
0.028108809143304825
-0.030493954196572304
-0.04190674424171448
0.00687332171946764
0.021453483030200005
-0.026108363643288612
0.030750421807169914
-0.006517473608255386
-0.0008058681269176304
-0.03357155993580818
0.01047668606042862
0.03782891854643822
-0.008553181774914265
-0.016606252640485764
-0.0008759959018789232
0.003898301860317588
0.013054181821644306
-0.025390256196260452
0.003407808253541589
-0.02510814182460308
0.03739292174577713
-0.008771179243922234
-0.00876476801931858
-0.02626224420964718
-0.0035232186783105135
-0.0036835107021033764
0.05096003785729408
-0.014541692100465298
0.018632344901561737
-0.02088925614953041
-0.017491064965724945
-0.020196793600916862
0.0031000475864857435
-0.010880622081458569
-0.015772733837366104
0.0043375021778047085
0.01942739263176918
-0.0023819394409656525
-0.002882050583139062
-0.00548198726028204
-0.022966640070080757
0.016837073490023613
-0.011848785914480686
-0.029109030961990356
0.02235111966729164
1.257290568901226e-05
0.0002580701548140496
0.007706840522587299
0.012041136622428894
-0.013310649432241917
0.009155879728496075
0.004834407474845648
-0.031237708404660225
0.0178501196205616
0.004914553370326757
-0.023312872275710106
0.0025005554780364037
-0.008392889983952045
-0.01650366559624672
-0.003904713550582528
-0.020107030868530273
-0.026621298864483833
-0.0177347082644701
0.008963529951870441
-0.010579273104667664
-0.005549309775233269
-0.0029221235308796167
-0.005735248327255249
0.020991843193769455
0.02035067416727543
0.004513823427259922
0.013772290199995041
0.01397746428847313
-0.02723681926727295
-0.023402635008096695
0.0025518490001559258
0.001743977190926671
-0.008315949700772762
0.03287909924983978
-0.004135534167289734
-0.01461863238364458
0.032699573785066605
-0.007674782071262598
-0.03182758390903473
-0.04901088774204254
0.025787780061364174
-0.00827747955918312
-0.010438215918838978
-0.007578606717288494
0.013067005202174187
0.02619812823832035
-0.008514712564647198
0.009649579413235188
-0.01569579541683197
0.005340930074453354
-0.010669036768376827
-0.013361942954361439
-0.011355087161064148
-0.005062021780759096
0.03575153276324272
-0.016978131607174873
0.021684303879737854
0.0010747580090537667
-0.026108363643288612
-0.005507634021341801
0.001626963960006833
0.01555473729968071
-0.03652093559503555
0.01977362297475338
-0.012560483068227768
-0.011810315772891045
-0.025954483076930046
0.016952484846115112
-0.015080273151397705
-0.014259577728807926
0.001880225376226008
0.003249119268730283
0.0004516227636486292
0.01965821348130703
-0.011278146877884865
-0.020594319328665733
0.01213731151074171
0.013772290199995041
-0.029852785170078278
0.00028291542548686266
-0.02723681926727295
0.034879542887210846
0.010380511172115803
-0.024184860289096832
-0.011996254324913025
0.010771623812615871
-0.030827362090349197
0.01436216477304697
0.008566005155444145
0.030288780108094215
0.008315949700772762
-0.0006632082513533533
0.012098841369152069
0.020940549671649933
-0.01722177490592003
0.0007457586470991373
-0.03287909924983978
-0.00487928930670023
-0.038983020931482315
0.0018946516793221235
0.0018738136859610677
-0.004600381013005972
-0.02023526467382908
-0.0018722107633948326
0.04193239286541939
-0.007091319188475609
0.009662402793765068
0.01493921596556902
-0.015503443777561188
-0.020081384107470512
-0.003907919395714998
0.021786890923976898
0.0027842724230140448
-0.0007453578873537481
0.003273162990808487
-0.0022216474171727896
0.013515823520720005
0.02079949341714382
0.004795937333256006
-0.019965974614024162
-0.0031529441475868225
0.017516711726784706
-0.026672592386603355
0.02183818444609642
-0.00873912125825882
-0.0007681995048187673
-0.012509189546108246
0.002673670882359147
-0.005645485129207373
-0.023376988247036934
0.010188160464167595
0.01808094047009945
-0.01601637899875641
-0.01341323647648096
-0.0007513688178732991
0.009893223643302917
-0.02253064699470997
-0.010015045292675495
0.0008511506021022797
-0.018811872228980064
0.022569116204977036
-0.009213585406541824
-0.016195906326174736
0.003189811250194907
-0.03287909924983978
-0.01587532088160515
0.00021058364654891193
-0.025749310851097107
0.0023787335958331823
0.01856822706758976
-0.00023442707606591284
0.007450372911989689
0.0028483890928328037
-0.02749328687787056
-0.020299380645155907
-0.009040470235049725
-0.002527805045247078
-0.03239181265234947
-0.011823139153420925
-0.009553404524922371
-0.0029333438724279404
0.015272623859345913
0.007950483821332455
0.019491510465741158
-0.0530887171626091
0.010707506909966469
0.2053789645433426
-0.01220784056931734
-0.0005858673248440027
0.00833518523722887
-0.008027424104511738
0.006501444149762392
0.028596095740795135
-0.005773718468844891
0.0033597208093851805
0.015093096531927586
0.01013045571744442
-0.01231042668223381
-0.014323694631457329
0.00394638953730464
0.005863482132554054
-0.0037540390621870756
-0.032673925161361694
-0.025839073583483696
0.010213807225227356
-0.006427709944546223
0.031237708404660225
0.024210507050156593
-0.023966863751411438
-0.007007967215031385
0.024633677676320076
0.016208728775382042
-0.02023526467382908
0.0036322171799838543
0.016452372074127197
-0.009963751770555973
-0.021799715235829353
0.006539914291352034
0.006918203551322222
-0.002070972928777337
-0.01114991307258606
0.02026091143488884
0.02381298318505287
-0.003715568920597434
0.018529757857322693
0.003975241910666227
0.013515823520720005
-0.016118966042995453
0.01824764348566532
-0.016580605879426003
0.001384121598675847
0.038444437086582184
-0.001604523160494864
-0.00257589272223413
0.0018080939771607518
0.009219996631145477
-0.028852563351392746
0.018657991662621498
0.0263135377317667
0.0028980798088014126
-0.0012438660487532616
-0.0022168385330587626
0.023146167397499084
-0.00617765448987484
0.021992065012454987
0.007065672427415848
0.0028692272026091814
0.01845281757414341
-0.004709379747509956
0.0121693704277277
-0.01590096764266491
0.006777146831154823
-0.022171592339873314
0.013028535060584545
-0.015618854202330112
-0.003968830220401287
0.0170422475785017
0.010085574351251125
-0.027441993355751038
-6.116142321843654e-05
-0.03621317446231842
-0.03193017095327377
0.01554191391915083
0.02462085336446762
1.5089991393324453e-05
0.02657000534236431
-0.014080051332712173
0.00197319476865232
-0.03405885025858879
-0.009829106740653515
0.017811648547649384
-0.010630566626787186
0.00729008112102747
-0.011893668211996555
0.010527979582548141
-0.028288336470723152
-0.006770735140889883
0.003943183459341526
-0.002481320407241583
-0.03493083640933037
-0.00011500952678034082
0.0049402001313865185
0.003552071051672101
0.03018619306385517
-0.02795492857694626
2.4507147827534936e-05
-0.02895515039563179
0.044471416622400284
0.023954039439558983
0.01822199672460556
-0.007706840522587299
0.007347786333411932
-0.02295381762087345
0.010579273104667664
0.006414886564016342
-0.020825138315558434
-0.004302237648516893
-0.016362609341740608
0.009835517965257168
-0.01627284660935402
-0.022722996771335602
0.007104142103344202
0.024466974660754204
-0.015054626390337944
0.01157949585467577
0.00608468521386385
-0.006822028197348118
0.0032571337651461363
-0.007552959956228733
0.023197460919618607
-0.0020373116713017225
-0.011714140884578228
-0.03788020834326744
0.009187938645482063
-0.0303657203912735
-0.005247960798442364
0.018004000186920166
-0.0267751794308424
0.03157111629843712
0.038700904697179794
0.003904713550582528
-0.0263135377317667
-0.00627703545615077
-0.016093319281935692
0.018773401156067848
0.005645485129207373
0.027185525745153427
-0.006719441618770361
-0.0004339906445238739
-0.008008189499378204
0.001150095253251493
0.0026800825726240873
-0.008059483021497726
0.013182415626943111
-0.019132455810904503
-0.0044753532856702805
0.013823583722114563
-0.02872432954609394
-0.009546992368996143
-0.01813223399221897
-0.007886366918683052
0.016247199848294258
-0.03531553968787193
-0.0019427392398938537
-0.0005341731593944132
0.022287001833319664
-0.006841263268142939
-0.008232598192989826
0.03636705502867699
0.00019305170280858874
0.0025165847036987543
0.01032921764999628
-0.15942002832889557
0.004472147207707167
0.028775623068213463
-0.018722107633948326
0.001695889513939619
0.007046437356621027
0.017067894339561462
0.033392034471035004
0.0044625299051404
0.009476464241743088
-0.00015588398673571646
-0.005424282047897577
-0.028057515621185303
-0.017657769843935966
0.004196444991976023
-0.00830953847616911
-0.011444849893450737
8.169883949449286e-05
0.034648723900318146
0.008476242423057556
0.010765211656689644
0.002782669384032488
-0.027903635054826736
0.005193461664021015
0.021902302280068398
-0.004927376750856638
-0.015516267158091068
0.022735819220542908
0.004299032036215067
-0.016080494970083237
0.005289636552333832
0.005369782447814941
0.012028313241899014
-0.0033949848730117083
0.0009873987874016166
0.0018657990731298923
-0.015323917381465435
-0.014246754348278046
-0.026467418298125267
0.01615743525326252
0.014233930967748165
0.02158171683549881
0.008181304670870304
-0.012502777390182018
0.02777540124952793
0.005321695003658533
0.03282780572772026
-0.006648913025856018
0.024325916543602943
-0.02017114870250225
0.027108587324619293
-0.014182638376951218
0.021966418251395226
-0.01885034143924713
0.015041803009808064
0.024684971198439598
0.0034975719172507524
0.006943850312381983
-0.0041740043088793755
-0.015080273151397705
-0.0009208776755258441
-0.015259800478816032
0.022864053025841713
0.019350452348589897
0.0431121401488781
-0.021915124729275703
-0.02533896267414093
0.030801715329289436
-0.02798057533800602
0.0023386606480926275
0.01567014865577221
-0.010406157933175564
-0.0030567687936127186
0.005600603297352791
-0.012073194608092308
0.015516267158091068
-0.009950928390026093
0.039931949228048325
0.017055070027709007
-0.006418092641979456
-0.010688272304832935
0.04398413002490997
0.012682304717600346
-0.01459298562258482
0.0010418981546536088
-0.018414346501231194
0.010662625543773174
0.0039399778470396996
0.013720996677875519
0.002699317643418908
0.011880844831466675
-0.04082958400249481
-0.005417870357632637
-0.006713029928505421
0.0010939930798485875
0.011771845631301403
0.005193461664021015
-0.004055388271808624
0.012669481337070465
-0.008271068334579468
0.009688049554824829
0.02158171683549881
-0.009739343076944351
0.001838549505919218
0.031263355165719986
-0.014156991615891457
-2.5559063942637295e-05
0.022774290293455124
0.03303297981619835
0.013618409633636475
-0.02726246602833271
0.02215876802802086
0.013964640907943249
0.019760800525546074
0.028390921652317047
0.022569116204977036
-0.014721219427883625
0.0027121410239487886
0.0032411045394837856
-0.017401302233338356
0.057294778525829315
-0.008566005155444145
0.0022440883331000805
0.004000888671725988
-0.012752832844853401
-0.03829055652022362
-0.11007573455572128
-0.04341990128159523
0.029545025900006294
0.009784224443137646
0.0027105379849672318
0.016721663996577263
-0.00557495653629303
0.011547436937689781
-0.01787576638162136
0.019042691215872765
-0.017888588830828667
-0.015400857664644718
0.004898523911833763
0.011246087960898876
-0.03187887743115425
0.0235308688133955
0.009412347339093685
-0.01297083031386137
-0.002971814014017582
0.016195906326174736
0.014862275682389736
0.008001777343451977
0.0007329352665692568
0.008412125520408154
0.005190255586057901
-0.0006291461759246886
-0.03982936218380928
-0.0014987303875386715
0.01727306842803955
0.006055832374840975
-0.0175038892775774
-0.024864498525857925
0.0014979289844632149
-0.017632123082876205
0.030468307435512543
-0.01715765707194805
-0.0146058090031147
-0.013349119573831558
0.03277651220560074
-0.013810760341584682
0.02459520846605301
0.023966863751411438
0.012874655425548553
-0.011214029975235462
0.004494588356465101
-0.026929059997200966
-0.01928633637726307
0.010912680998444557
-0.00558136822655797
-0.01965821348130703
-0.011380732990801334
-0.01132302824407816
-0.041881099343299866
0.0018706078408285975
0.008258244954049587
0.018555404618382454
0.018952928483486176
0.004632439464330673
-0.0046388511545956135
-0.03441790118813515
0.0012470718938857317
0.007732486817985773
-0.013438883237540722
0.047061737626791
-0.007649135310202837
-0.009982987307012081
-0.029288558289408684
-0.01908116228878498
0.009803459979593754
0.0010322806192561984
0.017055070027709007
0.004959435202181339
0.00334369158372283
-0.007995366118848324
-0.019927503541111946
0.023633455857634544
-0.031237708404660225
-0.012836185283958912
0.011842374689877033
-0.0017648151842877269
0.0009705681586638093
-0.005219107959419489
-0.007161847315728664
-0.026954706758260727
0.0037508332170546055
0.01581120491027832
-0.0034943660721182823
-0.012945183552801609
-0.013926170766353607
-0.003417425788938999
0.004141945857554674
0.023697571828961372
0.0014129742048680782
0.016683192923665047
0.010098396800458431
0.011361498385667801
0.005212696269154549
-0.0008880177629180253
-0.011528202332556248
-0.0006006943294778466
-0.02591601386666298
0.008328773081302643
-0.057294778525829315
-0.007181082386523485
0.03395626321434975
-0.010681860148906708
-0.020414792001247406
-2.62227731582243e-05
0.04965205490589142
-0.021902302280068398
0.00047646803432144225
0.005921187344938517
-0.030519600957632065
-0.0007834272691980004
-0.034366607666015625
0.01176543440669775
-0.03334074094891548
-0.028365276753902435
0.01459298562258482
-0.013631233014166355
0.004533058498054743
0.01641390286386013
0.017208950594067574
0.006491826847195625
0.018401524052023888
0.02244088239967823
0.0061712427996098995
-0.005917981266975403
0.010290747508406639
-0.00438238400965929
-0.011797492392361164
0.020414792001247406
0.01272718608379364
-0.00619047787040472
-0.01908116228878498
0.0007806221256032586
-0.011432026512920856
-0.02146630734205246
0.011900079436600208
0.018260467797517776
0.022235708311200142
0.05590985715389252
-0.02200488932430744
-0.009893223643302917
0.03380238264799118
-0.004661291837692261
-0.02944243885576725
0.0015412077773362398
0.005744866095483303
-0.013567116111516953
0.016080494970083237
-0.010495921596884727
0.013913347385823727
0.024402856826782227
-0.007969719357788563
-0.027570227161049843
-0.005863482132554054
0.009732931852340698
0.0008431360474787652
0.006331534590572119
-0.018260467797517776
-0.0003540450125001371
0.034648723900318146
-0.01050233282148838
-0.007559371646493673
0.017952706664800644
-0.015593207441270351
-0.025633899495005608
-0.0031914140563458204
0.00935464259237051
0.0015732662286609411
-0.012034724466502666
-0.011662847362458706
0.0004041362553834915
0.006235359702259302
0.00832236185669899
0.03298168629407883
0.004616410005837679
0.012073194608092308
-0.008046659640967846
-0.0024059831630438566
0.024838851764798164
0.007944072596728802
0.01314394548535347
-0.026441771537065506
0.024325916543602943
0.01615743525326252
0.010124043561518192
0.0087519446387887
-0.005369782447814941
-0.011900079436600208
0.017183303833007812
-0.020196793600916862
0.017067894339561462
-0.0023146166931837797
0.010104808956384659
-0.010842151939868927
0.005443517118692398
0.016003554686903954
-0.006931026931852102
0.023428281769156456
0.028647389262914658
0.024774733930826187
-0.014849452301859856
-0.002043723361566663
-0.026698239147663116
-0.011502555571496487
0.014682749286293983
-0.012990064918994904
-0.03739292174577713
-0.014092874713242054
0.0018161085899919271
0.015618854202330112
-0.022235708311200142
0.007591430097818375
0.011342263780534267
-0.009732931852340698
-0.012765656225383282
-0.002354689873754978
-0.03187887743115425
-0.002434835769236088
-0.00618406618013978
-0.028570448979735374
0.021299604326486588
0.02155607007443905
0.004933788441121578
0.005360165145248175
-0.0004884899244643748
0.03636705502867699
0.0056647202000021935
0.0008559593698009849
0.015105919912457466
-0.021851008757948875
0.006001333240419626
-0.021184192970395088
-0.028749976307153702
-0.010059927590191364
-0.002598333638161421
0.0029429614078253508
0.015054626390337944
-0.005632661748677492
0.06822028011083603
0.0036835107021033764
-0.015105919912457466
0.004250944592058659
-0.004465735517442226
-0.005328106693923473
0.003513601142913103
-0.01542650442570448
-0.00954058114439249
-0.006713029928505421
0.018209174275398254
-0.01400311104953289
-0.002050135051831603
-0.005280019249767065
0.009386700578033924
0.008905824273824692
-0.013823583722114563
0.02545437216758728
-0.019017044454813004
0.013246532529592514
0.04095781594514847
0.019119631499052048
-0.008790414780378342
0.012707951478660107
-0.014528868719935417
0.016683192923665047
0.03867525979876518
-0.007046437356621027
0.0057224249467253685
-0.02772410772740841
-0.00687332171946764
-0.0019331217044964433
-0.034366607666015625
-0.0072387875989079475
-0.014554515480995178
-0.019106809049844742
0.003670687321573496
-0.015798380598425865
0.004674115218222141
0.006168036721646786
0.006212918553501368
-0.005206284578889608
-0.027826694771647453
-0.04777984693646431
-0.022145945578813553
0.013797936961054802
-0.018260467797517776
-0.01399028766900301
-0.012118076905608177
