-0.00626266049221158
-0.019944457337260246
0.01764414645731449
-0.016885802149772644
-0.0358949676156044
0.008057408966124058
-0.02909514680504799
-0.014256874099373817
-0.014560212381184101
-0.05118824541568756
0.0008499776595272124
0.0010656318627297878
0.003497863421216607
0.01416840124875307
-0.005576991010457277
-0.006347974296659231
0.0380941666662693
-0.005978281609714031
0.00450582941994071
-0.004648019094020128
-0.005463239271193743
0.03134490177035332
-0.007501289714127779
-0.025960655882954597
-0.0036368933506309986
0.02395104244351387
0.011634266935288906
-0.01381450705230236
-0.00036258340696804225
0.0076339999213814735
-0.020538493990898132
-0.019464172422885895
-0.01582411862909794
-0.0014866709243506193
-0.021410590037703514
0.011691142804920673
0.013549086637794971
0.03963613137602806
0.031193232163786888
0.026390384882688522
0.004477391485124826
-0.00345362676307559
0.00038726910133846104
-0.0018532040994614363
-0.002990720560774207
0.027401510626077652
-0.01236733328551054
-0.008645125664770603
-0.03447939082980156
0.009782642126083374
0.0007986314012669027
0.024469245225191116
-0.023622427135705948
0.02591009996831417
-0.021815039217472076
-0.001565665123052895
-0.018983887508511543
0.011482598260045052
-0.00752656813710928
-0.007096839603036642
0.0073306625708937645
-0.012139829806983471
-0.028033463284373283
0.017821092158555984
0.006133110262453556
0.003712727688252926
-0.008859990164637566
-0.014332708902657032
-0.007754071149975061
-0.008796795271337032
0.00971944723278284
0.027249841019511223
-0.018629994243383408
-0.0057570976205170155
0.052932437509298325
-0.01911027915775776
-0.017618868499994278
-0.038801953196525574
0.023205338045954704
0.02831152267754078
0.009725766256451607
0.01855415850877762
-0.01995709538459778
0.005886648315936327
-0.008986380882561207
-0.007166354451328516
0.015204804949462414
0.021890874952077866
-0.008866310119628906
-0.015394390560686588
-0.007261147256940603
0.024014238268136978
0.013700755313038826
0.012544279918074608
-0.013384778052568436
0.024949530139565468
-0.003728526644408703
0.01803595758974552
-0.029625987634062767
-0.025455093011260033
-0.022611301392316818
-0.008386025205254555
-0.02785651758313179
0.004881842061877251
-0.04643595591187477
0.0067555843852460384
-0.006430128589272499
-0.012639072723686695
0.005279972683638334
-0.037184152752161026
-0.004673297051340342
0.03349354490637779
-0.020728079602122307
-0.021246282383799553
0.019148195162415504
-0.0016762570012360811
0.01965375803411007
-0.02388784848153591
0.0035199818667024374
-0.020551132038235664
0.024064794182777405
0.011179259978234768
0.012108231894671917
0.018389850854873657
0.021739205345511436
0.026011211797595024
-0.05429745838046074
-0.004281485918909311
-0.020702801644802094
-0.01785901002585888
-0.006164707709103823
0.015874676406383514
0.0018911212682724
0.020070847123861313
-0.007949977181851864
0.009036936797201633
-0.02263657934963703
0.02980293333530426
-0.03531356900930405
-0.022522827610373497
0.00920124538242817
0.017745258286595345
0.014686603099107742
-0.020626967772841454
-0.0033240763004869223
0.023976322263479233
0.05118824541568756
0.029069866985082626
0.00923916231840849
0.0009834779193624854
0.012942411005496979
-0.04332674294710159
0.021751845255494118
0.014320069923996925
0.023028390482068062
0.00892950501292944
0.02395104244351387
0.026820112019777298
0.0009747885051183403
0.010225010104477406
-0.01855415850877762
0.0001021000134642236
0.009896393865346909
0.02114516869187355
0.022725053131580353
0.010623141191899776
0.0290193110704422
0.00787414237856865
0.01754303276538849
0.013940897770226002
0.017960121855139732
0.020728079602122307
-0.01879430189728737
0.02013404294848442
0.0015601356280967593
0.04054614529013634
0.030788781121373177
0.01849096454679966
-0.0067366259172558784
-0.029853491112589836
-0.0228640828281641
0.00870200153440237
-0.007134756539016962
0.0007354360423050821
-0.019173473119735718
0.013359500095248222
0.024456607177853584
-0.0023603469599038363
0.008645125664770603
-0.005358966998755932
0.017378725111484528
0.010262927040457726
-0.005535914096981287
0.00865776464343071
-0.6349870562553406
0.023369645699858665
-0.005782376043498516
-0.0015625053783878684
-0.011116065084934235
-0.0033051175996661186
0.031117398291826248
0.009580417536199093
0.0057223401963710785
-0.020487938076257706
-0.009466665796935558
0.006597596220672131
-0.007949977181851864
-0.02879180759191513
-0.00380436098203063
-0.025556204840540886
0.013334222137928009
-0.03192629665136337
0.01095807645469904
-0.019615842029452324
-0.04385758191347122
0.024355493485927582
0.008607208728790283
0.019767509773373604
-0.021966708824038506
-2.434626139802276e-06
0.020500576123595238
-0.0011975521920248866
0.019148195162415504
0.006079393904656172
0.004294124897569418
0.03751276805996895
0.00485972361639142
0.0051093450747430325
0.04719429835677147
0.020336268469691277
-0.02230796404182911
0.014307430945336819
0.015040497295558453
0.007311703637242317
-0.005112505052238703
-0.020171960815787315
0.007583444006741047
-0.019072361290454865
0.012588516809046268
0.009207564406096935
0.004035023972392082
-0.020260434597730637
-0.008569291792809963
0.029929324984550476
-0.004082420375198126
0.01060418225824833
0.0003536965523380786
0.005864529870450497
0.01353644672781229
-0.006177347153425217
-0.0013365820050239563
0.008822073228657246
-0.014686603099107742
0.02800818532705307
0.009523541666567326
0.004913439508527517
-0.018427768722176552
-0.031547125428915024
-0.027831239625811577
0.030687669292092323
-0.024936890229582787
-0.010939117521047592
0.01855415850877762
-0.021979348734021187
0.010970715433359146
0.02949959598481655
0.008089006878435612
0.0036116151604801416
0.018756384029984474
7.687123434152454e-05
0.01646871119737625
-0.013346861116588116
-0.00029287103097885847
0.018705828115344048
-0.01411784440279007
-0.01662038080394268
-0.029777655377984047
0.01785901002585888
0.01490146666765213
-0.04737124592065811
-0.0003402675502002239
-0.0059846010990440845
-0.008828392252326012
0.01135620754212141
-0.011924965307116508
0.00924548227339983
0.012259900569915771
-0.024595636874437332
0.01415576133877039
0.04120337963104248
-0.0044236755929887295
0.012992966920137405
0.010003826580941677
-0.020740719512104988
-0.0034504670184105635
-0.009624654427170753
0.004910279996693134
-0.012942411005496979
0.004847084637731314
0.0017552513163536787
0.008025811053812504
0.012411569245159626
0.04946933314204216
-0.01849096454679966
-0.004047662951052189
-0.01169746182858944
0.0015869935741648078
-0.016102179884910583
-0.008771516382694244
-0.0366533100605011
0.01592523232102394
-0.003523141611367464
-0.015116331167519093
-0.019691675901412964
0.015735646709799767
0.0030602356418967247
0.027249841019511223
0.0063005778938531876
-0.012373652309179306
0.017745258286595345
-0.020791275426745415
0.0044394745491445065
-0.02551828883588314
-0.01826346106827259
0.00024962169118225574
-0.012215663678944111
0.023849930614233017
-0.00552327511832118
0.013271026313304901
0.0009100132738240063
0.017745258286595345
-0.00042182905599474907
0.0018453046213835478
-0.0191861130297184
-0.01568508893251419
-0.023988960310816765
0.024001600220799446
-0.01826346106827259
-0.029524873942136765
-0.01567245088517666
-0.005820292979478836
-0.0053905644454061985
-0.014054649509489536
0.008120604790747166
-0.022118378430604935
-0.012203024700284004
-0.03619830682873726
-0.004016065504401922
0.008512415923178196
-0.013245748355984688
-0.030232662335038185
0.0030444366857409477
-0.031319621950387955
-0.0010127057321369648
0.0022845123894512653
0.002292411867529154
-0.034529946744441986
0.028842365369200706
-0.042871735990047455
0.00963729340583086
-0.006540720351040363
0.005994080565869808
-0.025467732921242714
-0.036173027008771896
-0.007488650735467672
0.007122117560356855
-0.018693188205361366
0.026719000190496445
0.015811480581760406
0.01042091567069292
0.0011422561947256327
-0.0011857030913233757
-0.0281598549336195
-0.02613760344684124
0.008676723577082157
0.013485890813171864
-0.02013404294848442
-0.006246862001717091
0.001316833426244557
0.015583977103233337
0.0103324418887496
-0.0019479971379041672
-0.0031660879030823708
0.009175967425107956
0.016569824889302254
0.026946503669023514
-0.01631704345345497
0.001680996734648943
-0.009466665796935558
0.0016399197047576308
-0.011299331672489643
0.0012907653581351042
-0.0029891408048570156
0.018756384029984474
0.0234833974391222
-0.011406763456761837
0.01509105321019888
-0.009479304775595665
0.010667377151548862
0.009302358143031597
0.0067555843852460384
-0.009877435863018036
0.0410517081618309
0.030611835420131683
0.011773296631872654
-0.03248241916298866
-0.012063995003700256
-0.02582162618637085
0.010010145604610443
0.031092120334506035
0.0026858029887080193
0.007090520113706589
-0.012904493138194084
0.003990787081420422
-0.009384511969983578
0.0001194787400891073
0.02278824895620346
-0.00968153029680252
-0.016190651804208755
0.012430528178811073
-0.011931285262107849
-0.005182019900530577
0.007141076028347015
-0.022649219259619713
0.004211971070617437
-0.004290965385735035
-0.01521744392812252
0.01855415850877762
0.023306449875235558
0.019944457337260246
0.008834712207317352
-0.0020743878558278084
0.04486870765686035
-0.008897907100617886
0.0023761456832289696
0.031092120334506035
0.008720960468053818
-0.012670670635998249
0.007754071149975061
0.002940164413303137
0.020715441554784775
0.001226780004799366
-0.0007421505870297551
0.00171575415879488
-0.001936937915161252
0.0056844232603907585
-0.018238183110952377
-0.043503690510988235
-0.011691142804920673
-0.02770484797656536
0.022649219259619713
0.022826164960861206
-0.0006615764577873051
0.02239643782377243
-0.01631704345345497
0.026162881404161453
-0.018314016982913017
0.002464619232341647
-0.0028769690543413162
0.006875655613839626
0.000786387303378433
-0.004240409005433321
-0.030788781121373177
-0.01174801867455244
-0.010667377151548862
0.004666977562010288
-0.009548819623887539
0.005292611662298441
0.008683043532073498
-0.0015435467939823866
0.02980293333530426
-0.017125943675637245
0.019312502816319466
0.01693635806441307
-0.029777655377984047
-0.030991006642580032
0.001284445752389729
0.011248774826526642
-0.002895927522331476
-0.0035610587801784277
0.005804494488984346
-0.027249841019511223
-0.025632040575146675
0.011299331672489643
0.0056686243042349815
-0.009251801297068596
-0.00033809521119110286
-0.01607690006494522
-0.00554223358631134
-0.014067288488149643
0.025568844750523567
-0.01646871119737625
-0.004398397635668516
0.011280372738838196
0.031951576471328735
-0.021006138995289803
-0.02355923131108284
0.004256207961589098
0.02841263636946678
0.02440604940056801
-0.041481439024209976
-0.0005723130307160318
0.0061805066652596
-0.025000086054205894
0.0005249165114946663
-0.0191861130297184
-0.01662038080394268
0.017062747851014137
0.010635780170559883
0.00582977244630456
0.01182385254651308
0.010048063471913338
0.032886866480112076
0.019565284252166748
0.006025678012520075
-0.004995593801140785
-0.0069641293957829475
0.0047554513439536095
0.03627413883805275
0.004869203083217144
-0.021347394213080406
0.022826164960861206
0.00520729785785079
0.0031392297241836786
-0.003908633254468441
-0.03652692213654518
0.0058108139783144
0.0016304404707625508
0.003066555131226778
-0.007678236812353134
0.015558699145913124
-0.005554872564971447
0.003475744975730777
0.012500043027102947
-0.019249308854341507
0.00040524028008803725
0.03720943257212639
0.028968755155801773
0.023837292566895485
0.004205651581287384
0.014256874099373817
0.004316243343055248
-0.005978281609714031
0.019236668944358826
0.026567330583930016
0.03268464282155037
-0.015103692188858986
-0.03164823725819588
0.024785222485661507
0.004916599486023188
0.021890874952077866
0.010288204997777939
-0.02559412270784378
-0.016873162239789963
-0.0002956358075607568
0.04140560328960419
-0.013410056009888649
0.008859990164637566
0.011773296631872654
0.0061078318394720554
0.001542756799608469
-0.006382731720805168
0.017037469893693924
-0.01660774275660515
0.017884287983179092
0.010490430518984795
0.0023603469599038363
-0.011318289674818516
0.026744278147816658
0.011754337698221207
0.0008626167546026409
0.021574897691607475
0.0030175787396728992
0.0018137069419026375
-0.01576092466711998
0.03248241916298866
-0.01653190702199936
-0.030788781121373177
-0.007678236812353134
-0.009921672753989697
0.02245963364839554
-0.015975788235664368
0.012045037001371384
-0.026112325489521027
-0.007096839603036642
-0.0047554513439536095
-0.027174007147550583
0.00024705438409000635
0.018528880551457405
-0.04335201904177666
-0.020399464294314384
0.0015419669216498733
-0.0036210943944752216
0.037032485008239746
-0.005697062239050865
0.00030590506503358483
-0.008442901074886322
0.01639287732541561
-0.005864529870450497
-0.02497480809688568
-0.011861770413815975
-0.027780681848526
-0.006584957242012024
0.00923916231840849
-0.015495503321290016
2.9721570172114298e-05
0.010812726803123951
0.009877435863018036
-0.03399910777807236
-0.007766710128635168
0.013473251834511757
-0.010326122865080833
-0.02129683829843998
-0.007975255139172077
-0.004477391485124826
0.003924432210624218
0.0045469063334167
-0.02621343731880188
0.02091766521334648
-0.012165107764303684
-0.014307430945336819
-0.014977301470935345
-0.008329149335622787
-0.005014552269130945
-0.015356473624706268
0.008171160705387592
-0.005311570595949888
0.001058522379025817
0.007267466746270657
-0.005659144837409258
0.0022292165085673332
0.002087026834487915
0.008335468359291553
-0.0047206939198076725
0.011735379695892334
0.039610855281353
0.006502802949398756
-0.003006519516929984
-0.00022671336773782969
-0.04135504737496376
-0.00657231779769063
0.02239643782377243
-0.019021805375814438
0.017429281026124954
-0.018288739025592804
-0.009788962081074715
-0.010155495256185532
-0.0035263013560324907
0.0038012012373656034
0.025796348229050636
-0.014952023513615131
-0.03859972953796387
-0.003478904953226447
-0.004926078487187624
-0.026820112019777298
0.016708854585886
-0.00819011963903904
-0.00015384121797978878
-0.01478771585971117
-0.0038928345311433077
-0.008386025205254555
-0.017050109803676605
0.031016284599900246
-0.029550151899456978
-0.028437914326786995
-0.0024030038621276617
-0.00896742194890976
0.025771070271730423
-0.00446475250646472
0.007747751660645008
-0.014724520035088062
0.005798174533993006
-0.018200265243649483
-0.020096126943826675
0.0056528253480792046
-0.01677205041050911
0.010446193628013134
0.020854471251368523
0.03715887293219566
-0.0012212503934279084
0.012588516809046268
-0.0002304655936313793
-0.014484377577900887
-0.003652692073956132
0.005298931151628494
-0.014307430945336819
-0.046309564262628555
0.021663371473550797
0.017176499590277672
0.0089737419039011
0.01443382166326046
0.005905606783926487
-0.00927707925438881
0.036248862743377686
-0.015394390560686588
-0.020626967772841454
-0.023268533870577812
-0.0050903866067528725
0.0073306625708937645
0.01404201053082943
-0.030232662335038185
0.013624920509755611
-0.013220470398664474
-0.00936555303633213
0.031724072992801666
0.004578504245728254
0.002820093184709549
0.027907073497772217
0.035768575966358185
-0.02871597371995449
0.029196258634328842
-0.010616821236908436
0.0022908318787813187
0.017125943675637245
0.001957476371899247
-0.02285144478082657
0.00014643551548942924
0.020551132038235664
-0.006110991816967726
0.0003604110679589212
-0.015697728842496872
0.001556185889057815
-0.00346310599707067
0.011526834219694138
-0.00975736416876316
-0.01482563279569149
0.02465883083641529
-0.025467732921242714
-0.022206850349903107
-0.011766976676881313
0.012689629569649696
-0.0009439807618036866
0.01701219193637371
0.026339828968048096
0.014269513078033924
-0.0031597681809216738
-0.016418155282735825
0.0028674895875155926
0.0030902533326298
-0.03286159038543701
0.04486870765686035
-0.0025072761345654726
0.039206404238939285
0.02808402106165886
-0.010446193628013134
-0.020968222990632057
0.0017742099007591605
0.010913839563727379
-0.024911612272262573
0.019641119986772537
0.0053684464655816555
0.003387271659448743
-0.022876722738146782
0.021625453606247902
0.02153697982430458
-0.013435334898531437
-0.005096706096082926
0.014421182684600353
0.023066308349370956
0.015457586385309696
-0.03485856205224991
0.002112305024638772
-0.024431327357888222
0.0354146808385849
-0.011482598260045052
0.012468445114791393
-0.024216463789343834
-0.008070047944784164
-0.010528347454965115
0.07042491436004639
0.0241027120500803
0.009378192014992237
-0.004066621884703636
-0.018086513504385948
-0.02669372223317623
-0.00998486764729023
-0.0009716287604533136
-0.00041076986235566437
-0.002865909831598401
0.011868089437484741
-0.005419002380222082
0.013738672249019146
0.002714240923523903
-0.04729541018605232
-0.004006586037576199
-0.010623141191899776
0.000737805909011513
0.023862570524215698
-0.0017694701673462987
-0.0032545612193644047
0.02972709946334362
0.009959589689970016
0.005823452956974506
0.00819011963903904
0.01045883260667324
-0.038650285452604294
0.025682596489787102
0.00040109307155944407
-0.030283218249678612
0.020955583080649376
-0.018137069419026375
-0.018440406769514084
0.003076034365221858
-0.00966889038681984
-0.023420201614499092
-0.01349852979183197
0.02450716309249401
-0.010357720777392387
-0.009390830993652344
0.0020854470785707235
-0.002603648928925395
0.027957629412412643
0.006148909218609333
-0.01279706135392189
0.0066355131566524506
0.0023508674930781126
-0.01988126151263714
-0.0040571424178779125
0.011179259978234768
0.01178593561053276
0.007065241690725088
0.028994033113121986
0.009213884361088276
-0.026895947754383087
0.03430244326591492
-0.02785651758313179
-0.018832217901945114
-0.018693188205361366
0.007791988551616669
-0.00010417361045256257
-0.010016465559601784
0.01740400306880474
0.016835244372487068
-0.007804627530276775
0.012240942567586899
0.0019938137847930193
0.0007188472663983703
0.012038717046380043
-0.0026004891842603683
-0.030788781121373177
-0.0009526701178401709
-0.006341654807329178
0.024304937571287155
-0.015874676406383514
0.006133110262453556
-0.015495503321290016
-0.023584511131048203
0.0006082553882151842
-0.007046283222734928
0.03142073377966881
-0.006013039033859968
0.026011211797595024
-0.01747983880341053
-0.028766529634594917
-0.015407029539346695
0.010591543279588223
-0.01205135602504015
0.0022623941767960787
-0.003137649968266487
-0.016557184979319572
0.011678503826260567
0.01548286434262991
-0.011836491525173187
-0.004294124897569418
-0.008183799684047699
0.004417356103658676
-0.025341341271996498
0.005968802142888308
-0.024835778400301933
0.03612247109413147
-0.007735112681984901
-0.0047586108557879925
-0.022661857306957245
-0.0036052956711500883
-0.04102643206715584
-0.007267466746270657
0.0006750054890289903
0.021663371473550797
0.0031281705014407635
-0.010572584345936775
0.004644859116524458
0.05015183985233307
-0.014307430945336819
0.006528081372380257
-0.02247227169573307
0.010452513583004475
-0.028539026156067848
0.0009605695377103984
0.0012702267849817872
-0.006793501786887646
-0.012721226550638676
-0.012588516809046268
0.031951576471328735
0.004452113527804613
0.013523807749152184
0.021107252687215805
-0.008916866034269333
-0.009770003147423267
0.011368846520781517
0.010003826580941677
0.023938404396176338
0.0021912993397563696
0.011836491525173187
-0.010856963694095612
-0.0014866709243506193
0.01965375803411007
-0.005144102498888969
-0.03306381404399872
-0.008449220098555088
0.015963148325681686
-0.03301325812935829
0.019931817427277565
-0.012348374351859093
0.010762170888483524
0.00834810733795166
-0.025960655882954597
-0.0004320983134675771
-0.006477524992078543
0.01615273579955101
0.018314016982913017
0.027907073497772217
-0.030308496206998825
-0.013738672249019146
0.020348908379673958
-0.02808402106165886
0.0014495436334982514
0.017340807244181633
-0.006995726842433214
0.03634997457265854
-0.006654472090303898
-0.010243969038128853
-0.016708854585886
-0.02091766521334648
-0.036147747188806534
0.00485656363889575
-0.0212841983884573
-0.004625900648534298
0.025341341271996498
-0.01926194690167904
0.01699955388903618
-0.0003795671509578824
-0.012620114721357822
-0.026390384882688522
-0.013056162744760513
0.010882241651415825
-0.031243788078427315
-0.0005501946434378624
-0.0008381285006180406
0.0021786601282656193
0.028539026156067848
-0.014888827688992023
0.010787448845803738
-0.03501023352146149
0.024001600220799446
0.20465187728405
-0.020032931119203568
-0.007261147256940603
0.025543566793203354
0.007355940528213978
-0.0004320983134675771
0.025960655882954597
-0.0008689362439326942
-0.01592523232102394
0.024785222485661507
-0.009220203384757042
-0.00831019040197134
-0.024987448006868362
0.012664351612329483
0.01415576133877039
-0.022914638742804527
-0.04577872157096863
-0.02364770509302616
0.001399777363985777
0.003136069979518652
0.030409609898924828
0.020968222990632057
-0.006411169655621052
-0.005700221750885248
0.028058741241693497
-0.01236733328551054
-0.007160034961998463
0.0035515795461833477
0.022497549653053284
0.003744325367733836
-0.014105205424129963
0.00018435272795613855
-0.0060193585231900215
-0.003523141611367464
-0.005279972683638334
0.024127990007400513
0.024924252182245255
-0.0034346680622547865
0.01716386154294014
0.00870200153440237
0.03447939082980156
-0.018212903290987015
0.008044769987463951
-0.00963729340583086
0.019097639247775078
0.04120337963104248
-0.015773562714457512
0.0016888960963115096
0.012335735373198986
-0.002796394983306527
-0.031243788078427315
0.03134490177035332
0.028437914326786995
0.014686603099107742
0.001927458681166172
0.005981441121548414
0.0021849798504263163
-0.01943889446556568
0.0188069399446249
0.008196438662707806
-0.01793484389781952
0.03346826508641243
0.01041459571570158
0.02833680249750614
-0.02349603734910488
0.007583444006741047
-0.04054614529013634
-0.016873162239789963
-0.0075644850730896
-0.010705295018851757
0.0010482531506568193
-0.0017789495177567005
-0.015002579428255558
0.003899154020473361
-0.018756384029984474
-0.011640585958957672
0.020096126943826675
0.012942411005496979
0.016203291714191437
0.022497549653053284
-0.017922205850481987
0.006761903874576092
-0.03394855186343193
-0.01678468845784664
0.012651711702346802
-0.017757898196578026
0.00940346997231245
-0.016645658761262894
0.01073057297617197
-0.03167351707816124
-0.013890340924263
0.004745971877127886
-0.0075960829854011536
-0.036248862743377686
-0.0014669224619865417
0.018604716286063194
-1.1966388228756841e-05
0.0213853120803833
-0.014130483381450176
0.0031076320447027683
-0.024747304618358612
0.03164823725819588
0.02558148466050625
-0.004328882321715355
-0.00014258454029913992
0.012872896157205105
-0.02598593384027481
0.007532887626439333
-0.0005979861598461866
-0.03073822520673275
0.014105205424129963
-0.016089539974927902
0.018314016982913017
-0.011564752086997032
-0.028362080454826355
0.006565998308360577
0.018844857811927795
-0.0038928345311433077
0.01847832463681698
0.015659810975193977
-0.00309973256662488
-0.019489450380206108
-0.008373386226594448
0.020007653161883354
-0.00927707925438881
-0.01879430189728737
-0.046309564262628555
0.018516242504119873
-0.012203024700284004
-0.011191898956894875
0.011286691762506962
-0.020032931119203568
0.03877667710185051
0.013738672249019146
0.0038201597053557634
-0.0004060302162542939
-0.00031301454873755574
-0.016266487538814545
-0.005659144837409258
0.009264440275728703
0.010490430518984795
-0.010401956737041473
0.00276163755916059
-0.006603915710002184
0.011438361369073391
-0.013005605898797512
0.005027191247791052
0.002829572418704629
-0.028741251677274704
-0.01826346106827259
0.013928258791565895
-0.03104156255722046
-0.007621360942721367
-0.04004058241844177
0.009871115908026695
0.018351934850215912
-0.04643595591187477
-0.013978814706206322
0.033417709171772
-0.0003428348572924733
-0.024216463789343834
-0.00889158807694912
0.02808402106165886
0.0028374718967825174
-0.004019225016236305
0.006900934036821127
-0.15571337938308716
0.01006702147424221
0.01981806568801403
0.00242986180819571
-0.0009668890852481127
-0.006565998308360577
0.017922205850481987
0.03185046464204788
-0.011482598260045052
-0.01701219193637371
0.009871115908026695
-0.0037664438132196665
-0.03081405907869339
-0.02833680249750614
0.003753804601728916
-0.015267999842762947
-0.02441868931055069
-0.01376395020633936
0.025227589532732964
0.015343834646046162
0.01108446717262268
0.001761570805683732
-0.02216893434524536
0.015508142299950123
0.006578637287020683
0.006900934036821127
-0.019565284252166748
0.03190102055668831
-0.010711614042520523
-0.018857497721910477
0.009150688536465168
0.006995726842433214
0.01583675853908062
-0.00791837926954031
-0.0043920776806771755
0.014446460641920567
-0.00522941630333662
0.009687849320471287
-0.012645392678678036
-0.018996527418494225
0.0007761180750094354
0.009542499668896198
0.008215397596359253
0.00684405816718936
0.006110991816967726
-0.0008894747588783503
0.012601155787706375
-0.00344098755158484
0.018592076376080513
-0.01568508893251419
0.026542052626609802
0.00450582941994071
0.008025811053812504
-0.0009692588937468827
0.014775075949728489
0.020386824384331703
0.008436581119894981
-0.005690742749720812
0.0033904314041137695
-0.02256074547767639
-0.005261014215648174
-0.015204804949462414
-0.0011130283819511533
0.016974275931715965
0.03324076160788536
-0.024936890229582787
-0.006246862001717091
0.015596616081893444
-0.03938335180282593
0.001831085653975606
-0.005760257598012686
-0.005832931958138943
0.031547125428915024
-0.011330928653478622
-0.006047796458005905
0.023736178874969482
0.017530394718050957
0.03852389380335808
-0.008095325902104378
-0.003747485112398863
-0.028918199241161346
0.046537067741155624
-0.018465684726834297
-0.011994480155408382
-0.0050556291826069355
-0.018983887508511543
0.014724520035088062
0.00048620934830978513
0.021941430866718292
0.010136536322534084
0.011798574589192867
-0.018844857811927795
-0.003921272233128548
0.00013231529737822711
0.009871115908026695
0.018351934850215912
0.006629193667322397
-0.012500043027102947
0.001660458161495626
-0.012101911939680576
0.007747751660645008
0.03238130360841751
-0.01708802580833435
0.009466665796935558
0.031875740736722946
-0.017441920936107635
0.01122981682419777
0.020348908379673958
0.02098086103796959
0.0010719513520598412
-0.01933778077363968
0.0037854022812098265
0.02395104244351387
0.003747485112398863
0.02636510692536831
0.0003402675502002239
0.006240542512387037
-0.001357910456135869
0.010856963694095612
-0.0033999106381088495
0.05313466116786003
-0.012500043027102947
-0.0035610587801784277
-0.007975255139172077
-0.017214417457580566
-0.03902945667505264
-0.11718948185443878
-0.027881795540452003
0.012683309614658356
0.027578458189964294
0.022181572392582893
0.01904708333313465
-0.004322562832385302
0.006095192860811949
-0.01989390142261982
0.03316492587327957
-0.041001152247190475
-0.010098619386553764
-0.007273786701261997
0.010452513583004475
-0.017985401675105095
0.0001664802839513868
0.005678103771060705
-0.0022371159866452217
-0.02433021552860737
0.01376395020633936
-0.0009376612142659724
0.0007942867232486606
-0.01678468845784664
-0.004344681277871132
-0.005444280803203583
0.00901797879487276
-0.03243185952305794
0.015697728842496872
0.015975788235664368
-0.005943524185568094
-0.004812327213585377
-0.013233109377324581
0.010705295018851757
-0.032103244215250015
0.032254915684461594
-0.015798840671777725
-0.010174454189836979
-0.02481050044298172
0.02987876906991005
-0.011103425174951553
0.008474498055875301
0.02544245310127735
0.010117578320205212
-0.010130217298865318
-0.001217300770804286
-0.007773030083626509
-0.021246282383799553
0.011868089437484741
-0.015230082906782627
-0.02293991670012474
-0.02574579231441021
-0.00686301663517952
-0.048862654715776443
-0.011413082480430603
0.005463239271193743
0.03164823725819588
0.0011596349067986012
0.009068534709513187
-0.009100132621824741
-0.03784138336777687
-0.017821092158555984
-0.00016806017083581537
-0.028741251677274704
0.022194212302565575
0.0032703601755201817
-0.012664351612329483
-0.01981806568801403
-0.011368846520781517
-0.0026115484070032835
0.0053905644454061985
-0.009081173688173294
0.01104655023664236
0.010206051170825958
-0.000749260070733726
-0.021511701866984367
0.02511383779346943
-0.020386824384331703
-0.00032012403244152665
0.011204537935554981
0.0030365372076630592
0.007311703637242317
-0.016569824889302254
-0.01716386154294014
-0.01624120958149433
-0.007343301549553871
0.012841298244893551
0.007273786701261997
0.00448371097445488
-0.001897440874017775
-0.02363506704568863
0.002624187618494034
0.01505313627421856
0.016569824889302254
-0.0014937804080545902
-0.006177347153425217
-0.00552327511832118
0.011893367394804955
-0.017113305628299713
0.005428481847047806
0.002534134080633521
-0.02013404294848442
-0.014952023513615131
-0.05303354933857918
0.012936091050505638
0.017530394718050957
-0.0013563304673880339
-0.007412816397845745
-0.006013039033859968
0.033973827958106995
-0.021360034123063087
0.0017125944141298532
0.008019492030143738
-0.019249308854341507
0.013574364595115185
-0.027502622455358505
-0.0018105471972376108
-0.020690161734819412
-0.04375647008419037
0.018389850854873657
-0.007583444006741047
0.0038201597053557634
0.010680017061531544
0.008158521726727486
-0.0009747885051183403
0.020867109298706055
0.02310422621667385
0.008177480660378933
0.003583177225664258
-0.014004092663526535
0.008683043532073498
-0.009523541666567326
0.016342321410775185
0.0024914771784096956
-0.015154248103499413
-0.005804494488984346
0.01778317615389824
-0.004951356910169125
-0.011766976676881313
0.014737159013748169
0.01894596964120865
0.031724072992801666
0.059251975268125534
-0.007444413844496012
-0.016898440197110176
0.013435334898531437
-0.01072425302118063
-0.007987894117832184
-0.0077035147696733475
0.009744725190103054
-0.004420515615493059
0.0008436581119894981
-0.021094612777233124
0.027022337540984154
0.01122981682419777
0.007065241690725088
-0.03134490177035332
0.004954516422003508
0.012512682005763054
-0.0016288604820147157
0.0008681463077664375
-0.003839118406176567
-0.01560925506055355
0.03177462890744209
-0.01205135602504015
-0.0028674895875155926
0.0010577323846518993
0.007191632408648729
-0.01169746182858944
-0.0026715840213000774
0.010281885974109173
0.0018595235887914896
-0.017568310722708702
0.007766710128635168
-0.007494970224797726
0.0053558070212602615
0.003456786507740617
0.017353447154164314
-0.01025660801678896
-0.004218290559947491
-0.01310671865940094
-0.00653440086171031
0.03255825117230415
-0.00827227346599102
0.007438094355165958
-0.01966639794409275
0.008784155361354351
0.00928339920938015
0.0004538217035587877
0.009157008491456509
0.004275166429579258
-0.015356473624706268
0.01415576133877039
0.00655335932970047
0.016582462936639786
-0.018351934850215912
-0.0008965842425823212
-0.009466665796935558
0.01911027915775776
-0.006101512350142002
-0.023458119481801987
0.006900934036821127
0.03212852403521538
0.03291214630007744
-0.002628927119076252
0.005273653194308281
-0.03384743630886078
-0.0023966841399669647
0.013738672249019146
-0.03794249892234802
-0.03164823725819588
-0.013700755313038826
0.03683025762438774
0.007659278344362974
-0.015078414231538773
0.01895860955119133
-0.0006441977457143366
-0.014838271774351597
-0.006363773252815008
-0.0028690695762634277
-0.034833285957574844
-0.015647172927856445
0.016948996111750603
-0.02661788836121559
0.034049663692712784
0.018705828115344048
-0.009953269734978676
0.005921405740082264
0.007444413844496012
0.038852509111166
0.002113885013386607
0.0020190919749438763
0.008120604790747166
-0.0014542833669111133
0.005627547390758991
-0.007690875791013241
-0.02800818532705307
0.0025673117488622665
-0.029120424762368202
0.020702801644802094
0.03003043681383133
-0.003055495908483863
0.07912059873342514
-0.008145882748067379
-0.0067176674492657185
0.008992700837552547
-0.0023919446393847466
0.026895947754383087
0.005194658879190683
-0.021423228085041046
-0.006297417916357517
-0.0067366259172558784
0.004385758191347122
-0.01959056407213211
-0.014585490338504314
-0.032330747693777084
0.010370359756052494
0.008246995508670807
-0.02248491160571575
0.04307395964860916
-0.02285144478082657
5.0605664000613615e-05
0.04671401530504227
-0.009270760230720043
-0.004692255984991789
0.011950243264436722
-0.0008681463077664375
0.02378673478960991
0.019287224858999252
-0.000970838766079396
-0.008423942141234875
-0.038195278495550156
-0.008019492030143738
-0.0034947036765515804
-0.03629941865801811
-0.0051093450747430325
-0.009751045145094395
-0.016822606325149536
0.0032450819853693247
-0.003864396596327424
-0.0018547839717939496
-0.0038580771069973707
-0.01927458681166172
0.00276163755916059
-0.025796348229050636
-0.04752291366457939
-0.032962702214717865
-0.012506362982094288
-0.02699705958366394
0.021081972867250443
-0.03182518482208252
