-0.0033487454056739807
-0.0033971841912716627
0.002694819588214159
-0.03211178630590439
-0.023341109976172447
0.002575336955487728
-0.023922378197312355
-0.0059515307657420635
0.01123783364892006
-0.028029998764395714
0.018342211842536926
-0.0031356140971183777
0.006093618459999561
0.0082410778850317
-0.013239976949989796
-0.015642547979950905
0.03469519689679146
-0.012458494864404202
0.014428345486521721
0.029063362628221512
-0.007898776791989803
0.003891261527314782
0.0058837165124714375
0.01059843972325325
-0.039707012474536896
0.024981575086712837
0.009636119939386845
-0.028546681627631187
0.010882615111768246
-0.019672667607665062
0.021300215274095535
-0.00037620909279212356
-0.021958986297249794
-0.0016178605146706104
0.007918152026832104
-0.007478972431272268
0.003523125546053052
0.008744843304157257
0.04611387103796005
-0.002202357165515423
0.03869948163628578
0.0060128867626190186
0.007459596730768681
-0.008899847976863384
0.005664126481860876
0.01595255732536316
0.008551087230443954
-0.002788468264043331
-0.023199021816253662
0.032576799392700195
-0.0008783594239503145
0.026996634900569916
0.0033067648764699697
-0.02877918817102909
-0.013485400937497616
-0.02398696355521679
-0.007911693304777145
0.02898586168885231
0.0013030074769631028
-0.01194827165454626
0.00858983863145113
-0.02440030872821808
-0.024878239259123802
0.019427243620157242
0.012109735049307346
0.030690912157297134
-0.03410101309418678
-0.010805112309753895
-0.01984058879315853
0.014441261999309063
0.03389434143900871
0.02272109128534794
-0.014854608103632927
0.01396333146840334
0.01570713333785534
-0.00895797461271286
-0.02037018910050392
-0.004062412306666374
0.022333581000566483
0.013175391592085361
0.008292746730148792
-0.010520937852561474
-0.024141967296600342
-0.013382064178586006
0.005286302883177996
0.008105449378490448
0.024942824617028236
0.026557454839348793
-0.0016872896812856197
-0.010133425705134869
-0.005790067836642265
0.022863179445266724
-0.003855739487335086
0.013072054833173752
-0.013524151407182217
0.005583395250141621
-0.01587505452334881
0.024335723370313644
0.0037136520259082317
-0.024994492530822754
-0.0017518749227747321
0.0041334559209644794
-0.010779278352856636
-0.0021523034665733576
-0.0379502959549427
-0.018626386299729347
-0.00015278448699973524
-0.0058837165124714375
0.02574368193745613
-0.02960588037967682
0.008744843304157257
0.04985981434583664
-0.020034344866871834
-0.018355129286646843
-0.0019827671349048615
0.002347673987969756
-0.0006325318245217204
-0.01825179159641266
-0.023302359506487846
-0.012213070876896381
0.02619577758014202
0.0048277475871145725
0.017786778509616852
-0.018058037385344505
0.01623673178255558
0.01182555966079235
-0.006833119783550501
-0.0010591981699690223
-0.018561800941824913
-0.013239976949989796
0.02255317009985447
-0.01047572772949934
-0.006329354830086231
0.008066697977483273
-0.008983808569610119
0.011696388944983482
-0.0030807165894657373
0.005341200157999992
-0.04394380375742912
-0.028340008109807968
0.026144109666347504
0.04399547353386879
-0.01906556636095047
-0.02668662555515766
-0.006762075703591108
0.008434833958745003
0.01955641433596611
0.009584451094269753
0.02579534985125065
0.014363760128617287
0.014234589412808418
-0.017076341435313225
0.011044078506529331
-0.007918152026832104
0.005667355842888355
-0.027203308418393135
0.013214142993092537
0.019620999693870544
0.005250780843198299
0.006768534425646067
0.022824428975582123
-0.008034405298531055
0.011367004364728928
0.028520846739411354
0.013065596111118793
0.018548883497714996
0.011250751093029976
-0.01725718006491661
0.010837404988706112
0.03198261559009552
0.011541384272277355
0.03301598131656647
-0.029657548293471336
-0.001194019801914692
0.009287359192967415
0.05616333708167076
-0.0018390651093795896
-0.005415473598986864
-0.005573707167059183
-0.005505892913788557
-0.029941722750663757
-0.005053795874118805
0.004046265967190266
0.008706091903150082
-0.014996695332229137
0.03924199938774109
0.023354027420282364
0.007026875391602516
0.02164897695183754
0.0007499962230212986
0.032447632402181625
-0.013330396264791489
-0.0059515307657420635
0.007020417135208845
-0.6485392451286316
0.009138813242316246
0.003532813396304846
-0.009907377883791924
0.007498347666114569
0.006671656388789415
0.022398166358470917
0.028340008109807968
-0.00030435799271799624
-0.012471412308514118
0.003523125546053052
0.030613409355282784
0.008770677261054516
-0.019220571964979172
-0.027151640504598618
-0.01256829034537077
0.0111926244571805
-0.007375635672360659
0.015229202806949615
-0.014092502184212208
-0.007175421342253685
0.02074478380382061
0.0020215183030813932
0.02123563177883625
-0.006306749768555164
0.0015734581975266337
0.0011496174847707152
-0.010753444395959377
-0.004924625623971224
0.011528467759490013
0.015371290035545826
-0.013065596111118793
0.005079630296677351
-0.0034036426804959774
0.05104818195104599
0.01906556636095047
-0.027487482875585556
0.01084386371076107
0.03009672835469246
0.02743581496179104
-0.018523050472140312
-0.005961218848824501
0.018523050472140312
-0.0043175239115953445
0.0222302433103323
0.012116193771362305
-0.013898746110498905
-0.020796451717615128
-0.003959076013416052
-0.000895313045475632
-0.01344664953649044
-0.01734759844839573
0.0065231104381382465
0.009700705297291279
-0.017696358263492584
-0.02095145545899868
-0.0019343283493071795
0.021222714334726334
0.0007128597353585064
0.004424089565873146
0.005819131154567003
0.02960588037967682
-0.0222302433103323
-0.016637161374092102
-0.001908494159579277
-0.012329325079917908
-0.01207744237035513
0.0031178530771285295
0.01578463613986969
-0.013039762154221535
0.014647935517132282
0.026002023369073868
0.02197190187871456
0.009267983958125114
0.007498347666114569
0.01543587539345026
0.02513658069074154
-0.002935399767011404
-0.011541384272277355
0.015280870720744133
0.003571564331650734
-0.00164773128926754
-0.008060239255428314
-0.0015573118580505252
-0.014880442060530186
-0.045700524002313614
0.012658709660172462
-0.012329325079917908
0.01672757975757122
-0.0016420800238847733
0.01697300374507904
-0.01603006012737751
0.022540252655744553
-0.01959516480565071
-0.0009687787969596684
0.03389434143900871
-0.016327152028679848
-0.014622100628912449
-0.005983823444694281
-0.012878299690783024
0.004117310047149658
-0.005499434191733599
-0.008635047823190689
0.013537068851292133
0.033842671662569046
-0.0042206463403999805
0.006774993147701025
-0.004504821263253689
0.036916930228471756
-0.003555418225005269
-0.011354086920619011
-0.017476769164204597
-0.014996695332229137
0.0010390152456238866
0.0017793236766010523
-0.03660692274570465
0.013033303432166576
0.03025173209607601
0.01557796262204647
0.00937131978571415
0.01322060078382492
-0.013052679598331451
0.005263697821646929
0.03428185358643532
-0.008505878038704395
0.023224856704473495
-0.004514509346336126
0.012122651562094688
-0.032370127737522125
-0.034462690353393555
-0.010766361840069294
-0.022682340815663338
0.011922437697649002
-0.0035295840352773666
0.02619577758014202
-0.0005465527065098286
0.02644120156764984
-0.027151640504598618
0.006132369861006737
-0.01680508255958557
-0.018884727731347084
-0.02283734455704689
0.013640405610203743
-0.037201106548309326
-0.028934193775057793
-0.037614449858665466
-0.015203367918729782
-0.007072085049003363
-0.004801913630217314
-0.017980534583330154
0.010256137698888779
0.0026915904600173235
-0.03469519689679146
0.008667340502142906
0.009048393927514553
-0.003393955063074827
-0.01108928769826889
0.0018196895252913237
-0.030897583812475204
-0.012523080222308636
0.02168772742152214
-0.00026823062216863036
-0.02640245109796524
0.004950459580868483
-0.01582338660955429
0.012910592369735241
0.03727860748767853
0.0069429147988557816
-0.026014938950538635
-0.045700524002313614
-0.00648758839815855
0.02300526760518551
0.010372391901910305
0.00496983528137207
0.03973284736275673
-0.010901990346610546
-0.013394981622695923
0.021248547360301018
-0.013511234894394875
-0.006794368382543325
-0.0007713900995440781
0.03224095702171326
-0.0048891035839915276
-0.00685895374044776
-0.011980564333498478
0.02189440093934536
-0.004440235905349255
0.02611827664077282
-0.006632905453443527
-0.009584451094269753
-0.0012133953860029578
0.006568320095539093
-0.018523050472140312
0.009623202495276928
0.001756718847900629
0.0013611342292279005
-0.0042497096583247185
0.0014886900316923857
0.01484169065952301
0.006497276481240988
0.03213762119412422
-0.003082331269979477
0.04384046792984009
-0.01195473037660122
0.00019315026293043047
-0.011773891746997833
0.01636590249836445
-0.026583289727568626
0.039707012474536896
0.017360515892505646
0.010126967914402485
-0.005376722197979689
-0.017153842374682426
-0.012070983648300171
0.009022559970617294
0.01610756106674671
0.0030710287392139435
-0.004902020562440157
-0.020189350470900536
0.014570432715117931
-0.0031646774150431156
0.005231405608355999
0.029528377577662468
-0.006122681777924299
0.014170004054903984
0.0055252681486308575
0.02549825794994831
0.001198056386783719
0.010591981001198292
-0.01591380685567856
0.00993967056274414
-0.0040139732882380486
-0.013382064178586006
0.02619577758014202
0.026660792529582977
-0.004417631309479475
0.018148455768823624
-0.027694156393408775
0.018962230533361435
-0.005531726870685816
0.013911663554608822
0.04226458817720413
0.03410101309418678
-0.019943926483392715
0.014660852029919624
-0.0076404353603720665
0.022695258259773254
0.019362658262252808
-0.015797553583979607
0.004533884581178427
-0.015280870720744133
0.014790022745728493
-0.017192594707012177
-0.028262507170438766
0.022927764803171158
-0.02291484735906124
-0.003140457905828953
0.007711478974670172
-0.008144199848175049
0.02066728100180626
-0.010914907790720463
0.037330277264118195
0.0060677845031023026
-0.007782523054629564
0.0023282982874661684
-0.001259412383660674
0.009410071186721325
-0.02697080187499523
-0.015061280690133572
-0.005564019549638033
-0.002113552298396826
0.0038621979765594006
-0.013601654209196568
0.029735049232840538
-0.0007459596381522715
0.003083945717662573
0.015410041436553001
-0.019905174151062965
0.009784665890038013
0.02206232212483883
-0.015629630535840988
-0.013020386919379234
-0.01272975280880928
0.042290423065423965
0.005644751247018576
0.0022604838013648987
0.010281972587108612
-8.123613952193409e-05
-0.02061561308801174
0.010727610439062119
-0.004201270639896393
-0.007188338786363602
0.0025511174462735653
-0.009726539254188538
0.0019294844241812825
-0.021016040816903114
0.013537068851292133
0.007323967758566141
0.0016227044397965074
0.009164647199213505
2.90885927825002e-05
-0.008150658570230007
-0.023599451407790184
0.003949388395994902
0.03554772213101387
0.03828613832592964
-0.009351944550871849
0.013382064178586006
0.013291644863784313
-0.008970891125500202
-0.0008945057634264231
-0.0087577598169446
-0.026454119011759758
-0.010488645173609257
0.009145271964371204
0.012994552962481976
0.017812613397836685
-0.0036619838792830706
0.018135538324713707
-0.00888047181069851
0.005993511527776718
0.008421916514635086
-0.030200064182281494
-0.0007770413067191839
0.03813113272190094
-0.00036006278241984546
-0.002187825506553054
0.03213762119412422
-0.001321575720794499
-0.015732968226075172
-0.016753414645791054
-0.03528938069939613
0.012626416981220245
-0.014932109974324703
0.01955641433596611
0.0010091445874422789
-0.0052152592688798904
-0.014673769474029541
0.020408939570188522
-0.021791063249111176
-0.003878344316035509
0.005593082867562771
0.03030340000987053
-0.00597736518830061
0.017928866669535637
-0.0025220541283488274
0.01574588380753994
0.02255317009985447
0.024529479444026947
-0.001893962500616908
0.04037870094180107
0.03658108785748482
0.0019488600082695484
-0.013020386919379234
0.002050581853836775
0.02304401807487011
0.02927003614604473
0.005806214176118374
-0.041308727115392685
-0.004682430997490883
-0.001069693244062364
0.0236511193215847
-0.0026689856313169003
0.023354027420282364
0.01857471838593483
0.028055833652615547
0.0031549895647913218
-0.002961233723908663
0.006306749768555164
-0.024710318073630333
0.003907407633960247
0.027616653591394424
0.0008888545562513173
-0.029450874775648117
0.008015030063688755
0.02353486604988575
-0.015009612776339054
0.001822918769903481
0.018225958570837975
-0.00973945576697588
-0.010572605766355991
0.025782432407140732
0.0024736151099205017
-0.03394600749015808
-0.01734759844839573
-0.027203308418393135
0.025511175394058228
-0.006132369861006737
-0.01410541869699955
-0.023263607174158096
-0.005050566513091326
-0.01582338660955429
-0.019155986607074738
0.012148485518991947
0.016882585361599922
-0.04588136449456215
-0.0351085439324379
0.029709216207265854
0.0008791667642071843
0.03699443116784096
0.020680198445916176
-0.021248547360301018
-0.006542486138641834
0.03784695640206337
-0.002964463084936142
-0.01529378816485405
-0.0016461166087538004
-0.017618857324123383
-0.017618857324123383
0.025821184739470482
-0.004168977960944176
-0.015629630535840988
0.01582338660955429
0.018213041126728058
-0.016701746731996536
0.008686716668307781
0.008893389254808426
-0.004566177260130644
-0.017941782251000404
0.02647995389997959
-0.003187282243743539
0.019323907792568207
-0.0010664639994502068
-0.01330456230789423
0.014790022745728493
-0.006597383413463831
-0.0007124560652300715
0.001918182009831071
0.003280930919572711
0.01823887601494789
-0.001520175370387733
0.012006398290395737
0.008131283335387707
-0.009500490501523018
0.0328868106007576
-0.003219574922695756
0.01783844642341137
-0.00171473843511194
0.012994552962481976
-0.001097949338145554
-0.00020808560657314956
0.035935234278440475
0.010682400315999985
-0.005693189799785614
-0.006293832790106535
-0.03947450593113899
0.02221732586622238
0.013007469475269318
-0.012574748136103153
-0.0008254802669398487
-0.005999969784170389
-0.01717967726290226
0.006603842135518789
0.004882644861936569
0.013394981622695923
0.025872852653265
-0.01459626667201519
-0.01849721558392048
-0.008389623835682869
-0.001084224903024733
-0.03242179751396179
0.012762045487761497
0.0005473599885590374
-0.010559688322246075
0.0072141727432608604
-0.003101706737652421
0.012884757481515408
-0.03632274642586708
0.029580045491456985
-0.02272109128534794
-0.005670585203915834
-0.010172177106142044
0.009913836605846882
0.03151760250329971
0.017076341435313225
0.006955831777304411
-0.008053780533373356
-0.002415488474071026
-0.017153842374682426
-0.012206613086163998
-0.03598690405488014
-0.013524151407182217
0.017283013090491295
-0.0005602770834229887
0.008150658570230007
-0.015926722437143326
-0.029425041750073433
-0.007026875391602516
-0.009758831933140755
0.00722708972170949
-0.002310537500306964
-0.020796451717615128
-0.03596106916666031
-0.019000981003046036
0.02353486604988575
-0.013498317450284958
0.02087395265698433
-0.0010269054910168052
-0.015461709350347519
0.007911693304777145
-0.006742700468748808
-0.024697400629520416
0.005208800546824932
-0.00017902224499266595
-0.015203367918729782
0.0055801658891141415
-0.00844775140285492
0.012988094240427017
-0.019750170409679413
-0.0007923803059384227
0.010075299069285393
0.0063713351264595985
0.006988124456256628
0.0019068795954808593
0.02332819253206253
-0.027564985677599907
0.004495133645832539
0.011780349537730217
0.008945057168602943
-0.00199891347438097
-0.0038815736770629883
-0.021067708730697632
0.022436916828155518
0.033196818083524704
0.002794926753267646
-0.024503644555807114
0.002920868108049035
0.0020102160051465034
-0.0129751767963171
-0.001515331445261836
-0.013834160752594471
0.004960147198289633
0.00423356331884861
-0.010501561686396599
-0.020202266052365303
-0.008744843304157257
0.0027384147979319096
-0.007627518381923437
0.01197410561144352
-0.007724395953118801
-0.005609229207038879
0.010611357167363167
-0.008945057168602943
-0.006287374068051577
0.007143128663301468
-0.02870168536901474
0.034178514033555984
0.02151980623602867
0.039629511535167694
0.02394821122288704
0.012632875703275204
-0.034049343317747116
-0.0004900405765511096
0.009390695951879025
0.003195355413481593
0.028314175084233284
-0.01582338660955429
-0.008434833958745003
0.00029991776682436466
-0.0011375077301636338
0.038931988179683685
-0.0010406299261376262
-0.0072206309996545315
0.0031711359042674303
0.0056059998460114
-0.012781421653926373
-0.01685675047338009
0.027332479134202003
-0.028882523998618126
0.024296971037983894
0.003603857010602951
0.01283308956772089
-0.024077381938695908
0.002286317991092801
-0.016417570412158966
0.046837225556373596
-0.006423003505915403
0.01590088941156864
-0.0004002267378382385
-0.012452037073671818
-0.022772759199142456
-0.010914907790720463
-0.001898806425742805
-0.02919253334403038
-0.017231345176696777
0.011832018382847309
0.006390710826963186
-0.004947230219841003
-0.004963376559317112
-0.025653261691331863
-0.0037524031940847635
-0.012645792216062546
-0.008415458723902702
0.027616653591394424
-0.020357271656394005
-0.011696388944983482
0.012187236919999123
0.01195473037660122
0.010656566359102726
0.008247536607086658
0.007453138008713722
-0.004698576871305704
0.0007479779305867851
-0.0019246404990553856
-0.03430768474936485
0.017773861065506935
-0.008111908100545406
-0.02521408163011074
0.00912589579820633
-0.023418612778186798
-0.005305678583681583
-0.00797627866268158
-0.008764218538999557
-0.014570432715117931
-0.024619897827506065
-0.005509121809154749
0.0026915904600173235
0.0002718635369092226
0.003082331269979477
0.008312121964991093
0.007395011372864246
0.032654304057359695
-0.05109985172748566
-0.010236762464046478
-0.005470370873808861
0.01636590249836445
-0.00807961542159319
0.01754135452210903
0.0037814665120095015
-0.027254976332187653
0.03482436761260033
-0.004046265967190266
-0.02279859408736229
0.025356169790029526
0.017076341435313225
0.005706107243895531
-0.006891246419399977
-0.009603827260434628
0.019995594397187233
-0.00018527894280850887
0.014363760128617287
0.008131283335387707
-0.021093543618917465
0.011612428352236748
-0.01955641433596611
-0.04074037820100784
0.00462430389598012
-0.027539150789380074
0.023263607174158096
-0.004779308568686247
0.03247346356511116
0.008635047823190689
-0.02570492960512638
-0.0028385217301547527
-0.0012779806274920702
0.032163456082344055
-0.02792666293680668
-0.0053444295190274715
-0.007614601403474808
-0.02151980623602867
-0.019259322434663773
0.013382064178586006
-0.006500505842268467
-0.004788996651768684
-0.01689550280570984
-0.0014071512268856168
-0.0040365783497691154
0.02792666293680668
0.005802984815090895
0.0031549895647913218
-0.014635018073022366
-0.017205510288476944
-0.021067708730697632
-0.000743537733796984
-0.0043788799084723
0.033429328352212906
-0.0003374579537194222
-0.02730664424598217
-0.043969638645648956
-0.011166790500283241
-0.033196818083524704
0.006852495484054089
0.02062852866947651
0.03575439378619194
0.01057906448841095
-0.004359504673629999
0.011547842994332314
0.03231846168637276
-0.023715704679489136
0.033196818083524704
-0.015125866048038006
-0.02419363521039486
-0.012697460129857063
-0.002326683606952429
-0.0019569331780076027
0.005925696808844805
0.0008880472159944475
-0.006390710826963186
0.0330418162047863
-0.010404684580862522
-0.004834206309169531
0.007491889409720898
-0.019827673211693764
0.007659811060875654
0.001538743614219129
0.00043958338210359216
-0.00596444820985198
0.007756688632071018
0.011748057790100574
-0.016998838633298874
-0.013227059505879879
0.013950414024293423
-0.0021248548291623592
-0.00268028792925179
0.005325053818523884
0.023108603432774544
-0.00984279252588749
0.024051547050476074
0.004301377572119236
0.002136157127097249
-0.006410086061805487
-0.016456322744488716
-7.674544758629054e-05
0.005909550469368696
0.004508050624281168
-0.0023605909664183855
-0.02181689813733101
-0.011257209815084934
0.006929997354745865
-0.0014136097161099315
-0.0379502959549427
-0.0072464654222130775
0.015125866048038006
-0.006274457089602947
-0.00046905039926059544
-0.016055893152952194
-0.022927764803171158
-0.021287299692630768
-0.026996634900569916
-0.004562947899103165
0.0004194004868622869
-0.0306650772690773
-0.00012725312262773514
0.007982737384736538
-0.01244557835161686
0.0023363714572042227
-0.01636590249836445
-0.0071302116848528385
-0.019117234274744987
-0.005321824923157692
-0.0003584481601137668
-0.025692014023661613
-0.01035301573574543
-0.007556474301964045
-0.018949313089251518
0.007304592058062553
0.0006418159464374185
0.00981695856899023
-0.04652721434831619
0.01209681760519743
0.19768254458904266
-0.005835277494043112
0.01800636760890484
0.025278666988015175
-0.012232447043061256
0.00934548582881689
0.01934974081814289
-0.014157087542116642
-0.0010737298289313912
0.002874043770134449
-0.019375575706362724
-0.013679156079888344
-0.029218368232250214
-0.00042020779801532626
-0.010998868383467197
-0.012581206858158112
-0.05394160374999046
-0.027074137702584267
-0.02779749222099781
0.0034746865276247263
-0.0025591906160116196
0.014983778819441795
-0.000847681425511837
0.0036555251572281122
0.012516621500253677
0.011941812932491302
-0.0075500160455703735
0.030070893466472626
0.02332819253206253
0.009300276637077332
0.005363805219531059
-0.00317275058478117
-0.026557454839348793
0.0014483242994174361
-0.0005372685845941305
0.007808357011526823
-0.004349816590547562
0.0026867464184761047
0.013562902808189392
0.023276524618268013
0.018135538324713707
-0.007543557323515415
-0.008660882711410522
-0.04037870094180107
0.005386409815400839
0.049136459827423096
-0.009642577730119228
-0.00034775122185237706
-0.005893404129892588
-0.004763162229210138
-0.03911282867193222
0.015629630535840988
0.011677013710141182
0.004420860670506954
0.0020893330220133066
0.02004726231098175
0.006852495484054089
-0.007265840657055378
0.007782523054629564
0.005021503195166588
-0.0013554829638451338
0.014609184116125107
-0.0030419654212892056
-0.004168977960944176
-0.01535837259143591
0.0023638203274458647
-0.027409981936216354
0.017270095646381378
-0.015526294708251953
-0.027487482875585556
0.006904163397848606
-0.012994552962481976
0.0028546680696308613
0.010837404988706112
-0.027487482875585556
-0.014492930844426155
0.0005699648754671216
0.04112789034843445
0.006742700468748808
0.03859614580869675
-0.032370127737522125
-0.015061280690133572
-0.012548914179205894
-0.009661953896284103
0.011037619784474373
-0.023676954209804535
0.019259322434663773
-0.02443905919790268
-0.0038105298299342394
0.0036587545182555914
-0.005754545796662569
0.026505786925554276
-0.004585552960634232
-0.0030904042068868876
0.0031469163950532675
0.010934283025562763
-0.02255317009985447
0.01878139190375805
-0.014544598758220673
0.0327318049967289
-0.015590880066156387
0.051435694098472595
0.018807224929332733
0.024736151099205017
-0.025937438011169434
0.006936456076800823
-0.012038690969347954
0.00015682107186876237
0.0028046146035194397
-0.03156927227973938
-0.01759302243590355
-0.026867464184761047
0.00920339860022068
0.0013336854754015803
-0.016017142683267593
0.019905174151062965
0.01504836417734623
-0.020486442372202873
0.014079584740102291
-0.004837435204535723
0.008783594705164433
-0.034617695957422256
-0.01652090810239315
0.025123663246631622
-0.0038331346586346626
-0.01910431683063507
-0.053683262318372726
0.02279859408736229
-0.017412183806300163
-0.019569331780076027
0.03451436012983322
-0.027332479134202003
0.024658650159835815
-0.009907377883791924
-0.026454119011759758
-0.006626446731388569
0.008266911841928959
-0.011270126327872276
-0.019285155460238457
-0.005922467447817326
0.016533823683857918
-0.01754135452210903
-0.003684588707983494
-0.017063423991203308
0.0062486231327056885
-0.005754545796662569
0.004388567991554737
-0.0038008419796824455
-0.009048393927514553
-0.03283514082431793
-0.005560790188610554
-0.04799975827336311
-0.0246457327157259
-0.014583350159227848
0.02636370062828064
0.020938538014888763
-0.035366885364055634
-0.03575439378619194
-0.004708264954388142
0.00397845171391964
-0.009190481156110764
-0.015267953276634216
0.010798654519021511
-0.02017643302679062
-0.01435084268450737
0.020770616829395294
-0.16223815083503723
-0.00038347492227330804
0.009313193149864674
0.010404684580862522
-0.01094720046967268
-0.006032262463122606
0.009881543926894665
0.02619577758014202
-0.009849251247942448
-0.004550030920654535
-0.00450159190222621
-0.009319651871919632
-0.041515398770570755
-0.008828803896903992
-0.006471442058682442
-0.0058901747688651085
-0.013091430999338627
0.0009058081777766347
0.02004726231098175
0.0018245333340018988
0.002467156620696187
-0.012626416981220245
0.01180618442595005
-0.0005243514897301793
0.007847107946872711
7.29611492715776e-05
-0.039009492844343185
0.00035400790511630476
-0.017683442682027817
-0.004508050624281168
-0.0013603268889710307
0.006406857166439295
0.020447690039873123
-0.007388552650809288
0.003513437695801258
-0.019956842064857483
-0.017231345176696777
-0.009184022434055805
-0.012736211530864239
0.031388431787490845
-0.006671656388789415
0.006665198132395744
0.0006377793615683913
-0.0016727580223232508
0.018962230533361435
0.008428375236690044
0.01672757975757122
0.0005118381232023239
0.013168932870030403
-0.0003451274533290416
0.03601273521780968
-0.022643588483333588
0.00900318380445242
-0.01729593053460121
0.0024025714956223965
0.002438093302771449
-0.0030419654212892056
0.0024267907720059156
-0.0008743228390812874
-0.0030952482484281063
-0.025924520567059517
-0.013653322122991085
-0.020396022126078606
0.021261464804410934
0.01431209221482277
-0.04244542866945267
-0.03528938069939613
0.01220015436410904
-0.023431530222296715
0.003968763630837202
0.004456382244825363
-0.01987934112548828
0.020809369161725044
0.012335782870650291
-0.009293817915022373
-0.007711478974670172
-0.010424059815704823
0.026389533653855324
-0.009603827260434628
-0.007097919005900621
-0.03988785296678543
0.04874894767999649
-0.023056935518980026
-0.009519865736365318
0.0041108513250947
-0.01586213707923889
-0.002888575429096818
0.01984058879315853
0.021661894395947456
-0.012019315734505653
-0.0007927839760668576
-0.023199021816253662
-0.00018033412925433367
-0.00722708972170949
0.010837404988706112
0.018962230533361435
-0.00661030039191246
0.0032389503903687
-0.0007782523171044886
-0.004427318926900625
0.010327181778848171
0.0248394887894392
-0.018833059817552567
0.018755557015538216
0.04092121496796608
-0.019530579447746277
-0.003703964175656438
0.011347629129886627
0.003955846652388573
0.0037620910443365574
-0.010553230531513691
0.012109735049307346
0.016921335831284523
-0.0070397923700511456
0.008454209193587303
0.00860921386629343
-0.008809428662061691
-0.026557454839348793
0.008331497199833393
-0.00397845171391964
0.07326550781726837
0.008867555297911167
0.004850352648645639
0.01872972398996353
-0.017941782251000404
-0.028960026800632477
-0.0938294529914856
-0.012148485518991947
0.026247447356581688
0.019943926483392715
-0.003001599572598934
0.020809369161725044
-0.004001056309789419
0.011567218229174614
-0.01750260405242443
0.013782492838799953
-0.006565090734511614
-0.025059077888727188
-0.0036555251572281122
0.010043006390333176
0.011896603740751743
0.006190496496856213
-0.010436976328492165
0.0050085862167179585
-0.027616653591394424
0.009067769162356853
0.0030193605925887823
-0.0043401289731264114
-0.005266927182674408
0.008266911841928959
-0.01853596791625023
-0.010508020408451557
-0.03645191714167595
0.027668321505188942
0.026131192222237587
0.0021329279989004135
-0.009410071186721325
-0.023547783493995667
0.005825589876621962
0.003829905530437827
0.006884787697345018
-0.011935354210436344
-0.03596106916666031
-0.016495073214173317
0.01980183832347393
-0.00474701588973403
0.005318595562130213
0.01902681589126587
0.014260423369705677
-0.03776945546269417
0.0050699422135949135
-0.0177092757076025
-0.013214142993092537
0.023069852963089943
0.004291689954698086
-0.02328944206237793
-0.018109705299139023
-0.027203308418393135
-0.05042816326022148
-0.020228100940585136
0.030045058578252792
0.003994598053395748
-0.012678084895014763
0.005315366201102734
-0.021661894395947456
-0.002662526909261942
-0.006180808413773775
-0.015280870720744133
-0.0259503535926342
0.006794368382543325
0.017967617139220238
-0.003768549533560872
-0.014273340813815594
-0.023108603432774544
0.005354117602109909
-0.002733570756390691
0.004950459580868483
-0.006787910126149654
-0.014402511529624462
-0.004924625623971224
-0.010856781154870987
0.018587635830044746
-0.020589778199791908
0.0018778161611407995
0.0032728577498346567
0.000781481561716646
-0.0029160240665078163
-0.006619988474994898
-0.015397123992443085
-0.001884274766780436
-0.012426202185451984
0.04014619439840317
-0.0014055365463718772
0.0027481024153530598
-0.011522009037435055
-0.0016824458725750446
-0.009726539254188538
0.030639244243502617
0.0146996034309268
-0.005250780843198299
0.003758861683309078
0.01361457072198391
0.01931099034845829
-0.028882523998618126
-0.00036833775811828673
-0.0029450873844325542
-0.0271774735301733
0.0012255051406100392
-0.060090117156505585
0.0051248399540781975
0.001491112052462995
-0.013459566980600357
-0.002906336449086666
0.007885859347879887
0.028133336454629898
0.02046060748398304
0.004908479284495115
5.1188857469242066e-05
-0.02108062617480755
-0.020848119631409645
-0.023302359506487846
-0.0040139732882380486
-0.03665858879685402
-0.0033132233656942844
0.040972884744405746
-0.020021427422761917
0.00858983863145113
0.012794338166713715
0.01619798131287098
-0.00747251370921731
0.001771250506862998
0.009655495174229145
-0.007666269317269325
0.008660882711410522
-0.013188308104872704
-0.011625345796346664
-0.009875085204839706
0.00696874875575304
0.016146313399076462
-0.016185063868761063
-0.0069429147988557816
0.010734069161117077
-0.026841631159186363
-0.011838477104902267
0.015138783492147923
0.024710318073630333
0.007278758101165295
0.045855529606342316
-0.0056059998460114
-0.021997736766934395
0.03255096822977066
-0.009164647199213505
-0.013227059505879879
0.014053750783205032
-0.010359474457800388
0.009390695951879025
0.019259322434663773
-0.02545950561761856
0.03087175078690052
0.035160209983587265
-0.020163515582680702
-0.006416544783860445
-0.0013272269861772656
0.021506888791918755
-0.0007177036022767425
0.010411142371594906
-0.002765863435342908
-0.011024702340364456
0.04112789034843445
-0.01599130779504776
0.00785356666892767
0.0011149029014632106
0.027642488479614258
-0.008893389254808426
-0.004666284658014774
0.015939639881253242
0.012477871030569077
-0.001202900311909616
-0.006781451404094696
0.008047322742640972
0.01111512165516615
-0.007543557323515415
0.014867524616420269
0.010572605766355991
0.013872912153601646
-0.012929967604577541
-0.01344664953649044
0.024141967296600342
0.022023571655154228
0.01755427196621895
-0.026919133961200714
0.011470341123640537
0.02340569533407688
0.0011399297509342432
-0.02321193926036358
0.0002494605432730168
-0.00785356666892767
-0.0062195598147809505
-0.011056995019316673
0.024167802184820175
-0.01096657570451498
0.001287668477743864
-0.000620422069914639
-0.0010034933220595121
0.003933242056518793
-0.008660882711410522
0.006988124456256628
0.043607961386442184
0.03379100561141968
0.010236762464046478
0.018096787855029106
-0.04071454331278801
-0.02808166854083538
0.017373433336615562
-0.029450874775648117
-0.03144010156393051
-0.0005808636196888983
0.0201247651129961
-0.005241093225777149
0.004585552960634232
0.030148396268486977
0.004808371886610985
-0.02308276854455471
-0.0034359353594481945
0.023676954209804535
-0.01334331277757883
-0.03751111403107643
0.024749068543314934
-0.026144109666347504
0.023974046111106873
0.02070603147149086
-0.010262596420943737
0.01484169065952301
-0.012897674925625324
0.015461709350347519
-0.020060179755091667
-0.0030516532715409994
0.00261408812366426
-0.0246457327157259
-0.006962290033698082
-0.019853506237268448
-0.021700644865632057
-0.009810499846935272
0.014583350159227848
0.010869697667658329
0.0032034285832196474
-0.020344354212284088
0.07538390904664993
-0.009377778507769108
-0.012264739722013474
0.03309348225593567
0.001136700389906764
-0.01665007881820202
0.004527426324784756
0.0014749657129868865
-0.012271197512745857
0.005954760126769543
0.005938613787293434
-0.005347658880054951
0.013898746110498905
-0.028650017455220222
-0.01504836417734623
-0.010746985673904419
-0.015978392213582993
0.03947450593113899
-0.012865382246673107
0.020266851410269737
0.046139705926179886
0.0027933120727539062
-0.011612428352236748
0.01533253863453865
-0.030329234898090363
0.0021183963399380445
0.018807224929332733
-0.017037589102983475
-0.0004702613805420697
-0.017450934275984764
0.006684573832899332
0.012426202185451984
-0.02485240437090397
-0.027849160134792328
0.01511294860392809
-0.021791063249111176
-0.013433732092380524
0.010882615111768246
-0.0007003463106229901
-0.004608157556504011
0.004411172587424517
0.01919473707675934
-0.028159169480204582
-0.04169623926281929
-0.037330277264118195
-0.005715794861316681
-0.006949373055249453
0.020693114027380943
-0.009410071186721325
