-0.014125549234449863
-0.015830356627702713
0.0031468442175537348
-0.04173574224114418
-0.037351951003074646
0.006780776660889387
-0.02611047588288784
0.006521210074424744
-0.017394166439771652
-0.00806258711963892
-0.007581907790154219
-0.010959478095173836
-0.0204705111682415
-9.052785026142374e-05
-0.02499530091881752
-0.010606979951262474
0.034557607024908066
-0.013574371114373207
0.008209994994103909
-0.0035121601540595293
-0.010498026385903358
0.003151651006191969
0.0021310097072273493
-0.020124422386288643
-0.013958914205431938
0.02018851228058338
0.028276735916733742
-0.024033943191170692
-0.003367956494912505
0.000903676263988018
-0.0006673425086773932
-0.013843551278114319
-0.010465981438755989
-0.023457128554582596
0.0034512742422521114
-0.006684640888124704
0.008575310930609703
0.004185110796242952
0.030558357015252113
0.007165319751948118
0.01712498627603054
0.001946749398484826
0.00859453808516264
-0.001426014001481235
-0.013651279732584953
0.02048332802951336
-0.0173044390976429
-0.008216404356062412
-0.013459008187055588
0.020880689844489098
0.0011031579924747348
0.01246560551226139
-0.013241100125014782
-0.0038326128851622343
-0.009414896368980408
-0.00909444410353899
-0.02817418985068798
-0.007786997593939304
0.00803695060312748
-0.008389448747038841
0.01662508025765419
0.00339679722674191
-0.02778964675962925
0.012760421261191368
0.01774025522172451
-0.0028247893787920475
-0.04268428310751915
0.01968860626220703
-0.013125737197697163
0.002400189870968461
0.02617456577718258
0.01857343129813671
-0.01980396918952465
-0.007992086932063103
0.025956658646464348
-0.013920459896326065
-0.016766078770160675
-0.043376460671424866
-0.01897079311311245
0.021072961390018463
0.006774367298930883
-0.010805660858750343
-0.0399412102997303
0.025623388588428497
0.011683700606226921
0.003017060924321413
0.012901420705020428
0.00817795004695654
0.002890482312068343
0.0018650339916348457
-0.014394729398190975
0.02394421584904194
0.014394729398190975
0.012837329879403114
-0.029661091044545174
0.0033198886085301638
-0.018432432785630226
0.011946472339332104
-0.012484832666814327
-0.02293158695101738
-0.016317445784807205
-0.00339679722674191
-0.026033567264676094
-0.0001419004111085087
-0.03096853755414486
0.006825639866292477
-0.02722565084695816
0.0039031123742461205
0.01868879422545433
-0.02344430983066559
-0.01657380722463131
0.036070141941308975
-0.023226402699947357
-0.01291423849761486
0.02299567684531212
-0.015830356627702713
0.0024017919786274433
-0.012504059821367264
-0.007498590275645256
-0.0033070705831050873
0.03386542946100235
0.013119328767061234
0.0317888967692852
-0.010715934447944164
0.013894823379814625
0.004012066405266523
-0.021624140441417694
-0.017048077657818794
-0.026251474395394325
-0.018714429810643196
0.001148822484537959
-0.022188136354088783
-0.026636017486453056
0.0026853925082832575
-0.023623764514923096
-0.005373989697545767
-0.01313855592161417
0.011869563721120358
-0.04306882619857788
-0.024508213624358177
0.02254704385995865
0.011869563721120358
-0.014125549234449863
-0.02015005797147751
0.0012081061722710729
0.017778709530830383
0.030789082869887352
0.041146110743284225
0.0015742232790216804
0.0059091453440487385
0.018317069858312607
-0.02331613004207611
0.00032165428274311125
-0.00786390621215105
-0.002916118362918496
0.026302747428417206
0.007767770439386368
0.02364940010011196
0.009613577276468277
0.01375382486730814
-0.0015021214494481683
-0.02209840901196003
0.002779926173388958
0.003710840828716755
0.003400001907721162
0.012331015430390835
0.005896327551454306
0.005402830429375172
0.022495770826935768
0.027020560577511787
0.026815472170710564
0.03889012336730957
-0.0399412102997303
0.027020560577511787
0.00458888104185462
0.021072961390018463
0.01574063114821911
0.009158534929156303
0.0017288416856899858
-0.02935345657169819
-0.0035538191441446543
0.008761173114180565
0.01750952936708927
0.006245620548725128
-0.017150621861219406
0.01750952936708927
0.006953821051865816
0.019406607374548912
-0.006652595475316048
0.037069953978061676
0.0005539823905564845
0.011811882257461548
-0.019675787538290024
0.0008708298555575311
-0.644391655921936
-0.0002347315166844055
0.001252969610504806
-0.009363624267280102
0.009818666614592075
-0.004697834607213736
0.018714429810643196
0.012209243141114712
-0.011670882813632488
-0.02978927083313465
-0.0027623011264950037
0.025097845122218132
-0.008985490538179874
-0.021572867408394814
-0.03817231208086014
-0.024418486282229424
0.020611509680747986
-0.035121601074934006
0.04799097776412964
-0.011203021742403507
-0.01980396918952465
0.014279366470873356
0.012318196706473827
0.024969665333628654
0.007575498893857002
0.0015862402506172657
0.02281622402369976
-0.0008007308933883905
0.0027895397506654263
0.0072806826792657375
0.00897908117622137
0.01522790640592575
0.0065756868571043015
0.022341953590512276
0.05270804092288017
0.017765890806913376
-0.01757361926138401
0.01750952936708927
0.00041819061152637005
-0.009261079132556915
0.008632992394268513
-0.018150433897972107
0.01874006725847721
-0.012183606624603271
0.019727060571312904
0.001977192470803857
0.00965203158557415
-0.03481396660208702
-0.005976440384984016
0.032557982951402664
-0.013382099568843842
0.0014316218439489603
0.017547983676195145
-0.0017416597111150622
0.00570405600592494
-0.028661279007792473
-0.011042796075344086
-0.018881065770983696
-0.015548358671367168
0.012760421261191368
0.009472577832639217
-0.002007635310292244
-0.013003965839743614
-0.015855994075536728
-0.012042608112096786
0.018881065770983696
-0.030507085844874382
0.003537796437740326
0.007607544306665659
-0.024521030485630035
-0.004768334329128265
0.018996428698301315
0.006434687878936529
-0.012234879657626152
0.010587752796709538
0.02444412186741829
0.03091726452112198
0.0147280003875494
-0.005973236169666052
-0.002996231662109494
-0.012875784188508987
-0.005623942706733942
-0.016983985900878906
0.025354208424687386
0.011433747597038746
-0.0327887088060379
0.004492745269089937
-0.0034672969486564398
-0.0021438277326524258
0.006447505671530962
0.012773239985108376
0.0033871836494654417
0.01618926413357258
-0.013676916249096394
0.0016198877710849047
0.03437815234065056
-0.009728940203785896
-0.02238040789961815
0.024072397500276566
-0.017701800912618637
0.0004047716502100229
0.007466544862836599
0.009318760596215725
0.0006024508620612323
0.012228470295667648
0.00833817571401596
0.00962639506906271
-0.0054733301512897015
0.032609254121780396
-0.01347182597965002
-0.011555519886314869
-0.010081438347697258
-0.015356087125837803
-0.010087846778333187
-0.03307070583105087
-0.03101980872452259
0.019944967702031136
0.02214968204498291
0.010536480695009232
-0.01358718890696764
0.0035666371695697308
-0.013407736085355282
0.006418664939701557
0.0025764387100934982
-0.011222248896956444
0.030840355902910233
-0.01640717126429081
0.0026421314105391502
-0.019265608862042427
-0.012645058333873749
-0.008607355877757072
-0.005415648687630892
0.029661091044545174
-0.005415648687630892
0.010574935004115105
-0.016830168664455414
0.00862017460167408
-0.01797098107635975
-0.01590726524591446
-0.011626019142568111
-0.014164003543555737
-0.01606108248233795
0.007633180357515812
-0.01607390120625496
-0.03576250746846199
-0.03714686259627342
-0.0013651279732584953
-0.002007635310292244
-0.01925279013812542
0.03353215754032135
-0.018675975501537323
-0.000762677111197263
-0.03153253346681595
-0.015074089169502258
-0.005034309811890125
-0.010876160115003586
-0.007037138566374779
0.005729692056775093
-0.030532721430063248
0.001317861257120967
0.009164943359792233
0.011279930360615253
-0.011606791988015175
0.015509904362261295
-0.027046198025345802
0.03030199557542801
-0.0015638085315003991
0.0033519340213388205
0.00604053121060133
-0.03214780241250992
0.0033807747531682253
0.024751756340265274
-0.01297191996127367
0.020444873720407486
0.03196834772825241
-0.010075028985738754
-0.0015798312379047275
0.024892756715416908
-0.00839585717767477
-0.005492557305842638
-0.00909444410353899
0.017150621861219406
-0.010164755396544933
-0.015189452096819878
-0.007056365720927715
0.016368716955184937
0.005460511893033981
0.015522723086178303
-0.00786390621215105
0.01102356892079115
0.004973424132913351
0.025264481082558632
0.007498590275645256
0.007402454502880573
-0.0012729978188872337
0.0017464664997532964
0.020688418298959732
0.015561177395284176
0.021688230335712433
0.02627711184322834
0.021803593263030052
2.907230964410701e-06
0.01970142498612404
-0.007735725026577711
-0.018778521567583084
-0.015138179995119572
-0.00806258711963892
-0.016996804624795914
0.0274563767015934
0.02889200486242771
0.023303311318159103
-0.0379415862262249
-0.005213763564825058
-0.0036948181223124266
0.010978705249726772
0.034737057983875275
-0.01785561814904213
-0.0006725498242303729
-0.00686409417539835
0.00806258711963892
-0.006200757343322039
-0.013279554434120655
0.004191519692540169
-0.004918946884572506
0.003223752835765481
0.01062620710581541
0.0018938747234642506
-0.008818854577839375
0.015702176839113235
-0.01486899983137846
0.0028760619461536407
0.009882757440209389
-0.007037138566374779
0.04547863081097603
0.02817418985068798
0.016817351803183556
0.01775307208299637
-0.01347182597965002
0.01970142498612404
0.008671446703374386
0.0033198886085301638
0.04099229350686073
0.012734785676002502
-0.007261455524712801
0.02722565084695816
-0.005524602252990007
0.02499530091881752
-0.003954384941607714
-0.018278615549206734
8.722318307263777e-05
-0.011029977351427078
0.020444873720407486
-0.0062616434879601
-0.019932150840759277
-0.017445437610149384
-0.03409615531563759
-0.00012938272266183048
0.020739691331982613
0.013305190950632095
0.020009059458971024
0.0043293144553899765
0.04606826230883598
0.002257588319480419
0.02822546288371086
0.013523099012672901
-0.006409051362425089
-0.020496146753430367
-0.021342141553759575
-0.038864489644765854
-0.02276495099067688
0.013843551278114319
0.002879266394302249
-0.005707260221242905
0.003781340317800641
0.0006284876144491136
0.008684264495968819
0.009632804431021214
-0.008376630023121834
0.010837705805897713
0.004374177660793066
-0.03325016051530838
-0.03376288339495659
-0.00423958757892251
0.03514723852276802
-0.0013354860711842775
-0.005393216852098703
0.014458820223808289
0.0033198886085301638
-0.04317137226462364
0.004835629370063543
-0.0076524075120687485
0.004220360424369574
0.01797098107635975
0.004604903515428305
-0.008376630023121834
-0.027635829523205757
0.02041923813521862
-0.023457128554582596
0.004069747868925333
0.005665601696819067
0.02281622402369976
-0.006245620548725128
-0.017483891919255257
-0.01763770915567875
0.03753140568733215
0.029584182426333427
-0.024521030485630035
-0.011767018586397171
-0.0005868287989869714
-0.030430177226662636
0.016868622973561287
-0.01724034920334816
-0.002151838969439268
0.014292185194790363
0.0119400629773736
8.326760143972933e-05
0.0016599443042650819
0.019650151953101158
0.01791970804333687
0.008318948559463024
0.0014180026482790709
0.002813573693856597
-0.024226214736700058
0.0019163064425811172
0.056604743003845215
0.00976739451289177
-0.0008844491094350815
0.02599511295557022
-0.01985524222254753
-0.010222436860203743
-0.008171540684998035
-0.03453196957707405
0.012811694294214249
-0.01144015695899725
0.010081438347697258
0.002818380482494831
0.004877288360148668
-0.022944403812289238
0.014035822823643684
0.02259831503033638
0.019816787913441658
0.014292185194790363
0.01780434511601925
0.03258361667394638
-0.0006793594802729785
-0.013548734597861767
-0.004630539566278458
0.018816975876688957
0.021188324317336082
0.000798728025984019
0.0369417741894722
0.04904206097126007
-0.012190015986561775
-0.013459008187055588
-0.007556271739304066
0.008716310374438763
0.021726684644818306
0.01774025522172451
-0.01269633136689663
0.013894823379814625
-0.0006777571979910135
0.029430365189909935
0.00856249313801527
0.02600793167948723
0.022893132641911507
0.0031083899084478617
-0.0022015091963112354
0.0031067878007888794
0.0021069757640361786
-0.021636957302689552
0.009261079132556915
0.023367401212453842
0.0013963720994070172
-0.017278803512454033
0.013343645259737968
0.010331391356885433
-0.00961998663842678
0.0060148946940898895
0.009312352165579796
-0.0029097094666212797
-0.002536382060497999
0.007383227348327637
-0.001523751998320222
-0.007831861265003681
-0.006380210630595684
-0.04153065383434296
0.0238801259547472
-0.009229034185409546
0.018893884494900703
-0.01890670135617256
0.003194912103936076
-0.005098400637507439
-0.015163815580308437
0.0030779470689594746
0.015932902693748474
-0.028712550178170204
-0.0440942756831646
-0.00024835075601004064
-0.008927809074521065
0.039146486669778824
0.0015125361969694495
0.012907830066978931
0.0043966094963252544
0.021842047572135925
-0.010010938160121441
-0.01486899983137846
-0.010376254096627235
-0.003938362002372742
-0.005223377142101526
0.009754576720297337
-0.017330074682831764
-0.0048067886382341385
0.01548426877707243
0.02208559215068817
-0.020380783826112747
-0.004736288916319609
-0.010357026942074299
0.00425240583717823
-0.015599631704390049
0.029584182426333427
0.0014412354212254286
0.013651279732584953
0.015881629660725594
-0.013856369070708752
-0.005829032510519028
-0.04319700598716736
-0.013484644703567028
0.00431008730083704
-0.006921775639057159
0.012350242584943771
-0.02091914415359497
0.016753260046243668
-0.017829980701208115
-0.03196834772825241
0.021726684644818306
-0.011510656215250492
-5.367580524762161e-05
0.007767770439386368
-0.0033487293403595686
0.0007879127515479922
-0.021175505593419075
0.05583565682172775
0.0016399160958826542
-0.026994924992322922
-0.002707824343815446
-0.0392746664583683
-0.0008251653634943068
0.018791338428854942
-0.008626583032310009
0.026866743341088295
0.004819606896489859
-0.010606979951262474
-0.007088411133736372
-0.001599058392457664
-0.008165131323039532
0.029814908280968666
-0.004024884197860956
-0.037685222923755646
-0.012087470851838589
0.022905949503183365
-0.012606604024767876
0.005954009015113115
-0.013484644703567028
-0.02220095507800579
7.93620856711641e-05
-0.01752234622836113
-0.006370597053319216
-0.033121977001428604
0.05322076380252838
-0.024508213624358177
-0.013305190950632095
-0.007819042541086674
-0.022162500768899918
0.02689238078892231
-0.01023525558412075
0.028968913480639458
0.003259002696722746
0.013843551278114319
-0.00025756374816410244
-0.031711988151073456
-0.027584558352828026
-0.015855994075536728
-0.0013322816230356693
0.006316120270639658
0.007312727626413107
-0.00400565704330802
-0.00742168165743351
0.003537796437740326
0.014151185750961304
0.003218946047127247
-0.015163815580308437
-0.003957589156925678
-0.021842047572135925
0.027866555377840996
0.02332894690334797
0.01674044318497181
-0.014035822823643684
-0.025469571352005005
-0.0022511794231832027
0.03737758845090866
-0.012087470851838589
-0.026482200250029564
-0.009222624823451042
-0.006774367298930883
0.007883133366703987
0.0009221023065038025
-0.016432808712124825
0.0157278124243021
-0.01885543018579483
0.009985302574932575
0.03399360924959183
-0.014792091213166714
0.01197210792452097
0.002193497959524393
0.018483703956007957
-0.027584558352828026
-0.004255610052496195
0.02264958806335926
-0.01190801803022623
0.009818666614592075
-0.002940152306109667
-0.027071833610534668
0.006838458124548197
0.01313855592161417
0.012119516730308533
-0.005345148965716362
-0.01618926413357258
0.027482012286782265
-0.008274085819721222
0.022521406412124634
-0.005031105596572161
-0.009370033629238605
0.012933465652167797
-0.02594383992254734
0.0058578732423484325
-0.02303413115441799
0.014522911049425602
-0.021342141553759575
0.010414708405733109
-0.021406231448054314
-0.00602771295234561
0.005082377698272467
-0.014612637460231781
0.005739305634051561
-0.0044606998562812805
-0.029225274920463562
0.025123482570052147
-0.008767582476139069
0.02472612075507641
0.02298285812139511
-0.004729880020022392
-0.03340397775173187
0.014240912161767483
0.02097041718661785
-0.007466544862836599
0.039761755615472794
-0.017535164952278137
0.004197928588837385
-0.013215464539825916
0.010562117211520672
0.02326485700905323
-0.01035061851143837
-0.009241851978003979
0.01070952508598566
0.019380971789360046
0.016137991100549698
-0.023405855521559715
0.018458068370819092
-0.014279366470873356
0.014010186307132244
-0.0036691820714622736
0.004098588600754738
-0.0037749314215034246
0.003582659875974059
-0.006678231526166201
0.05932218208909035
-0.004652971401810646
0.012049016542732716
0.006780776660889387
-0.0009573520510457456
-0.0066397772170603275
-0.031199263408780098
0.012984738685190678
-0.002565222792327404
0.013715370558202267
0.018893884494900703
0.0003863456367980689
-0.009780212305486202
-0.0119400629773736
-0.01863752119243145
0.023457128554582596
0.010818478651344776
-0.00686409417539835
0.02259831503033638
-0.008658628910779953
0.019432244822382927
0.02611047588288784
0.01785561814904213
-0.009908393956720829
-0.005681624170392752
0.0030282768420875072
-0.03253234550356865
0.002147032180801034
-0.001110368175432086
-0.013817914761602879
-0.0030779470689594746
-0.03471142426133156
-0.008043359965085983
0.0017176257679238915
-0.0045920852571725845
-0.019816787913441658
-0.02136777713894844
0.009043172001838684
-0.0071332743391394615
-0.029148366302251816
0.0013266736641526222
0.0008508015889674425
0.01674044318497181
-0.005463716574013233
0.025290116667747498
0.014548546634614468
0.022444497793912888
-0.039761755615472794
-0.016496898606419563
-0.006034121848642826
0.022572679445147514
-0.011094068177044392
0.016996804624795914
0.0006148683605715632
0.003185298526659608
0.04699116572737694
-0.007114047184586525
-0.012798875570297241
-0.01840679533779621
0.014945908449590206
-0.004137042909860611
-0.018111979588866234
-0.011228658258914948
0.014125549234449863
-0.004143451806157827
0.007049956824630499
0.007299909833818674
-0.013202645815908909
0.014548546634614468
-0.002919323043897748
-0.00923544354736805
-0.014612637460231781
-0.0025492003187537193
0.023636581376194954
-0.015612449496984482
0.020931962877511978
-0.01024166401475668
-0.025572115555405617
-0.007517817430198193
-0.017560800537467003
0.009575122967362404
-0.030891628935933113
-0.0119400629773736
-0.023636581376194954
-0.007524226326495409
-0.018701612949371338
0.0013090487336739898
-0.02459793910384178
-0.00478435680270195
0.0012393502984195948
-0.009908393956720829
4.277916559658479e-06
0.007665225770324469
0.003196514444425702
-0.002738267183303833
0.007011502515524626
-0.004672198556363583
-0.01020961906760931
0.006024508271366358
-0.010312164202332497
0.04570935666561127
0.015061271376907825
-0.02338021993637085
-0.012074653059244156
0.0006148683605715632
-0.03496778383851051
-0.011767018586397171
0.017676163464784622
0.025802841410040855
0.0003188503033015877
0.0015734221087768674
0.009812258183956146
0.03440378978848457
-0.0217138659209013
0.009786621667444706
-0.030609630048274994
-0.03499342128634453
-0.022572679445147514
-0.0007606743020005524
-0.0017929321620613337
-0.0002060910628642887
-0.016278991475701332
-0.003438456216827035
0.05032387375831604
-0.0014989168848842382
-0.00015021214494481683
0.03168635070323944
-0.017535164952278137
-0.01762489229440689
-0.0032670139335095882
0.018893884494900703
0.00539962574839592
-0.008658628910779953
-0.005902736447751522
-0.04283810034394264
0.009543078020215034
0.011235067620873451
-0.010305754840373993
-0.026584746316075325
-0.004162678960710764
0.019547607749700546
-0.015599631704390049
0.013003965839743614
-0.01247201394289732
-6.023507012287155e-05
-0.0020621123258024454
-0.0294560007750988
0.009075216948986053
-0.0075049991719424725
-0.002924129832535982
0.025572115555405617
0.012420741841197014
-0.023341765627264977
0.007562680635601282
0.01029293704777956
-0.03391670063138008
-0.004479927010834217
0.011811882257461548
-0.022124046459794044
0.01662508025765419
-0.0021053734235465527
-0.027533285319805145
-0.019611697643995285
0.006277665961533785
-0.015548358671367168
0.009434123523533344
-0.0010270505445078015
-0.0005860276287421584
0.03553178161382675
-0.0007614754140377045
0.002150236861780286
0.0012713955948129296
-0.0032734230626374483
-0.02784091979265213
-0.024136487394571304
0.0076267714612185955
-0.02505939081311226
-0.015253542922437191
-0.019880877807736397
-0.014561365358531475
-0.0015013202792033553
0.0039415666833519936
0.011747791431844234
-0.03799285739660263
0.02091914415359497
0.2108321636915207
-0.01361282542347908
0.010113483294844627
0.005803395994007587
-0.017560800537467003
0.010427527129650116
0.03501905873417854
5.627948485198431e-05
0.008415084332227707
0.006832048762589693
-0.008318948559463024
-0.008280494250357151
-0.01082488801330328
0.00742168165743351
0.004101792816072702
-0.02253422513604164
-0.0352754183113575
-0.011831109412014484
0.026302747428417206
-0.005825827829539776
0.004960605874657631
0.0039031123742461205
-0.01812479831278324
0.0010839308379217982
0.018432432785630226
0.02136777713894844
-0.021303687244653702
-0.010196801275014877
0.003887089667841792
0.0023729512467980385
-0.01548426877707243
-0.011485020630061626
0.020406419411301613
-0.010549298487603664
-0.0030683334916830063
0.013356463052332401
0.008671446703374386
-0.015112543478608131
0.018945155665278435
0.014138367958366871
0.020278239622712135
-0.02354685589671135
0.010587752796709538
-0.02393139898777008
-0.005591897293925285
0.04614517092704773
-0.0015774278435856104
-0.02035514824092388
-0.0068128216080367565
-0.0033839792013168335
-0.031993985176086426
0.020303875207901
0.027712738141417503
0.002948163775727153
0.008876536041498184
0.009055989794433117
0.0031372306402772665
0.01144015695899725
0.0107351616024971
0.0007726912735961378
0.009998120367527008
0.025008119642734528
-0.002595665864646435
0.01520226988941431
-0.010440344922244549
0.005018287338316441
-0.014099913649260998
0.005271445028483868
0.01325391884893179
-0.00623600697144866
0.007690861821174622
-0.017868435010313988
-0.026482200250029564
0.007428090553730726
-0.01657380722463131
-0.025354208424687386
0.04917024448513985
0.015766266733407974
0.00953666865825653
0.04032575339078903
-0.014574183151125908
0.010587752796709538
-0.020239785313606262
0.012433559633791447
0.013741006143391132
-0.021175505593419075
-0.0009669656283222139
-0.00681923096999526
0.006755140144377947
-0.02678983472287655
-0.010773615911602974
0.008254858665168285
-0.004255610052496195
-0.03230161964893341
-0.007235819008201361
0.02678983472287655
0.01980396918952465
0.016817351803183556
-0.01712498627603054
0.0037909538950771093
-0.030558357015252113
0.039479758590459824
0.024956846609711647
0.012004153802990913
-0.01188238151371479
0.013119328767061234
-0.0055790795013308525
-0.013036010786890984
-0.0076780435629189014
-0.03440378978848457
0.003159662475809455
-0.02466203086078167
0.006421869620680809
-0.00229444052092731
-0.02321358397603035
0.026213020086288452
0.01032498199492693
-0.024174941703677177
0.018035070970654488
-0.02432875894010067
0.008165131323039532
-0.002252781530842185
-0.0011512258788570762
0.022303499281406403
-0.02198304608464241
-0.00979303102940321
-0.030942900106310844
0.013984550721943378
-0.016368716955184937
-0.0067871855571866035
0.0020252603571861982
-0.03468578681349754
0.03073781169950962
0.010574935004115105
-0.004194724373519421
0.0036948181223124266
0.0006048542563803494
-0.018393978476524353
0.001807352527976036
0.02041923813521862
0.03765958547592163
-0.015920083969831467
0.00867785606533289
-0.01650971733033657
-0.00679359445348382
-0.013292373158037663
0.01190801803022623
-0.004383791238069534
-0.011369657702744007
-0.01363846193999052
-0.005130445584654808
-0.019842423498630524
0.004537608474493027
-0.0056688059121370316
0.0013314804527908564
0.026636017486453056
-0.01918870024383068
-0.005124036688357592
-0.011292749084532261
0.005768146365880966
-0.026123294606804848
0.008767582476139069
0.03268616273999214
-0.016214899718761444
-0.008101041428744793
0.018791338428854942
-0.1600724756717682
0.008312540128827095
0.015714993700385094
-0.009696895256638527
-0.014958726242184639
-0.008254858665168285
0.02316231280565262
0.011388884857296944
0.010703115724027157
-0.014804909005761147
0.012401514686644077
0.007242228370159864
-0.029532909393310547
-0.035788144916296005
-0.011536292731761932
0.0011736575979739428
-0.03806976601481438
0.004217155743390322
0.023687854409217834
0.025149118155241013
0.007581907790154219
0.003848635358735919
-0.005886713974177837
0.00444788159802556
0.01434345729649067
-0.007639589253813028
-0.021162688732147217
0.012715558521449566
0.007665225770324469
-0.014920271933078766
0.002493120962753892
-0.007690861821174622
0.0058578732423484325
0.012600195594131947
-0.0017977389506995678
-0.007428090553730726
-0.020957598462700844
0.0017640914302319288
-0.004335723351687193
0.02354685589671135
0.011190203949809074
0.025431117042899132
-0.0032734230626374483
0.001527757616713643
0.008914990350604057
-0.007511408533900976
0.032609254121780396
-0.004822811111807823
0.019009247422218323
-0.02566184289753437
0.0193040631711483
0.006832048762589693
-0.0024466554168611765
-0.015125361271202564
0.0029946293216198683
0.0015790300676599145
0.017894072458148003
-0.015586812980473042
0.01158115640282631
-0.007985678501427174
-0.02884073182940483
0.015535540878772736
-0.009363624267280102
0.030840355902910233
0.005444489419460297
-0.029148366302251816
-0.018342705443501472
0.024649212136864662
-0.05229786038398743
0.004146656487137079
-0.004736288916319609
-0.02812291868031025
-0.0044606998562812805
-0.014599819667637348
-0.009254670701920986
0.00889576319605112
-0.003957589156925678
0.01807352527976036
0.0068961395882070065
-0.007396045606583357
0.0010286527685821056
0.04099229350686073
-0.013318008743226528
-0.0063097113743424416
-0.008158722892403603
-0.01920151896774769
-0.0054573072120547295
0.019547607749700546
0.013177010230720043
-0.001700000953860581
-0.005252217873930931
-0.03614705055952072
-0.004406223073601723
-0.008908581919968128
0.005409239325672388
0.011119704693555832
0.007710088975727558
0.004579267464578152
0.002438644180074334
-0.011472201906144619
0.00673591298982501
0.0067230951972305775
-0.014074277132749557
0.014023005031049252
0.024200579151511192
-0.007633180357515812
0.03404488041996956
0.013600007630884647
0.02003469504415989
0.0036018870305269957
-0.03542923554778099
0.0027863350696861744
-0.005986053962260485
0.005303489975631237
0.01852215826511383
0.021380595862865448
-0.0069345938973128796
0.012689922004938126
0.024303123354911804
-0.012190015986561775
0.07080720365047455
-0.010921023786067963
-0.01085052452981472
0.005569465924054384
-0.016381535679101944
-0.02850746177136898
-0.11044077575206757
-0.04222283139824867
0.03325016051530838
0.024841483682394028
0.005024696234613657
0.008607355877757072
-0.011850336566567421
0.0024835073854774237
-0.005274649243801832
0.010446754284203053
-0.027328195050358772
-0.029532909393310547
0.005316308233886957
0.01070952508598566
-0.014779272489249706
0.005053536966443062
-0.006146280560642481
-0.01740698330104351
-0.03248107433319092
0.01032498199492693
0.016650715842843056
0.01481772679835558
-0.002438644180074334
0.02059869095683098
-0.009478987194597721
-0.007075592875480652
-0.04629898816347122
0.010164755396544933
0.0021037710830569267
0.00023132670321501791
-0.021739503368735313
-0.009434123523533344
0.017714617773890495
-0.02097041718661785
0.019573243334889412
-0.008229222148656845
-0.027687102556228638
-0.010722342878580093
0.03363470360636711
-0.011029977351427078
0.009895575232803822
0.013907642103731632
0.01729162037372589
-0.05104168504476547
-0.0069858659990131855
-0.018163252621889114
0.011683700606226921
0.01685580611228943
0.008690673857927322
-0.007094820030033588
-0.006005281116813421
5.953407890046947e-05
-0.0575789175927639
-0.008626583032310009
-0.007607544306665659
0.009555895812809467
-0.0022335543762892485
0.008959854021668434
-0.008235631510615349
-0.006136666983366013
-0.00743449991568923
0.001420406042598188
-0.02561056986451149
0.021124234423041344
0.018509341403841972
0.0009100853349082172
-0.03783904016017914
-0.014830545522272587
0.006947411689907312
-0.02103450708091259
-0.013894823379814625
0.00851122010499239
0.008940626867115498
0.012843739241361618
-0.013535916805267334
0.01182470005005598
-0.01975269615650177
0.003021867712959647
0.010703115724027157
0.003231764305382967
-0.006767958402633667
-0.009325169958174229
0.007184546906501055
0.01018398255109787
-0.004348541609942913
0.019457880407571793
0.009203397668898106
0.0012049017241224647
0.0051112184301018715
-0.019316881895065308
0.011228658258914948
0.02532857097685337
-0.011555519886314869
-0.010100665502250195
0.019547607749700546
-0.007780588697642088
0.001564609701745212
0.0033070705831050873
0.0014003777178004384
0.0018618294270709157
-0.028712550178170204
-0.003649954916909337
-0.06624395400285721
0.020111603662371635
-0.003196514444425702
-0.010421117767691612
-0.019445061683654785
0.004755516070872545
0.030096905305981636
-0.0076780435629189014
0.01617644540965557
-0.005149672739207745
-0.014035822823643684
0.0005415648338384926
-0.02661038190126419
-0.010280118323862553
-0.02789219282567501
-0.018483703956007957
0.021072961390018463
0.0004898918559774756
0.021957410499453545
-0.00060685706557706
0.014138367958366871
-0.015445814467966557
0.02622583881020546
0.02678983472287655
-0.0025027345400303602
0.0026421314105391502
0.009299533441662788
-0.02594383992254734
0.002707824343815446
0.009978893212974072
0.004822811111807823
-0.03307070583105087
-0.024149306118488312
0.004877288360148668
-0.008267676457762718
-0.0021999068558216095
0.006774367298930883
0.021854866296052933
0.01997060514986515
0.06757704168558121
-0.022072773426771164
-0.011863154359161854
0.030712174251675606
-0.02505939081311226
-0.027943463996052742
-0.019175881519913673
-0.02393139898777008
-0.01408709492534399
-0.000573209545109421
-0.006088599096983671
0.03745449706912041
0.009690485894680023
-0.018509341403841972
-0.030942900106310844
-0.016778897494077682
0.03686486557126045
0.008959854021668434
0.021021688356995583
0.003335911314934492
-0.026033567264676094
0.03845430910587311
-0.011574747040867805
0.004201133269816637
0.011946472339332104
0.02064996398985386
-0.015855994075536728
-0.007902360521256924
0.0024354394990950823
-0.0035538191441446543
-0.009530259296298027
-0.0017592846415936947
-0.010421117767691612
-0.0010831296676769853
0.02499530091881752
0.004790766164660454
-0.006498778238892555
-0.003531387308612466
-0.007139683235436678
-0.008927809074521065
0.03437815234065056
0.015471450053155422
0.020265420898795128
-0.02344430983066559
0.027071833610534668
0.016586625948548317
0.017996616661548615
-0.011529883369803429
0.013664097525179386
-0.008312540128827095
-0.005261831451207399
-0.027917828410863876
0.01595853827893734
0.003079549176618457
0.007024320308119059
-0.01745825633406639
0.014958726242184639
0.014907454140484333
-0.0017512732883915305
0.026251474395394325
0.01700962334871292
0.016471263021230698
-0.008434311486780643
0.020547419786453247
-0.02889200486242771
-0.00012237283226568252
0.013561553321778774
-0.045452993363142014
-0.01763770915567875
-0.010619798675179482
0.01997060514986515
0.00032125369762070477
-0.01679171435534954
0.017060894519090652
0.003717249957844615
-0.010145528241991997
-0.0062552341260015965
0.016586625948548317
-0.0181376151740551
-0.02031669393181801
0.016266172751784325
-0.012728376314043999
0.021072961390018463
0.03904394060373306
-0.015830356627702713
0.01650971733033657
-0.0019964196253567934
0.02243168093264103
0.0030106520280241966
0.005662397015839815
-0.0011392089072614908
0.003845430910587311
0.0035602280404418707
-0.014471638016402721
-0.017663346603512764
-0.0052586267702281475
0.00043581551290117204
0.014945908449590206
0.004361359402537346
-0.0228803139179945
0.0703970193862915
0.010722342878580093
-0.018727248534560204
0.0016455239383503795
0.0007666827877983451
0.0030731402803212404
-0.013510280288755894
0.0020220556762069464
-0.02015005797147751
0.004515176638960838
0.02627711184322834
-0.01779152639210224
3.064327756874263e-05
-0.002701415214687586
-0.0006497175781987607
0.0013410940300673246
-0.016996804624795914
0.022803405299782753
-0.01923997327685356
0.025264481082558632
0.04406863823533058
0.008415084332227707
0.00148930330760777
0.031327445060014725
0.003976816311478615
0.004544017370790243
0.031147990375757217
-0.020944779738783836
-0.012420741841197014
-0.02537984400987625
0.01313855592161417
-0.0002649742236826569
-0.03481396660208702
-0.026148930191993713
0.005479739047586918
-0.015804721042513847
0.00024314339680131525
-0.01935533620417118
-0.013305190950632095
0.031711988151073456
0.0031099922489374876
0.01545863226056099
-0.03366033732891083
-0.022585498169064522
-0.019342517480254173
-0.005297081079334021
-0.008665037341415882
0.0013603211846202612
-0.02243168093264103
