-0.01225297711789608
-0.016816020011901855
-0.0063973986543715
-0.02398371696472168
-0.02611183188855648
0.017455758526921272
-0.02746964618563652
-0.001084457035176456
-0.01778215728700161
-0.03611266240477562
-0.009556930512189865
0.007232977077364922
-0.006674836855381727
0.014244004152715206
0.0070175547152757645
0.009354563429951668
0.026594899594783783
0.009302339516580105
0.001273767789825797
0.02934969775378704
-0.01560181938111782
0.002082418417558074
0.016097944229841232
-0.013212586753070354
-0.0397944301366806
0.024884574115276337
0.02564181759953499
-0.02073279395699501
-0.0037405197508633137
-0.004177893046289682
-0.006459414027631283
-0.012514094822108746
-0.0029261570889502764
0.000860874424688518
0.006919635459780693
0.0032460270449519157
0.016554901376366615
0.022939244285225868
0.027051856741309166
-0.00014208507491275668
0.01775604486465454
-0.008656072430312634
0.010594875551760197
0.0013374153058975935
-0.012683821842074394
0.015719322487711906
-0.023605095222592354
-0.01035334076732397
-0.03587765619158745
0.030263612046837807
0.019205251708626747
0.024610400199890137
-0.023043690249323845
-0.0004163613193668425
0.0036882960703223944
-0.009563458152115345
-0.009321923367679119
0.000755203131120652
0.018735239282250404
-0.018108554184436798
0.025955159217119217
-0.010053055360913277
-0.028931908309459686
0.015432092361152172
0.010842937976121902
0.020889464765787125
-0.0022537773475050926
-0.0039200386963784695
0.0145442895591259
0.008323146030306816
0.03316202387213707
0.027913548052310944
-0.025445979088544846
-0.011019192636013031
0.0139959417283535
-0.030524730682373047
-0.014727072790265083
-0.0381493866443634
0.0022684652358293533
0.03070751391351223
-0.0099812475964427
-0.0016434133285656571
-0.028618566691875458
0.018970245495438576
0.002718894509598613
0.014230947941541672
0.012213809415698051
0.0071676974184811115
-0.006541013717651367
-0.0033390503376722336
-0.01967526413500309
0.023578982800245285
-0.011874355375766754
0.022834796458482742
-0.006541013717651367
-0.0006430038483813405
-0.008277450688183308
0.03282257169485092
-0.015288476832211018
-0.030838072299957275
-0.0008592424564994872
-0.005225630011409521
-0.03441539406776428
0.001756020588800311
-0.035982102155685425
-0.020876409485936165
-0.016633236780762672
-0.005751130636781454
0.01889191009104252
-0.03660878539085388
-0.02237783931195736
0.03232644870877266
-0.022260336205363274
0.008688711561262608
0.019505538046360016
-0.0196230411529541
0.024871518835425377
-0.027991883456707
-0.018108554184436798
-0.017286032438278198
0.0261379424482584
-0.0015136701986193657
0.03235255926847458
0.005382301285862923
0.03261367604136467
0.00985068827867508
-0.004014694131910801
-0.002413712441921234
-0.005176670383661985
-0.02179032377898693
0.01780826970934868
0.006704212632030249
-0.029480258002877235
0.012951468117535114
-0.017991051077842712
0.00026091429754160345
0.0125206233933568
0.03394538164138794
-0.030916407704353333
-0.021868659183382988
0.015118749812245369
0.03156920522451401
0.011365174315869808
-0.0404733382165432
0.0020285628270357847
0.01565404236316681
0.031360309571027756
0.017403535544872284
-7.83354917075485e-05
-0.009804992936551571
0.017873547971248627
-0.019035525619983673
0.027991883456707
-0.00928275566548109
0.009902912192046642
0.006978387013077736
0.0049188160337507725
0.013042859733104706
-0.007226449437439442
-0.009067333303391933
0.008101196028292179
0.002369648776948452
0.0029816448222845793
0.028383560478687286
0.010229310020804405
0.003962470218539238
0.011293366551399231
0.0017511246260255575
0.016267670318484306
0.009067333303391933
-0.001186456298455596
0.010294589214026928
-0.039716094732284546
0.03391926735639572
-0.018461065366864204
0.00693269120529294
-0.012109361588954926
0.002190129831433296
-0.00927622802555561
-0.0234614796936512
-0.019596928730607033
-0.009021637961268425
0.00445533124729991
0.03196088224649429
-0.01565404236316681
0.012918828055262566
0.007729101926088333
-0.0032492908649146557
0.016489621251821518
0.0038319111336022615
0.018774406984448433
0.020027775317430496
-0.012501039542257786
0.001778868492692709
-0.6245949864387512
-0.0056989071890711784
-0.0020530426409095526
-0.016319895163178444
0.006002457346767187
0.0202366691082716
0.024166500195860863
0.007572431117296219
0.0022227696608752012
-0.03232644870877266
0.017938828095793724
0.017116304486989975
0.0038286473136395216
-0.024297058582305908
-0.021476980298757553
-0.026190167292952538
0.011247671209275723
-0.0436328686773777
0.007572431117296219
-0.006645461078733206
-0.024062052369117737
0.0226389579474926
0.008577736094594002
0.012292144820094109
-0.006978387013077736
-0.011848242953419685
0.016346005722880363
0.010164029896259308
0.012285616248846054
0.00847981683909893
-0.012155056931078434
0.015458203852176666
0.019270531833171844
0.025968216359615326
0.05180587247014046
0.023122025653719902
-0.04817632958292961
0.026294613257050514
0.02259979024529457
0.02989804744720459
-0.006028568837791681
-0.022678125649690628
0.012298672460019588
-0.007108945865184069
0.007924940437078476
0.008081612177193165
0.01669851504266262
-0.021764211356639862
-0.0023516968358308077
0.010470843873918056
-0.017168529331684113
-0.0077356300316751
0.006488789804279804
0.013643431477248669
-0.02608571946620941
-0.020889464765787125
0.005447580944746733
0.020275836810469627
0.006704212632030249
0.02154226042330265
0.008793159388005733
0.01239659171551466
-0.0019436994334682822
-0.019818879663944244
-0.03556431457400322
0.033318694680929184
-0.02211672067642212
-0.033292584121227264
0.0028380295261740685
-0.014374562539160252
-0.004944927990436554
0.017912715673446655
0.0036066966131329536
-0.003097516018897295
0.008146891370415688
0.0015234621241688728
0.02934969775378704
0.004432483110576868
0.003365162294358015
0.0021444340236485004
-0.009909439831972122
0.009942079894244671
-0.03995110094547272
-0.0070828343741595745
0.010542651638388634
-0.010986552573740482
-0.019022468477487564
-0.019218306988477707
0.003089356003329158
0.03741825371980667
0.010575291700661182
0.0033047785982489586
0.0030485563911497593
-0.020053885877132416
0.019009413197636604
0.03859328478574753
0.0035838487092405558
-0.019309699535369873
0.017860492691397667
-0.007898828946053982
0.008558152243494987
-0.0032933547627180815
0.007840077392756939
0.013251754455268383
0.04204004630446434
0.00047572492621839046
-0.006436566356569529
0.0045271385461091995
0.04519958049058914
0.011906994506716728
0.005819674115628004
-0.01693352311849594
-0.01991027034819126
0.0009204420493915677
-0.0070828343741595745
-0.03125586360692978
0.015484316274523735
-0.0016360693844035268
-0.0027792779728770256
-0.0046479059383273125
0.023187305778265
-0.0034532896243035793
0.01748187094926834
0.0083688423037529
0.0017511246260255575
0.03927219286561012
-0.014557345770299435
-0.0029849086422473192
-0.012768685817718506
-0.004719713237136602
-0.012220337055623531
-0.027312975376844406
0.008825798518955708
-0.008832327090203762
-0.0049024964682757854
-0.00873440783470869
0.011201975867152214
-0.007363536395132542
0.0019926591776311398
-0.021933937445282936
0.012736045755445957
-0.019844992086291313
0.0167376846075058
-0.018931077793240547
-0.03752269968390465
-0.048333000391721725
-0.025250140577554703
0.001933907507918775
-0.008793159388005733
0.011920050717890263
-0.011286838911473751
-0.008088139817118645
-0.015392924658954144
0.00539535703137517
-0.0023892326280474663
-0.01172421220690012
-0.005356189329177141
-0.020066943019628525
-0.042144495993852615
-0.013166890479624271
0.00900858175009489
0.006452886387705803
-0.042405612766742706
0.010242365300655365
-0.013179946690797806
-0.00353162526153028
0.014348451048135757
0.0014247267972677946
-0.0204455628991127
-0.04768020287156105
0.016215447336435318
0.023082857951521873
-0.008551624603569508
0.021920882165431976
0.03397149220108986
-0.00027193024288862944
0.0172207523137331
0.006162391975522041
-0.0070306104607880116
-0.013173419050872326
0.00640066247433424
0.014439842663705349
-0.03820160776376724
-0.012644654139876366
0.022547565400600433
0.01551042776554823
0.015092638321220875
0.003701352048665285
-0.006723796483129263
0.007905356585979462
0.01915302872657776
0.01859162375330925
0.005405148956924677
0.0202366691082716
-0.022038385272026062
0.017194639891386032
-0.009459011256694794
0.0034043299965560436
-0.024114275351166725
0.0005320285563357174
0.04360675811767578
-0.006446358282119036
0.016267670318484306
-0.02018444612622261
-0.013708711601793766
0.004262756556272507
0.00431824428960681
-0.022808684036135674
0.0329270176589489
0.017037969082593918
0.015445147641003132
-0.007122002076357603
-0.009602625854313374
-0.01642434112727642
-0.01615016721189022
0.02180337905883789
-0.0077421581372618675
-0.0050526391714811325
0.00163362140301615
-0.0005899641546420753
0.017860492691397667
-0.011900466866791248
0.013682599179446697
-0.014870687387883663
-0.005708699114620686
0.023343976587057114
0.02182949148118496
0.007161169778555632
0.0005956761306151748
-0.0022766252513974905
0.005924121476709843
0.020680570974946022
-0.023095915094017982
0.01212241780012846
0.024923741817474365
0.03587765619158745
0.03548597916960716
-0.00834925752133131
0.03162142634391785
-0.0009302339749410748
0.022482287138700485
0.02024972438812256
0.00259649520739913
-0.01938803493976593
0.0068151880986988544
0.00820564292371273
0.027626316994428635
0.010235837660729885
-0.02103308029472828
-0.013179946690797806
-0.006893523503094912
0.008669127710163593
-0.013160362839698792
-0.021463925018906593
0.005790298338979483
-0.021868659183382988
0.016554901376366615
0.03412816300988197
0.018500233069062233
0.01373482309281826
0.01671157218515873
0.03538152948021889
-0.003995110280811787
0.016254615038633347
-0.0006071000825613737
-0.014648737385869026
-0.010327229276299477
-0.028096329420804977
-0.008499400690197945
-0.01779521256685257
0.016476565971970558
-0.0026911506429314613
-0.012474927119910717
0.01267076563090086
0.00753326341509819
0.010640570893883705
0.030237499624490738
-0.01885274238884449
0.0007735629915259778
0.0033210983965545893
-0.023108970373868942
-0.014048164710402489
0.0025524315424263477
0.031151413917541504
-0.006286423187702894
-0.005424732808023691
0.007859661243855953
-0.004439011216163635
-0.026229334995150566
0.00706325052306056
-0.011802547611296177
0.0021884979214519262
0.01079071406275034
0.0003435337857808918
-0.014113444834947586
-0.002965324791148305
0.01412650104612112
0.004334563855081797
-0.004882912617176771
0.00573154678568244
0.00252795172855258
-0.002630766946822405
-0.01643739826977253
-0.0062603116966784
0.05410371348261833
0.021960049867630005
-0.03559042513370514
0.0022178736981004477
-0.005228894297033548
-0.034049827605485916
0.010993081144988537
-0.03235255926847458
-0.005904537625610828
0.002157490001991391
0.017037969082593918
0.007618126925081015
0.027835212647914886
0.012004914693534374
0.020093053579330444
0.009563458152115345
-0.00994860753417015
0.003978790249675512
0.0053888289257884026
0.01746881566941738
0.029819710180163383
0.0015895577380433679
0.0038188553880900145
0.022965354844927788
-0.02018444612622261
0.0028804612811654806
-0.02671240270137787
-0.039507199078798294
0.019531650468707085
0.0023337448947131634
-0.002474095905199647
0.017168529331684113
0.0013569992734119296
-0.0033847461454570293
0.012892716564238071
-0.0014459426747635007
0.00042676524026319385
-0.004328036215156317
0.027130192145705223
0.0142701156437397
0.014988191425800323
0.002939213067293167
0.006514901760965586
0.019766656681895256
0.03796660155057907
0.007813965901732445
0.03420649841427803
0.044337887316942215
-0.012631597928702831
-0.019858047366142273
-0.006247255485504866
0.01560181938111782
0.029976382851600647
-0.007291728630661964
-0.02689518593251705
0.011685044504702091
-0.0017103248974308372
0.041857264935970306
-0.0013382313773036003
0.02424483560025692
0.021620595827698708
0.0323786698281765
0.010816825553774834
-0.0005577324191108346
0.011920050717890263
-0.024166500195860863
0.009334979578852654
0.0059143295511603355
0.007213393226265907
-0.02287396416068077
0.011084471829235554
0.020328059792518616
-0.005986137315630913
0.003962470218539238
0.01669851504266262
-0.01780826970934868
-0.00505590345710516
0.011756852269172668
-0.010164029896259308
-0.019727488979697227
0.0009702177485451102
-0.013036332093179226
0.025524314492940903
-0.013787047006189823
0.02425789088010788
0.005545500200241804
0.00659650145098567
-0.020132221281528473
-0.03120363876223564
0.024675680324435234
0.011482677422463894
-0.05493929237127304
-0.01833050511777401
0.010483900085091591
0.003020812524482608
0.03629544377326965
0.014061220921576023
-0.011077944189310074
-2.0144869267824106e-05
0.003903718665242195
-0.0025850713718682528
-0.021476980298757553
0.00753979105502367
-0.024297058582305908
-0.014622624963521957
0.017638541758060455
0.004096293356269598
-0.015680154785513878
0.006191767752170563
0.0021444340236485004
-0.026059607043862343
-0.018265224993228912
0.0011342326179146767
-0.0019322754815220833
-0.01835661754012108
0.026268502697348595
-0.02043250761926174
-0.008669127710163593
0.00620155967772007
-0.022991467267274857
-3.3583281037863344e-05
-0.013486760668456554
-0.010692794807255268
0.016293782740831375
-0.0016532052541151643
0.00025030638789758086
-0.010053055360913277
-0.005215838085860014
-0.017037969082593918
-0.0309425201267004
0.023317866027355194
0.009080389514565468
0.0018947396893054247
-0.008421065285801888
0.0008090587798506021
0.00126560777425766
0.004406371619552374
0.03747047856450081
0.031046967953443527
-0.0033847461454570293
-0.006521429866552353
-0.01775604486465454
0.01590210571885109
-0.002549167489632964
-0.024388451129198074
0.023526759818196297
0.004749089479446411
-0.03995110094547272
-0.02129419893026352
0.00941331498324871
-0.004194213077425957
0.05384259670972824
-0.01998860575258732
-0.030916407704353333
-0.017599374055862427
-0.015954328700900078
-0.014257059432566166
0.017416590824723244
0.0003198699268978089
-0.01105183269828558
-0.009569985792040825
-0.001800084370188415
0.013669543899595737
-2.6953324777423404e-05
0.025667930021882057
-0.035198748111724854
-0.02237783931195736
-0.021437812596559525
-0.0040505980141460896
0.021085303276777267
-0.008329673670232296
-0.002616079058498144
-0.003254187060520053
0.00928275566548109
-0.016868242993950844
-0.022704236209392548
-0.015523483976721764
-0.007598542608320713
0.003906982950866222
0.016594069078564644
0.017429647967219353
0.005552028305828571
-0.022586733102798462
-0.008166475221514702
-0.012768685817718506
-0.00981804821640253
0.0035512091126292944
-0.028070218861103058
-0.0309425201267004
0.0028233416378498077
0.01698574610054493
0.006906579248607159
0.018252169713377953
-0.007970636710524559
-0.007546319160610437
0.02564181759953499
-0.012089777737855911
-0.022168943658471107
-0.005467164795845747
-0.013232170604169369
-0.010699322447180748
0.008858438581228256
-0.0045108189806342125
0.009667905047535896
-0.044311776757240295
-0.008048972114920616
0.021764211356639862
-0.0015242781955748796
0.002271729288622737
0.03154309093952179
0.03668712079524994
-0.02314813807606697
0.002279889304190874
0.008838854730129242
0.027547981590032578
0.031099190935492516
0.006051416974514723
-0.04008166119456291
0.012207280844449997
0.04358064755797386
-0.017586318776011467
-0.0003525097272358835
-0.009641793556511402
0.006873939651995897
-0.02476707100868225
0.028905797749757767
-0.022195056080818176
-0.01938803493976593
0.02744353376328945
-0.016646292060613632
-0.022678125649690628
-0.017312144860625267
0.017142416909337044
0.0032802987843751907
0.009785409085452557
0.009602625854313374
0.022012272849678993
0.0196883212774992
-0.024675680324435234
0.011763379909098148
0.031360309571027756
-0.0377315953373909
0.039768319576978683
0.0073570082895457745
0.04723630100488663
0.027156304568052292
0.007905356585979462
-0.030524730682373047
-0.008825798518955708
0.011045304127037525
0.014922911301255226
0.03073362447321415
-0.004886176437139511
0.013773990795016289
-0.03070751391351223
0.012612014077603817
0.010235837660729885
-0.0008796423207968473
-0.010392508469522
-0.0154712600633502
0.008512456901371479
0.007546319160610437
-0.0011840083170682192
-0.00279722991399467
-0.01672462746500969
0.0174949262291193
0.00746798375621438
0.003033868269994855
-0.01506652683019638
-0.012220337055623531
-0.008623432368040085
0.05436483398079872
-0.022586733102798462
0.013382313773036003
0.01534070074558258
0.0002678502642083913
-0.012004914693534374
0.005493276286870241
-0.0204455628991127
-0.029245249927043915
0.01021625380963087
0.0015675259055569768
-0.012200753204524517
0.015745434910058975
-0.0035871127620339394
-0.028749125078320503
0.011541428975760937
-0.014740129001438618
-0.004540194757282734
0.022051440551877022
0.015758490189909935
0.005702171009033918
0.025720153003931046
0.0015348860761150718
-0.0068282438442111015
-0.0010020415065810084
8.965742017608136e-05
-0.03666101023554802
0.007298256736248732
0.004125669132918119
-0.02508041448891163
0.01591516099870205
-0.04371120408177376
-0.01493596751242876
0.012997163459658623
-0.02505430206656456
-0.017377423122525215
-0.009374147281050682
0.010059583000838757
-0.01801716350018978
-0.03013305366039276
0.00025663033011369407
0.0040505980141460896
0.011926579289138317
0.016202392056584358
0.004363939631730318
-0.0021297461353242397
0.03310980275273323
-0.045121245086193085
-0.0035642648581415415
-0.003544681007042527
-0.010092223063111305
-0.005287645850330591
0.023330921307206154
-0.010686267167329788
-0.013669543899595737
0.02720852755010128
-0.01466179359704256
-0.013160362839698792
-0.004967775661498308
0.01467484887689352
0.0027809101156890392
-0.014687905088067055
0.004141989164054394
0.017351312562823296
-0.009556930512189865
-0.005790298338979483
0.00998777523636818
-0.004944927990436554
0.0005259086028672755
-0.009393731132149696
-0.025942103937268257
0.0036882960703223944
-0.014609569683670998
0.02397066168487072
-0.010137918405234814
0.01521014142781496
0.004501027055084705
-0.014022053219377995
0.009250116534531116
0.003923302516341209
0.03616488724946976
-0.02859245426952839
0.0019143236568197608
-0.01997555047273636
-0.007787853479385376
-0.015588763169944286
-0.008969414047896862
-0.02290007658302784
-0.010973497293889523
-0.01551042776554823
-0.01565404236316681
0.002036722842603922
0.012357424013316631
-0.012781741097569466
0.0012811117339879274
-0.018787462264299393
-0.03470262512564659
-0.011273782700300217
-0.002226033713668585
-0.042980074882507324
0.044076770544052124
0.013160362839698792
-0.013284393586218357
-0.011789491400122643
-0.015836825594305992
-0.04397232457995415
-0.002774382010102272
0.0017935563810169697
0.02132030948996544
-0.004233380779623985
0.01564098708331585
0.0042594922706484795
0.0323786698281765
-0.006273367442190647
0.007650766521692276
-0.014740129001438618
-0.02744353376328945
-0.031647540628910065
-0.005176670383661985
-0.00915219634771347
-0.015419036149978638
-0.026203222572803497
-0.017651597037911415
0.029715264216065407
-0.019818879663944244
0.006789076142013073
0.004798049107193947
-0.00941331498324871
-0.019609985873103142
0.008512456901371479
0.001206856220960617
0.018395785242319107
0.007043666206300259
0.0034075940493494272
-0.03600821644067764
-0.003658920293673873
0.021176695823669434
-0.0036426004953682423
-0.02314813807606697
0.005114655010402203
0.031151413917541504
-0.01075807400047779
-0.005669531412422657
-0.006149336230009794
0.016045719385147095
-0.0019208515295758843
-0.0005116286920383573
-0.009622209705412388
-0.00873440783470869
0.014439842663705349
0.03391926735639572
0.000861690437886864
0.003747047856450081
0.020667513832449913
0.0034206497948616743
-0.02100696787238121
-0.015823770314455032
0.002696046605706215
-0.008564680814743042
-0.0059698172844946384
0.002966956701129675
-0.02286090888082981
-0.016293782740831375
-0.03530319407582283
-0.010745018720626831
0.020275836810469627
-0.02856634370982647
-0.0037372559309005737
0.0132060581818223
-0.0015373340575024486
0.016515733674168587
0.003108939854428172
-0.010980024933815002
-0.029689151793718338
-0.025485146790742874
0.010431676171720028
-0.01831744983792305
-0.005033055320382118
0.0015226461691781878
-0.0038188553880900145
0.005715227220207453
0.0008878022781573236
-0.0008110987255349755
-0.026320725679397583
0.0318303219974041
0.19134749472141266
-0.014518178068101406
0.008055499754846096
0.021150583401322365
0.0004545090487226844
-0.010816825553774834
0.038932740688323975
0.0035055133048444986
0.018434952944517136
0.011561012826859951
0.007239505182951689
-0.019192196428775787
-0.02159448340535164
0.008225226774811745
-0.008767046965658665
-0.013408425264060497
-0.047001294791698456
-0.016241559758782387
0.026346838101744652
0.011045304127037525
0.03762714937329292
-0.011071416549384594
-0.0022423535119742155
-0.013656487688422203
0.03391926735639572
0.0005614043911918998
-0.009765825234353542
0.0250412467867136
0.034885406494140625
0.013245225884020329
-0.024453729391098022
0.023095915094017982
0.0046609616838395596
0.010993081144988537
0.0036556562408804893
0.005026527680456638
0.024427618831396103
0.0102554215118289
0.02233867160975933
-0.0006462678429670632
0.03068140149116516
-0.016110999509692192
0.0072852009907364845
-0.0290885791182518
0.003903718665242195
0.042718954384326935
-0.011750323697924614
-0.021215863525867462
0.022495342418551445
-0.00930886808782816
-0.015001246705651283
0.03982054069638252
0.01266423799097538
0.023565927520394325
-0.00333415437489748
0.025393756106495857
0.0035512091126292944
-0.00646920595318079
0.032744236290454865
-0.0027955980040133
0.004869856406003237
0.02451900951564312
-0.004334563855081797
0.001027337391860783
-0.013369257561862469
-0.0010534492321312428
-0.03451984003186226
-0.014883743599057198
-0.013943717814981937
-1.2208046427986119e-05
0.004044069908559322
-0.019831934943795204
-0.015379868447780609
-0.012709933333098888
-0.007259089034050703
-0.020301949232816696
0.027077969163656235
0.014962079003453255
0.009752769023180008
0.03561653941869736
-0.01467484887689352
0.015392924658954144
-0.023879269137978554
-0.005904537625610828
0.010105278342962265
-0.015001246705651283
0.043737318366765976
0.0028233416378498077
-0.0026944144628942013
-0.025654874742031097
-0.001095880870707333
0.03574709594249725
-0.008577736094594002
-0.035929881036281586
0.004869856406003237
0.01588904857635498
0.015366812236607075
0.021711988374590874
-0.010281533934175968
-0.01727297715842724
-0.027835212647914886
0.035120412707328796
0.01565404236316681
0.00968748889863491
-0.017677709460258484
0.00027703019441105425
-0.016476565971970558
-0.0022554094903171062
-0.011698100715875626
-0.02987193502485752
-0.010594875551760197
-0.021620595827698708
0.0018408840987831354
-0.023357033729553223
-0.009804992936551571
0.016567956656217575
-0.009569985792040825
-0.020275836810469627
0.003498985432088375
0.01012486219406128
-0.0043933154083788395
-0.007840077392756939
-0.02562876231968403
0.017847437411546707
-0.005826202221214771
-0.0285402312874794
-0.037601035088300705
0.01916608400642872
-0.016659347340464592
-0.015027359127998352
0.010320701636373997
-0.02718241699039936
0.02424483560025692
-0.011652404442429543
-0.011234614998102188
0.008486345410346985
0.007859661243855953
0.0071676974184811115
0.01239659171551466
0.016868242993950844
0.014753184281289577
0.008629960007965565
-0.003433705773204565
0.00793799664825201
0.01400899700820446
-0.011567541398108006
-0.005640155635774136
0.0026519829407334328
-0.027051856741309166
-0.020536955446004868
0.004706657491624355
-0.03070751391351223
-0.002337008947506547
-0.004298659972846508
0.00904122181236744
0.0223647840321064
-0.03467651084065437
-0.0071676974184811115
0.01267076563090086
-0.011756852269172668
-0.045643482357263565
-0.006593237165361643
0.022508397698402405
-0.008179531432688236
-0.003756839781999588
0.012853548862040043
-0.16262447834014893
0.000984905636869371
0.020328059792518616
0.002906573237851262
-1.7174139429698698e-05
-0.017899660393595695
0.03042028285562992
0.019335810095071793
-0.010679738596081734
-0.005676059052348137
0.009132612496614456
0.004275812301784754
-0.03269201144576073
-0.04572181776165962
-0.006276631262153387
-0.016124054789543152
-0.03399760276079178
0.009073860943317413
0.03833216801285744
0.00119869620539248
0.0014622625894844532
0.0029832767322659492
-0.030655289068818092
0.004869856406003237
0.0035381531342864037
-0.004243172705173492
-0.02479318343102932
0.004677281714975834
-0.0008788263075985014
-0.027704652398824692
0.017925772815942764
0.004886176437139511
0.011006136424839497
0.0021525940392166376
-0.027130192145705223
-0.01561487466096878
-0.015131806023418903
0.01910080388188362
-0.016124054789543152
0.01360426377505064
-0.0025850713718682528
0.024727903306484222
0.015575706958770752
0.006028568837791681
0.03180421143770218
0.0005010207532905042
0.01941414549946785
-0.00525827007368207
0.015967383980751038
-0.0027205264195799828
0.01913997158408165
0.007513679563999176
-0.018787462264299393
-0.0019632834009826183
0.008251338265836239
0.007833549752831459
0.014622624963521957
-0.013826214708387852
0.015118749812245369
-0.024675680324435234
0.0035838487092405558
-0.008669127710163593
-0.004798049107193947
0.01724686473608017
0.011743796057999134
-0.01889191009104252
-0.0024757280480116606
0.029193026944994926
-0.03551208972930908
0.017103249207139015
0.00957651436328888
-0.024975966662168503
0.0006723796250298619
-0.005600987933576107
0.001342311268672347
0.013310506008565426
-0.009321923367679119
0.033840931951999664
0.008009804412722588
-0.017586318776011467
-0.011750323697924614
0.04984748363494873
-0.0062603116966784
-0.024923741817474365
-0.00958956964313984
-0.000905754161067307
-0.0014720545150339603
0.016607124358415604
0.007232977077364922
0.021868659183382988
0.02501513436436653
-0.046452946960926056
-0.012155056931078434
-0.0020612026564776897
0.022795628756284714
0.021607540547847748
0.006123224273324013
-0.011508789844810963
0.013284393586218357
-0.010000831447541714
0.0015903736930340528
0.017677709460258484
-0.026816850528120995
-0.005545500200241804
0.01940109021961689
0.0011954322690144181
0.028984133154153824
0.002784173935651779
0.009073860943317413
0.015432092361152172
-0.045147355645895004
0.0033716901671141386
0.01883968524634838
-0.0001393310958519578
0.006178712006658316
0.029506368562579155
0.01886579766869545
-0.027156304568052292
0.007507151458412409
0.01119544729590416
0.05802048742771149
-0.0012876397231593728
-0.014909855090081692
0.006175448186695576
-0.005166878458112478
-0.046975184231996536
-0.11301200836896896
-0.04441622644662857
0.013917606323957443
0.029428033158183098
-0.0033488422632217407
0.010092223063111305
-0.00045695703011006117
0.014257059432566166
-0.02154226042330265
0.00901510939002037
-0.03196088224649429
0.0049220803193748
-0.003756839781999588
0.019335810095071793
0.005209310445934534
0.017612429335713387
-0.010718906298279762
0.004977567587047815
-0.013036332093179226
0.02129419893026352
0.008251338265836239
0.012638126499950886
-0.006456150207668543
-0.009191364981234074
-0.026869073510169983
0.016215447336435318
-0.031099190935492516
-0.0017772364662960172
0.015941273421049118
-0.002829869743436575
-0.00985721591860056
-0.0167376846075058
-0.006984914653003216
-0.012566318735480309
0.023343976587057114
-0.008094667457044125
-0.025994326919317245
-0.017312144860625267
0.0264121163636446
0.0030110205989331007
0.008577736094594002
0.004220324568450451
0.013310506008565426
-0.039689984172582626
0.012677294202148914
-0.013088555075228214
-0.02582460083067417
0.005480220541357994
-0.012017969973385334
-0.03263979032635689
-0.006243991665542126
-0.018526343628764153
-0.03021138906478882
-0.006028568837791681
-0.0074222879484295845
-0.011691572144627571
-0.0016646292060613632
0.004866592586040497
-0.016515733674168587
-0.026790738105773926
0.0058294665068387985
0.009935551322996616
-0.02290007658302784
0.029741374775767326
0.02502818964421749
-0.003378218039870262
-0.016581011936068535
-0.012174640782177448
0.030054718255996704
-0.011443509720265865
0.00904774945229292
0.019858047366142273
-0.010679738596081734
-0.012794797308743
-0.015131806023418903
0.011691572144627571
-0.01347370445728302
-0.011162808164954185
0.002818445675075054
-0.015262365341186523
-0.013695655390620232
-0.013140778988599777
-0.008192586712539196
-0.028096329420804977
0.0202366691082716
0.02667323499917984
0.0083688423037529
0.009158724918961525
-0.0003610776620917022
-0.027339087799191475
0.012448815628886223
0.017703821882605553
-0.008140363730490208
-0.006221143528819084
-0.0032035952899605036
0.005147294607013464
0.00888455007225275
-0.011913523077964783
-0.019727488979697227
0.02181643433868885
-0.03966386988759041
-0.006377814803272486
-0.05875162035226822
0.017664654180407524
0.0005104047013446689
-0.015184029936790466
-0.013042859733104706
-0.013232170604169369
0.008062027394771576
-0.017403535544872284
0.004282340407371521
0.007435343693941832
-0.0020938424859195948
0.008982470259070396
-0.015144862234592438
0.0043933154083788395
-0.009902912192046642
-0.019231364130973816
0.031673651188611984
-0.005209310445934534
-0.00010750730143627152
0.004298659972846508
-0.00958304200321436
-0.02723463997244835
0.02155531570315361
0.019805824384093285
0.005277853924781084
0.011312950402498245
-0.020393339917063713
-0.007311312481760979
-0.02340925671160221
-0.007918412797152996
0.015405979938805103
-0.025419866666197777
-0.00579356262460351
0.005219102371484041
-0.030028605833649635
-0.010190142318606377
0.0051179188303649426
0.02073279395699501
0.018213002011179924
0.057759370654821396
0.010105278342962265
-0.013669543899595737
0.024310113862156868
-0.030655289068818092
-0.0199624951928854
0.004200740717351437
0.002124850172549486
-0.010973497293889523
0.011639348231256008
-0.015131806023418903
0.013486760668456554
0.007702989969402552
-0.007128529716283083
-0.011365174315869808
-0.008845382370054722
0.007716046180576086
0.008434121496975422
0.0009751137113198638
0.009119557216763496
-0.015706267207860947
0.053242024034261703
-0.004288868047297001
0.00045246907393448055
-0.0077421581372618675
0.00012270521256141365
0.0036034327931702137
-0.020576123148202896
-0.003273770911619067
-0.028514118865132332
-0.020680570974946022
0.007729101926088333
0.0035610010381788015
0.013317033648490906
0.01641128584742546
0.030498618260025978
-0.006475734058767557
-0.0030697721522301435
0.007448399905115366
-0.016058776527643204
0.026216277852654457
0.017586318776011467
0.02232561632990837
-0.046479057520627975
0.04219672083854675
0.022312559187412262
-0.011880883015692234
-0.01886579766869545
0.017051026225090027
-0.018160779029130936
0.004729505628347397
-0.014479010365903378
0.011782963760197163
-0.031151413917541504
0.017168529331684113
0.011371702887117863
0.015588763169944286
0.008688711561262608
-0.008264394477009773
0.03527708351612091
0.02932358719408512
0.02232561632990837
0.0004936768091283739
0.00861037615686655
-0.017351312562823296
-0.028200777247548103
0.0034173859748989344
-0.02557653933763504
-0.043554533272981644
-0.004262756556272507
0.00019930671260226518
-0.016515733674168587
-0.0142701156437397
0.021725043654441833
0.006550805643200874
-0.023905381560325623
-0.008277450688183308
-0.008949830196797848
-0.01038598082959652
-0.027156304568052292
0.01386538241058588
-0.0027694860473275185
0.027600204572081566
0.02694740891456604
0.0022978412453085184
0.01782132498919964
-0.0030387642327696085
0.025720153003931046
-0.008460232987999916
-0.004236644599586725
0.005483484361320734
-0.03590376675128937
-0.008225226774811745
-0.024140387773513794
-0.022195056080818176
-0.011737268418073654
-0.02100696787238121
0.010627515614032745
0.0034304417204111814
-0.012912300415337086
0.09066027402877808
-0.010072639212012291
-0.02992415800690651
-0.0020987384486943483
0.001275399699807167
0.004125669132918119
-0.007095890119671822
-0.005003679543733597
-0.017142416909337044
-0.0007225633016787469
0.026020439341664314
0.0016760531580075622
0.00693269120529294
-0.039219971746206284
0.009256644174456596
0.01359120849519968
-0.024310113862156868
0.028409672901034355
-0.030655289068818092
0.01998860575258732
0.04284951463341713
-0.015092638321220875
0.01413955632597208
0.00639413483440876
-0.005917593836784363
-0.00479478482156992
0.04172670468688011
-0.010777657851576805
0.00044022913789376616
-0.019805824384093285
-0.004102821461856365
0.0016083256341516972
-0.034023717045784
-0.03342314437031746
0.007840077392756939
-0.015497371554374695
0.00994860753417015
-0.023879269137978554
0.006547541823238134
0.00958956964313984
-0.006142808124423027
0.013317033648490906
-0.020693626254796982
-0.03344925493001938
-0.035668760538101196
0.002906573237851262
0.003255818970501423
0.005411677062511444
-0.01886579766869545
