-0.005367075093090534
-0.03328821808099747
-0.002412095433101058
-0.020831143483519554
-0.035498764365911484
0.019816892221570015
-0.032742083072662354
-0.003861953504383564
-0.005318312905728817
-0.018321523442864418
0.011130748316645622
0.0002854611084330827
0.0061895279213786125
0.01578589715063572
0.004343072418123484
0.009888941422104836
0.03656502813100815
0.0007692211656831205
-0.006638139020651579
0.018100468441843987
-0.0036246448289602995
0.0014222260797396302
0.01344531960785389
-0.022846641018986702
-0.029205210506916046
0.008575617335736752
0.01023352611809969
-0.02161133475601673
-0.00221704738214612
0.005331316031515598
0.0243420097976923
0.005168776027858257
0.003423095215111971
-0.002568134106695652
0.006595878396183252
-0.014940688386559486
0.0180224496871233
0.022248493507504463
0.018698615953326225
0.018763631582260132
0.023808877915143967
0.0027322995010763407
0.007782421540468931
-0.0008322054636664689
0.005571875721216202
0.028919139876961708
-0.019686860963702202
-0.022989675402641296
-0.03614892438054085
0.037059150636196136
0.00498998211696744
0.03344425559043884
-0.0028899635653942823
0.008634131401777267
-0.011800413019955158
-0.002324323868378997
-0.02088315598666668
0.02232651226222515
0.019842898473143578
0.0047689275816082954
0.008478092961013317
0.006534113083034754
-0.025447282940149307
-0.00642033526673913
0.01344531960785389
0.032143935561180115
-0.011845924891531467
-0.003959477413445711
-0.005097258370369673
0.01391343493014574
0.03141575679183006
0.01482365932315588
-0.006631637457758188
-0.018789639696478844
0.021130217239260674
-0.002312946133315563
-0.019998937845230103
-0.038671545684337616
-0.007613379508256912
0.005129766650497913
-0.012957698665559292
-0.028997158631682396
-0.03711116313934326
0.01700819842517376
0.007392324972897768
0.005724663380533457
0.012587107717990875
0.02331475540995598
-0.010415571741759777
-0.013029216788709164
-0.036226943135261536
0.02894514612853527
0.005396332126110792
0.017398295924067497
-0.020245999097824097
0.006261045578867197
-0.011156754568219185
0.006937212776392698
-0.021845392882823944
-0.03614892438054085
-0.01186542958021164
0.01793142780661583
-0.04410688951611519
-0.005136268213391304
-0.03565480187535286
-0.009589867666363716
-0.010331050492823124
0.007314305752515793
0.036539021879434586
-0.030687576159834862
-0.018919670954346657
0.031103678047657013
-0.026032427325844765
-0.0073013026267290115
0.012379055842757225
-0.03952975943684578
0.011039725504815578
-0.025226227939128876
-0.0015116231516003609
-0.025213224813342094
0.019842898473143578
-0.0014279150636866689
0.018802642822265625
-0.0007525607943534851
0.015421807765960693
0.012040972709655762
-0.024224979802966118
-0.015018708072602749
-0.022482549771666527
-0.014303531497716904
-0.0012873178347945213
-0.001908221049234271
-0.018308520317077637
-0.0036701560020446777
-0.015395800583064556
0.012957698665559292
0.0016741632716730237
0.005204535089433193
-0.03175383806228638
-0.02161133475601673
0.018919670954346657
0.018620597198605537
-0.001113399863243103
-0.01156635582447052
-0.011637873016297817
0.015096726827323437
0.035810839384794235
0.013191756792366505
0.025928400456905365
-0.0006582874921150506
0.009310298599302769
-0.03768330439925194
0.015239762142300606
-0.013315287418663502
0.00810100045055151
0.009297295473515987
0.00743783637881279
0.011384310200810432
-0.0033645806834101677
0.017671363428235054
0.0023210730869323015
-0.016735130921006203
-0.0012125493958592415
0.030531536787748337
0.002886712783947587
0.011000716127455235
0.013965447433292866
0.012548098340630531
0.006937212776392698
0.010935699567198753
0.01105272863060236
0.029309235513210297
-0.05297507718205452
0.031857866793870926
0.019582834094762802
0.02821696549654007
-0.01024652924388647
0.015863915905356407
-0.0064918529242277145
-0.017086219042539597
-0.002600642153993249
0.009251784533262253
0.02079213410615921
0.01313974428921938
-0.019309766590595245
0.0020593833178281784
0.006924209650605917
0.008959212340414524
-0.0004794933774974197
0.008439083583652973
0.01105923019349575
0.015096726827323437
0.007197276689112186
0.01452458556741476
-0.6366371512413025
0.007444337941706181
-0.007970968261361122
-0.020662100985646248
0.010766658000648022
0.017164237797260284
0.019192738458514214
0.005672650411725044
-0.002821696689352393
-0.020259002223610878
0.007151765748858452
0.02270360477268696
0.008907198905944824
-0.02598041482269764
-0.009219275787472725
-0.02730674110352993
0.009667886421084404
-0.030245466157794
0.017294269055128098
-0.032768089324235916
-0.015590849332511425
0.01120226550847292
0.0017863160464912653
0.003304440760985017
-0.0071582673117518425
0.004476354923099279
0.018802642822265625
0.005292306654155254
0.02067510411143303
0.004443847108632326
-0.016267016530036926
0.04395085200667381
0.03047952428460121
0.025655332952737808
0.05898256227374077
0.007353315595537424
-0.034588538110256195
0.03386035934090614
0.012379055842757225
0.008374067023396492
-0.0033873363863676786
-0.025941403582692146
0.009973462671041489
0.007450839504599571
0.010727648623287678
0.00011580983846215531
0.019712867215275764
-0.011949949897825718
-0.01157285738736391
0.01412148680537939
-0.0002251180849270895
-0.0007387448567897081
-0.01232054177671671
0.0031809103675186634
0.0014571722131222486
-0.0105911148712039
-0.006872196681797504
0.014199505560100079
0.01570787839591503
0.009550858289003372
0.016371041536331177
0.004898959305137396
-0.0165270809084177
-0.02109120786190033
-0.02803492173552513
0.009667886421084404
-0.0029501032549887896
-0.009713398292660713
0.01985590159893036
-0.036304961889982224
-0.013497332111001015
0.020623091608285904
0.01863360032439232
-0.010584613308310509
0.017281265929341316
0.010864182375371456
0.03211792930960655
0.0036929117050021887
-0.016553087159991264
0.010948702692985535
0.0009411073406226933
-0.028399011120200157
-0.025915397331118584
0.028503036126494408
0.020337020978331566
-0.03058355115354061
-0.00661863386631012
-0.027228722348809242
0.003627895610406995
0.01014250423759222
0.0053605735301971436
-0.00327193271368742
0.004004988819360733
-0.022365521639585495
0.0017359285848215222
0.0324300080537796
-0.0028932143468409777
-0.002555130748078227
0.013269776478409767
-0.00519478227943182
-0.012853673659265041
-0.011832921765744686
0.020337020978331566
-0.003894461551681161
0.035836849361658096
-0.008022980764508247
0.002948477864265442
0.011936946772038937
0.043560754507780075
-0.012535094283521175
-0.014355544000864029
0.00836106389760971
-0.0009565486689098179
-0.006322810892015696
0.00319716427475214
-0.040205925703048706
0.009076240472495556
0.006878698244690895
0.013165750540792942
-0.030141441151499748
-0.007028235122561455
-0.00504524540156126
0.025629326701164246
-0.0029679827857762575
-0.010968208312988281
0.029933389276266098
0.005825438071042299
-0.016683118417859077
-0.01976487971842289
-0.009037231095135212
-0.0020675105042755604
-0.025226227939128876
0.007450839504599571
0.011988960206508636
0.012743146158754826
0.008965713903307915
0.015850912779569626
-0.006573122926056385
0.0071387626230716705
-0.019179735332727432
0.000702579680364579
-0.026461532339453697
0.013523338362574577
-0.006082251667976379
-0.045797307044267654
-0.027150703594088554
-0.005734415724873543
0.011195763945579529
-0.019686860963702202
0.001722925342619419
-0.009407822974026203
-0.005828688852488995
-0.026331501081585884
0.019634846597909927
0.018906667828559875
-0.020206987857818604
-0.011839423328638077
-0.025317249819636345
-0.03170182555913925
-0.01639704778790474
0.0025713848881423473
-0.000286476977635175
-0.015668869018554688
0.007886447012424469
-0.011644374579191208
0.00963537860661745
0.02293766289949417
0.004099261946976185
-0.008907198905944824
-0.055497702211141586
-0.004066754132509232
0.01721625030040741
-0.0001308447972405702
0.012899184599518776
0.018373535946011543
-0.009440330788493156
0.0034718571696430445
0.010929198004305363
-0.011221770197153091
9.720661182655022e-06
-0.0034491014666855335
-0.006729161366820335
-0.01915372908115387
0.006443090736865997
0.009771912358701229
0.015148740261793137
0.008991720154881477
0.01390043180435896
0.01587691903114319
-0.0016871665138751268
-0.022131463512778282
0.029101185500621796
-0.002706293249502778
0.01181991770863533
-0.0031256466172635555
0.01105272863060236
-0.006963219027966261
0.008757662028074265
0.0059034572914242744
0.022677598521113396
0.0031077673193067312
0.002675410592928529
0.024407025426626205
-0.006127762608230114
0.014797653071582317
-0.01842554844915867
0.004671403206884861
-0.0042585511691868305
0.0306615699082613
0.02526523731648922
0.01344531960785389
-0.001982989488169551
0.008328556083142757
-0.007866942323744297
-0.005155772902071476
0.017294269055128098
-0.00759387481957674
0.015304778702557087
-0.010116497986018658
0.010103493928909302
-0.008426080457866192
-0.011117745190858841
0.018477560952305794
-0.00866013765335083
0.004986731335520744
0.016149986535310745
0.015044714324176311
-0.001557134441100061
0.025720350444316864
-0.006755167618393898
0.02048005536198616
0.025200221687555313
-0.012398560531437397
0.029517287388443947
0.01733327843248844
0.0320139043033123
0.02362683229148388
-0.010396067053079605
0.03232597932219505
0.005107010714709759
0.02301568165421486
0.031623806804418564
-0.003465355606749654
0.006065997760742903
0.013113737106323242
0.003627895610406995
0.009160761721432209
0.008068491704761982
-0.02793089486658573
0.015291775576770306
-0.01629302278161049
0.020324017852544785
-0.02271660789847374
-0.014589602127671242
0.0066446405835449696
-0.02170235849916935
0.00804898701608181
0.013367299921810627
0.013159248977899551
0.026318497955799103
0.0038261946756392717
0.03149377554655075
-0.018529575318098068
0.015304778702557087
-0.011592362076044083
0.008731655776500702
0.0009931201348081231
-0.030427511781454086
-0.012756149284541607
-0.016254013404250145
0.014355544000864029
-0.015499826520681381
-0.014394553378224373
0.009128253906965256
-0.0077434116974473
0.001978113315999508
0.018711619079113007
-0.006140766199678183
-0.0014913056511431932
-0.0038001881912350655
-0.033080168068408966
-0.018724622204899788
0.010018973611295223
0.023457791656255722
0.018997689709067345
0.0012791907647624612
-0.0030622559133917093
-0.0011832921300083399
-0.029725339263677597
0.0031841611489653587
-0.014381550252437592
0.0003976137959398329
0.009401321411132812
0.012665126472711563
0.011735397391021252
-0.015161743387579918
0.035316720604896545
-0.015629859641194344
0.0012019842397421598
-0.0005883952835574746
-1.563178921060171e-05
-0.014615608379244804
-0.02670859359204769
-0.01587691903114319
0.03471857309341431
0.02170235849916935
-0.026461532339453697
0.02119523286819458
8.284467185148969e-05
-0.029673326760530472
0.01682615466415882
-0.020141972228884697
0.0029127190355211496
0.006820183712989092
0.0007501227082684636
0.00992795079946518
0.012340046465396881
0.015148740261793137
0.007229784969240427
0.005565374158322811
-0.005555621813982725
0.03328821808099747
-0.011390811763703823
0.022352518513798714
0.03544675186276436
-0.00880967453122139
-0.028919139876961708
0.020245999097824097
-0.008309051394462585
0.0013482703361660242
-0.02293766289949417
-0.03659103438258171
0.004499110858887434
-0.00027225472149439156
0.040283944457769394
-0.008744658902287483
0.006634888239204884
-0.021260248497128487
-0.0022202981635928154
0.007184273563325405
-0.009485841728746891
-0.0046096378937363625
0.012457075528800488
-0.006878698244690895
0.013809408992528915
-0.005211036652326584
-0.016852160915732384
0.007229784969240427
0.031597800552845
0.01599394902586937
0.050166383385658264
0.03045351803302765
0.0010735775576904416
-0.022690601646900177
0.004547872580587864
0.0003163437359035015
0.026227474212646484
-0.002334076212719083
-0.008731655776500702
-0.01934877596795559
-0.01751532405614853
0.025187218561768532
0.00491521367803216
0.017749382182955742
0.0306615699082613
0.020454049110412598
0.007450839504599571
0.003455603029578924
0.012879679910838604
-0.010064484551548958
-0.0077954246662557125
0.0025567561388015747
-0.0038977123331278563
-0.009102246724069118
0.009251784533262253
0.042650528252124786
-0.01309423241764307
0.017983440309762955
0.01995992846786976
0.018087465316057205
-0.014914682134985924
0.012275030836462975
-0.0081075020134449
-0.024602074176073074
-0.014316534623503685
-0.02904917113482952
0.027072682976722717
-0.03258604556322098
0.0024429780896753073
-0.008582118898630142
-0.00710625434294343
-0.0009955583373084664
-0.03229997307062149
0.0034165934193879366
0.000965488376095891
-0.044887080788612366
-0.03302815556526184
-0.019218744710087776
0.0052272905595600605
0.020245999097824097
-0.002735550282523036
0.007964466698467731
-0.005363824311643839
0.01639704778790474
0.005090756807476282
-0.00695021590217948
0.0038684550672769547
-0.025967411696910858
-0.020193984732031822
0.017164237797260284
-0.012652123346924782
-0.004827441647648811
-0.012561101466417313
-0.006410582456737757
-0.024172967299818993
-0.01426452212035656
0.017099222168326378
-0.0027339248917996883
-0.013113737106323242
0.02354881353676319
-0.004466602578759193
0.00052216014591977
0.01906270533800125
-0.0031890373211354017
0.0008736532181501389
-0.017151234671473503
-0.00968089047819376
-0.0001851941633503884
-0.004323567263782024
0.014992701821029186
-0.011832921765744686
0.011930445209145546
-0.034198444336652756
-0.015122733078897
0.028815114870667458
0.003969229757785797
0.002841201378032565
-0.008218028582632542
0.00033523901947773993
0.0024738607462495565
0.010662632063031197
0.03924368694424629
0.014225511811673641
0.004395084921270609
-0.014030463993549347
-0.028607062995433807
0.004245548043400049
0.0028200712986290455
-0.023275746032595634
-0.001750557217746973
0.004827441647648811
-0.01007748767733574
-0.014498579315841198
0.018607594072818756
0.0020870151929557323
0.031103678047657013
-0.011598863638937473
-0.02915319800376892
-0.033366236835718155
-0.019686860963702202
-0.016839157789945602
0.004801435396075249
-0.007002228870987892
-0.015122733078897
0.0026315245777368546
0.005835190415382385
0.0022755616810172796
-0.018880661576986313
0.04098611697554588
-0.031623806804418564
-0.015499826520681381
-0.008543109521269798
-0.027956902980804443
0.030609557405114174
0.009180266410112381
0.008296048268675804
-0.00014913057384546846
-0.00568240275606513
-0.009076240472495556
-0.027384761720895767
-0.007249289657920599
-0.018802642822265625
0.0031077673193067312
0.003533622482791543
0.002319447696208954
-0.019114719703793526
-8.436848293058574e-05
-0.013679376803338528
-0.0016384044429287314
-0.016748134046792984
-0.002961481222882867
-0.025291243568062782
-0.033470261842012405
0.018100468441843987
0.009206272661685944
0.02566833794116974
0.014914682134985924
-0.006560119800269604
-0.004245548043400049
0.03146776929497719
-0.03568080812692642
-0.022807631641626358
-0.011982458643615246
-0.017554333433508873
-0.01059761643409729
0.008738157339394093
-0.017866410315036774
0.004967226181179285
-0.04015391319990158
0.009596369229257107
0.02975134551525116
0.002041504019871354
0.003307691542431712
-0.010168510489165783
0.041532251983881
-0.02059708535671234
0.009960458613932133
0.022391527891159058
0.014927685260772705
-6.369541370077059e-05
-0.011403815820813179
-0.03292412683367729
0.02344478853046894
0.03534272685647011
0.005571875721216202
-0.02608443982899189
-0.009713398292660713
0.005188280716538429
-0.0324300080537796
0.016644109040498734
0.0022934412118047476
0.0045608761720359325
0.01421250868588686
-0.008725154213607311
-0.0056336410343647
-0.023587822914123535
0.02668258734047413
0.0001795052521629259
0.02250855788588524
0.004138271789997816
0.016631105914711952
0.024276994168758392
-0.01975187659263611
0.009433829225599766
0.00902422796934843
-0.034068409353494644
0.034796591848134995
0.007216781843453646
0.022248493507504463
0.022040441632270813
0.013926438055932522
-0.012502586469054222
-0.0037351720966398716
0.0026802867650985718
-0.01803545281291008
0.02627948857843876
0.02291165664792061
0.009518349543213844
-0.02668258734047413
0.015447814017534256
0.026448529213666916
-0.013692380860447884
-0.0016855411231517792
0.00624479167163372
0.0004920902429148555
-0.004349573981016874
-0.01916673220694065
-0.0151747465133667
-0.018724622204899788
0.02894514612853527
0.005838441196829081
0.010096992366015911
-0.018477560952305794
-0.009563861414790154
-0.019686860963702202
0.03952975943684578
0.01217750646173954
0.01308773085474968
0.012340046465396881
0.01044807955622673
-0.016579093411564827
-0.008621128275990486
6.496525747934356e-05
-0.0005103760049678385
0.0008387070847675204
0.01773637905716896
-0.0065113576129078865
0.007190775126218796
0.003611641703173518
-0.021468300372362137
0.017073215916752815
0.0003872518427670002
-0.004551123362034559
0.023275746032595634
-0.004141522571444511
-0.007860440760850906
0.01186542958021164
0.0162150040268898
-0.014680624008178711
0.012073480524122715
0.027254728600382805
-0.01986890472471714
-0.003478358732536435
0.0033418249804526567
-0.032846108078956604
0.0007216781959868968
-0.03219594806432724
-0.014238514937460423
-0.000395175680750981
-0.010649628937244415
-0.005224039778113365
-0.015122733078897
-0.0025665087159723043
-0.026318497955799103
-0.017866410315036774
0.001963484799489379
0.007418331690132618
-0.004135021008551121
0.008374067023396492
0.005653145723044872
0.010708143934607506
0.005640142597258091
-0.03893161192536354
-0.022456543520092964
0.0016514076851308346
0.002948477864265442
-0.002028500894084573
0.014654617756605148
0.011767905205488205
0.003969229757785797
0.032456014305353165
-0.024003926664590836
-0.0053800782188773155
-0.007041238248348236
0.006657643709331751
-0.005243544466793537
-0.004164278041571379
0.0060269879177212715
0.03497863560914993
0.004144773352891207
0.005445094313472509
0.012678129598498344
-0.004622641019523144
-0.001158911152742803
-0.007756414823234081
-0.04124618321657181
0.010773159563541412
-0.012340046465396881
0.0028655824717134237
-0.0030411258339881897
0.01834752969443798
-0.007710903882980347
-0.02946527488529682
-0.0026965406723320484
-0.012301037088036537
0.018100468441843987
-0.017359286546707153
0.0165270809084177
-0.013783402740955353
-0.019179735332727432
-0.025447282940149307
-0.010786162689328194
-0.019023695960640907
-0.0019846148788928986
-7.507322152378038e-05
-0.006183026358485222
-0.0026266484055668116
0.030401505529880524
0.010207519866526127
0.006105007138103247
-0.023405779153108597
-0.025096196681261063
-0.03206591680645943
0.017866410315036774
-0.011182760819792747
0.05107660964131355
0.0012182382633909583
-0.023470794782042503
0.00585794635117054
-0.02975134551525116
-0.0372932069003582
0.00248523848131299
0.014043467119336128
0.03271607682108879
0.015434810891747475
0.004011490382254124
-0.0013433941639959812
0.032039910554885864
-0.0038652042858302593
0.009180266410112381
-0.025408273562788963
-0.01339330617338419
-0.017892416566610336
-0.011780908331274986
-0.01925775408744812
-0.0015303152613341808
-0.022456543520092964
-0.010109996423125267
0.04564126953482628
-0.011176259256899357
0.01125427894294262
0.012554599903523922
-0.01915372908115387
-0.01925775408744812
0.017749382182955742
0.00819852389395237
0.009524851106107235
0.0053995829075574875
0.00593921635299921
-0.026253482326865196
-0.011403815820813179
0.014108482748270035
-0.013432316482067108
-0.015928933396935463
-0.0010134377516806126
0.033782340586185455
0.0021292755845934153
0.023249739781022072
0.010435076430439949
0.0068266852758824825
-0.016449060291051865
-9.396851237397641e-05
0.004245548043400049
-0.020818140357732773
0.010922696441411972
0.016735130921006203
0.011631371453404427
-0.021143220365047455
-0.006602379959076643
0.014290528371930122
-0.026656581088900566
-0.013191756792366505
0.005727914161980152
-0.02374386228621006
0.01784040406346321
-0.00053150620078668
-0.019530821591615677
-0.023782871663570404
-0.025512298569083214
-0.003297939198091626
0.011371307075023651
-0.002189415507018566
-0.0022885650396347046
0.025135206058621407
-0.001505934284068644
0.014628611505031586
-0.00497047696262598
0.014550592750310898
-0.031441763043403625
-0.02241753414273262
0.020232995972037315
-0.008419578894972801
-0.0038456993643194437
-0.0081075020134449
-0.01466762088239193
-0.0019326021429151297
-0.0005294744623824954
0.019790885969996452
-0.02873709425330162
0.019829895347356796
0.1984810084104538
-0.013770399615168571
-8.68573843035847e-05
0.0011385936522856355
0.0018740877276286483
0.00370591483078897
0.034068409353494644
-0.011884934268891811
-0.0032280469313263893
0.018919670954346657
0.012437570840120316
-0.01863360032439232
-0.009641880169510841
0.002181288553401828
-0.026461532339453697
0.0061797755770385265
-0.03685109689831734
-0.012014966458082199
0.020232995972037315
-0.00012251462612766773
0.035186685621738434
0.004495860077440739
-0.0080554885789752
-0.006426836829632521
0.022807631641626358
0.02046705223619938
-0.012060477398335934
0.020415039733052254
0.021156223490834236
0.01680014841258526
-0.005103759933263063
0.013627364300191402
0.009693893603980541
0.013380303047597408
0.0004953410243615508
0.012470078654587269
0.038255445659160614
-0.020714113488793373
0.005214287433773279
0.013016213662922382
0.025148209184408188
0.007197276689112186
-0.004791683051735163
-0.031129686161875725
-0.011930445209145546
0.07000928372144699
-0.014992701821029186
-0.022976672276854515
0.025434279814362526
-0.004534869454801083
-0.01630602590739727
0.026552556082606316
0.026409519836306572
-0.0003336135996505618
-0.015473820269107819
0.025759359821677208
0.007944961078464985
0.003774181706830859
0.010025475174188614
0.009719899855554104
0.003819693112745881
0.02772284485399723
-0.020024944096803665
0.028867127373814583
-0.014017460867762566
-0.0022983173839747906
-0.03539473935961723
-0.024888144806027412
0.0002781467919703573
0.000609931827057153
0.020857149735093117
-0.00825053732842207
-0.024420028552412987
0.01009049080312252
-0.014446566812694073
-0.019504815340042114
0.014225511811673641
0.028086934238672256
0.015590849332511425
0.036539021879434586
-0.01466762088239193
0.0013474576408043504
-0.019907914102077484
-0.012574104592204094
-0.01693017967045307
-0.03006342239677906
0.01906270533800125
0.0028802109882235527
-0.0009134755237028003
-0.025720350444316864
-0.012190509587526321
0.001908221049234271
0.0034491014666855335
-0.017853407189249992
0.008218028582632542
0.025122202932834625
-0.003002116223797202
0.018074462190270424
-0.0057019079104065895
0.0011548475595191121
-0.01360135804861784
0.035706814378499985
0.025733353570103645
0.01682615466415882
-0.02210545726120472
0.0007801926112733781
-0.014381550252437592
-0.018308520317077637
0.00256000692024827
-0.030037416145205498
-0.01247658021748066
-0.033990390598773956
0.006872196681797504
-0.006319560110569
-0.010740651749074459
0.009511847980320454
0.008452086709439754
-0.017684366554021835
0.022859644144773483
0.007990472950041294
-0.012151500210165977
-0.0010743902530521154
-0.0025843880139291286
0.010428574867546558
-0.010786162689328194
-0.014654617756605148
-0.03695512190461159
0.026838626712560654
-0.019621843472123146
-0.02344478853046894
0.01934877596795559
-0.01945280283689499
0.024719102308154106
0.0071777720004320145
-0.007827932946383953
0.01752832718193531
-0.002481987699866295
-0.008153012953698635
0.007756414823234081
0.008491096086800098
0.02179338037967682
-0.015512829646468163
0.023106705397367477
0.0036246448289602995
-0.0058839526027441025
-0.006787675898522139
0.024511050432920456
-0.0061992802657186985
-0.009544356726109982
0.0014661119785159826
-0.0022885650396347046
-0.04239046573638916
-0.02100018411874771
-0.004833943210542202
0.004593383986502886
0.02933524176478386
-0.027540799230337143
-0.01946580596268177
0.0035921367816627026
-0.018087465316057205
-0.034068409353494644
-0.007210280280560255
0.021936416625976562
-0.00963537860661745
-0.00012353049532976002
0.005230541341006756
-0.16248811781406403
0.007541861850768328
0.010467584244906902
-0.024628080427646637
0.020428042858839035
-0.022040441632270813
0.02884112112224102
0.009810921736061573
-0.013191756792366505
-0.008595122024416924
-0.002535626059398055
-0.004538120236247778
-0.021221239119768143
-0.030037416145205498
0.012001963332295418
0.0005010299501009285
-0.020753122866153717
-0.000989056657999754
0.05554971471428871
-0.0002740832860581577
-0.0024153462145477533
-0.007535360287874937
-0.016982192173600197
0.018165484070777893
0.01283416897058487
-0.005347570404410362
-0.04709762707352638
-0.013406310230493546
-0.011390811763703823
-0.019543824717402458
0.025629326701164246
-0.013926438055932522
0.024394022300839424
-0.005165525246411562
-0.0026445279363542795
-0.010402568615972996
-0.006498354487121105
0.016553087159991264
-0.017918424680829048
0.020219992846250534
0.00397898256778717
0.03414643183350563
0.019699864089488983
-0.00022836888092570007
0.022157469764351845
0.0044275932013988495
0.022092454135417938
-0.007236286532133818
0.004671403206884861
-0.008120505139231682
0.03279409557580948
-0.01825650781393051
0.008367565460503101
-0.004011490382254124
0.007431334815919399
0.022638589143753052
0.015278772450983524
-0.018802642822265625
0.02107820473611355
-0.028971152380108833
0.0029094682540744543
-0.007067244965583086
0.006485350895673037
-0.0017538079991936684
0.014810656197369099
-0.03219594806432724
-0.012899184599518776
0.027150703594088554
-0.04574529454112053
0.01167038083076477
0.005068001337349415
-0.002841201378032565
0.007736910134553909
-0.009862935170531273
-0.0015790773322805762
0.01568187214434147
0.0017391793662682176
0.041714299470186234
0.0010727648623287678
-0.02375686541199684
-0.024433031678199768
0.03919167444109917
-0.006703155115246773
-0.025317249819636345
-0.02495316043496132
-0.007697900291532278
0.0012458701385185122
0.018581587821245193
0.005620637442916632
-0.01024002768099308
0.007938459515571594
-0.05183079466223717
-0.008114003576338291
-0.005324814468622208
0.00024381019466090947
0.012730143032968044
0.01813947781920433
0.004898959305137396
-0.0003630740102380514
-0.004304062575101852
0.0009321676334366202
0.01784040406346321
-0.022651592269539833
0.003119145054370165
0.033470261842012405
-0.018113471567630768
0.02741076797246933
0.012548098340630531
0.02404293604195118
0.0018578337039798498
-0.02158532850444317
0.0022463046479970217
-0.0007736909901723266
0.0050745029002428055
0.005090756807476282
0.013731390237808228
-0.001562010613270104
-0.002416971605271101
0.021130217239260674
-0.020324017852544785
0.04779979959130287
0.0038326962385326624
-0.021923411637544632
0.007749913260340691
-0.016566090285778046
-0.03848950192332268
-0.11047527194023132
-0.044575005769729614
0.03170182555913925
0.028581056743860245
0.015980945900082588
0.016267016530036926
-0.0012946320930495858
0.007808427792042494
-0.016787145286798477
0.017580339685082436
-0.02414696104824543
-0.02423798479139805
0.007073746528476477
0.02140328474342823
0.007639386225491762
0.033158186823129654
-0.004846946801990271
-0.0008216403657570481
-0.0438208170235157
0.024602074176073074
0.0031256466172635555
0.016228007152676582
-0.013575351797044277
0.015941936522722244
-0.017346283420920372
0.009706896729767323
-0.03487461060285568
-0.0047136638313531876
0.024615077301859856
-0.013536341488361359
-0.011293288320302963
-0.005679151974618435
0.02720271609723568
-0.02373085916042328
0.018152480944991112
-0.002314571524038911
-0.02120823599398136
0.0006899828440509737
0.016839157789945602
-0.013003210537135601
0.015148740261793137
0.027020670473575592
0.024407025426626205
-0.029881376773118973
-0.006742164492607117
-0.024940157309174538
0.0022089204285293818
0.009862935170531273
0.009674387983977795
-0.03893161192536354
-0.02159833163022995
-0.01590292528271675
-0.05658997222781181
-0.0021731615997850895
-0.0024137208238244057
0.011800413019955158
-0.017346283420920372
-0.0018919671420007944
-0.019075710326433182
-0.04735769331455231
-0.009875938296318054
-0.0022186727728694677
-0.02578536607325077
0.0222224872559309
0.008588620461523533
-0.004151274915784597
-0.020311014726758003
-0.02730674110352993
0.0053995829075574875
0.0021374027710407972
0.006352068390697241
0.009160761721432209
0.0036506513133645058
-0.004729917738586664
-0.015499826520681381
0.023600826039910316
-0.0030525035690516233
-0.017853407189249992
0.004593383986502886
0.009589867666363716
0.0018220748752355576
-0.014433563686907291
-0.018191490322351456
-0.016384044662117958
0.017671363428235054
0.02120823599398136
0.01590292528271675
-0.007704401854425669
-0.004577130079269409
-0.029205210506916046
-0.021923411637544632
0.018178487196564674
-0.0048762038350105286
-0.02027200534939766
0.005129766650497913
0.016162989661097527
0.006101756356656551
-0.015161743387579918
-0.011247776448726654
0.026461532339453697
-0.024211976677179337
-0.017671363428235054
-0.04857999458909035
0.018724622204899788
-0.006436589173972607
-0.009193269535899162
-0.006885199807584286
0.006794177461415529
0.03594087436795235
-0.006212283857166767
-0.006456093862652779
-0.007860440760850906
-0.0180224496871233
0.004099261946976185
-0.02587638795375824
-0.015148740261793137
-0.009999468922615051
-0.027748851105570793
0.04046599194407463
-0.010792664252221584
0.0005554808885790408
0.0017570587806403637
-0.004541371017694473
-0.011046227067708969
0.02904917113482952
0.0038099405355751514
0.005776676349341869
0.00312239583581686
-0.0009272914612665772
-0.001718049170449376
-0.010220522992312908
0.0009663010714575648
0.014329537749290466
-0.017034204676747322
-0.010773159563541412
0.020636094734072685
-0.002993989270180464
-0.027358753606677055
-0.0018545829225331545
0.020857149735093117
-0.0010914569720625877
0.057110100984573364
-0.0161109771579504
-0.028060927987098694
0.036226943135261536
-0.03453652560710907
-0.029517287388443947
-0.004817689303308725
-0.009362311102449894
-0.004573879297822714
0.014836663380265236
-0.004486107733100653
0.009004723280668259
0.0157989002764225
-0.02200143225491047
-0.012125493958592415
-0.013003210537135601
-0.003297939198091626
0.004034245852380991
-0.0013840291649103165
-0.002010621363297105
-0.009615873917937279
0.035914868116378784
-0.0062057822942733765
0.006602379959076643
0.006176524795591831
-0.0015595725271850824
0.006989225745201111
-0.013861422426998615
0.0008931580232456326
-0.008276543579995632
-0.02331475540995598
-0.00029907384305261075
0.001483178697526455
0.024836132302880287
0.008530106395483017
0.02129925787448883
-0.009732902981340885
0.008536607958376408
-0.004807936958968639
-0.006043241824954748
0.03443250060081482
0.009745906107127666
-0.0036734070163220167
-0.03339224308729172
0.026136452332139015
0.02088315598666668
-0.01126078050583601
-0.003991985693573952
0.001875713118351996
-0.013718387112021446
0.011982458643615246
0.005646644160151482
0.009258286096155643
-0.02709869109094143
0.020623091608285904
-0.007678395602852106
0.010805667378008366
0.0016457188175991178
-0.028503036126494408
0.00917376484721899
0.027670832350850105
0.03464055061340332
-0.002997240051627159
0.028659075498580933
-0.03848950192332268
-0.024172967299818993
0.003653902094811201
-0.015252765268087387
-0.028060927987098694
-0.004573879297822714
0.013419313356280327
0.021052196621894836
-0.007028235122561455
0.02904917113482952
-0.005588129628449678
-0.027150703594088554
-0.013692380860447884
0.006709656678140163
-0.02141628786921501
-0.036825090646743774
0.020128969103097916
-0.0037221689708530903
0.02444603480398655
0.00654386542737484
-0.011338799260556698
0.019738873466849327
-0.016683118417859077
0.028346998617053032
-0.01855558156967163
0.002924097003415227
-0.020037947222590446
-0.036330968141555786
-0.016423054039478302
-0.02301568165421486
-0.012912187725305557
0.002379587385803461
-0.021221239119768143
0.009511847980320454
0.0091672632843256
-0.0060367402620613575
0.08056788891553879
-0.004395084921270609
-0.019231747835874557
0.007814929820597172
0.006885199807584286
-0.01171589270234108
-0.009154260158538818
-0.005818936508148909
-0.006839688401669264
-0.01700819842517376
0.018620597198605537
0.0035921367816627026
0.008380568586289883
-0.036434996873140335
0.0009110374376177788
-0.005422338843345642
-0.007125759031623602
0.039477746933698654
-0.02617546170949936
0.013510335236787796
0.058722496032714844
0.010012472048401833
0.020831143483519554
0.016045961529016495
-0.02139028161764145
0.010493590496480465
0.042026374489068985
-0.014628611505031586
0.0029631066136062145
-0.024927154183387756
0.009609372355043888
0.010617121122777462
-0.037839341908693314
-0.01936178095638752
0.005471100565046072
-0.03656502813100815
-0.0025486291851848364
-0.005610885098576546
-0.009238780476152897
-0.005734415724873543
-0.001237743068486452
0.0019716117531061172
-0.026344504207372665
-0.05266300216317177
-0.023808877915143967
-0.0035498763900250196
-0.009856433607637882
0.0012125493958592415
-0.008894195780158043
