0.0022541361395269632
-0.018033089116215706
-0.0034570875577628613
0.002356379060074687
-0.01201992854475975
0.018173672258853912
-0.015579259023070335
-0.00390440016053617
-0.019400587305426598
-0.02944594994187355
0.00015026908658910543
-0.001415424863807857
-0.011751541867852211
-0.005386922042816877
-0.026659831404685974
0.009891998954117298
0.03368902951478958
0.011566226370632648
0.011936856433749199
0.013726106844842434
-0.006502008531242609
0.005447628442198038
0.014032836072146893
-0.017649678513407707
-0.005642529111355543
0.006077061407268047
0.037753183394670486
-0.01987346075475216
-0.004450760316103697
0.006380594801157713
0.004041789099574089
-0.007610704749822617
0.003913985565304756
-0.011061402037739754
0.0018275915645062923
0.009272151626646519
0.023707568645477295
0.006463667377829552
0.026889877393841743
-0.011668468825519085
0.010134825482964516
-0.00534858088940382
0.01250558253377676
-0.009514978155493736
0.0013738886918872595
0.027988988906145096
-0.005847014952450991
-0.007144221570342779
-0.020755305886268616
0.012499192729592323
0.024960044771432877
0.032998889684677124
-0.0015296493656933308
0.005377336870878935
-0.0026359492912888527
0.0031391759403049946
-0.01741963066160679
-0.0009936729911714792
0.02729884907603264
-0.023950396105647087
0.021381542086601257
0.004437980242073536
-0.026084715500473976
0.009898388758301735
0.015668721869587898
0.010786624625325203
-0.03652627021074295
-0.01063964981585741
-0.01715124398469925
0.021343201398849487
0.04629046469926834
0.020474137738347054
-0.002546486910432577
0.0015584052307531238
0.03049393929541111
0.012626996263861656
-0.01793084479868412
-0.03460921719670296
0.005121729336678982
0.020090727135539055
0.007272025104612112
0.004437980242073536
-0.019579512998461723
0.029497072100639343
-0.00025321089196950197
0.031567491590976715
-0.012761189602315426
0.020359113812446594
0.012058270163834095
-0.0022796967532485723
-0.019464489072561264
0.015847647562623024
0.008665083907544613
0.01026901975274086
-0.03345898538827896
-0.014531269669532776
0.009719463996589184
-0.012888993136584759
-0.025471258908510208
-0.032053142786026
-0.011860174126923084
0.011048621498048306
-0.011751541867852211
-0.0059205018915236
-0.04493574798107147
-0.0010863306233659387
-0.020218530669808388
-0.01357274316251278
0.043581027537584305
-0.02571408450603485
-0.018314257264137268
0.029778240248560905
0.000988880405202508
0.003923570737242699
0.012486412189900875
-0.0059748184867203236
0.004846951458603144
0.0002771740546450019
0.00695251626893878
-0.02173939347267151
0.019630633294582367
0.011304228566586971
0.013547182083129883
-0.0022301729768514633
0.02364366687834263
0.006486033089458942
-0.031030714511871338
-0.01561760064214468
-0.032922208309173584
-0.022416751831769943
-0.027605578303337097
-0.0021486980840563774
-0.009540539234876633
0.0019953337032347918
-0.01127866841852665
0.004715953022241592
-0.0082049909979105
0.01718958467245102
-0.0499456487596035
-0.02341362088918686
0.0061090122908353806
0.021074814721941948
-0.021138716489076614
-0.03220650926232338
0.016013791784644127
0.021074814721941948
0.035887252539396286
0.03517155349254608
-0.003108822740614414
0.0096044410020113
0.0188254714012146
-0.0372675321996212
0.03100515529513359
0.007821580395102501
0.008077187463641167
0.005402897484600544
-0.007342317141592503
0.013381036929786205
5.273146825857111e-07
0.016512226313352585
0.004805415403097868
-0.03011052869260311
-0.017368510365486145
0.010658820159733295
0.027758942916989326
0.01661446876823902
0.018467620015144348
0.023579765111207962
0.031260762363672256
0.01571984402835369
0.019119419157505035
0.03494150564074516
-0.048642050474882126
0.013917812146246433
-0.010147606022655964
0.030366135761141777
0.007591533940285444
0.0013674985384568572
0.0027909111231565475
-0.01637164130806923
-0.005693650338798761
-0.00074006273644045
-0.004303786437958479
0.031184079125523567
-0.006313498131930828
0.0026311567053198814
0.010939988307654858
0.003814937546849251
-0.019272783771157265
0.012301096692681313
0.0075851441361010075
2.4724506147322245e-05
-0.014659073203802109
0.0012213231530040503
-0.6433122158050537
-0.007968554273247719
0.023860933259129524
-0.019502829760313034
0.027043242007493973
0.0027349970769137144
0.035145990550518036
0.005220777355134487
0.017406851053237915
-0.014927460812032223
0.005594602786004543
-0.0036583782639354467
-0.014186199754476547
-0.016116034239530563
-0.028372399508953094
-0.01088886708021164
0.02676207385957241
-0.03279440477490425
0.01207744050770998
-0.0027589602395892143
-0.025624623522162437
0.01125949714332819
-0.008824839256703854
-0.005751162301748991
-0.008019676432013512
-0.003182309679687023
0.005600993055850267
0.02076808549463749
0.019809558987617493
0.011994368396699429
0.006057891063392162
0.023950396105647087
-0.004175982903689146
0.019886240363121033
0.057204894721508026
0.020589159801602364
-0.037165287882089615
0.03420024365186691
0.012237194925546646
0.016640029847621918
-0.010856916196644306
0.004380468744784594
0.016473883762955666
-0.011968807317316532
0.01987346075475216
0.015975451096892357
0.018736008554697037
-0.022927965968847275
-0.0007520443177781999
0.004188762977719307
0.0019154564943164587
-0.01097193919122219
0.016231058165431023
-0.002193429274484515
0.02832127921283245
-0.0115534458309412
-0.001204548985697329
0.01102945115417242
0.030775107443332672
0.019541170448064804
-0.00826250296086073
0.006863053422421217
-0.006361424457281828
-0.010575748048722744
-0.017803041264414787
0.024282684549689293
-0.019975703209638596
-0.013738887384533882
0.019477268680930138
-0.024359367787837982
0.009553319774568081
0.025471258908510208
0.017125682905316353
-0.010166776366531849
0.015310871414840221
0.0192088820040226
0.01972009614109993
-0.006748030427843332
4.5398983274935745e-06
0.011636517941951752
-0.013853910379111767
-0.016205497086048126
-0.008192211389541626
-0.00530065456405282
0.01476131659001112
-0.049025461077690125
-0.008019676432013512
-0.03274328261613846
-0.0008067602757364511
0.029803801327943802
0.010569358244538307
-0.008192211389541626
0.002297269878908992
-0.02049969881772995
0.010677991434931755
0.024717217311263084
-0.004428395070135593
-0.005019486416131258
0.0015024910680949688
-0.01734294928610325
-0.016269398853182793
-0.0026119861286133528
0.0028388374485075474
0.010237068869173527
0.014748536050319672
0.007559583056718111
-0.016013791784644127
-0.011310619302093983
0.05160709470510483
-0.005767137743532658
0.00695251626893878
-0.007342317141592503
-0.019221661612391472
-0.00830723438411951
-0.044398970901966095
-0.026353104040026665
0.0432487390935421
0.0015775756910443306
-0.0001663443836150691
-0.008518110029399395
0.0227490421384573
0.006380594801157713
0.015374773181974888
-0.00016714315279386938
-0.00492043886333704
0.02605915442109108
-0.028423521667718887
0.0052048019133508205
-0.018416499719023705
-0.018263135105371475
-0.007412609178572893
-0.012026319280266762
0.028014549985527992
-0.00898459367454052
0.013623864389955997
0.006920565385371447
-0.00021566858049482107
3.407264011912048e-05
-0.009885609149932861
-0.027605578303337097
0.00682471226900816
-0.01614159531891346
0.005482774693518877
-0.04110163822770119
-0.04465457797050476
-0.02653202787041664
-0.02457663230597973
-0.0028963491786271334
-0.023324158042669296
-0.004287810996174812
-0.015847647562623024
-0.014071176759898663
-0.05316630005836487
0.0014992960495874286
0.003097639884799719
-0.007412609178572893
-0.01684451475739479
0.009406344965100288
-0.026378663256764412
-0.00879288837313652
0.007150611840188503
0.0006046707858331501
-0.04375995323061943
-0.002132722642272711
-0.02729884907603264
-0.008351965807378292
-0.003977887332439423
0.004783049691468477
-0.0008011688478291035
-0.04802859574556351
-0.0034411121159791946
0.008428648114204407
-0.011003890074789524
0.023912053555250168
-0.0063773998990654945
-0.009725854732096195
-0.005342190619558096
0.008805667981505394
-0.007942994125187397
-0.012831482104957104
0.0046616364270448685
0.004306981340050697
-0.02419322170317173
-0.002404305385425687
0.005677674897015095
-0.00422071386128664
0.026353104040026665
0.016703931614756584
-0.0008459000964649022
0.022646797820925713
-0.010447944514453411
0.03609173744916916
-0.019656194373965263
0.024793898686766624
-0.00728480564430356
0.00689500430598855
-0.00357850082218647
0.023324158042669296
0.01412229798734188
0.008198601193726063
0.02478111907839775
-0.015489797107875347
0.02788674645125866
0.003049713559448719
0.010153996758162975
0.013917812146246433
-0.0018339817179366946
-0.005201606545597315
0.031209640204906464
0.025739645585417747
0.0010000632610172033
-0.02457663230597973
-0.021598808467388153
-0.018608205020427704
-0.006255986634641886
0.03034057654440403
-0.00721451360732317
0.018096990883350372
-0.02691543847322464
0.0030321404337882996
-0.02625085972249508
0.003075274173170328
0.017560215666890144
-0.021253738552331924
-0.009847267530858517
0.013189331628382206
-0.018569864332675934
-0.003374015213921666
-0.00020568392938002944
-0.013444938696920872
0.01299123652279377
0.012492801994085312
-0.013508841395378113
0.012850652448832989
0.012633386068046093
0.007572363596409559
0.01341937854886055
-0.0053581660613417625
0.026480907574295998
0.00822416227310896
0.012460851110517979
0.029062539339065552
0.0011374520836398005
-0.010294579900801182
0.03115851804614067
-0.0021550883539021015
0.010575748048722744
0.0016438738675788045
-0.008230552077293396
0.013674985617399216
-0.01743241213262081
0.01203909981995821
-0.035145990550518036
-0.02221226692199707
0.01730460859835148
-0.018838251009583473
0.0081091383472085
0.013278794474899769
0.01777748204767704
0.003425136674195528
-0.02571408450603485
0.047977473586797714
0.002942678052932024
0.009131567552685738
0.017049001529812813
-0.0011957624228671193
0.002111954614520073
-0.020640281960368156
-0.03271772339940071
-0.010901647619903088
0.043427664786577225
6.08564805588685e-05
-0.0013059930643066764
-0.0002492170315235853
-0.0008498939569108188
0.015413114801049232
0.0003780190891120583
-0.012160512618720531
-0.0002368360583204776
0.018838251009583473
-0.002623168984428048
-0.019694535061717033
0.01279953122138977
0.007188952527940273
-0.005457214079797268
-0.013841130770742893
0.02104925364255905
0.007655435707420111
-0.02426990494132042
0.00341235613450408
0.021918317303061485
0.004837366286665201
0.007105880416929722
0.029573753476142883
-0.007693776860833168
-0.03297333046793938
0.010652430355548859
-0.0027893136721104383
-0.008709815330803394
-0.007559583056718111
0.014556830748915672
-0.001418619998730719
-0.015208628959953785
0.007297585718333721
0.025688525289297104
0.018020307645201683
-0.017611335963010788
0.008320014923810959
-0.012422510422766209
-0.040973834693431854
-0.011579006910324097
-0.025956911966204643
-0.004441175144165754
0.009150737896561623
0.026429785415530205
0.0005156076513230801
-0.0003266979765612632
-0.015068044885993004
0.010377652943134308
0.014531269669532776
0.011253107339143753
0.014556830748915672
-0.014901900663971901
0.008907911367714405
0.04828420281410217
0.01194324716925621
-0.02913922257721424
0.030596183612942696
-0.01341937854886055
-0.004399639088660479
-0.03011052869260311
-0.03320337459445
-0.0080132856965065
-0.0007768062641844153
0.013713326305150986
-0.01949005015194416
0.0057000406086444855
-0.003100835019722581
-0.000988880405202508
0.015732623636722565
0.01394337322562933
0.002351586241275072
0.03169529512524605
0.008249722421169281
0.006626616697758436
-0.02127929963171482
-0.01777748204767704
0.01270367857068777
0.00822416227310896
0.010352091863751411
0.057818349450826645
0.03161861002445221
-0.008256113156676292
-0.0305706225335598
0.018020307645201683
0.008038846775889397
0.0118410037830472
0.009463856928050518
-0.035963933914899826
-0.00859479233622551
0.02101091295480728
0.013432159088551998
0.013010406866669655
-0.007815190590918064
0.03967024013400078
0.016422763466835022
0.0082049909979105
-0.006233620923012495
0.009521368891000748
-0.016678370535373688
-0.006444496568292379
0.012965675443410873
-0.0009145945659838617
0.006690518464893103
0.026480907574295998
0.014147859066724777
-0.0033324789255857468
0.018876591697335243
0.0073167565278708935
0.0007935804896987975
0.0031375784892588854
0.019732875749468803
-0.0229151863604784
-0.030161650851368904
-0.007508461829274893
-0.03394463658332825
0.026787634938955307
-0.018799910321831703
0.003715889761224389
-0.010275409556925297
0.006502008531242609
-0.01657612808048725
-0.024563852697610855
0.022161144763231277
-0.004108885768800974
-0.05756274238228798
-0.03473702073097229
0.0006937339203432202
-0.01952839083969593
0.0054124826565384865
0.0019921385683119297
-0.001588758546859026
0.008754546754062176
0.025471258908510208
0.006920565385371447
-0.015234190039336681
-0.006843883078545332
-0.022161144763231277
-0.037548698484897614
0.030059408396482468
-0.009610830806195736
-0.006508398335427046
0.015349213033914566
0.023669227957725525
-0.002241355599835515
-0.007495681289583445
0.040437061339616776
0.0035241844598203897
-0.014365125447511673
0.01442902721464634
0.019272783771157265
0.019656194373965263
0.009540539234876633
-0.02699212171137333
-0.014531269669532776
-0.009713074192404747
8.74655888765119e-05
0.013841130770742893
0.026046374812722206
-0.004594539757817984
-0.01040321309119463
0.008569231256842613
-0.031260762363672256
-0.023426400497555733
0.02002682536840439
-0.007597924210131168
0.0018723227549344301
0.00010109465074492618
0.01092720776796341
-0.003926765639334917
-0.001469741459004581
0.03938907012343407
0.008313624188303947
0.0009329663007520139
0.0037318652030080557
-0.038289960473775864
-0.0052048019133508205
0.007265634834766388
-0.02030799351632595
0.010709942318499088
-0.0030273478478193283
0.002894751727581024
-0.01781582273542881
-0.004284615628421307
-0.00807079765945673
0.041331686079502106
-0.015068044885993004
-0.03680743649601936
0.0024937677662819624
0.009323272854089737
0.0020432600285857916
-0.0032446139957755804
-0.0014234125846996903
-0.020755305886268616
-0.019400587305426598
0.0020528454333543777
0.00888874102383852
-0.01361108385026455
0.02870468981564045
-0.026889877393841743
-0.0074509503319859505
-0.0031455662101507187
-0.0275800172239542
0.028653567656874657
-0.01851874217391014
0.004578564316034317
-0.012767580337822437
0.011227546259760857
-0.015208628959953785
-0.009866437874734402
-0.0021822466515004635
-0.02548403851687908
-0.0003308915183879435
0.015016923658549786
0.018429279327392578
-0.007003637496381998
0.013214892707765102
-0.006569105200469494
-0.009144348092377186
-0.013055138289928436
-0.00715700164437294
-0.022966308519244194
-0.030672864988446236
0.023119671270251274
0.022889625281095505
0.005878965836018324
-0.009214639663696289
-0.014403466135263443
-0.00012890191283077002
0.006019549909979105
-0.008780107833445072
-0.04289088770747185
0.0009145945659838617
-0.016116034239530563
-0.014505709521472454
0.004834171384572983
-0.030136089771986008
0.0027957039419561625
-0.00715700164437294
0.0008283270872198045
0.04565144702792168
0.004108885768800974
-0.008837618865072727
0.00438685854896903
0.032180946320295334
-0.02162436954677105
0.0350181870162487
0.0020480528473854065
0.02811679244041443
0.014889120124280453
-0.0152853112667799
-0.0309284720569849
-0.002894751727581024
0.027631139382719994
-0.0043932488188147545
-0.015042483806610107
-0.011662079021334648
-3.8640620914520696e-05
0.008479769341647625
0.008933471515774727
-0.012499192729592323
-0.027861185371875763
0.03936351090669632
-0.022685140371322632
-0.00465844152495265
-0.018953274935483932
0.0027733382303267717
-0.017521874979138374
0.01390503253787756
-0.0033580397721379995
0.0022333678789436817
0.010729112662374973
-0.008844009600579739
0.029854921624064445
0.01464629266411066
-0.03274328261613846
0.02929258532822132
0.0023388059344142675
0.024103758856654167
-0.008601182140409946
-0.02990604378283024
-0.05331966280937195
0.015246969647705555
0.011623737402260303
-0.042226310819387436
0.040155891329050064
-0.008192211389541626
-0.024602193385362625
-0.0152853112667799
-0.014096737839281559
0.008492549881339073
-0.001843567006289959
-0.007853531278669834
0.0011973599903285503
0.01972009614109993
0.013099869713187218
-0.008492549881339073
0.003313308348879218
-0.009943120181560516
0.024883361533284187
-0.009751414880156517
0.007764068897813559
-0.02112593501806259
-0.0022621238604187965
-0.015822086483240128
0.043504346162080765
-0.006741640157997608
0.02839796058833599
0.027171045541763306
-0.04608597978949547
-0.019400587305426598
-0.018608205020427704
-0.00641893595457077
-0.010428774170577526
0.004038593731820583
0.013074308633804321
0.013700546696782112
0.007751288823783398
0.01652500592172146
-0.03207870572805405
0.02019296959042549
-0.012901773676276207
-0.01575818471610546
0.030289454385638237
-0.007073929533362389
0.0017221535090357065
0.02855132520198822
0.011655688285827637
-0.02322191558778286
0.007246464490890503
0.0014226138591766357
0.007431779522448778
-0.010952768847346306
-0.011489544063806534
-0.017943626269698143
0.014480148442089558
-0.038136593997478485
-0.009361614473164082
-0.004029008559882641
-0.003469867864623666
-0.012454461306333542
-0.014927460812032223
0.01738128997385502
0.0024106954224407673
0.007955774664878845
-0.021969439461827278
-0.011956026777625084
0.020014043897390366
0.004952389746904373
-0.006463667377829552
0.002217392437160015
0.01840371824800968
-0.032819963991642
-0.016231058165431023
-0.0038852295838296413
0.00883122906088829
0.005476384423673153
0.039107903838157654
0.006690518464893103
-0.04606042057275772
0.04217518866062164
0.002615181263536215
-0.018582643941044807
-0.01657612808048725
-0.001190969836898148
-0.017330167815089226
-0.012205244041979313
0.0064508868381381035
0.02563740313053131
-0.01991180144250393
0.0083008436486125
-0.010863306000828743
0.0015336432261392474
0.016985099762678146
-0.00012820298434235156
-0.0150936059653759
-0.014173420146107674
-0.010300970636308193
0.01960507221519947
-0.018889373168349266
0.0063166930340230465
-0.010205117985606194
-0.008543671108782291
-0.014045615680515766
-0.0037861817982047796
0.04069266840815544
-0.03921014443039894
-0.007438169792294502
-0.019234443083405495
0.008754546754062176
-0.022927965968847275
0.01423732191324234
-0.008863179944455624
-0.015834866091609
0.017215145751833916
-0.007987725548446178
0.009182688780128956
0.015643160790205002
-0.004364493303000927
0.006792761385440826
-0.021304860711097717
-8.122518192976713e-05
-0.003374015213921666
-0.020039604976773262
-0.01754743419587612
0.04202182590961456
0.010428774170577526
-0.011253107339143753
0.00336442980915308
-0.002319635357707739
-0.02975267916917801
-0.02878137119114399
0.018390938639640808
0.02015462890267372
-0.010677991434931755
0.012716458179056644
0.008562841452658176
0.022646797820925713
-0.005361360963433981
0.005837429780513048
-0.005463603883981705
0.005035461857914925
-0.013687766157090664
-0.007847141474485397
0.0077385082840919495
-0.002402707701548934
-0.026480907574295998
-0.008371136151254177
0.037625379860401154
0.0011614152463153005
-0.010531016625463963
-0.004763879347592592
-0.002302062464877963
-0.014403466135263443
-0.00426864018663764
0.006997247226536274
0.018467620015144348
-0.0020224920008331537
0.011265887878835201
-0.016499444842338562
-0.010058144107460976
0.007930213585495949
0.01083135511726141
-0.03302445262670517
-0.00877371709793806
0.02108759433031082
-0.018352597951889038
0.007361487485468388
-0.004923633765429258
0.011668468825519085
0.01361108385026455
-0.009636391885578632
0.020819207653403282
-0.008850399404764175
0.013150990940630436
0.02660871110856533
0.010428774170577526
-0.01741963066160679
0.011010280810296535
-0.027017682790756226
-0.01669115014374256
-0.006217645481228828
-0.008185820654034615
-0.011048621498048306
0.021177057176828384
-0.01460795197635889
-0.009885609149932861
-0.01897883601486683
-0.03512043133378029
-0.03371459245681763
0.015144727192819118
-0.023119671270251274
-0.012441680766642094
0.019745657220482826
0.010134825482964516
0.0045881494879722595
-0.016972318291664124
0.0017141657881438732
-0.006230425555258989
-0.00863313302397728
0.009470246732234955
-0.01692119799554348
-0.03575944900512695
0.009706683456897736
-0.032845526933670044
-0.0008435038034804165
0.0013403402408584952
-0.007764068897813559
-0.028602447360754013
0.04828420281410217
0.20663286745548248
0.00423029949888587
0.013138210400938988
0.02228894829750061
-0.010198727250099182
0.01637164130806923
0.03831551969051361
0.009732244536280632
0.011898515745997429
0.024397708475589752
-0.005600993055850267
0.008447818458080292
-0.00432615214958787
0.006696908734738827
-0.01192407589405775
-0.024691656231880188
-0.03974692150950432
0.0032190533820539713
0.0031200055964291096
0.0009121982147917151
0.018186453729867935
0.01127866841852665
0.002054442884400487
-0.018774349242448807
0.009834486991167068
0.008933471515774727
-0.01983512006700039
0.004118470940738916
0.024960044771432877
-0.004463540855795145
-0.014020055532455444
-0.014774096198379993
0.007176172453910112
-0.0015464236494153738
-0.0043740784749388695
0.007572363596409559
0.01703622005879879
-0.010288190096616745
0.002190234372392297
0.011010280810296535
0.04135724529623985
-0.011489544063806534
0.009483027271926403
-0.011815443634986877
0.006805541925132275
0.04120388254523277
-0.02380981110036373
-0.019822338595986366
0.016320521011948586
-0.004891682881861925
-0.021445443853735924
0.022391190752387047
0.03302445262670517
0.013687766157090664
0.011240326799452305
0.018467620015144348
-0.0016790198860689998
-0.025535160675644875
0.001790847978554666
0.0029522632248699665
-0.002664705039933324
0.03131188452243805
-0.005489164963364601
0.011253107339143753
-0.0031631391029804945
0.016755051910877228
-0.029727118089795113
-0.004377273377031088
-0.00565850455313921
-0.00041655986569821835
0.005294264294207096
-0.021675491705536842
-0.001454564742743969
-0.007029198110103607
-0.017138462513685226
-0.028500203043222427
-0.002292477060109377
0.020716963335871696
0.04143392667174339
0.057204894721508026
-0.028270157054066658
-0.002695058472454548
-0.02727328985929489
-0.005537091288715601
-0.0027621553745120764
-0.01773913949728012
0.015630381181836128
0.004252664744853973
-0.010262629017233849
-0.0038884247187525034
0.006131378002464771
0.010914428159594536
0.011764321476221085
-0.01905551739037037
0.004080130252987146
0.010652430355548859
0.007783239707350731
0.002733399625867605
-0.009693902917206287
0.00044451691792346537
-0.009872828610241413
0.032819963991642
0.011809052899479866
-0.009911169297993183
-0.02377147041261196
0.00896542239934206
-0.0238481517881155
0.016793394461274147
0.01949005015194416
-0.036040615290403366
-0.015170288272202015
-0.025228431448340416
0.006441301666200161
-0.0093168830499053
-0.013598303310573101
0.003211065661162138
-0.002858008025214076
-0.00630071759223938
-0.0009385577286593616
-8.407080895267427e-05
0.0052974591962993145
0.005220777355134487
-0.002543291775509715
0.01859542354941368
-0.011297838762402534
-0.009738634340465069
-0.026889877393841743
0.0022940747439861298
-0.013700546696782112
-0.007553192786872387
-0.0017429216532036662
-0.020077945664525032
0.022084463387727737
-0.011764321476221085
-0.024295466020703316
0.013291575014591217
0.019234443083405495
-0.029036978259682655
0.0071825627237558365
-0.007617095019668341
0.004728733561933041
-0.027707820758223534
0.005767137743532658
0.01217329315841198
0.003444307018071413
-0.02804011106491089
-0.006045110523700714
-0.010856916196644306
-0.02170105278491974
-0.014633513055741787
-0.008045236580073833
-0.0201418474316597
-0.01789250411093235
-0.0011989575577899814
-0.015668721869587898
0.014620732516050339
-0.03675631806254387
-0.0055115302093327045
0.011361740529537201
-0.003319698618724942
-0.042149629443883896
-0.01617993600666523
0.016818953678011894
0.0022141975350677967
0.006939735729247332
0.021995000541210175
-0.15929441154003143
0.0030353355687111616
0.033740151673555374
-0.031107397750020027
-0.005067412741482258
-0.017202364280819893
0.001536039519123733
0.03422580659389496
-0.006888614036142826
-0.009598050266504288
0.02116427756845951
0.01108696311712265
-0.03108183667063713
-0.032692160457372665
-0.006978076882660389
-0.004249469842761755
-0.009776975959539413
-0.0006406155880540609
0.007994115352630615
0.016755051910877228
-0.012626996263861656
-0.01011565513908863
-0.029318146407604218
0.008045236580073833
0.0055658468045294285
-0.0007724130409769714
-0.028014549985527992
0.011521494947373867
0.008786497637629509
-0.01293372455984354
-0.004252664744853973
-0.00556265190243721
0.03085179068148136
0.006671348121017218
-0.0015056862030178308
0.006003574468195438
0.005342190619558096
-0.0008890338358469307
-0.012294706888496876
0.02240397222340107
0.004195153247565031
-0.002319635357707739
0.022979088127613068
0.009489418007433414
0.0030688841361552477
0.01894049346446991
0.01874878816306591
0.0015320456586778164
0.02299186773598194
0.000529186800122261
0.03494150564074516
-0.009853658266365528
0.002802093978971243
0.00243625626899302
0.02750333584845066
0.010409603826701641
-0.006409350782632828
0.0010439957259222865
-0.009661952033638954
0.001240493729710579
-0.028219034895300865
0.004594539757817984
0.012607825919985771
0.0027078387793153524
0.01412229798734188
-0.006019549909979105
-0.015438674949109554
0.011074182577431202
-0.03923570737242699
0.008339185267686844
0.007195342797785997
-0.02998272515833378
-0.0018036284018307924
0.010531016625463963
-0.007438169792294502
0.013329915702342987
0.0028691908810287714
0.02446161024272442
-0.0008642718894407153
-0.029624875634908676
-0.01672949269413948
0.03826439753174782
-0.019157759845256805
-0.008728986606001854
-0.00039579177973791957
-0.01924722269177437
-0.007272025104612112
-0.004169592633843422
-0.006588276010006666
0.022237828001379967
0.021573249250650406
-0.05211830884218216
0.012390559539198875
-0.006000379100441933
-0.001204548985697329
0.012428900226950645
0.013278794474899769
-0.009336053393781185
0.007508461829274893
-0.024793898686766624
-0.0017333363648504019
0.006767200771719217
-0.013662205077707767
0.007367877755314112
0.015374773181974888
-0.005543481558561325
0.027017682790756226
-0.0017541045090183616
0.037165287882089615
-0.016077693551778793
-0.02396317571401596
-0.0021311251912266016
0.021675491705536842
0.020052384585142136
0.0023611716460436583
0.0028516179881989956
0.012607825919985771
0.0007149014272727072
0.00043652919703163207
0.0003061295719817281
0.04764518514275551
0.008530890569090843
-0.01929834485054016
0.029036978259682655
0.007674606516957283
-0.04347878694534302
-0.09922672063112259
-0.012448071502149105
0.01828869618475437
0.011035840958356857
-0.009719463996589184
0.02135598286986351
0.005818258970975876
0.01446736790239811
-0.024845020845532417
0.008824839256703854
-0.04158729314804077
0.0027365947607904673
-0.014441806823015213
0.012831482104957104
0.003049713559448719
-0.004715953022241592
-0.015694282948970795
-0.00029534613713622093
-0.025215651839971542
0.010038972832262516
0.03305001184344292
-0.018608205020427704
-0.008268892765045166
0.0006438106647692621
-0.03034057654440403
0.007444560062140226
-0.021649930626153946
-0.0034059660974889994
0.010856916196644306
-0.006489227991551161
-0.008588402532041073
-0.011144474148750305
-0.008396697230637074
-0.013956153765320778
0.004249469842761755
-0.006342253647744656
-0.021956659853458405
-0.012377778999507427
0.01949005015194416
-0.0010615687351673841
0.005588212516158819
0.012058270163834095
0.01007092371582985
-0.01614159531891346
-0.0010679588885977864
-0.018799910321831703
0.002354781376197934
0.019349465146660805
-0.006831102538853884
-0.009630001150071621
-0.01929834485054016
0.0062432060949504375
-0.03673075512051582
-0.005818258970975876
0.007744898553937674
-0.008396697230637074
-0.0035976713988929987
-0.002001723973080516
-0.0035625253804028034
-0.01427566260099411
0.00863313302397728
-0.007080319803208113
-0.027912307530641556
0.0195667315274477
0.011636517941951752
-0.00364240282215178
-0.022889625281095505
-0.008907911367714405
0.010978329926729202
0.009048495441675186
0.01192407589405775
0.017202364280819893
0.01793084479868412
-0.01423732191324234
-0.03258991986513138
0.03621954098343849
-0.05038018152117729
-0.011962417513132095
0.00393635081127286
-0.0007376664434559643
0.0018004332669079304
-0.015540918335318565
0.0027829234022647142
-0.03330561891198158
0.0056265536695718765
-0.00385647383518517
-0.003243016544729471
-0.013202112168073654
0.001578374532982707
-0.018851032480597496
-0.007425389252603054
0.015400334261357784
0.008275283500552177
0.0035944762639701366
0.017253486439585686
0.005553066730499268
0.009438295848667622
-0.01021150778979063
-0.00017812626902014017
0.006240011192858219
-0.03736977279186249
0.01364942453801632
-0.05858517065644264
0.018736008554697037
0.017496313899755478
0.00100405712146312
0.0005491561023518443
-0.01341937854886055
0.038443323224782944
-0.0019921385683119297
0.01131700910627842
0.010844135656952858
-0.013202112168073654
0.010428774170577526
-0.014544050209224224
-0.009252981282770634
-0.029241465032100677
-0.0272221677005291
0.04243079572916031
0.011444812640547752
0.002488975180312991
-0.004914048593491316
0.009214639663696289
-0.01836537756025791
0.0073550972156226635
0.0031152127776294947
0.00508658355101943
0.0037446455098688602
-0.0079174330458045
-0.003393185790628195
-0.01672949269413948
0.009610830806195736
0.022225046530365944
-0.023988736793398857
0.0011781895300373435
0.020678622648119926
-0.0037829866632819176
-0.01770079880952835
0.009086836129426956
0.03565720468759537
0.004735123366117477
0.05434209108352661
-2.6634072128217667e-05
-0.008952642790973186
0.01665280945599079
-0.016601687297225
-0.001564795384183526
-0.006016354542225599
-0.021841635927557945
-0.0031918950844556093
0.0029586534947156906
0.007853531278669834
0.024180442094802856
0.01789250411093235
-0.012876213528215885
-0.01040321309119463
-0.003981082234531641
0.00248418259434402
0.033356741070747375
0.01394337322562933
0.015502577647566795
-0.019004395231604576
0.025036726146936417
0.004684002138674259
0.0017269462114199996
0.01069716177880764
0.003049713559448719
-0.0006282345857471228
-0.00482458621263504
0.010614089667797089
-0.015029704198241234
-0.016205497086048126
-0.013917812146246433
0.012045489624142647
0.00031871022656559944
0.01832703687250614
0.012946505099534988
-0.018914934247732162
0.006856663152575493
-0.01542589534074068
-0.024806680157780647
0.030672864988446236
-0.004917243495583534
0.002886764006689191
-0.029241465032100677
0.019656194373965263
-0.0031918950844556093
0.0009026129264384508
-0.02407819963991642
0.009681123308837414
-0.015016923658549786
0.019515611231327057
-0.00699085695669055
0.018339816480875015
-0.008939862251281738
0.008978202939033508
-0.02076808549463749
-0.00021886367176193744
0.002826057141646743
-0.02855132520198822
0.022416751831769943
0.034098003059625626
0.041485048830509186
0.0017141657881438732
0.015860427170991898
-0.05362639203667641
-0.007367877755314112
0.00888874102383852
-0.025765206664800644
-0.026506466791033745
-0.0186337660998106
0.02548403851687908
0.012537533417344093
-0.008677864447236061
0.005569042172282934
-0.0036200371105223894
-0.015336432494223118
-0.006856663152575493
0.004997120704501867
-0.016640029847621918
-0.010249849408864975
0.025726865977048874
-0.010677991434931755
0.017803041264414787
0.026966560631990433
0.020831987261772156
0.012441680766642094
0.03591281175613403
0.027247728779911995
-0.011732370592653751
0.017291827127337456
-0.002858008025214076
-0.008946252055466175
-0.0032717722933739424
-0.01823757402598858
-0.01270367857068777
-0.01859542354941368
-0.012013538740575314
0.022979088127613068
0.015234190039336681
-0.009425516240298748
0.06420852988958359
0.007802410051226616
-0.010320140980184078
0.01816089265048504
-0.008620353415608406
0.014863559044897556
-0.01897883601486683
-0.005332605447620153
-0.014186199754476547
-0.013713326305150986
0.01513194665312767
-0.01192407589405775
0.01122115645557642
0.00357850082218647
-0.010320140980184078
0.01423732191324234
-0.02002682536840439
0.04710840806365013
-0.0012748409062623978
0.01542589534074068
0.0380343534052372
-0.019438927993178368
0.0070483689196407795
0.0016949953278526664
-0.033663470298051834
0.0031120178755372763
0.020563600584864616
0.004057764541357756
-0.012339438311755657
-0.005684065166860819
0.004134446382522583
0.013547182083129883
-0.022046120837330818
-0.005415677558630705
0.008856790140271187
0.0009545331704430282
0.006773591041564941
-0.0010064534144476056
0.0012804323341697454
0.008728986606001854
-0.0013004016363993287
0.020001264289021492
-0.03882673382759094
-0.04746625944972038
-0.023464741185307503
0.026008034124970436
-0.010198727250099182
-0.02213558368384838
-0.026889877393841743
