-0.010744868777692318
-0.0018289814470335841
-0.011972671374678612
-0.010261381044983864
-0.02732975408434868
0.012182607315480709
-0.00558873126283288
0.01408474799245596
0.004472257103770971
-0.01827072910964489
-0.012208053842186928
0.010121424682438374
-0.019899317994713783
0.007971178740262985
-0.009059024974703789
0.01241798885166645
0.032393649220466614
0.014809979125857353
0.00043259389349259436
0.012341649271547794
-0.01786358281970024
-0.013092326931655407
0.027940476313233376
0.015229849144816399
-0.015166232362389565
0.0052388389594852924
0.015013552270829678
-0.021426120772957802
-0.008244730532169342
0.006927863694727421
0.005922719370573759
0.010961165651679039
-0.010992974042892456
0.018703322857618332
-0.002551031531766057
-0.006167643703520298
0.007888476364314556
-0.0003548621607478708
0.02727886103093624
-0.017011119052767754
0.018118049949407578
-0.0026862171944230795
0.016998395323753357
0.016018696129322052
-0.01967029832303524
0.01208082027733326
-0.005451955366879702
-0.012793327681720257
-0.019937489181756973
0.01307960320264101
0.012850582599639893
0.05272556096315384
-0.031986501067876816
-2.9795499358442612e-05
-0.0010361577151343226
-0.004793521948158741
-0.021935055032372475
0.01610776036977768
0.02488687075674534
-0.011826353147625923
0.012087182141840458
0.0009622033103369176
-0.033029813319444656
0.005416966043412685
0.005862283054739237
0.01726558431982994
-0.012112628668546677
0.0067688217386603355
0.0005856716888956726
0.01983570121228695
0.04898489639163017
0.011565525084733963
-0.0006178776384331286
-0.009084471501410007
0.02628643997013569
0.0065779718570411205
-0.021616971120238304
-0.018652429804205894
-0.01534435898065567
0.038271836936473846
0.005836836528033018
0.004729905165731907
-0.026108313351869583
0.023703599348664284
0.004313215613365173
6.336824299069121e-05
0.009466172195971012
0.022011393681168556
0.018537919968366623
-0.003144257701933384
-0.019810255616903305
0.001084665535017848
0.0060913036577403545
0.008403772488236427
-0.029187364503741264
0.008524644188582897
-0.008499197661876678
0.010891187004745007
0.007214139215648174
-0.03552359342575073
0.0036102503072470427
0.0022504425141960382
-0.0332588367164135
0.00037891726242378354
-0.05445593595504761
0.005165679845958948
-0.02166786417365074
-0.01911047101020813
0.03178292512893677
-0.03229185938835144
-0.007729434873908758
0.03481108322739601
-0.02419980987906456
-0.023741770535707474
0.03168113902211189
-0.025090444833040237
-9.681673691375181e-05
-0.012188969179987907
0.010611273348331451
-0.015611549839377403
0.02972174435853958
0.016998395323753357
0.007004203740507364
-0.006743375211954117
0.022024117410182953
0.030357912182807922
-0.025472145527601242
-0.008607345633208752
-0.026897160336375237
-0.03585439920425415
0.017660008743405342
0.0038360897451639175
-0.015382529236376286
-0.0051720417104661465
-0.019364938139915466
0.01642584428191185
-0.008760025724768639
0.027711454778909683
-0.04483708366751671
-0.013486750423908234
0.02336006984114647
0.035956185311079025
0.00939619354903698
-0.021731480956077576
-0.015598826110363007
0.02039552852511406
0.03262266889214516
0.009720639325678349
0.004316396079957485
-0.0010886415839195251
0.018321624025702477
-0.03626154735684395
0.017023840919137
-0.005261105019599199
0.022125905379652977
0.020942633971571922
-0.0059068151749670506
0.003093364415690303
-0.02455606497824192
0.020586378872394562
0.030230678617954254
-0.009389831684529781
-0.0017494605854153633
0.021489737555384636
0.012252585962414742
0.013105049729347229
0.0037565689999610186
0.014021131210029125
0.007093267515301704
0.007614924572408199
0.016998395323753357
0.043412066996097565
-0.056033629924058914
0.022494882345199585
-0.017812689766287804
0.011692757718265057
0.018766939640045166
0.024606958031654358
-0.006113569252192974
-0.02748243510723114
-0.021973224356770515
-0.00772307300940156
0.014390108175575733
0.007430436089634895
-0.0006262273527681828
0.011438291519880295
0.0051720417104661465
-0.017609115689992905
-0.007964816875755787
-0.0016381312161684036
0.010528571903705597
0.015993250533938408
-0.007023288868367672
0.007366819307208061
-0.6392210721969604
0.012456159107387066
-0.006301238667219877
-0.016883885487914085
0.015993250533938408
0.012888752855360508
0.039086129516363144
-0.022176798433065414
-0.007487691007554531
-0.022176798433065414
-0.005560103803873062
0.01879238709807396
-0.0174309890717268
-0.003285804996266961
-0.017761796712875366
-0.014733638614416122
0.029111023992300034
-0.03809370845556259
0.012392542324960232
-0.01288239099085331
-0.019046854227781296
-0.002687807660549879
0.0073731811717152596
0.004981191363185644
-0.008092050440609455
-0.010484039783477783
0.00446589570492506
0.015229849144816399
-0.00847375113517046
0.024365214630961418
0.001070351805537939
0.018397962674498558
0.009243513457477093
0.011107483878731728
0.052980028092861176
0.017354648560285568
-0.034836530685424805
0.03817004710435867
0.005509210284799337
0.020573655143380165
-0.004857138730585575
-0.01229711715131998
0.008441942743957043
-0.025497592985630035
0.02239309437572956
0.004853957798331976
0.013919344171881676
-0.008002987131476402
-0.0017844497924670577
-0.0134231336414814
-0.009008130989968777
-0.007544946391135454
0.0006222513038665056
0.01039497647434473
0.00748132960870862
-0.012876030057668686
-0.00772307300940156
0.012182607315480709
-0.00080872792750597
0.00011739278124878183
0.01017867960035801
0.012392542324960232
-0.022647561505436897
-0.02888200245797634
-0.029899870976805687
0.01286330632865429
-0.01834706962108612
-0.017532775178551674
0.019008684903383255
-0.018397962674498558
-0.019695745781064034
0.018970513716340065
0.004758532624691725
-0.008022071793675423
0.013652154244482517
0.013779387809336185
0.031350333243608475
0.012424350716173649
0.00501618068665266
0.017481882125139236
-0.01706201210618019
-0.01137467473745346
-0.005925899837166071
0.005410604178905487
0.034836530685424805
-0.0316556952893734
0.0018448856426402926
-0.02720252051949501
-0.003966504242271185
0.003061556024476886
0.003282624064013362
-0.0087154945358634
0.008384686894714832
-0.013957514427602291
0.015853293240070343
0.047330860048532486
0.003390772733837366
-0.011323780752718449
0.01486087217926979
-0.013512196950614452
-0.004271864425390959
-0.005674613639712334
0.009866957552731037
0.013766664080321789
0.015929633751511574
0.009039939381182194
0.003397134365513921
0.03168113902211189
0.0468728207051754
0.0010051445569843054
-0.02051004022359848
0.013817557133734226
-0.007818498648703098
0.012125352397561073
0.0004862705245614052
-0.030077997595071793
0.01907230168581009
-0.008429219014942646
0.015560656785964966
-0.019403107464313507
0.013970238156616688
-0.011724566109478474
0.007404989562928677
0.0020611826330423355
-0.0012786965817213058
0.02487414889037609
-0.0266426932066679
0.0055123912170529366
-0.009008130989968777
-0.007455882616341114
-0.01974663883447647
-0.00604995246976614
-0.0014957888051867485
-0.0005156932747922838
0.011209270916879177
0.011794544756412506
0.00125961157027632
-0.02196050062775612
-0.008168390020728111
-0.03117220662534237
-0.0035307295620441437
-0.021527906879782677
0.013626707717776299
0.016413120552897453
-0.04374287649989128
-0.04778889939188957
-0.021922331303358078
0.006813353858888149
-0.030077997595071793
-0.006329866126179695
-0.015191678889095783
0.0023999419063329697
-0.02679537422955036
0.011565525084733963
0.024148916825652122
-0.008359240368008614
0.005528295412659645
-0.025790229439735413
-0.041758034378290176
-0.022342201322317123
0.01995021104812622
0.005471040494740009
-0.02852574922144413
-0.008817281574010849
-0.04012944549322128
0.004332300275564194
0.01194086391478777
-0.0023299632593989372
-0.01918681152164936
-0.04519333690404892
0.012074458412826061
0.029899870976805687
-0.020408252254128456
0.013155943714082241
0.022940199822187424
-0.010840293951332569
0.005897272378206253
0.007894838228821754
0.00391561072319746
-0.010884825140237808
-0.00559827359393239
0.02360181324183941
-0.015064445324242115
0.0056968796998262405
0.013474026694893837
-0.005410604178905487
0.027787795290350914
0.017901752144098282
0.00881091970950365
0.002334734657779336
-0.030307019129395485
0.012354372069239616
0.01227803248912096
0.016285886988043785
-0.00704237399622798
0.0105158481746912
-0.010324997827410698
0.007519499398767948
-0.011145654134452343
0.011190186254680157
0.022851135581731796
0.0030456518288701773
0.033029813319444656
-0.001382869086228311
-0.005979974288493395
0.015268019400537014
0.0015586103545501828
-0.004596310202032328
0.040205784142017365
0.01566244289278984
0.005318359937518835
-0.030663272365927696
-0.00694058695808053
-0.03201194852590561
-0.0026035152841359377
0.01979753188788891
0.00030039032571949065
0.0051720417104661465
-0.026337333023548126
0.01862698420882225
-0.015458869747817516
-0.00424641789868474
0.009822425432503223
-0.02804226242005825
-0.0016810725210234523
-0.0014488714514300227
0.01163550280034542
-0.008162029087543488
0.004472257103770971
-0.012354372069239616
0.02051004022359848
0.02440338395535946
-0.017011119052767754
0.00536925345659256
0.008779111318290234
0.006100845988839865
0.026515459641814232
-0.01127924956381321
0.031553905457258224
0.011953586712479591
0.019301321357488632
0.05180947855114937
-0.003823366481810808
-0.007252309005707502
0.01746915839612484
0.013448580168187618
0.013677600771188736
0.008429219014942646
0.0004214609507471323
0.030714165419340134
-0.013652154244482517
0.007245947606861591
-0.020624550059437752
-0.021807821467518806
-0.01534435898065567
-0.032393649220466614
0.005242019891738892
0.010770315304398537
0.006908778566867113
0.013779387809336185
-0.007621286436915398
0.022087734192609787
0.013066879473626614
0.02548486925661564
0.01444100122898817
0.006174005102366209
-0.021209822967648506
-0.02091718651354313
-0.021286163479089737
-0.01209990493953228
0.007239585742354393
-0.004780798684805632
0.0014011588646098971
0.013957514427602291
0.008830004371702671
0.005423327907919884
0.0036643247585743666
-0.003263539168983698
-0.00020377238979563117
0.01983570121228695
-0.027584221214056015
-0.01154007762670517
-0.008028433658182621
0.017596391960978508
0.012812413275241852
0.022138627246022224
0.0022965646348893642
0.001641312032006681
-0.016095036640763283
0.005913176573812962
0.003893344895914197
0.008403772488236427
-0.004729905165731907
0.005051169544458389
0.004943021107465029
-0.014682745561003685
0.0312485471367836
0.004131907597184181
0.0009144907235167921
0.0016842533368617296
0.010159594938158989
0.0006787111633457243
-0.008969961665570736
-0.002918418264016509
0.04504065588116646
0.015166232362389565
-0.012926923111081123
-0.0018226198153570294
0.015573379583656788
-0.01927587389945984
0.0024047130718827248
-0.01164186466485262
0.003667505457997322
-0.007411350961774588
0.031146759167313576
0.0036293354351073503
0.007907561957836151
0.006100845988839865
0.029670851305127144
0.012182607315480709
0.0044690766371786594
0.013066879473626614
-0.003102906746789813
0.02788958139717579
0.04470985010266304
0.021426120772957802
-0.025586655363440514
0.01739281788468361
-0.023830832913517952
0.009536150842905045
-0.029416384175419807
-0.03346240893006325
0.001760593499056995
0.006399844773113728
-0.00020854364265687764
0.0013526510447263718
0.013410409912467003
-0.012678817845880985
0.004860319662839174
0.012545222416520119
0.001222236780449748
-0.0032333212438970804
0.016285886988043785
0.008531006053090096
-0.010420423001050949
-0.018130773678421974
-0.009968744590878487
0.0034957402385771275
-0.00034691006294451654
-0.00011878439545398578
0.03254632651805878
0.035752613097429276
0.002120028017088771
-0.026057420298457146
0.008314709179103374
0.005859102588146925
0.00683243852108717
0.010872102342545986
-0.021209822967648506
-0.006021325010806322
-0.01384300459176302
0.030841398984193802
0.017634563148021698
0.005712783895432949
0.030841398984193802
0.02115892991423607
0.003976046573370695
0.010986612178385258
0.002748243510723114
-0.021566078066825867
0.013970238156616688
0.002164559904485941
-0.004205067176371813
-0.013550367206335068
0.00895723793655634
0.020051999017596245
-0.012710626237094402
0.011355589143931866
0.032190073281526566
0.0011959949042648077
-0.0003115232684649527
0.010827570222318172
0.0012564307544380426
-0.033869557082653046
-0.007220500614494085
-0.03269900754094124
0.02880566380918026
-0.013690323568880558
-0.0019387203501537442
-0.010000552982091904
0.007920284755527973
-0.006403025705367327
-0.02395806647837162
0.011845438741147518
0.011813630349934101
-0.06946948915719986
-0.02783868834376335
-0.017761796712875366
0.019899317994713783
0.019135918468236923
0.005865463986992836
0.005531476344913244
-0.013703047297894955
0.01496265921741724
-0.0006230465369299054
-0.016578523442149162
-0.004081014543771744
-0.026897160336375237
-0.024823253974318504
0.030434252694249153
-0.01388117391616106
-0.03801736980676651
-0.010115062817931175
0.010235934518277645
-0.01610776036977768
0.009828787297010422
0.029263703152537346
0.008537367917597294
-0.010216849856078625
0.016769373789429665
-0.013257729820907116
0.002062773099169135
0.027355201542377472
-0.016769373789429665
-0.004192343447357416
-0.015357082709670067
-0.020968079566955566
0.0031283535063266754
0.013232283294200897
-0.008772749453783035
-0.011788182891905308
0.003979227505624294
-0.027711454778909683
-0.010210487991571426
0.02528129518032074
-0.0016747108893468976
0.015407975763082504
-0.0005634058034047484
0.01578967645764351
-0.014033854007720947
-0.008244730532169342
0.05076616257429123
0.0065207164734601974
-0.00772307300940156
0.00863279215991497
-0.036083418875932693
0.0008938153041526675
0.01019776426255703
-0.02788958139717579
0.009141726419329643
0.007882115431129932
-0.007793051656335592
-0.029340043663978577
0.015687890350818634
-0.0065525248646736145
0.04226696863770485
-0.017443712800741196
-0.03297892212867737
-0.01978480815887451
-0.007487691007554531
-0.014733638614416122
0.014606405049562454
-0.0009693601750768721
-0.023296453058719635
-0.01478453166782856
0.0034893786069005728
0.012697902508080006
-0.005633262917399406
0.05152956396341324
-0.03040880523622036
0.012634285725653172
-0.020128339529037476
-0.027304308488965034
0.020688166841864586
-0.016285886988043785
0.0031378960702568293
-0.015115339308977127
-0.009879681281745434
-0.017023840919137
-0.03440393507480621
-0.008022071793675423
-0.03196105360984802
-0.0020993526559323072
0.006418929900974035
0.005242019891738892
-0.00524838175624609
0.009205343201756477
-0.019415831193327904
-0.004523150622844696
0.002172512002289295
0.0004922345979139209
-0.01886872760951519
-0.035192783921957016
0.023487303406000137
0.011546439491212368
0.0038360897451639175
0.020408252254128456
-0.014148364774882793
0.006870608776807785
0.015382529236376286
-0.0058813681825995445
-0.030001657083630562
-0.0018035348039120436
-0.01037589181214571
-0.017774518579244614
-0.004389555659145117
-0.022698454558849335
0.009631575085222721
-0.035040102899074554
-0.0018862365977838635
0.026871714740991592
0.014275598339736462
-0.008658239617943764
0.033665981143713
0.020522762089967728
-0.0073159257881343365
0.006673396565020084
0.02411074750125408
0.027940476313233376
-0.025586655363440514
-0.008276538923382759
-0.02936549112200737
0.013563090935349464
0.01823255978524685
-0.00591953843832016
-0.005429689306765795
-0.0067688217386603355
0.007468606345355511
-0.013143219985067844
0.019097747281193733
-0.01063671987503767
-0.023245560005307198
0.01366487704217434
-0.005432870239019394
-0.007296841125935316
-0.024772360920906067
0.004335481207817793
-0.022405818104743958
0.015497040003538132
0.014339215122163296
0.013461303897202015
0.010503125376999378
-0.015064445324242115
0.0064920890145003796
0.008550090715289116
-0.024581510573625565
0.04338662326335907
-0.009160812012851238
0.036795925348997116
0.031019525602459908
-0.0010926176328212023
-0.04254687950015068
0.02246943488717079
0.018461579456925392
-0.022736625745892525
0.024174364283680916
-0.005925899837166071
-0.000993216410279274
-0.02507772110402584
-0.0008826823905110359
0.027635114267468452
-0.010127786546945572
3.1261668482329696e-05
0.01197903323918581
0.015089892782270908
0.007468606345355511
-0.004294130485504866
0.018537919968366623
-0.010973888449370861
0.016476737335324287
0.0065779718570411205
0.005878187250345945
-0.027253415435552597
-0.02992531843483448
-0.026210099458694458
0.03272445499897003
0.00042861784459091723
0.018245283514261246
0.0043768323957920074
-0.02019195631146431
-0.0087154945358634
0.010204126127064228
-0.007474967744201422
0.00694058695808053
0.014504618011415005
0.011082037352025509
0.005773219745606184
0.015242572873830795
-0.00975880865007639
-0.03033246472477913
0.005703241564333439
0.0019546246621757746
0.003147438634186983
0.025853846222162247
0.002353819552809
-0.01405930146574974
0.027431542053818703
0.006896055303514004
-0.006180366966873407
0.016476737335324287
-0.0006584333605132997
-0.019021406769752502
0.00301543390378356
-0.01814349554479122
-0.013486750423908234
-0.0018464761087670922
-0.03890800103545189
-0.00128744391258806
0.004262322094291449
-0.01440283190459013
-0.007589478045701981
-0.012672455981373787
-0.0073095643892884254
-0.00925623718649149
-0.013779387809336185
-0.014911765232682228
-0.00011898319644387811
-0.0005252357805147767
-0.0005645986529998481
0.006142197176814079
0.005671433173120022
0.009358023293316364
-0.05613541603088379
-0.026973500847816467
-0.01918681152164936
0.009847872890532017
0.0017621838487684727
0.020013827830553055
-0.004853957798331976
-0.007640371564775705
0.03333517536520958
-0.00993693619966507
-0.014631851576268673
0.004965287167578936
0.017647285014390945
0.005003456957638264
-0.017405541613698006
-0.01166094932705164
0.025815676897764206
-0.017647285014390945
0.008410134352743626
0.01384300459176302
-0.014008407481014729
-0.002349048387259245
-0.0021629694383591413
-0.015064445324242115
-0.0008906344883143902
-0.007735796272754669
0.006107207853347063
-0.00895723793655634
0.023500027135014534
-0.014822701923549175
-0.030943185091018677
0.001304938574321568
0.0034989211708307266
0.05112241953611374
-0.02299109287559986
0.003112449310719967
-0.008467389270663261
-0.011171100661158562
-0.02327100560069084
-0.006908778566867113
-0.015166232362389565
-0.024212533608078957
-0.0007156883948482573
-0.028016814962029457
-0.0004061531799379736
0.011355589143931866
-0.007926646620035172
-6.336824299069121e-05
-0.02732975408434868
-0.015497040003538132
-0.01332134660333395
-0.003508463501930237
-0.03850085660815239
0.03112131357192993
0.00044014837476424873
-0.014822701923549175
-0.009892404079437256
-0.020840846002101898
-0.03789013624191284
0.008066603913903236
0.021845990791916847
0.005499667953699827
0.003483016975224018
0.01363943051546812
-0.017443712800741196
0.030103445053100586
-0.01110112201422453
0.011998118832707405
0.008849089965224266
0.013830280862748623
-0.012138075195252895
-0.011171100661158562
-0.035269126296043396
0.0020023370161652565
-0.013334070332348347
-0.005868644919246435
0.03898434340953827
-0.013893897645175457
-0.00040376753895543516
-0.005630081985145807
-0.0250395517796278
-0.007614924572408199
0.01422470435500145
0.0037851964589208364
0.01739281788468361
0.004997095558792353
0.02515406161546707
-0.0019562148954719305
-0.014186535030603409
-0.01095480378717184
0.0031458481680601835
-0.026133758947253227
-0.007614924572408199
0.011202909052371979
-0.02151518315076828
0.004472257103770971
0.00026361190248280764
0.012780604884028435
0.002716435119509697
-0.008314709179103374
-0.01059855055063963
-0.011845438741147518
0.007703987881541252
0.03460751101374626
0.00895723793655634
0.012284394353628159
0.0085119204595685
0.0035911654122173786
-0.01799081638455391
-0.012818774208426476
-0.01638767495751381
-0.024670574814081192
0.004602671600878239
0.0009439134737476707
-0.015331636182963848
-0.024505171924829483
-0.013944790698587894
-0.011686396785080433
0.010999335907399654
-0.01931404508650303
-1.9880233594449237e-05
0.016565801575779915
0.004061929415911436
0.006043591070920229
-0.02250760607421398
-0.012901476584374905
-0.00694058695808053
-0.03068871796131134
0.008244730532169342
-0.026693586260080338
-0.026540907099843025
-0.010560380294919014
-0.03631243854761124
0.005280190147459507
0.0014560283161699772
0.02839851565659046
-0.04498976469039917
0.023143772035837173
0.20560932159423828
-0.016196824610233307
-0.007105990778654814
0.03791557997465134
-0.0010854607680812478
0.005464678630232811
0.04883221536874771
0.00825109239667654
0.007207777351140976
0.024975934997200966
0.003106087679043412
-0.012933284975588322
-0.013970238156616688
0.006609780248254538
0.0037756538949906826
-0.02276207134127617
-0.026897160336375237
-0.0005308022373355925
0.0018083060858771205
-0.0028786577749997377
0.02760966867208481
0.021680587902665138
-0.0029295512940734625
-0.007773966528475285
0.015115339308977127
-0.0064857276156544685
-0.030383357778191566
0.021731480956077576
0.029594510793685913
-0.006934225559234619
-0.009001770056784153
-0.0017764976946637034
0.0026035152841359377
0.0013542415108531713
-0.0022838411387056112
-3.705178460222669e-05
0.01570061407983303
-0.0123225636780262
-0.0017542317509651184
0.010000552982091904
0.05216573178768158
0.012780604884028435
0.005124329123646021
-0.01815621927380562
-0.0006687710410915315
0.041808925569057465
-0.0036611438263207674
-0.006857885513454676
0.0071632456965744495
-0.010140509344637394
-0.027711454778909683
0.028831109404563904
0.012691540643572807
0.01666758768260479
0.003635697066783905
0.020700888708233833
-0.008499197661876678
-0.0011832715244963765
0.02740609459578991
0.0031490291003137827
-0.006177186034619808
0.02760966867208481
0.005566465202718973
0.026388226076960564
-0.005483763758093119
0.007474967744201422
-0.027456987649202347
-0.010159594938158989
-0.013028710149228573
0.0168329905718565
0.003074279287829995
-0.042572326958179474
-0.019657574594020844
0.006851523648947477
-0.013575813733041286
-0.020484592765569687
0.014657299034297466
0.03145211935043335
0.015687890350818634
0.05015544220805168
-0.0400531031191349
-0.004087375942617655
-0.044455382972955704
-0.005429689306765795
-0.007455882616341114
-0.01638767495751381
0.0031363056041300297
-0.005175222177058458
0.012532499618828297
-0.013130496256053448
0.006053133402019739
0.010006913915276527
0.015955079346895218
-0.016553077846765518
0.006313962396234274
0.010948441922664642
-0.0023458674550056458
0.004752171225845814
0.006864246912300587
0.01339768711477518
-0.0009844691958278418
0.017163798213005066
0.023423686623573303
0.015115339308977127
-0.015776952728629112
-0.006511174142360687
-0.02628643997013569
-0.0075322226621210575
0.012354372069239616
-0.023830832913517952
-0.018563367426395416
-0.020319189876317978
-0.00925623718649149
-0.012093544006347656
-0.009345300495624542
0.012093544006347656
-0.0010099158389493823
-0.024937765672802925
0.013512196950614452
-0.014326491393148899
0.005445593502372503
-0.010248658247292042
-0.009606128558516502
0.02872932329773903
-0.009415278211236
-0.008123858831822872
-0.022405818104743958
0.017736349254846573
-0.007468606345355511
-0.012926923111081123
0.015026275999844074
-0.029314598068594933
0.011794544756412506
0.0007184716523624957
-0.016095036640763283
0.01678209751844406
0.012049011886119843
-0.0057573155499994755
0.0038360897451639175
0.001824210281483829
0.0038678981363773346
-0.005032084882259369
0.0015928043285384774
-0.02519223280251026
0.01127924956381321
-0.05135143920779228
0.0011713433777913451
-0.009796978905797005
-0.009434363804757595
0.004262322094291449
0.002073905896395445
-0.015497040003538132
-0.001401954097673297
-0.023334622383117676
0.010770315304398537
0.03145211935043335
-0.02091718651354313
0.0039537809789180756
0.011826353147625923
0.005499667953699827
-0.02231675572693348
-0.023385515436530113
0.03297892212867737
0.0006405411404557526
-0.003253996605053544
0.02928915061056614
-0.15736238658428192
0.02656635455787182
0.029340043663978577
-0.0010027589742094278
0.00374066480435431
-0.01998838223516941
0.015217126347124577
0.026693586260080338
-0.01250069122761488
0.0007928237318992615
0.0077103497460484505
-0.008022071793675423
-0.013677600771188736
-0.04628754407167435
-0.016158653423190117
-0.020662719383835793
-0.010725783184170723
-0.0006397459073923528
0.031070418655872345
0.0019943849183619022
-0.004332300275564194
-0.013588537462055683
-0.02500138245522976
0.01349947415292263
0.00295976921916008
-0.0059418040327727795
-0.04058748483657837
-0.007646732963621616
-0.008365602232515812
-0.022024117410182953
0.02119710110127926
-0.0022234052885323763
0.03801736980676651
0.010305913165211678
0.0005471040494740009
-0.011972671374678612
-0.022176798433065414
-0.010045084170997143
-0.022698454558849335
0.015484316274523735
0.005235658492892981
0.01634950377047062
0.01530618965625763
0.006342589855194092
0.01510261557996273
0.015713335946202278
0.027177074924111366
-0.00625988794490695
0.024148916825652122
-0.004984372295439243
0.010350444354116917
-2.4738465072005056e-05
-0.013372240588068962
0.008899983018636703
0.024365214630961418
0.002096171723678708
0.016731204465031624
-0.007220500614494085
-0.0012230320135131478
-0.020624550059437752
-0.008995408192276955
0.0011872475733980536
0.010897548869252205
0.02435249090194702
0.0017987635219469666
-0.019174087792634964
-0.017799966037273407
0.032317306846380234
-0.044328149408102036
0.025815676897764206
0.006393482908606529
-0.021540630608797073
0.007996625266969204
-0.013779387809336185
-0.00883636623620987
0.003969685174524784
0.02604469656944275
0.03076505847275257
0.0005037651280872524
-0.021985948085784912
-0.010210487991571426
0.03781379386782646
-0.013524920679628849
-0.021298887208104134
-0.024848701432347298
-0.005878187250345945
-0.00907810963690281
0.014517341740429401
0.006164462771266699
0.006126292981207371
0.002509680576622486
-0.057865794748067856
-0.0020993526559323072
-0.014364661648869514
0.014046577736735344
0.02515406161546707
0.01250069122761488
-0.004707639105618
0.017100181430578232
0.02015378512442112
0.012965093366801739
0.027660561725497246
-0.026820819824934006
0.007048735395073891
0.0172274149954319
-0.030077997595071793
0.02671903371810913
0.006997842341661453
0.0018830556655302644
-0.012487967498600483
-0.020942633971571922
-0.009307130239903927
0.018334345892071724
0.014695468358695507
0.006132654380053282
0.00036519989953376353
0.016324058175086975
0.0010138918878510594
0.011431929655373096
0.01758366823196411
0.06020689010620117
0.008009348064661026
0.012602477334439754
0.0035816228482872248
-0.020802676677703857
-0.04135088622570038
-0.11868340522050858
-0.049824636429548264
0.01726558431982994
0.033309727907180786
-2.3732029148959555e-05
0.014593682251870632
-0.0005952141946181655
-0.0006377578829415143
-0.03132488578557968
0.01598052680492401
-0.029340043663978577
-0.013384963385760784
-0.00536925345659256
-0.003851993940770626
-0.005251562688499689
0.030994080007076263
-0.0017176521942019463
0.021616971120238304
-0.03799192234873772
0.021146206185221672
0.016400396823883057
-0.0010345673654228449
0.01131741888821125
-0.00885545089840889
-0.020204678177833557
0.026337333023548126
-0.020777229219675064
-0.020891739055514336
0.016960224136710167
-0.01726558431982994
-0.0352436788380146
-0.02319466695189476
0.005060712341219187
-0.011476460844278336
0.022812966257333755
-0.009167172946035862
-0.010821208357810974
-0.016044143587350845
0.02071361243724823
-0.0038806216325610876
0.001975300023332238
-0.014924488961696625
0.010541294701397419
-0.030841398984193802
-0.010840293951332569
-0.013346793130040169
0.0033335175830870867
0.028500303626060486
-0.009752447716891766
-0.0016397216822952032
-0.0004461124481167644
0.0078121367841959
-0.023703599348664284
0.001010711072012782
-0.010789399966597557
0.0005057531525380909
-0.0017590030329301953
-0.015993250533938408
-0.012265308760106564
-0.03012889064848423
0.01007689256221056
-0.0024428830947726965
-0.013410409912467003
0.009243513457477093
0.025586655363440514
-0.007888476364314556
-0.022609392181038857
-0.014657299034297466
0.031986501067876816
0.008422857150435448
0.015929633751511574
0.0035561760887503624
0.0005208621150813997
-0.00010635924991220236
-0.04315759986639023
0.013817557133734226
-0.013054156675934792
-0.014809979125857353
0.008925429545342922
0.007195054087787867
-0.007926646620035172
-0.01739281788468361
-0.011915416456758976
-0.022571222856640816
-0.00739226583391428
0.013588537462055683
-0.004437268245965242
-0.014250151813030243
-0.001668349141255021
-0.024301597848534584
0.004526331555098295
0.027940476313233376
0.003864717436954379
-0.0012953960103914142
0.021744204685091972
-0.006717928685247898
0.013970238156616688
-0.020649995654821396
-0.02023012563586235
0.015318912453949451
-0.02511589229106903
-0.008664600551128387
-0.047610774636268616
0.012195330113172531
0.0059418040327727795
-0.012138075195252895
-2.0762417989317328e-05
0.01098025031387806
0.043844662606716156
-0.005964070092886686
0.005261105019599199
-0.0041382694616913795
-0.008537367917597294
0.013893897645175457
-0.03132488578557968
-5.178800711291842e-05
-0.011368312872946262
-0.027787795290350914
0.034836530685424805
0.006218537222594023
0.01253886055201292
0.013054156675934792
0.01205537375062704
-0.013295900076627731
0.02671903371810913
0.006794268731027842
0.01374121755361557
0.021566078066825867
-0.005372434388846159
-0.0002455208741594106
-0.020968079566955566
0.004491342231631279
0.018321624025702477
-0.01590418629348278
-0.010693974792957306
0.0069151404313743114
-0.011813630349934101
-0.008181113749742508
0.0038138239178806543
0.035956185311079025
0.001038543414324522
0.03514189273118973
-0.014161087572574615
-0.00017951850895769894
0.015051722526550293
-0.03305526077747345
-0.010573103092610836
0.000661614176351577
-0.025624826550483704
-0.015153509564697742
0.017634563148021698
-0.004640841856598854
0.0232328362762928
0.019326766952872276
-0.018092602491378784
-0.024467000737786293
-0.011991756968200207
-0.015776952728629112
0.018677877262234688
0.0031140397768467665
0.01488631870597601
-0.018741494044661522
0.02944182977080345
-0.020739059895277023
-0.007824859581887722
-0.005082977935671806
-0.007328649517148733
0.0008492835913784802
0.027355201542377472
0.017163798213005066
0.001608708524145186
-0.01530618965625763
0.010324997827410698
0.013295900076627731
-0.009408917278051376
-0.005502848420292139
0.010763953439891338
-0.014148364774882793
0.01137467473745346
-0.007328649517148733
-0.02207501046359539
0.045244231820106506
-0.0052642859518527985
-0.006927863694727421
-0.03020523115992546
0.032393649220466614
0.007882115431129932
-0.0004417387826833874
-0.023907173424959183
-0.0005347782862372696
-0.0008357650367543101
0.004141450393944979
-0.004936659708619118
0.011934502050280571
-0.008378325961530209
0.024148916825652122
-0.001770135946571827
0.010185041464865208
0.02403440698981285
-0.01998838223516941
0.00925623718649149
0.008938153274357319
0.016654863953590393
0.00829562358558178
0.017087457701563835
-0.023627260699868202
-0.013613983988761902
0.029238257557153702
-0.029594510793685913
-0.02395806647837162
-0.020128339529037476
0.02388172782957554
0.016476737335324287
-0.002077086828649044
0.022049564868211746
0.0013073241570964456
-0.029060130938887596
0.002088219625875354
0.004405459854751825
0.003037699731066823
-0.04109641909599304
0.0176218394190073
-0.0021168473176658154
0.024785084649920464
0.02520495466887951
-0.017698179930448532
0.01430104486644268
0.019644850865006447
0.029798084869980812
-0.024187088012695312
-0.0023124688304960728
0.009046301245689392
-0.007023288868367672
-0.011870885267853737
0.004395917057991028
-0.0016842533368617296
-0.006908778566867113
-0.01578967645764351
0.02921281009912491
0.022978369146585464
-0.013817557133734226
0.05465950816869736
-0.00010934128658846021
-0.019759362563490868
0.00195780536159873
0.012131713330745697
-0.0052038501016795635
-0.0012564307544380426
-0.003727941308170557
-0.016654863953590393
-0.006390302442014217
0.02311832644045353
-0.0196321289986372
-0.0065461634658277035
-0.01838524080812931
-0.003139486536383629
-0.000620660895947367
-0.028576642274856567
0.025752060115337372
0.0027816423680633307
0.005706422030925751
0.02563754841685295
0.006603418383747339
0.0025701166596263647
0.024810532107949257
-0.018410686403512955
-0.015293465927243233
0.011349227279424667
-0.00869004800915718
-0.011966310441493988
-0.011578247882425785
-0.003153800265863538
0.0156242735683918
-0.044175468385219574
-0.00915445014834404
0.005636443849653006
-0.013588537462055683
0.001865561120212078
-0.003804281586781144
0.008670962415635586
0.016018696129322052
-0.0014854510081931949
0.013435857370495796
-0.03425125777721405
-0.06341317296028137
-0.022087734192609787
0.0014623899478465319
-0.0029056950006633997
-0.018919620662927628
-0.0168329905718565
