-0.008988487534224987
-0.006858484819531441
0.023748597130179405
-0.03155652433633804
-0.039701756089925766
0.006358777172863483
-0.017939496785402298
-0.003738436382263899
0.004359947517514229
-0.012530163861811161
-0.026909245178103447
-0.0031965661328285933
-0.0038008997216820717
0.013929344713687897
-0.005949641577899456
-0.0021175104193389416
0.04302481189370155
-0.012805003672838211
0.007707987446337938
0.009269572794437408
-0.010781188495457172
0.0075081042014062405
0.0027499524876475334
-0.008751126937568188
-0.022049590945243835
0.024310767650604248
0.007233265321701765
-0.015915682539343834
-0.014479023404419422
-0.0076330313459038734
-0.003588524181395769
-0.010181538760662079
-0.008020304143428802
-0.0021612346172332764
0.0033542863093316555
-0.01334218867123127
0.01873902976512909
0.031031832098960876
0.03947689011693001
0.011424561962485313
0.015341018326580524
-0.003857116913422942
-0.002169042592868209
-0.004772206302732229
-0.00600585900247097
0.019700966775417328
-0.02723405510187149
-0.027633821591734886
-0.044848743826150894
0.017427297309041023
0.023486249148845673
0.011355851776897907
-0.013804418034851551
-0.004228774458169937
-0.004053876735270023
-0.023386308923363686
-0.008601214736700058
0.006702326238155365
0.02728402614593506
-0.021799737587571144
0.013004885986447334
-0.025122791528701782
-0.020113224163651466
0.011493271216750145
0.022599268704652786
0.01425415463745594
-0.007083353120833635
0.007102092262357473
-0.007589306682348251
0.008513765409588814
0.011568227782845497
0.014129227958619595
-0.023024020716547966
-0.03318057581782341
0.0413757748901844
-0.011536995880305767
-0.020288122817873955
-0.0327308364212513
0.01783955655992031
0.026834290474653244
0.0029045494738966227
-0.017627179622650146
-0.02740895375609398
0.010781188495457172
0.01601562276482582
0.01885146275162697
0.006689833477139473
0.019813399761915207
0.002123756567016244
-0.007414409425109625
-0.022037098184227943
0.007133323699235916
-0.0032699606381356716
0.014691398479044437
0.002724967198446393
0.013929344713687897
-0.018576623871922493
0.010312712751328945
-0.019138794392347336
-0.033380456268787384
-0.0014444668777287006
0.006858484819531441
-0.04270000010728836
-0.006583645474165678
-0.020837800577282906
-0.0024485664907842875
-0.009575643576681614
0.007901623845100403
0.01705251634120941
-0.02833341248333454
-0.002718720817938447
0.028483323752880096
-0.02146243490278721
-0.013791925273835659
0.026409538462758064
-0.004700373392552137
-0.014079256914556026
0.0001335155830020085
-0.019938327372074127
-0.03190632164478302
0.03135664388537407
0.012261571362614632
0.014841311611235142
0.007989073172211647
0.006945933680981398
0.009700571186840534
-0.02396097220480442
-0.01440406683832407
-0.01606559380888939
-0.00863869208842516
-0.0134921008720994
0.002097209682688117
-0.0011571350041776896
-0.014941252768039703
-0.008857314474880695
0.0032543446868658066
-0.0009681831579655409
0.031631480902433395
-0.0350794643163681
-0.01716495119035244
0.022936571389436722
0.01649034582078457
-0.008307636715471745
-0.03767793998122215
-0.007433148100972176
0.02583487518131733
0.03755301609635353
0.03920204937458038
0.014191691763699055
0.01837674155831337
0.02547258697450161
-0.013941837474703789
0.0057684979401528835
-0.0023111470509320498
0.009900453500449657
0.002640641527250409
0.006864731200039387
0.022037098184227943
-0.003394887549802661
-0.0013265671441331506
-0.018514160066843033
-0.0052375588566064835
-0.007451887242496014
0.011462039314210415
0.0010267426259815693
0.009300804696977139
0.025135284289717674
0.015803247690200806
0.012299049645662308
0.008632445707917213
0.018589116632938385
0.03920204937458038
-0.029807548969984055
0.03153153881430626
-0.004272498656064272
0.02358619123697281
0.012124151922762394
0.017677150666713715
-0.013054857030510902
-0.020537976175546646
-0.038177650421857834
0.012167876586318016
0.009363268502056599
0.0046129245311021805
-0.02990749105811119
0.021125132218003273
0.0038071461021900177
-0.020900264382362366
0.012967408634722233
0.006814760155975819
0.02323639579117298
0.0009361706906929612
-0.015678321942687035
0.004828423261642456
-0.6472210884094238
0.0005637324647977948
-0.007464380003511906
-0.023073991760611534
0.009119660593569279
0.0063712699338793755
0.02978256344795227
0.0026656268164515495
-0.020038269460201263
-0.03155652433633804
0.015153628773987293
0.029732592403888702
0.01905134692788124
-0.015016208402812481
-0.00958188995718956
-0.02613469958305359
0.00733945332467556
-0.02638455294072628
0.025585021823644638
-0.019501082599163055
-0.017139965668320656
0.027084143832325935
-0.020150702446699142
0.0044692582450807095
0.00641499413177371
0.0011118490947410464
0.004450519569218159
0.004925241693854332
0.00559360021725297
-0.009869222529232502
-0.0071583092212677
0.013229754753410816
0.025147777050733566
0.02820848487317562
0.05112007260322571
0.016840141266584396
-0.018089409917593002
0.029257871210575104
0.018364248797297478
0.03280579298734665
0.017152458429336548
-0.02820848487317562
0.01728987693786621
-0.0036322486121207476
0.02196214161813259
0.01194925419986248
0.01355456467717886
-0.028033588081598282
0.005852823611348867
0.04329964891076088
0.005000197794288397
-0.021762259304523468
0.006939687300473452
0.010450132191181183
0.009769280441105366
-0.020363077521324158
0.010037872940301895
-0.014666413888335228
-0.008888546377420425
0.021449942141771317
0.010512595064938068
0.005462427157908678
-0.0005621708696708083
-0.015353511087596416
-0.024310767650604248
0.028408369049429893
-0.013067349791526794
-0.0339801050722599
0.005178218241780996
-0.018239321187138557
0.007445640861988068
0.03280579298734665
0.006052706390619278
0.0002121804718626663
0.013317203149199486
0.007608045823872089
0.031031832098960876
0.016602780669927597
-0.020587947219610214
0.017127472907304764
-0.021212581545114517
-0.02426079660654068
-0.01941363513469696
0.01297990046441555
0.00967558566480875
-0.039027150720357895
0.005521767307072878
-0.0002830374287441373
-0.013442130759358406
0.01577826216816902
-0.011374590918421745
0.0031278564129024744
0.008270158432424068
-0.008557490073144436
0.011555735021829605
0.03300567716360092
-0.004803437739610672
-0.008126492612063885
0.012049195356667042
-0.0028904953505843878
0.007970334030687809
-0.03118174523115158
-0.008395085111260414
0.01106852013617754
0.013117320835590363
0.0015342580154538155
0.0011024795239791274
0.0075393361039459705
0.04584815725684166
-0.003732190001755953
-0.0075518288649618626
-0.01043763943016529
-0.002731213578954339
0.002293969504535198
-0.018539145588874817
-0.03343042731285095
0.006343161221593618
0.0032762070186436176
-0.010231509804725647
-0.025547543540596962
0.005971503909677267
-0.0020784707739949226
0.008470041677355766
0.016277970746159554
-0.00033437454840168357
0.021874694153666496
-0.018876448273658752
0.011143475770950317
-0.0013320326106622815
-0.019800907000899315
-0.002342378720641136
-0.021087653934955597
0.016215506941080093
0.0057528819888830185
-0.004322469234466553
-0.011905529536306858
0.020175687968730927
-0.0018879572162404656
9.766011316969525e-06
-0.009175878018140793
-0.010899868793785572
-0.0011126298923045397
0.02463557757437229
0.013017378747463226
-0.031631480902433395
-0.04869649186730385
-0.013592042960226536
-0.00863869208842516
-0.032356057316064835
0.015478437766432762
-0.0028046080842614174
-0.01801445335149765
-0.027383968234062195
0.009032212197780609
-0.00195510545745492
-0.016765184700489044
-0.017789585515856743
-0.002703104866668582
-0.028758162632584572
-0.005487412214279175
0.012942423112690449
0.014279140159487724
-0.009294558316469193
0.03195629268884659
-0.022961556911468506
-0.017864542081952095
0.004038260784000158
0.027009187266230583
-0.04354950413107872
-0.04962094873189926
-0.0015381620032712817
0.015003715641796589
-0.015341018326580524
-0.0011961746495217085
0.02341129444539547
0.0006179975462146103
-0.00017255522834602743
-0.004965842701494694
-0.013929344713687897
-0.005840330850332975
-0.010899868793785572
0.01988835632801056
-0.01813938096165657
0.007333206944167614
-0.0075268433429300785
0.010131568647921085
0.017614686861634254
0.01661527343094349
0.005440564826130867
-0.008151478134095669
0.00553426006808877
0.02893306128680706
0.004453642759472132
0.02334883064031601
-0.01727738417685032
0.00733945332467556
0.015965653583407402
-0.007957841269671917
0.006343161221593618
0.0339801050722599
0.018876448273658752
-0.017752107232809067
0.009563150815665722
-0.007045874837785959
0.015341018326580524
0.0006749954773113132
-0.0016974437749013305
-0.02073785848915577
0.042125336825847626
0.019388649612665176
0.00010130787995876744
-0.01757720857858658
-0.008470041677355766
-0.019813399761915207
-0.016715213656425476
0.03198127821087837
0.00020203016174491495
0.008332621306180954
-0.026784319430589676
0.001828616950660944
0.0058653163723647594
-0.005428072065114975
0.0063743931241333485
0.005902794189751148
-0.010368929244577885
0.023148948326706886
0.016402896493673325
-0.004309976939111948
0.011624444276094437
-0.0052375588566064835
0.022724196314811707
0.00994417816400528
-0.0038696094416081905
0.04025143384933472
0.014366589486598969
0.020662903785705566
-0.0009197740000672638
-0.00885106809437275
0.03258092701435089
0.009681832045316696
0.013017378747463226
0.037328146398067474
0.005050168372690678
-0.020163195207715034
0.00440991809591651
0.014441545121371746
0.01741480454802513
-0.01340465247631073
-0.015553394332528114
0.003663480281829834
-0.00010052708239527419
-0.002770253224298358
-0.004541091620922089
-0.031506553292274475
-0.008307636715471745
-0.018464190885424614
0.003738436382263899
0.0031247332226485014
-0.006346284411847591
0.027309011667966843
-0.010106583125889301
0.0062838210724294186
-0.0008979118429124355
0.018364248797297478
0.01662776619195938
-0.011268403381109238
0.016028115525841713
-0.01246145460754633
-0.03138162940740585
-0.025035342201590538
-0.015565887093544006
0.011093505658209324
-0.017077501863241196
-0.0021112640388309956
0.0134921008720994
0.002120633376762271
0.019251229241490364
-0.00011604533938225359
0.02268671803176403
0.006533674895763397
-0.04372440278530121
-0.030607081949710846
-0.011818081140518188
0.041400760412216187
-0.0015202037757262588
-0.005677925888448954
0.0018083163304254413
-0.014903774484992027
-0.015490930527448654
0.002826470183208585
-0.0013960576616227627
-0.024585606530308723
0.016902605071663857
-0.00438180984929204
-0.0063712699338793755
-0.02935781329870224
0.015840725973248482
0.0031512801069766283
0.004797191359102726
-0.007333206944167614
0.0013859074097126722
-0.0103439437225461
-0.028883090242743492
0.007989073172211647
0.010606290772557259
0.0286332368850708
-0.03530433028936386
0.0039757974445819855
0.0018692181911319494
-0.023436279967427254
0.00467226468026638
-0.008857314474880695
0.003560415469110012
0.009656846523284912
-0.0032668374478816986
0.0029951215256005526
0.031756408512592316
-0.006771035958081484
0.014454037882387638
-0.010325205512344837
-0.0031606496777385473
0.0003603359218686819
-0.025497572496533394
-0.013029871508479118
0.03990164026618004
-0.004150695167481899
-0.01334218867123127
0.02948273904621601
0.010550073347985744
-0.002706228056922555
0.0005184464971534908
-0.0355541855096817
0.01757720857858658
-0.005396840628236532
-0.005609216168522835
0.007757958024740219
0.00529377581551671
-0.013129813596606255
0.008064028806984425
0.016640257090330124
-0.009007226675748825
0.006852238439023495
0.03275582194328308
0.02135000005364418
0.015003715641796589
-0.025634992867708206
0.006533674895763397
0.004647279158234596
0.002906111069023609
0.0034479813184589148
0.03862738609313965
0.022649239748716354
-0.008826082572340965
-0.011462039314210415
-0.007957841269671917
0.011087259277701378
0.03403007611632347
0.012748786248266697
-0.011943007819354534
0.00846379529684782
0.0003097795706707984
0.037453074008226395
-0.006939687300473452
-0.013154798187315464
0.026184670627117157
0.022274458780884743
-0.0007538555073551834
-0.010300219990313053
0.004419287666678429
-0.0034011336974799633
0.0371282622218132
0.00955690536648035
-0.008794850669801235
-0.004715988878160715
0.014941252768039703
0.029682623222470284
-0.0070146434009075165
0.014891281723976135
0.016215506941080093
-0.012455208227038383
0.018664073199033737
0.012530163861811161
-0.020425541326403618
-0.014741369523108006
-0.0028904953505843878
-0.04844663664698601
0.01364201307296753
-0.02693423070013523
0.0029529586900025606
-0.013067349791526794
0.013467115350067616
0.00635565398260951
-0.030307257547974586
0.008288897573947906
0.012230339460074902
-0.048546578735113144
-0.021674809977412224
0.00641499413177371
-2.182560092478525e-05
0.011255910620093346
0.004644155967980623
-0.002748390892520547
-0.008470041677355766
0.02838338352739811
-0.009575643576681614
-0.011643183417618275
0.015478437766432762
0.0004146010323893279
0.002921727020293474
0.010543826967477798
0.007995319552719593
-0.0011704085627570748
0.017015038058161736
0.0349295511841774
-0.0265094805508852
-0.011599458754062653
0.008594968356192112
0.00391021091490984
-0.022336922585964203
0.02790866047143936
0.010937347076833248
0.010699985548853874
-0.006115169730037451
-0.01076869573444128
-0.00013966432015877217
-0.0026062866672873497
-0.01571579836308956
0.010724971070885658
0.016777677461504936
0.0057622515596449375
-0.009213356301188469
0.01355456467717886
-0.016652749851346016
-0.017964482307434082
0.04349953308701515
-0.0045161060988903046
0.0004774548579007387
0.0009947301587089896
0.00813273899257183
-0.00818895548582077
0.004007028881460428
0.04384932667016983
0.006614877376705408
-0.008557490073144436
0.0006613315781578422
-0.03560415655374527
0.0039820438250899315
0.011143475770950317
-0.025197748094797134
0.0045129829086363316
0.004894009791314602
-0.009138399735093117
-0.01897639036178589
0.0011048219166696072
-0.0051501099951565266
0.04070117324590683
-0.026459509506821632
-0.04202539473772049
-0.021874694153666496
0.002731213578954339
-0.021275045350193977
0.01246145460754633
0.0051095085218548775
-0.0075268433429300785
-0.008476287126541138
-0.010050365701317787
-0.010106583125889301
-0.007957841269671917
0.042175307869911194
-0.02710912935435772
-0.032480984926223755
-0.0034573508892208338
-0.015390989370644093
0.028058573603630066
-0.010100336745381355
0.008826082572340965
-0.015878204256296158
0.024673055857419968
-0.0045941853895783424
-0.011943007819354534
0.0014413436874747276
-0.007095845881849527
0.00263127195648849
0.002509468235075474
-0.0037665448617190123
-0.0038196388632059097
0.0017255522543564439
-0.0023376939352601767
-0.006552414037287235
-0.007258250843733549
0.009088429622352123
-0.028408369049429893
-0.03670351207256317
0.033205561339855194
0.0010415776632726192
-0.01691509783267975
0.012748786248266697
0.00014308029494713992
0.0029342195484787226
0.03243101388216019
-0.01625298522412777
-0.023123962804675102
0.001858287025243044
-0.015016208402812481
-0.0016302955336868763
0.006852238439023495
-0.01891392655670643
0.013866881839931011
-0.01735234074294567
0.006864731200039387
0.00476283673197031
0.00022974830062594265
-0.02262425422668457
-0.003747805953025818
0.03725318983197212
-0.02261176146566868
0.010318959131836891
0.006149524822831154
-0.002653134288266301
-0.0022315061651170254
0.008195201866328716
-0.02317393198609352
0.004038260784000158
0.019238736480474472
-0.004575446248054504
0.006771035958081484
-0.016727706417441368
0.019376156851649284
-0.024210825562477112
0.02092524990439415
-0.0009369514882564545
-0.008769866079092026
0.00973180215805769
-0.008207694627344608
-0.0039601814933121204
-0.00934452936053276
0.020900264382362366
-0.005602969788014889
0.0012742539402097464
0.004135079216212034
0.007576814386993647
0.036478642374277115
-0.008544997312128544
0.006439979653805494
0.013517086394131184
-0.030007431283593178
0.028783148154616356
0.010956086218357086
0.031756408512592316
0.02050049789249897
-0.006021474953740835
-0.039401933550834656
0.012748786248266697
0.012336527928709984
-0.004662895109504461
0.014354096725583076
-0.012692568823695183
0.013379666954278946
-0.01625298522412777
0.008213941007852554
0.03882727026939392
-0.014216677285730839
-0.01070623192936182
-0.00018055835971608758
0.027933645993471146
-0.010881129652261734
-0.0333554707467556
0.014991223812103271
-0.02565997652709484
0.034854594618082047
0.006133908871561289
0.02408589981496334
-0.02765880711376667
-0.02043803408741951
-0.014141720719635487
0.05421825870871544
-0.003716574050486088
0.018101902678608894
-0.01727738417685032
0.013617027550935745
-0.02449815720319748
-0.006030844058841467
-0.0166777353733778
-0.003376148408278823
0.004185049794614315
0.02469804137945175
-0.009113414213061333
-0.006552414037287235
0.009725555777549744
-0.040776126086711884
0.03045716881752014
0.0007046655518934131
-0.021974634379148483
0.023011527955532074
-0.008163969963788986
0.007295728661119938
0.025684962049126625
0.000169334452948533
-0.011062273755669594
0.00803904328495264
0.02268671803176403
-0.032181158661842346
0.029582681134343147
0.001699005370028317
-0.027858689427375793
0.017677150666713715
-0.01209916640073061
-0.03025728650391102
-0.011443300172686577
-0.031756408512592316
-0.01112473662942648
-0.010631276294589043
0.011418315581977367
-0.007414409425109625
-0.017689643427729607
0.0035260606091469526
0.0015014647506177425
0.00618387944996357
0.014079256914556026
0.01582823321223259
-0.005396840628236532
0.004684757441282272
-0.041225865483284
-0.029033003374934196
-0.005368731915950775
0.0112496642395854
0.004288114607334137
0.019925834611058235
-0.0018473559757694602
-0.012448961846530437
0.02504783496260643
-0.00970681756734848
-0.018351756036281586
-0.017677150666713715
0.007914116606116295
0.0068834698759019375
-0.001116533880122006
-0.006983411498367786
0.008576229214668274
0.0004661333514377475
0.00742690172046423
0.018401727080345154
-0.01491626724600792
0.004359947517514229
-0.017489761114120483
-0.03462972491979599
-0.007839160971343517
-0.019925834611058235
0.019576039165258408
-0.015390989370644093
0.022549297660589218
0.004719112068414688
-0.02940778248012066
-0.0015334772178903222
0.002184658544138074
0.010968578048050404
-0.026109714061021805
-0.00016972485173027962
-0.012336527928709984
-0.0153784966096282
-0.027034172788262367
0.010874883271753788
-0.00033398414961993694
-0.004100724123418331
-0.030007431283593178
-0.0013086089165881276
0.0046004317700862885
0.014066765084862709
-0.02146243490278721
0.00016386891365982592
-0.005999612621963024
-0.021424956619739532
-0.03635371848940849
0.008751126937568188
-0.03595395013689995
0.04469883069396019
0.007495611906051636
0.004844039212912321
-0.010075351223349571
-0.004784698598086834
-0.022936571389436722
0.00748936552554369
0.024335753172636032
0.024110883474349976
0.010431393049657345
0.0003970331745222211
0.01085614413022995
0.018876448273658752
0.005246927961707115
0.024760503321886063
-0.03905213624238968
-0.004697250202298164
-0.019913341850042343
-0.011818081140518188
-0.02304900623857975
-0.018776508048176765
-0.009269572794437408
-0.010774942114949226
0.03293072059750557
-0.008869807235896587
-0.00742690172046423
0.009038458578288555
-0.03595395013689995
-0.0015061494195833802
0.00991294626146555
0.01355456467717886
0.007570568006485701
-0.004125709645450115
-0.0016287339385598898
-0.011999225243926048
0.014628935605287552
0.012380251660943031
-0.01410424243658781
-0.018276799470186234
-0.008170216344296932
0.03652861341834068
-0.013866881839931011
0.0246230848133564
-0.012392744421958923
-0.004884640220552683
0.0022705458104610443
-0.005537383258342743
0.0024907293263822794
-0.020550468936562538
-0.0031059940811246634
0.01946360431611538
-0.019013868644833565
0.005315638147294521
-0.01052508782595396
0.012286556884646416
-0.007451887242496014
0.007620538584887981
0.025460094213485718
-0.01740231178700924
0.028133530169725418
-0.01310482807457447
-0.022661732509732246
-0.009238341823220253
-0.018938912078738213
-0.029757577925920486
0.021762259304523468
-0.024460678920149803
0.013766939751803875
0.01820184290409088
-0.022599268704652786
0.007195787038654089
-0.02037557028234005
-0.01052508782595396
-0.01440406683832407
-0.01395433023571968
0.02012571692466736
-0.02086278609931469
0.00346359726972878
-0.01642788201570511
-0.004728481639176607
0.021637331694364548
-0.0035447997506707907
0.022899093106389046
-0.04120087996125221
0.004519229289144278
0.20348086953163147
-0.026109714061021805
0.004125709645450115
0.0006675779004581273
0.006920948158949614
0.010612537153065205
0.03390514850616455
-0.00173179863486439
-0.0015272308373823762
0.01006285846233368
0.020962728187441826
-0.03782785311341286
-0.017302369698882103
0.014691398479044437
-0.004884640220552683
-0.019188765436410904
-0.03340544179081917
-0.02188718691468239
0.010287727229297161
-0.00788913108408451
0.03033224120736122
0.014191691763699055
-0.0024969757068902254
-0.007845407351851463
0.032605912536382675
0.01873902976512909
-0.011149722151458263
0.006727311294525862
0.03875231370329857
0.002401718869805336
-0.024173347279429436
0.010793681256473064
0.009257080033421516
0.011224678717553616
-0.009844237007200718
0.017514746636152267
0.02426079660654068
-0.0006913921097293496
0.01916377991437912
0.012761279009282589
0.028308426961302757
-0.031806379556655884
0.007064613979309797
-0.007389423903077841
-0.009057197719812393
0.0366535410284996
0.013816910795867443
-0.004650402348488569
0.020975220948457718
-0.01168066170066595
-0.027383968234062195
0.019076332449913025
0.0051220012828707695
0.013741955161094666
-0.018951404839754105
0.02808355912566185
0.021687302738428116
0.01892641931772232
0.018876448273658752
-0.004572323057800531
-0.005671679507941008
0.014379081316292286
-0.019725952297449112
0.03887723758816719
-0.006608630996197462
0.018426712602376938
-0.025397630408406258
-0.005403086543083191
-0.01370447687804699
-0.004241266753524542
0.010962331667542458
-0.004391179420053959
-0.010906115174293518
-0.002815539250150323
-0.011549488641321659
-0.01452899444848299
0.024535635486245155
-0.0005539725534617901
0.0012320912210270762
0.034779638051986694
-0.02516026981174946
-0.014191691763699055
-0.0238360445946455
0.004206912126392126
0.015503423288464546
-0.023323845118284225
0.021150117740035057
0.01161819789558649
-0.010456378571689129
-0.032605912536382675
-0.006255712825804949
-0.003168457420542836
0.001396838459186256
-0.01661527343094349
0.0024516896810382605
-0.00011819252540590242
0.009194617159664631
0.030357226729393005
-0.024173347279429436
0.007864145562052727
0.013991808518767357
0.04010152444243431
0.01898888312280178
0.011674415320158005
-0.01885146275162697
0.01497873105108738
-0.016178028658032417
-0.013966822996735573
-0.0025079066399484873
-0.041150908917188644
-0.00429123779758811
-0.014816326089203358
-0.0011368343839421868
-0.010412653908133507
-0.012773771770298481
0.0371282622218132
0.007776697166264057
-0.0063619003631174564
0.013529579155147076
-0.0075393361039459705
0.01880149357020855
-0.007095845881849527
-0.001919188885949552
0.022274458780884743
-0.001460863510146737
-0.009563150815665722
-0.0322561152279377
0.02062542550265789
-0.007214526180177927
-0.019263722002506256
0.012486440129578114
-0.030032416805624962
0.026184670627117157
0.020587947219610214
-0.019176272675395012
-0.004706619307398796
-0.0024938525166362524
0.0019129426218569279
7.788409129716456e-05
0.026334581896662712
0.004959596320986748
-0.028458338230848312
-0.012817496433854103
0.009563150815665722
-0.009744294919073582
-0.038177650421857834
-0.008526258170604706
0.010031626559793949
-0.008988487534224987
0.002106579253450036
0.0006070664967410266
-0.02838338352739811
-0.009275819174945354
-0.0034011336974799633
-0.004063246306031942
0.006105800159275532
-0.02570994757115841
0.0004879955668002367
0.008626200258731842
0.0023970340844243765
-0.02164982445538044
0.013542071916162968
0.005215696524828672
0.0017396064940840006
0.0016490345587953925
0.016890112310647964
-0.15361006557941437
0.014029286801815033
0.020175687968730927
-0.01953856088221073
0.008295143954455853
-0.004678511060774326
0.00967558566480875
0.013666998594999313
-0.009169631637632847
-0.01891392655670643
0.004797191359102726
0.0022736687678843737
-0.03882727026939392
-0.02868320792913437
0.0013062665238976479
-0.018051931634545326
-0.01304236426949501
0.007445640861988068
0.03173142299056053
0.0046066781505942345
0.008170216344296932
-0.0009275819757021964
-0.01070623192936182
0.009931685402989388
0.009681832045316696
0.002450128085911274
-0.029207900166511536
0.01264259871095419
0.013079842552542686
-0.00647745793685317
0.005296899005770683
0.0022580530494451523
0.0371282622218132
0.008538750931620598
0.0026140946429222822
0.0005196176934987307
-0.007314467802643776
-0.025572529062628746
-0.012586381286382675
0.001831740140914917
0.0021924665197730064
0.004522352479398251
0.012080427259206772
-0.006080815102905035
0.01716495119035244
0.018389234319329262
0.025272704660892487
-0.00906344410032034
0.005621708929538727
-0.011655676178634167
0.01801445335149765
0.0025594390463083982
0.011561981402337551
-0.0036853423807770014
0.015565887093544006
-0.018764015287160873
0.004175680223852396
-0.002329885959625244
0.010056612081825733
-0.007320714183151722
-0.015241077169775963
-0.01875152252614498
-0.017077501863241196
0.03827758878469467
0.022836631163954735
-0.02820848487317562
-0.006508689373731613
0.014953745529055595
-0.05017062649130821
0.009244588203728199
0.006464965175837278
-0.024885430932044983
0.011074766516685486
-0.022586775943636894
-0.014179199002683163
0.009638107381761074
-0.0028436477296054363
0.03597893565893173
-0.003388641169294715
-0.003660357091575861
-0.019001375883817673
0.03093189187347889
-0.019313693046569824
-0.025522558018565178
-0.0017177443951368332
-0.004403671715408564
-0.006299437023699284
-0.00444114999845624
-0.005802852567285299
0.000826859672088176
0.0028920569457113743
-0.0550677590072155
-0.024035928770899773
-0.005809098947793245
-0.0069147017784416676
0.016390403732657433
0.0007132543250918388
1.2486586456361692e-05
0.005296899005770683
-0.006652355194091797
0.011455792933702469
0.042125336825847626
-0.005225066095590591
-0.009719309397041798
0.025385137647390366
-0.013592042960226536
-0.005378101486712694
0.007695494685322046
0.01385438907891512
0.015665829181671143
-0.028408369049429893
-0.0063681467436254025
0.016777677461504936
0.01606559380888939
0.032106202095746994
0.010231509804725647
-0.008470041677355766
0.004091354552656412
0.03330549970269203
0.002534453757107258
0.056067176163196564
-0.021499913185834885
-0.01795198954641819
0.019501082599163055
-0.024585606530308723
-0.04474880173802376
-0.10763698071241379
-0.04190047085285187
0.026759333908557892
0.0019269968615844846
0.020113224163651466
0.012442715466022491
-0.006852238439023495
-0.006502442993223667
-0.005178218241780996
0.01058755163103342
-0.027933645993471146
-0.012467700988054276
0.004559830296784639
-0.0007105215336196125
-0.015553394332528114
0.020825307816267014
0.0015342580154538155
-0.00011204378097318113
-0.03373025357723236
0.009650600142776966
0.014441545121371746
0.01544096041470766
-0.016153043136000633
-0.0082201873883605
-0.006989657878875732
-0.01364201307296753
-0.03263089805841446
0.006027720868587494
0.010537580586969852
0.0002689831599127501
-0.02833341248333454
-0.013929344713687897
-0.007882884703576565
-0.007926609367132187
0.035029493272304535
-0.012299049645662308
-0.01109975203871727
-0.016053101047873497
0.038002751767635345
-0.017752107232809067
0.0036166326608508825
0.012017964385449886
0.02783370390534401
-0.013816910795867443
-0.0063619003631174564
-0.022661732509732246
-0.011967993341386318
0.0022315061651170254
-0.0011110682971775532
-0.029307842254638672
-0.023786073550581932
-0.01310482807457447
-0.044124167412519455
-8.047046867432073e-05
0.0011626005871221423
-0.006108923349529505
0.0029982447158545256
0.0032637142576277256
-0.011262157000601292
-0.04162563011050224
-0.008476287126541138
-0.0082201873883605
-0.020050762221217155
0.026759333908557892
0.021874694153666496
-0.004156941547989845
-0.014803833328187466
-0.021137624979019165
0.017427297309041023
0.01612805761396885
0.00272184400819242
0.004466135520488024
0.0017770846607163548
0.0018083163304254413
-0.009294558316469193
0.02408589981496334
-0.01601562276482582
-0.015515916049480438
-0.01236775889992714
0.00547491991892457
-0.005321884527802467
0.010318959131836891
-0.016965067014098167
-0.01862659491598606
0.016352925449609756
0.013229754753410816
0.005706034600734711
-0.0007280893623828888
-0.0038227620534598827
-0.020213166251778603
-0.005184464622288942
0.02833341248333454
-0.006471211556345224
0.011811834760010242
0.0233613234013319
-0.009325790219008923
0.0012047634227201343
-0.008526258170604706
-0.005528013687580824
0.025634992867708206
-0.03080696426331997
-0.01224907860159874
-0.05871562659740448
0.007139570079743862
0.008245172910392284
-0.009294558316469193
0.010300219990313053
-0.004975212272256613
0.023036513477563858
-0.006621123757213354
0.014454037882387638
0.001656842534430325
-0.001065001473762095
0.01891392655670643
-0.007227018941193819
-0.00500332098454237
-0.02953271009027958
-0.017152458429336548
0.04639783501625061
0.00022935791639611125
-0.004094477742910385
0.0032762070186436176
-0.002776499604806304
-0.004219404887408018
0.02487293817102909
0.02402343600988388
0.002760883653536439
0.009319543838500977
0.0026968587189912796
0.0039820438250899315
-0.0003152451245114207
0.019975805655121803
0.007314467802643776
-0.021549884229898453
-0.005396840628236532
0.0174647755920887
-0.005671679507941008
-0.01440406683832407
0.003291822737082839
0.018239321187138557
0.009969163686037064
0.07035880535840988
-0.017727121710777283
-0.025809889659285545
0.027383968234062195
-0.024123376235365868
-0.013442130759358406
0.0027780611999332905
-0.020463019609451294
0.007495611906051636
0.010881129652261734
-0.007864145562052727
0.03977671265602112
0.04007653892040253
-0.008532504551112652
-0.021787244826555252
-0.013354681432247162
0.003560415469110012
-0.015366003848612309
0.007795436307787895
-0.00828265119343996
-0.02322390303015709
0.03700333461165428
-0.00988171435892582
-0.004428657237440348
0.015203598886728287
-0.0034511045087128878
-0.007326960563659668
0.02238689363002777
-0.012386498041450977
-0.005309391766786575
-0.0030076142866164446
0.0057403892278671265
0.01589069701731205
0.012854973785579205
0.012879959307610989
0.021449942141771317
-0.0034542276989668608
-0.010012888349592686
0.003382394788786769
-0.017239907756447792
0.02795863151550293
-0.0008744880324229598
0.01813938096165657
-0.03935196250677109
0.005696665029972792
0.031506553292274475
-0.0008627761271782219
0.004431780427694321
0.01601562276482582
-0.009213356301188469
-0.004956473130732775
-0.012904944829642773
0.011674415320158005
0.00014415389159694314
0.014479023404419422
0.010418900288641453
-0.0007737657288089395
-0.0010119075886905193
-0.016415389254689217
0.023686133325099945
0.014578964561223984
0.010181538760662079
-0.004235020838677883
0.0027561988681554794
-0.03705330565571785
-0.018114395439624786
0.0024844829458743334
-0.026659391820430756
-0.02620965614914894
-0.007064613979309797
0.014716384001076221
0.010656260885298252
-0.02358619123697281
0.019363664090633392
0.005268790293484926
-0.037278175354003906
-0.01015655416995287
0.00550302816554904
-0.009225849062204361
-0.020900264382362366
0.009082183241844177
-0.022774167358875275
0.029457753524184227
0.02139997109770775
0.010550073347985744
0.0020441156812012196
0.009575643576681614
0.03088192082941532
0.0030013679061084986
0.009050951339304447
0.004344331566244364
-0.00825141929090023
-0.009219602681696415
-0.04105096682906151
-0.006240096874535084
-0.017139965668320656
-0.022824138402938843
0.015428467653691769
0.016327939927577972
-0.01485380344092846
0.07440643757581711
-0.011524503119289875
-0.023861030116677284
0.014803833328187466
0.005378101486712694
-0.00035018561175093055
-0.013604534789919853
0.0045941853895783424
-0.019863370805978775
0.008320128545165062
0.017015038058161736
-0.0071583092212677
0.018526652827858925
-0.03567911311984062
0.008182709105312824
-0.004709742497652769
-0.022349415346980095
0.018776508048176765
0.005890301428735256
0.015053686685860157
0.04974587634205818
-0.009744294919073582
0.010962331667542458
-0.013379666954278946
-0.014454037882387638
0.00782042182981968
0.021499913185834885
-0.009219602681696415
-0.00858247559517622
-0.035454243421554565
0.011112244799733162
0.0069959042593836784
-0.056317027658224106
-0.02740895375609398
0.0063837626948952675
-0.020825307816267014
-0.0051095085218548775
-0.006621123757213354
-0.013154798187315464
0.01164942979812622
-0.00925083365291357
0.011874298565089703
-0.014079256914556026
-0.03952685743570328
-0.019238736480474472
0.010418900288641453
-0.0037696680519729853
0.010275234468281269
-0.014054272323846817
