0.019407719373703003
-0.017140645533800125
0.013523812405765057
-0.013667961582541466
-0.03433370962738991
0.024531565606594086
-0.044266898185014725
0.0020098979584872723
-0.0233914777636528
-0.01603987067937851
-0.010136307217180729
0.005916667636483908
-0.0143100805580616
0.007803711574524641
-0.0060411603190004826
-0.012128186412155628
0.03698081150650978
-0.0020770584233105183
0.0051172953099012375
-0.011545037850737572
-0.014480438083410263
0.0048945192247629166
-0.011197769083082676
-0.013563125394284725
-0.03228941187262535
0.007259876001626253
0.009461427107453346
-0.023588044568896294
-0.005028840154409409
-0.007023995742201805
-0.00721401022747159
-0.004134459886699915
-0.009291068650782108
-0.0024964013136923313
0.0041049751453101635
0.016223333775997162
0.0038068483117967844
0.011741604655981064
0.03079550340771675
0.010942231863737106
0.018306942656636238
-0.002157323295250535
0.006873294245451689
-0.011872649192810059
-0.012409931980073452
0.025593029335141182
-0.023758402094244957
-0.011879201047122478
-0.04114803299307823
0.035198602825403214
0.016236437484622
0.005841317120939493
-0.021884463727474213
0.0026323602069169283
4.399083195494313e-07
-0.01282927580177784
-0.006801219657063484
0.022854194045066833
0.01416593138128519
-0.022814881056547165
-0.0027142632752656937
-0.014781841076910496
-0.018071062862873077
-0.005146780516952276
-0.0058052800595760345
0.02242174744606018
-0.007633353117853403
-0.005782347172498703
-0.012672021985054016
0.003354744054377079
0.016380585730075836
-0.0005843774415552616
-0.007351607084274292
-0.008675158955156803
0.033206723630428314
0.005340071395039558
-0.004439138807356358
-0.02985198050737381
-0.0004533327301032841
0.019329091534018517
-0.0036692514549940825
-0.01320930477231741
-0.026798639446496964
0.02243485115468502
0.017402734607458115
0.0042884377762675285
0.021766522899270058
0.00647688377648592
0.010345978662371635
-0.016865452751517296
-0.014270766638219357
0.015659840777516365
0.008544113487005234
0.007607144303619862
-0.009402456693351269
0.006083749700337648
-0.0021933605894446373
0.01294721569865942
-0.031450726091861725
-0.04188188537955284
-5.876535578863695e-05
-0.010129754431545734
-0.029249174520373344
0.0009959397139027715
-0.014519752003252506
0.002535714767873287
-0.011440201662480831
0.009684203192591667
0.019853271543979645
-0.03719048202037811
-0.025042640045285225
0.04908934235572815
-0.011636768467724323
-0.009841456077992916
0.02125544846057892
-0.019198046997189522
0.015122557058930397
-0.03129347413778305
0.004304818343371153
-0.00642118975520134
0.02835807204246521
-0.00647360784932971
0.014152826741337776
0.0020279167219996452
0.024610193446278572
0.017363421618938446
-0.013746588490903378
-0.007921651937067509
-0.03404540941119194
-0.010699799284338951
-0.0010802997276186943
0.0033580202143639326
0.012278887443244457
0.00048773197340779006
-0.014074199832975864
-2.9792192435706966e-05
-0.02149133011698723
0.024217059835791588
-0.01974843442440033
-0.007626801263540983
0.012121633626520634
0.022841090336441994
-0.008838964626193047
-0.0350937694311142
-0.004753646440804005
0.007148487959057093
0.03299705311655998
0.005779070779681206
0.02364046312868595
0.005143504124134779
0.03179144114255905
-0.029511265456676483
-0.004406377673149109
-0.004671743139624596
0.005710272584110498
-0.011767813004553318
0.011486067436635494
0.014873572625219822
-0.008616188541054726
-0.01382521539926529
-0.010503232479095459
0.0019394614500924945
5.339687504601898e-06
0.023496313020586967
0.0031319682020694017
0.005281100980937481
0.002781423507258296
0.011885753832757473
0.007194353733211756
0.01581709459424019
0.008544113487005234
0.018804913386702538
-0.03349502384662628
0.017389630898833275
0.005556295160204172
0.03312809765338898
-0.004937108606100082
0.01010354608297348
0.0008157531847245991
-0.02446604333817959
-0.007653010077774525
0.013733483850955963
0.005497324746102095
0.027519386261701584
-0.02806977368891239
0.03108380176126957
-0.0025439050514250994
-0.005526809953153133
-0.007063308730721474
0.004183601588010788
0.032944634556770325
0.007358159404247999
0.012409931980073452
-0.008563770912587643
-0.6390787363052368
0.004648810252547264
-0.005143504124134779
0.003587348386645317
0.02247416414320469
2.477563793945592e-05
0.02914433926343918
0.011617111973464489
0.0041049751453101635
-0.03407162055373192
0.011833335272967815
0.022788671776652336
0.004855205770581961
-0.016367482021450996
-0.013484498485922813
-0.016393691301345825
0.006185309495776892
-0.023758402094244957
0.017861392349004745
-0.025946849957108498
-0.028436698019504547
0.012121633626520634
0.004072214011102915
0.005585779901593924
-0.016170915216207504
-0.01394315529614687
-0.00851790513843298
-0.008498248644173145
0.02568475902080536
0.01320930477231741
-0.00900932215154171
0.030507205054163933
0.007181249093264341
0.023745298385620117
0.057554829865694046
0.024557774886488914
-0.024505358189344406
0.02145201526582241
0.022827984765172005
0.009828352369368076
-0.006411361508071423
-0.009972501546144485
0.0033006882295012474
0.01601366139948368
0.020049838349223137
-0.018175898119807243
0.03184385970234871
-0.019892584532499313
-0.01479494571685791
0.024531565606594086
0.002586494665592909
0.006892950739711523
-0.009500740095973015
-0.009317277930676937
0.01062772423028946
-0.003839609446004033
-0.011682634241878986
0.010752216912806034
-0.0022425022907555103
0.018857331946492195
-0.0072402190417051315
-0.0009730068268254399
-0.003284307662397623
-0.02367977611720562
-0.014257662929594517
0.023325955495238304
0.0010688332840800285
-0.004304818343371153
0.017206167802214622
-0.014925990253686905
-0.011715395376086235
0.03352123126387596
0.015148766338825226
-0.015358437784016132
0.022880403324961662
-0.01750757172703743
0.005091086495667696
0.008603083901107311
-0.00999870989471674
0.00962523277848959
-0.028174608945846558
-0.014375602826476097
-0.01803174987435341
0.03451717272400856
0.013163438998162746
-0.028253234922885895
-0.01527981087565422
-0.02394186519086361
0.01774345152080059
0.014611483551561832
-0.0013047137763351202
0.0150570347905159
0.010784978047013283
-0.014087304472923279
-0.0005335976020433009
0.037138067185878754
0.020600225776433945
-0.010208381339907646
0.0007043652003630996
0.006801219657063484
-0.0023473380133509636
-0.016131602227687836
-0.0001449681876692921
-0.0175468847155571
0.010686694644391537
-0.014834259636700153
-0.016197124496102333
-0.0059920186176896095
0.041305288672447205
-0.004501385148614645
-0.0025324386078864336
-0.008589979261159897
-0.0066341375932097435
-0.006660346407443285
-0.017389630898833275
-0.032682545483112335
0.021818941459059715
0.018804913386702538
0.010916022583842278
-0.017363421618938446
0.010339425876736641
-0.0088651729747653
0.0158039890229702
0.008570322766900063
-0.016406795009970665
0.030035443603992462
-0.014834259636700153
-0.014585274271667004
-0.011866097338497639
-0.022998344153165817
0.01489978190511465
-0.023850133642554283
0.004642258398234844
-0.002198274713009596
0.010142859071493149
-0.0016028403770178556
0.025317834690213203
-0.006879846565425396
0.005376108456403017
-0.01022148597985506
-0.006453950889408588
-0.018818017095327377
0.0026274460833519697
-0.0024341552052646875
-0.0331018902361393
-0.047516804188489914
-0.009323829784989357
0.010863604955375195
-0.00988732185214758
0.02265762723982334
-0.002673311624675989
-0.008190292865037918
-0.038317468017339706
0.001262943260371685
-0.0029190205968916416
-0.02786010131239891
-0.016695093363523483
0.0036004530265927315
-0.030690666288137436
0.005923219956457615
0.005218855105340481
0.013222409412264824
-0.010778426192700863
0.01369416993111372
-0.013563125394284725
0.015908826142549515
0.012652365490794182
0.004825721029192209
-0.012822723016142845
-0.0492728054523468
0.00014783479855395854
0.022605208680033684
-0.008301680907607079
0.021334076300263405
0.013536917045712471
-0.009540054015815258
-0.007725084666162729
0.00973662082105875
-0.011689186096191406
-0.00752851739525795
-0.010653933510184288
0.012475455179810524
-0.00912071019411087
0.0016405157512053847
0.0010262437863275409
0.018569033592939377
0.009959396906197071
0.027178669348359108
0.010922575369477272
-0.004986250773072243
0.00046479914453811944
-0.0006093578413128853
-0.01627575047314167
0.019879478961229324
-0.012776857241988182
0.019145630300045013
-0.002199912676587701
-0.0038658184930682182
0.0058052800595760345
0.021858254447579384
0.02593374438583851
0.009494188241660595
0.04337579384446144
-0.020770583301782608
-0.00763990543782711
-0.012501663528382778
0.009933187626302242
-0.010778426192700863
0.04065006226301193
-0.0008153436938300729
0.005605436861515045
-0.008950352668762207
-0.01357623003423214
-0.008452382870018482
-0.027257295325398445
0.03897269070148468
-0.009756277315318584
0.007502308581024408
-0.015174975618720055
0.02219897136092186
-0.00988732185214758
-0.011898858472704887
0.014139722101390362
-0.006624309346079826
-0.007338502909988165
0.028200818225741386
0.008819308131933212
-0.0023309574462473392
0.0123182013630867
-0.023299746215343475
0.0015930120134726167
-0.006886398419737816
0.004638982005417347
0.02122924104332924
0.0233914777636528
0.011970932595431805
0.02217276208102703
-0.011197769083082676
0.031712815165519714
0.007823368534445763
0.01479494571685791
0.039575498551130295
0.0007805349305272102
-0.0019181666430085897
0.007259876001626253
0.0026012370362877846
0.0189752709120512
-0.00284039368852973
-0.0021753418259322643
0.0047470941208302975
-0.013733483850955963
0.013104469515383244
-0.010896366089582443
-0.0234570000320673
0.011820231564342976
-0.03158177062869072
0.024623297154903412
-0.007233667187392712
0.023823924362659454
0.02149133011698723
0.007358159404247999
0.012285440228879452
-0.007259876001626253
0.018870435655117035
-0.0019492898136377335
-0.0015987452352419496
-0.011931619606912136
-0.011623663827776909
-0.03425508365035057
-0.01797933131456375
-0.007705427706241608
-0.017402734607458115
0.00171013327781111
-0.009861113503575325
-0.0019984315149486065
0.005038668401539326
0.01873939111828804
-0.01268512662500143
0.002596322912722826
-0.014441125094890594
-0.050923965871334076
-0.026706907898187637
0.01022803783416748
0.01900148019194603
0.00305334129370749
0.0007035462185740471
-0.000726888538338244
-0.022290702909231186
-0.035591740161180496
-0.002545543247833848
-0.010142859071493149
-0.014847363345324993
0.0042556761763989925
-0.003764258697628975
-0.012514768168330193
-0.008137875236570835
0.030507205054163933
0.0028338413685560226
0.00048814149340614676
-0.014952199533581734
0.006650518160313368
-0.021766522899270058
-0.03532964736223221
-0.0014365774113684893
0.017114436253905296
0.032210785895586014
-0.025501297786831856
0.0025406288914382458
0.0013489413540810347
-0.027964936569333076
0.005769242532551289
-0.0046127731911838055
-0.0037249454762786627
0.015712259337306023
0.010706351138651371
-0.0004377711738925427
0.012147842906415462
0.002750300569459796
0.015646737068891525
-0.004750370047986507
-0.003004199592396617
0.014781841076910496
-0.003297412069514394
-6.5983047534246e-05
0.053151726722717285
-4.179609095444903e-05
-0.012003693729639053
0.02095404639840126
-0.00936969555914402
-0.008170636370778084
-0.014847363345324993
-0.0419343002140522
-0.0018821293488144875
-0.004822444636374712
0.018831122666597366
-0.012285440228879452
0.0018116928404197097
0.009730068035423756
0.02615652047097683
0.024964014068245888
-0.015319124795496464
-0.014283871278166771
0.018162794411182404
0.0005348261329345405
0.026575863361358643
-0.020875420421361923
-0.012023350223898888
-0.00642118975520134
0.022277597337961197
-0.006142720114439726
0.054095249623060226
0.02568475902080536
0.0030566174536943436
-0.020403658971190453
0.010680142790079117
0.014401812106370926
0.048486534506082535
-0.009526949375867844
-0.011826783418655396
0.01157779898494482
-0.005379384849220514
0.033704694360494614
0.007253323681652546
0.0032482703682035208
0.03428129106760025
0.024217059835791588
0.015738466754555702
-0.02391565591096878
0.00936969555914402
-0.029747145250439644
0.0029501435346901417
0.01898837648332119
0.0028616883791983128
-0.008275472559034824
0.021530643105506897
0.040283139795064926
-0.002545543247833848
0.007037099916487932
0.012154394760727882
0.01902768947184086
-0.008203397504985332
0.042065344750881195
-0.01656404882669449
-0.029773354530334473
-0.0065358541905879974
-0.01243614125996828
0.013327245600521564
-0.020154673606157303
-0.016957182437181473
-0.029694726690649986
0.004878138657659292
0.006853637285530567
0.0002495991939213127
0.0006392523646354675
-0.004904347471892834
-0.03551311045885086
-0.016590258106589317
0.0018133309204131365
-0.006627585273236036
0.022959029302001
0.0242039542645216
0.020390553399920464
0.009965948760509491
0.029301593080163002
-0.010719455778598785
-0.010673590004444122
0.012658917345106602
-0.02568475902080536
-0.023365268483757973
0.03703323006629944
-0.01221336517482996
-0.014611483551561832
0.009906978346407413
0.006254108157008886
-0.03551311045885086
0.005982190370559692
-0.0029304870404303074
-0.011656424961984158
-0.014611483551561832
0.013255170546472073
0.003810124471783638
0.007286084815859795
0.026274461299180984
-0.009716964326798916
-0.0020180882420390844
-0.011073276400566101
-0.005231959279626608
-0.007620248943567276
0.006087026093155146
0.014545961283147335
0.0029665243346244097
0.021360285580158234
-0.026575863361358643
-0.015319124795496464
0.027073834091424942
0.004026348236948252
-0.005385936703532934
0.010968441143631935
0.019682912155985832
0.011112590320408344
0.006761906202882528
0.03449096158146858
0.0083999652415514
-0.0030959309078752995
-0.006087026093155146
-0.037111856043338776
0.0006249193684197962
0.022015508264303207
-0.00885862112045288
0.013602439314126968
-0.006073921453207731
-0.004733989480882883
-0.009055187925696373
0.00616237660869956
0.006607928778976202
0.046730536967515945
-0.007246771361678839
-0.02049539051949978
-0.04146254062652588
-0.0031745575834065676
0.009022426791489124
0.02046918123960495
0.008458934724330902
0.0012408294714987278
0.006005123257637024
0.0043768929317593575
0.007371264044195414
-0.015502586960792542
0.04075489938259125
-0.02166168764233589
-0.004884690977632999
0.005454735364764929
-0.02388944663107395
0.04088594391942024
0.003770811017602682
-0.011053619906306267
0.005333519075065851
0.006168928928673267
-0.02172720991075039
-0.027178669348359108
-0.006116510834544897
-0.01357623003423214
0.0033711246214807034
-0.0008976561366580427
0.023732194676995277
-0.015148766338825226
-0.006326182745397091
-0.004265504889190197
-0.0046651908196508884
0.0028715168591588736
0.003852713853120804
-0.02218586578965187
-0.02958989143371582
0.00974317267537117
0.009592471644282341
0.003276117378845811
0.007574383169412613
-0.013956259936094284
-0.016708198934793472
0.04594426974654198
-0.040073465555906296
-0.015253602527081966
0.0008468762971460819
-0.010876709595322609
-0.0020442972891032696
0.011302604340016842
-0.030664458870887756
0.021163716912269592
-0.011505723930895329
0.013196200132369995
0.02786010131239891
0.010857053101062775
0.0001790602836990729
-0.013392767868936062
0.034884098917245865
-0.021897567436099052
0.008779994212090969
-0.009074845351278782
0.010241142474114895
-0.006096854340285063
-0.00100085383746773
-0.04851274564862251
0.022801777347922325
0.021530643105506897
0.003264650935307145
-0.023509418591856956
-0.020888524129986763
0.026942789554595947
-0.028960876166820526
0.007574383169412613
0.01084394846111536
-0.02514747716486454
0.002778147580102086
-0.008445830084383488
-0.009133814834058285
-0.0039215125143527985
0.013995572924613953
-0.01246235053986311
0.0016012022970244288
-0.004530870355665684
0.0005925677251070738
0.024557774886488914
0.004560355097055435
-0.007194353733211756
0.012285440228879452
-0.029983025044202805
0.04332337528467178
0.010509784333407879
0.0077316369861364365
0.02637929655611515
-0.0011859544320032
-0.017926914617419243
0.0056218174286186695
0.021399598568677902
-0.02370598539710045
0.00615910068154335
0.013333797454833984
0.018451092764735222
-0.011486067436635494
0.01479494571685791
0.043008867651224136
-0.03679734840989113
0.010542545467615128
0.01778276450932026
0.006755353882908821
-0.01147296279668808
-0.024230163544416428
0.013982468284666538
-0.019093211740255356
0.016655780375003815
0.0027011586353182793
0.015541900880634785
-0.0021458568517118692
-0.007069861050695181
-0.013196200132369995
0.040099676698446274
0.024793656542897224
0.011931619606912136
0.015672944486141205
0.0013915308518335223
-0.03202732279896736
-0.013982468284666538
-0.005271272733807564
-0.016105392947793007
-0.003656146815046668
0.023627357557415962
0.013838319107890129
0.004098422825336456
0.002227759687229991
-0.023548731580376625
0.018844226375222206
-0.0020442972891032696
-0.0035414828453212976
0.018922854214906693
0.0002536943356972188
-0.001389073790051043
0.019617389887571335
0.00826236791908741
-0.016695093363523483
0.016341272741556168
0.013471394777297974
-0.02293282188475132
0.011636768467724323
-0.0019689465407282114
-0.03776707872748375
0.02665449120104313
-0.020547807216644287
-0.023601148277521133
0.006391705013811588
-0.01677372120320797
0.0008919229148887098
-0.012750648893415928
0.009028979577124119
-0.015148766338825226
-0.007987174205482006
0.0030861024279147387
-0.010660485364496708
0.009540054015815258
-0.012272335588932037
0.002478382783010602
0.02242174744606018
0.006512921303510666
-0.03816021606326103
-0.030743084847927094
-0.011125694029033184
-0.0046094972640275955
0.003045151010155678
0.018660763278603554
0.007286084815859795
-0.02491159550845623
0.04631119593977928
-0.007567830849438906
-0.02736213244497776
-0.010549097321927547
-0.001826435443945229
0.005009183194488287
-0.01825452595949173
-0.0025340768042951822
0.022893507033586502
-0.011977484449744225
0.0002056787343462929
0.02347010374069214
0.0021229239646345377
0.003443199209868908
-0.005064877215772867
-0.029694726690649986
0.003413714235648513
-0.002350614173337817
0.013019289821386337
-0.020351240411400795
0.023365268483757973
0.00400013942271471
-0.016118496656417847
-0.010123202577233315
-0.00621807062998414
0.020325031131505966
-0.039575498551130295
-0.0006388428737409413
0.004753646440804005
-0.006938816513866186
-0.03289221599698067
0.012056111358106136
-0.012108529917895794
-0.006755353882908821
-0.015201183967292309
-0.0020786963868886232
-3.063361646127305e-06
0.02616962417960167
-0.0027077109552919865
0.011348470114171505
-0.0011531932977959514
-0.020862314850091934
-0.009690755046904087
0.012737544253468513
-0.01799243688583374
0.038317468017339706
0.020534703508019447
-0.034884098917245865
-0.014808050356805325
-0.021871360018849373
-0.03456959128379822
-0.0001360612513963133
0.0083999652415514
0.03627317026257515
-0.0022687113378196955
-0.009867665357887745
0.023496313020586967
0.034386128187179565
-0.006372048053890467
0.008439278230071068
-0.022382432594895363
-0.021779628470540047
-0.022959029302001
5.779275670647621e-05
-0.01799243688583374
-0.008164084516465664
-0.015109453350305557
-0.0029616099782288074
0.05058325082063675
-0.005605436861515045
0.004901071544736624
0.007168144453316927
-0.028751205652952194
-0.014034886844456196
0.015070139430463314
0.004226191435009241
-0.0035709678195416927
0.008327890187501907
0.009081397205591202
-0.015109453350305557
0.002819098997861147
0.017638616263866425
-0.0006474427063949406
-0.014323185198009014
-0.004832272883504629
0.040545228868722916
0.004347407724708319
0.0281221903860569
-0.014467334374785423
-0.007174696773290634
0.01626264676451683
-0.015030826441943645
0.019879478961229324
-0.016328169032931328
0.0143100805580616
0.014821154996752739
-0.006735697388648987
-0.02786010131239891
-0.013032394461333752
0.015581213869154453
-0.04251089692115784
-0.001501280814409256
0.02197619527578354
-0.02615652047097683
0.00015039426216389984
0.004865034017711878
-0.02958989143371582
-0.013654856942594051
-0.023614253848791122
-0.01394315529614687
-0.009284516796469688
-0.014729423448443413
0.01170229073613882
0.04290403053164482
-0.01700960099697113
0.014100409112870693
-0.008845516480505466
0.0032924979459494352
-0.02244795672595501
-0.036115918308496475
-0.0037970200646668673
-0.010883261449635029
0.00028932210989296436
-0.01976153999567032
-0.0058085559867322445
0.012265782803297043
-0.016917869448661804
0.03601108118891716
-0.026104101911187172
0.00048117974074557424
0.19258327782154083
-0.024977117776870728
-0.010352530516684055
0.005405593663454056
-0.019355300813913345
0.01195127610117197
0.027519386261701584
-0.0046586389653384686
0.0017134093213826418
0.01504393108189106
0.009644889272749424
-0.0194732416421175
-0.02371908910572529
0.006431018467992544
-0.01948634535074234
-0.01047047134488821
-0.051159847527742386
-0.024531565606594086
0.005222131032496691
0.01504393108189106
0.027807684615254402
0.017389630898833275
-0.008485144004225731
-0.004645534325391054
0.030218906700611115
0.01504393108189106
-0.013707274571061134
0.012475455179810524
0.03354744240641594
-0.007390920538455248
-0.013137230649590492
0.015882616862654686
-0.009834904223680496
0.0005106647731736302
-0.00689950305968523
0.016079183667898178
0.035591740161180496
-0.004530870355665684
0.015266706235706806
0.0175468847155571
0.025553714483976364
-0.01136812660843134
-0.008681710809469223
-0.02592064067721367
-0.005579227581620216
0.06374014168977737
0.004655362572520971
-0.011938171461224556
0.011780917644500732
0.005638197995722294
-0.011014305986464024
0.039103735238313675
0.011918514966964722
-0.0064473990350961685
0.005015735514461994
0.013746588490903378
-0.005575951654464006
0.007312293630093336
0.013628647662699223
0.01406109519302845
0.006440846715122461
0.016197124496102333
-0.014401812106370926
0.03622075170278549
-0.012632708065211773
0.0069191595539450645
-0.03166039660573006
-0.009710411541163921
0.0021327524445950985
-0.007554726675152779
-0.00016452251293230802
-0.005641473922878504
-0.007574383169412613
0.01489978190511465
-0.013602439314126968
-0.03543448448181152
0.019198046997189522
0.018424883484840393
0.015030826441943645
0.043061286211013794
-0.012927559204399586
-0.00044063778477720916
-0.02042986825108528
-0.011276395991444588
0.0026176178362220526
-0.01948634535074234
0.01552879624068737
-0.009861113503575325
-0.010070784948766232
-0.013628647662699223
-0.008504800498485565
0.016878556460142136
0.005978913977742195
-0.020547807216644287
0.0040591093711555
0.007633353117853403
0.012298543937504292
0.017337212339043617
-0.0014554151566699147
-0.0016249541658908129
-0.007574383169412613
0.022867299616336823
0.009900426492094994
0.004272056743502617
-0.016655780375003815
0.013333797454833984
-0.024099119007587433
-0.008583427406847477
0.003439923282712698
-0.02932780236005783
-0.007292637135833502
-0.03323293477296829
0.00031164067331701517
-0.015935035422444344
-0.005962533410638571
0.018673868849873543
-0.00567751144990325
-0.012298543937504292
0.03006165288388729
0.0032335277646780014
-0.017704138532280922
-0.009749725461006165
-0.006290145218372345
-0.00284039368852973
0.005150056444108486
-0.021163716912269592
-0.029249174520373344
0.01343208085745573
-0.027283504605293274
-0.01676061563193798
0.027571802958846092
-0.009028979577124119
0.02712625078856945
0.009526949375867844
-0.0006318811210803688
0.010031471028923988
-0.00202955468557775
-0.02666759490966797
0.01846419647336006
-0.0029108303133398294
0.022002404555678368
-0.02614341676235199
0.009526949375867844
-0.012272335588932037
-0.0024898492265492678
-0.02639240026473999
0.02932780236005783
-0.0018804913852363825
-0.013654856942594051
0.0013448462123051286
0.0032924979459494352
-0.023994283750653267
-0.020836105570197105
6.209265848156065e-05
0.012567185796797276
0.037609826773405075
-0.03653525933623314
-0.02911812998354435
-0.004232743754982948
-0.001875577145256102
-0.021360285580158234
-0.0014226539060473442
0.02145201526582241
-0.005926496349275112
0.00114254595246166
0.020102255046367645
-0.16427762806415558
0.0023948417510837317
0.004937108606100082
-0.008052696473896503
0.006503093056380749
0.015240497887134552
0.028227027505636215
0.021307867020368576
-0.027571802958846092
-0.0001943147071870044
-0.004511213395744562
0.0005598065326921642
-0.034176453948020935
-0.01995810680091381
0.0013759692665189505
-0.0027846996672451496
-0.03155556321144104
-0.0021737038623541594
0.02636619284749031
0.005782347172498703
0.010332874022424221
-0.008360651321709156
-0.008734128437936306
0.01649852655827999
0.0036102812737226486
0.004160669166594744
-0.037111856043338776
-0.02365356683731079
0.005965809803456068
-0.006775010377168655
0.012291992083191872
0.015843303874135017
0.021019568666815758
0.004196706227958202
-0.01025424711406231
0.0028043563943356276
-0.01800554059445858
-0.01999741978943348
-0.009297620505094528
0.032656338065862656
0.00726642832159996
0.033626068383455276
-0.00573975732550025
-0.0074105774983763695
0.010509784333407879
-0.0016126687405630946
0.021596165373921394
0.00035730155650526285
0.0018870435887947679
-0.019892584532499313
0.02316870167851448
-0.004180325660854578
0.010555650107562542
-0.0054874964989721775
0.020547807216644287
0.018202107399702072
0.011741604655981064
-0.005664406809955835
0.006997786462306976
-0.00803303997963667
-0.006663622800260782
-0.0005888820742256939
-0.0009590833215042949
0.00548094417899847
0.014414915814995766
-0.03420266509056091
-0.019892584532499313
0.02593374438583851
-0.02985198050737381
0.010653933510184288
0.0037118408363312483
-0.03781949728727341
0.0033203449565917253
-0.013287931680679321
-0.009710411541163921
0.004802788142114878
-0.01583019830286503
0.051159847527742386
0.007076413370668888
-0.0070043387822806835
-0.024518461897969246
0.038081586360931396
-0.00874723307788372
-0.013785901479423046
-0.022067926824092865
-0.002787975827232003
-5.134290040587075e-05
0.02982577122747898
-0.011905410327017307
0.016655780375003815
0.004717608913779259
-0.04536767303943634
-0.00999215804040432
0.0014349393313750625
0.0037937439046800137
0.01493909489363432
-0.0028240131214261055
-0.0029321250040084124
0.011413992382586002
-0.013772796839475632
0.014965304173529148
0.00936969555914402
-0.01627575047314167
0.0007674304652027786
0.03163418918848038
-0.03656147047877312
0.009664545767009258
0.016970288008451462
0.019866375252604485
0.003977206535637379
-0.04468623921275139
0.002083610510453582
0.007476099766790867
-0.006965025328099728
0.015188080258667469
0.006303249858319759
-0.00622134655714035
-0.011505723930895329
0.008386860601603985
-0.019918793812394142
0.05598229169845581
-0.013104469515383244
-0.01271788775920868
0.006489988416433334
-0.0027437482494860888
-0.028489116579294205
-0.10294871032238007
-0.03223699331283569
0.0339667834341526
0.038107797503471375
0.026693804189562798
0.024570880457758904
-0.003829781198874116
-0.001488995272666216
-0.022893507033586502
0.024479148909449577
-0.03331156075000763
-0.014257662929594517
0.011525380425155163
0.011918514966964722
0.00610340666025877
0.028436698019504547
-0.006290145218372345
-0.017835183069109917
-0.01752067543566227
0.021556852385401726
-0.0021540471352636814
0.01731100305914879
-0.012763752602040768
-0.0031450726091861725
-0.021163716912269592
0.007738189306110144
-0.020613329485058784
0.0033481919672340155
0.02589443139731884
-0.020757479593157768
-0.020836105570197105
-0.012390275485813618
-0.017114436253905296
-0.0281221903860569
0.01655094511806965
-0.0027339200023561716
-0.01849040575325489
-0.00019974078168161213
0.037898123264312744
-0.013294484466314316
0.013707274571061134
0.016184018924832344
0.005290929228067398
-0.03270875662565231
0.005566123407334089
-0.028541533276438713
-0.02219897136092186
0.004485004581511021
0.009710411541163921
-0.018608346581459045
-0.015961242839694023
-0.008360651321709156
-0.04382134601473808
0.005343347322195768
0.017795870080590248
-0.0053040338680148125
-0.0010917660547420382
0.0032220613211393356
-0.0016437919111922383
-0.02783389203250408
-0.006165653001517057
-0.003531654365360737
-0.012023350223898888
0.030638249590992928
0.02050849422812462
-0.023627357557415962
-0.025540610775351524
-0.02514747716486454
0.0006630042335018516
0.011571246199309826
-0.0002592227829154581
-0.005523533560335636
0.0029042779933661222
-0.0011056895600631833
-0.014113513752818108
0.019892584532499313
-0.02319491095840931
-0.0047110565938055515
-0.005720100831240416
0.004645534325391054
0.010784978047013283
-0.018935957923531532
-0.029537472873926163
-0.006984682288020849
0.027545593678951263
0.008458934724330902
0.0143100805580616
0.0006593185826204717
0.0038068483117967844
-0.02340458147227764
-0.02192377671599388
0.04219638928771019
-0.0039346166886389256
0.008308233693242073
0.01972222700715065
0.005910115782171488
0.021556852385401726
-0.019394613802433014
-0.002090162830427289
0.020128464326262474
-0.030690666288137436
-0.0114795146510005
-0.0595991276204586
-0.0006286050193011761
0.011643321253359318
-0.023352164775133133
0.0072729806415736675
0.01731100305914879
0.012993081472814083
-0.006408085580915213
0.00505504896864295
-0.008340994827449322
-0.02193688228726387
0.0015758124645799398
-0.025724073871970177
-0.004268780816346407
-0.008137875236570835
-0.013301036320626736
0.028436698019504547
-0.025239206850528717
0.008393412455916405
0.008655501529574394
0.0008583427406847477
0.011872649192810059
0.026562759652733803
0.00031000259332358837
0.00925830751657486
-0.005091086495667696
-0.007436786312609911
-0.004835549276322126
-0.009946292266249657
0.01976153999567032
0.0056709591299295425
-0.017337212339043617
-0.009094501845538616
0.005363003816455603
0.0010319770080968738
-0.015397751703858376
0.00022830443049315363
0.03055962175130844
-0.006008399184793234
0.06945368647575378
-0.024964014068245888
-0.008472039364278316
0.042537108063697815
-0.0374525748193264
-0.018935957923531532
0.0004271237994544208
-0.011813678778707981
0.009874217212200165
0.0006994510185904801
-0.009277964010834694
0.03747878223657608
0.021779628470540047
-0.01317654363811016
-0.014244558289647102
-0.005867525935173035
0.00021049054339528084
0.01136157475411892
-0.003276117378845811
-0.01022148597985506
-0.02666759490966797
0.04764784872531891
-0.030874129384756088
0.008472039364278316
0.008655501529574394
-0.007600591983646154
-0.009841456077992916
0.005120571237057447
0.0017576368991285563
-0.019800852984189987
-0.01678682491183281
0.0020574016962200403
-0.002855136292055249
0.020626435056328773
0.01804485358297825
0.032446667551994324
-0.0022801775485277176
0.007010891102254391
0.012960320338606834
-0.011184664443135262
0.02344389632344246
-0.022814881056547165
0.012180604040622711
-0.026942789554595947
0.016184018924832344
0.02440052106976509
0.0003933388215955347
-0.012200260534882545
0.00888483040034771
-0.028489116579294205
0.0025520953349769115
-0.012377170845866203
0.006273764651268721
-0.010293561033904552
0.009802143089473248
-0.007567830849438906
-0.005726653151214123
0.00752196554094553
-0.02291971631348133
0.008059248328208923
0.014703214168548584
0.034936513751745224
-0.005543190520256758
0.006021503824740648
-0.03137210011482239
-0.02982577122747898
0.021281657740473747
-0.036849766969680786
-0.04471245035529137
-0.016839243471622467
0.009192785248160362
-0.0022408643271774054
9.766924631549045e-05
0.03401920199394226
0.005494048818945885
-0.02586822211742401
-0.0032220613211393356
0.011315708979964256
-1.2579778740473557e-05
-0.020809896290302277
0.025461982935667038
-0.0033154308330267668
0.01728479564189911
0.012966872192919254
-0.007797159254550934
0.018084168434143066
-0.012567185796797276
0.02222518064081669
-0.02168789692223072
0.007430233992636204
0.0030680838972330093
-0.014441125094890594
0.008668606169521809
-0.01944703236222267
-0.015908826142549515
0.013838319107890129
-0.004960041493177414
0.02194998599588871
0.02786010131239891
-0.013169991783797741
0.06882467120885849
0.004114803392440081
-0.019119421020150185
0.013667961582541466
-0.006142720114439726
0.0008476953371427953
-0.008183741010725498
-0.007869233377277851
-0.012888245284557343
-0.017324108630418777
0.01047047134488821
0.0035709678195416927
0.005693892017006874
-0.0350937694311142
0.006283592898398638
-0.01948634535074234
-0.010640828870236874
0.046258777379989624
-0.007050204556435347
0.018818017095327377
0.05519602447748184
0.014218349009752274
-0.0012031540973111987
0.01627575047314167
-0.016197124496102333
0.007200906053185463
0.04167221114039421
-0.0028731548227369785
-0.01653783954679966
-0.027440758422017097
0.009336934424936771
-0.007128831464797258
-0.04397859796881676
-0.02243485115468502
-0.004186877980828285
-0.03006165288388729
-0.014716318808495998
-0.030978964641690254
-0.028489116579294205
0.017166854813694954
0.009657993912696838
0.02419085055589676
-0.03278738260269165
-0.05121226608753204
-0.026497237384319305
-0.010280456393957138
-0.009277964010834694
0.020901627838611603
-0.015240497887134552
