-0.018345803022384644
0.005331393796950579
0.0007843998610042036
-0.040681470185518265
-0.023408889770507812
0.010826927609741688
-0.04030268266797066
-0.011874898336827755
-0.007600944954901934
-0.03136336803436279
-0.016237234696745872
0.0066981748677790165
-0.0036899936385452747
0.017398839816451073
-0.009109769947826862
-0.017335709184408188
0.030858321115374565
0.006874940823763609
-0.002788801910355687
-0.0015940519515424967
0.001248411019332707
-0.0010077249025925994
0.0029655680991709232
0.004854756407439709
-0.03780270740389824
0.02449473924934864
0.013547863811254501
-0.020858407020568848
-0.03313102945685387
-0.00013750670768786222
-0.0023153210058808327
-0.01810590550303459
-0.010757483541965485
-0.0028266801964491606
0.005886944476515055
0.0002450263127684593
0.008339574560523033
0.009526433423161507
0.02823208086192608
-0.006748679559677839
0.01624985970556736
0.01034082006663084
0.007582005579024553
-0.013169079087674618
-0.012480953708291054
0.025757355615496635
0.004469658713787794
-0.014330685138702393
-0.03449465334415436
0.01873721368610859
0.018888726830482483
0.017588233575224876
-0.026716941967606544
-0.003920421004295349
-0.017979644238948822
-0.019924070686101913
0.00289612403139472
0.006483530160039663
0.025391196832060814
-0.023232124745845795
0.01035975944250822
-0.023560404777526855
-0.03911582753062248
0.0075125619769096375
0.0016950612189248204
0.016843289136886597
-0.016047842800617218
0.006410929840058088
0.0016603393014520407
0.012241056188941002
0.02039123885333538
0.013295340351760387
-0.003055529436096549
0.0005717280437238514
0.028913892805576324
-0.006508782505989075
0.004119283054023981
-0.029191669076681137
-0.017007429152727127
0.023535151034593582
0.0010345554910600185
-0.006887567229568958
-0.028711874037981033
0.028838137164711952
0.0213887058198452
0.006502469535917044
0.03335829824209213
0.014873609878122807
0.005151471123099327
-0.0013573116157203913
-0.018838223069906235
0.0060952757485210896
0.007032767869532108
0.019671548157930374
-0.010378698818385601
0.018257418647408485
-0.011710758320987225
0.03691887483000755
0.0007772975950501859
-0.021704358980059624
-0.006470904219895601
-0.01922963373363018
-0.019343268126249313
-0.0012933916877955198
-0.024671506136655807
0.008402706123888493
-0.022474555298686028
0.004333927296102047
0.021174060180783272
-0.04166631028056145
-0.018270045518875122
0.04780261963605881
-0.016717027872800827
-0.0170326828956604
0.004172943998128176
-0.011060510762035847
0.009570624679327011
-0.018547819927334785
-0.011862272396683693
-0.013939274474978447
0.02006295882165432
0.005082027055323124
0.0012081651948392391
-0.003184947418048978
0.029393687844276428
0.016363495960831642
-0.025113420560956
-0.008112303912639618
-0.03303001821041107
-0.006616104859858751
-0.00705802021548152
-0.0048326607793569565
-0.002364247338846326
0.015467039309442043
-0.018421558663249016
0.013295340351760387
-0.015290272422134876
0.03136336803436279
-0.019115997478365898
-0.01599733717739582
0.015580674633383751
0.019406398758292198
-0.014823105186223984
-0.03171689808368683
-0.008314322680234909
0.018080653622746468
0.03787846118211746
0.03573201596736908
0.024886149913072586
0.009040326811373234
0.027903800830245018
-0.016881167888641357
0.02669169008731842
0.0027335623744875193
0.011193085461854935
0.010378698818385601
-0.009501181542873383
0.0456814244389534
0.006041614804416895
-0.02097204141318798
-0.0027714408934116364
0.007196907885372639
0.00768932793289423
0.016350869089365005
0.008876186795532703
0.016590766608715057
0.03494919463992119
0.017209447920322418
0.013371096923947334
0.027247240766882896
0.006451964844018221
0.02262606844305992
-0.01811853051185608
0.01968417502939701
-0.018509943038225174
0.018497316166758537
0.0011284624924883246
0.007430491968989372
0.0019886193331331015
-0.02200738713145256
-0.015883702784776688
0.012487266212701797
-0.0034911315888166428
0.0026988405734300613
-0.00940648466348648
0.03424213081598282
-0.003734185127541423
-0.023926561698317528
-0.006874940823763609
0.001131619093939662
0.047726862132549286
0.027424007654190063
0.007171655539423227
-0.016729654744267464
-0.625045120716095
0.011123642325401306
-0.025883616879582405
-0.005694395396858454
0.00219695083796978
-0.0017834443133324385
0.029242172837257385
-0.004103499930351973
-0.0023547778837382793
-0.03633807227015495
0.006729740183800459
0.024797767400741577
0.00862366333603859
-0.01840893365442753
-0.027878548949956894
-0.013686751015484333
0.005779622122645378
-0.026514923200011253
0.03994915261864662
-0.015681684017181396
-0.016047842800617218
0.01948215626180172
0.005211445037275553
0.010347133502364159
-0.006253102794289589
-0.016022589057683945
0.013282714411616325
0.005675456486642361
0.003809942165389657
0.011515052989125252
-0.015037749893963337
0.008427958004176617
0.016818037256598473
0.021628601476550102
0.05222177505493164
0.024482112377882004
-0.019267510622739792
0.01670440286397934
0.012897616252303123
0.01191908959299326
-0.009785269387066364
-0.013813013210892677
0.01939377374947071
-1.0739629033196252e-05
0.009280223399400711
0.007619884330779314
0.02374979667365551
-0.029115911573171616
-0.027045221999287605
-0.003118660068139434
-0.006508782505989075
0.0005859324592165649
-0.0027588147204369307
0.007310543209314346
0.001808696542866528
0.005378741770982742
0.014873609878122807
0.01334584504365921
-0.014090788550674915
0.02147708833217621
-0.010239810682833195
0.007291604299098253
-0.01708318665623665
-0.015643805265426636
-0.029418939724564552
0.030530041083693504
-0.011969594284892082
-0.023118488490581512
0.013926648534834385
-0.031186601147055626
-0.0033743397798389196
0.04469658434391022
0.007480996195226908
0.001459109946154058
0.014204423874616623
0.002024919493123889
0.022108396515250206
0.00502520939335227
-0.0012121108593419194
0.03444414958357811
-0.015820572152733803
-0.011426669545471668
-0.023989692330360413
0.014759974554181099
0.022600816562771797
-0.04007541388273239
-0.015656432136893272
-0.015479665249586105
0.002152759348973632
0.008611037395894527
0.0003268990258220583
0.007234786171466112
-0.0006395936361514032
-0.0170326828956604
0.015858449041843414
0.032272450625896454
-0.0042897360399365425
0.003178634447976947
0.026792699471116066
-0.020492248237133026
0.0024920871946960688
-0.027499763295054436
0.012676659040153027
-0.009501181542873383
-0.005422933027148247
-0.011060510762035847
0.0033080524299293756
-0.0024952436797320843
0.03946935757994652
-0.0073926132172346115
0.003222825936973095
-0.004674833733588457
-0.00889512524008751
-0.017499849200248718
-0.024974532425403595
-0.03547949343919754
0.01301756501197815
0.0028108975384384394
0.007752458564937115
-0.019633669406175613
0.015164011158049107
-0.00801760796457529
0.005239854101091623
0.009456989355385303
-0.011862272396683693
0.025189178064465523
-0.015568047761917114
-5.3112462410354055e-06
-0.007430491968989372
-0.026868456974625587
-0.001375461695715785
-0.02200738713145256
0.02220940589904785
-0.004324457608163357
0.005517629440873861
-0.014040283858776093
0.02681795135140419
-0.011666566133499146
-0.0023484646808356047
-0.028787631541490555
-0.019040239974856377
-0.009665321558713913
0.019419025629758835
-0.014696843922138214
-0.03830775246024132
-0.04396427050232887
-0.02553008310496807
0.009438049979507923
-0.01977255754172802
0.0021559158340096474
-0.02611088752746582
-0.008320636115968227
-0.03949461132287979
0.0059563880786299706
0.0027335623744875193
-0.007935537956655025
-0.018977109342813492
0.0053156111389398575
-0.036615848541259766
0.011502426117658615
0.0019349581561982632
-0.005886944476515055
-0.01939377374947071
0.021615976467728615
-0.02055537886917591
0.00830800924450159
0.0069633242674171925
0.0013659920077770948
-0.022941721603274345
-0.04444406181573868
0.014229675754904747
0.023535151034593582
-0.021401330828666687
0.02130032144486904
0.028913892805576324
-0.00833326205611229
0.004551728721708059
0.0024715696927160025
-0.00992415752261877
-0.018295297399163246
0.006335172802209854
0.020568005740642548
-0.017626110464334488
-0.012379944324493408
0.01661601848900318
0.009671634063124657
0.011679193004965782
0.026843203231692314
-0.005912196822464466
0.013030190952122211
0.015807945281267166
0.018951857462525368
-0.02275232970714569
0.004453876055777073
-0.029065407812595367
0.02598462626338005
0.016527635976672173
-0.014431694522500038
0.0047789993695914745
0.017626110464334488
0.02536594308912754
-0.005505003035068512
0.015050375834107399
-0.008137556724250317
0.003910951316356659
0.00212908536195755
0.011212024837732315
-0.01765136420726776
0.04621172323822975
0.018787717446684837
0.021792741492390633
-0.014090788550674915
-0.02205789089202881
-0.005018896423280239
-0.0066918618977069855
0.04201984032988548
-0.010366072878241539
0.007613570895045996
-0.0068496884778141975
-0.009217092767357826
-0.0068307495675981045
-0.004602233413606882
0.015820572152733803
-0.017929138615727425
-0.01964629627764225
0.009419111534953117
0.00581434415653348
0.0044412496499717236
0.021792741492390633
-0.01741146668791771
0.012196864932775497
0.016262486577033997
0.003595297457650304
0.02151496708393097
0.026211896911263466
0.01752510294318199
0.018434185534715652
-0.002234829356893897
0.04030268266797066
-0.009362293407320976
0.007676701992750168
0.04891372099518776
0.014532703906297684
-0.0078029632568359375
0.023812927305698395
0.00945067685097456
0.025732101872563362
-0.010126175358891487
-0.00787240732461214
0.0054071503691375256
-0.014961992390453815
0.0022506120149046183
-0.00783452857285738
-0.037373416125774384
-0.009337041527032852
-0.023244749754667282
0.025138672441244125
0.009539059363305569
0.01728520542383194
0.007159029599279165
0.0007473105215467513
-0.01001254003494978
0.003083938267081976
0.008693107403814793
-0.004999957047402859
-0.004602233413606882
-0.014431694522500038
-0.018800344318151474
-0.0242422167211771
-0.010568090714514256
0.006205754820257425
-0.00845320988446474
0.005574447102844715
0.0023926561698317528
0.00487053906545043
0.018724586814641953
0.013901395723223686
0.004270796664059162
0.01661601848900318
9.055319969775155e-05
-0.030454283580183983
-0.03436839208006859
-0.005776465404778719
0.01641399972140789
-0.02093416452407837
-0.0199872013181448
0.003371183294802904
-0.01670440286397934
-0.03924208879470825
-0.01844681054353714
-0.0032828000839799643
-0.007455744314938784
-0.0008301696507260203
0.010233498178422451
0.00596901448443532
-0.0017234700499102473
0.01922963373363018
0.0075251879170536995
0.0048515996895730495
-0.004371806047856808
0.00943173747509718
-0.017398839816451073
-0.033383551985025406
-0.0039519863203167915
0.019179128110408783
0.01654026284813881
-0.019431650638580322
-0.004813721403479576
0.009362293407320976
-0.02643916755914688
0.01752510294318199
-0.00312970788218081
-0.01318170502781868
0.0031202384270727634
0.014381189830601215
-0.007771397940814495
0.017613485455513
0.00596901448443532
0.01960841752588749
-0.012310500256717205
0.00816280860453844
0.004264483693987131
-0.00768932793289423
0.0026278183795511723
0.04249963536858559
-0.003068155376240611
-0.020050333812832832
0.03469667211174965
-0.004826347343623638
-0.013901395723223686
-0.03439364582300186
-0.0323229543864727
0.020959416404366493
-0.0013604681007564068
0.007165342569351196
0.019166503101587296
0.023244749754667282
-0.0034690359607338905
0.013421601615846157
0.020214473828673363
-0.01235469151288271
0.002678323071449995
0.018850848078727722
0.007329482585191727
0.0058111874386668205
-0.025858363136649132
0.015858449041843414
0.020542753860354424
0.004731651395559311
0.0016382435569539666
0.0398733951151371
0.03505020588636398
-0.015151385217905045
-0.020580630749464035
0.008611037395894527
0.027045221999287605
0.027878548949956894
-0.011079450137913227
-0.023661412298679352
0.0058648488484323025
0.013371096923947334
0.04898947849869728
0.006243633106350899
0.00550184678286314
0.019179128110408783
0.01460846047848463
0.00862366333603859
-0.016515009105205536
0.015012497082352638
-0.03547949343919754
0.01686854287981987
0.009564312174916267
0.00945067685097456
-0.02071951888501644
0.022032639011740685
0.012941808439791203
-0.015467039309442043
0.003506914246827364
0.012222117744386196
-0.001980728004127741
0.0006317023071460426
0.026085635647177696
-0.0019523190567269921
-0.011268842965364456
0.0036300192587077618
-0.02039123885333538
0.03219669312238693
-0.024141207337379456
0.012872364372015
-0.029999742284417152
-0.018244793638586998
0.010921623557806015
-0.025176551192998886
0.023989692330360413
-0.011331973597407341
-0.03679261356592178
-0.02465887926518917
-0.009816834703087807
0.021035173907876015
0.022954348474740982
0.02914116345345974
0.0063541121780872345
0.0014267554506659508
0.022525059059262276
-0.020466996356844902
-0.012853424996137619
0.009229718707501888
-0.016944298520684242
-0.01318170502781868
0.007184281945228577
-0.007569379638880491
-0.001698217703960836
0.0065656001679599285
-3.760719846468419e-05
-0.03552999719977379
-0.005729117430746555
-0.0044949110597372055
-0.006584539543837309
-0.005757526494562626
0.034216877073049545
-0.010934249497950077
0.01291024312376976
0.018333176150918007
-0.00812492985278368
-0.027424007654190063
-0.010890058241784573
-0.031893666833639145
-0.0073673608712852
0.011635000817477703
-0.0011134690139442682
-0.004034056328237057
0.02772703394293785
-0.01628773845732212
-0.01291024312376976
0.021893750876188278
0.004848443437367678
0.008503714576363564
-0.009879965335130692
0.023648787289857864
0.0036647412925958633
0.0010842710034921765
0.04350972920656204
0.012903929688036442
-0.0187750905752182
-0.0068433755077421665
-0.04787837713956833
-0.00940648466348648
0.007733519654721022
-0.025252308696508408
0.024280095472931862
0.014128666371107101
-0.02164122834801674
-0.0049178870394825935
0.0055334120988845825
0.002064376138150692
0.042095597833395004
-0.0077903373166918755
-0.02752501703798771
-0.020618509501218796
0.0073926132172346115
0.003999334294348955
0.026136139407753944
0.005590229760855436
-0.006325703114271164
2.9361356155277463e-06
-0.0014243880286812782
-0.007701953873038292
-0.033257290720939636
0.025353318080306053
-0.025643719360232353
-0.026136139407753944
0.017550354823470116
-0.009898904711008072
0.0199872013181448
-0.018042774870991707
0.007316856179386377
-0.011931715533137321
0.014772600494325161
0.0062152245081961155
-0.025227056816220284
-0.010492334142327309
-0.024267468601465225
0.002102254657074809
0.020416490733623505
0.01579531840980053
-0.006319390144199133
0.02914116345345974
0.0016508696135133505
0.00977895688265562
0.0044223107397556305
0.02329525537788868
-0.015138759277760983
-0.023219497874379158
0.02147708833217621
0.012165299616754055
0.0119759077206254
0.008276443928480148
-0.005662830080837011
-0.0010519165080040693
0.036742109805345535
-0.0010661209234967828
-0.009835774078965187
-0.01537865586578846
-0.010934249497950077
0.006101589184254408
0.007430491968989372
-0.023055357858538628
0.016982177272439003
-0.027373502030968666
0.011698132380843163
0.020466996356844902
0.0003758253587875515
-0.014722095802426338
0.003390122437849641
0.02992398478090763
-0.026994718238711357
0.00781558919698
0.0008278022287413478
0.019040239974856377
-0.0017834443133324385
-0.008396392688155174
-0.04252488911151886
0.006881254259496927
0.032221946865320206
0.001519873272627592
-0.010479708202183247
-0.0031312862411141396
0.014835731126368046
-0.0034469400998204947
0.015845824033021927
-0.012493579648435116
-0.016729654744267464
0.014103414490818977
-0.029873481020331383
-0.015454412437975407
-0.005142001435160637
6.105929060140625e-05
-0.008371139876544476
0.02420433796942234
0.0009335462818853557
0.014671591110527515
0.013560489751398563
0.003727872157469392
0.006186815444380045
0.018055399879813194
-0.03252497315406799
0.047600600868463516
-0.0047663734294474125
0.03457041084766388
0.00597848417237401
-0.009084518067538738
-0.025466952472925186
0.005669143050909042
0.008693107403814793
-0.01728520542383194
0.014696843922138214
0.0019949323032051325
-0.008560532703995705
-0.0029308460652828217
0.012316813692450523
0.036994632333517075
-0.004665364045649767
-0.005905883852392435
-0.004270796664059162
0.014027656987309456
-0.012771354988217354
-0.023825552314519882
0.010751170106232166
-0.018333176150918007
0.016780158504843712
-0.0013407397782430053
-0.009987288154661655
-0.013712003827095032
0.0013028612593188882
0.009463302791118622
0.06156512722373009
0.010915310122072697
0.005902727134525776
-0.0025473267305642366
-0.017133690416812897
-0.008295383304357529
-0.024153832346200943
-0.0141539191827178
-0.0065592871978878975
-0.003866759827360511
0.019759930670261383
-0.008503714576363564
0.007847154513001442
-0.0028487760573625565
-0.030024994164705276
0.012158986181020737
0.004450719337910414
-0.009873652830719948
0.02060588449239731
-0.004267639946192503
0.00690019316971302
0.024608375504612923
0.009419111534953117
-0.007001202553510666
0.006152093876153231
-0.000735078938305378
-0.02868662215769291
0.0015545951901003718
-0.009501181542873383
-0.023648787289857864
0.0018781404942274094
-0.014999871142208576
-0.02656542882323265
0.0018907665507867932
-0.019545286893844604
-0.0023816083557903767
-0.02175486460328102
0.0028314150404185057
-0.013459480367600918
-0.02068164013326168
-0.0266159325838089
0.006019519176334143
0.02772703394293785
0.007910286076366901
-0.00816280860453844
0.016855916008353233
0.02059325762093067
-0.03179265558719635
-0.02287859097123146
-0.008920378051698208
-0.005722804460674524
-0.005924822762608528
0.023446768522262573
0.022600816562771797
-0.023636160418391228
0.032398711889982224
0.0040119607001543045
-0.031565386801958084
-0.021047798916697502
0.02367403917014599
0.017184196040034294
-0.009204466827213764
0.013838265091180801
0.03517646715044975
-0.008465836755931377
-0.008743612095713615
0.011578183621168137
0.017259953543543816
-3.422871668590233e-05
-0.0063604251481592655
-0.034595660865306854
-0.0011726540978997946
0.0010913731530308723
0.03659059479832649
-0.015391281805932522
0.003494288306683302
-0.007190594915300608
-0.01431805919855833
0.0019002362387254834
-0.0057322741486132145
0.01608571968972683
-0.027171483263373375
-0.005132531747221947
-0.02246192842721939
-0.014040283858776093
-0.011906463652849197
0.021855872124433517
-0.011319347657263279
-0.00034485184005461633
-0.003923577256500721
-0.018257418647408485
0.013396349735558033
0.019633669406175613
-0.026287652552127838
-0.00018751811876427382
-0.006262572482228279
-0.022651320323348045
-0.01981043629348278
-0.002642022678628564
-0.004662207327783108
0.04108550772070885
-0.008926691487431526
-0.0006644513923674822
-0.019292764365673065
-0.0073926132172346115
-0.0520702600479126
-0.000809652148745954
0.014494825154542923
0.02400231920182705
-0.004769529681652784
-0.007335795555263758
0.008749924600124359
0.03333304822444916
-0.0032322953920811415
-0.0029150634072721004
-0.021211938932538033
-0.01972205378115177
-0.009715825319290161
-0.0058048744685947895
0.004734807647764683
-0.018345803022384644
-0.017461970448493958
-0.0007200853433459997
0.04593395069241524
-0.017562979832291603
-0.0026546488516032696
0.03108559176325798
-0.01986094005405903
-0.007897659204900265
0.023282628506422043
0.0022095770109444857
0.015681684017181396
-0.0004537524073384702
-0.002035967307165265
-0.01810590550303459
0.003648958634585142
0.009677947498857975
-0.011054198257625103
-0.015984712168574333
0.0005729117547161877
0.018055399879813194
0.01683066412806511
0.01765136420726776
0.005265106447041035
-0.0007449430995620787
0.0199872013181448
-0.03386334702372551
-0.005994266830384731
-0.017727119848132133
0.0037247154396027327
0.027196737006306648
-0.003068155376240611
-0.006057397462427616
-0.0073926132172346115
-0.007348421961069107
-0.016944298520684242
0.007196907885372639
0.004147691652178764
-0.024924028664827347
0.0031407559290528297
-0.010738544166088104
-0.015972085297107697
-0.0334845595061779
-0.01460846047848463
-0.013093321584165096
0.00597848417237401
-0.04265115037560463
0.004671677015721798
0.023636160418391228
-0.0013438962632790208
0.014722095802426338
-0.004756903741508722
0.008882499299943447
-0.023573029786348343
-0.020984668284654617
0.015782693400979042
-0.009816834703087807
-0.011300408281385899
0.004611702635884285
0.0018923449097201228
0.027954306453466415
-0.013926648534834385
0.0109847541898489
-0.05383792147040367
0.006177345756441355
0.2078770101070404
-0.006309920456260443
0.010972128249704838
0.00393620366230607
-0.010807988233864307
-0.0019175971392542124
0.03017650917172432
0.00928653683513403
0.017386214807629585
0.018169036135077477
0.010309254750609398
-0.026868456974625587
-0.014141293242573738
0.008396392688155174
0.002225359668955207
-0.024835646152496338
-0.03507545590400696
-0.0018165879882872105
0.009791582822799683
-0.0017881790408864617
0.022474555298686028
-0.0034690359607338905
-0.009267597459256649
-0.012651406228542328
0.03313102945685387
-0.001991775818169117
0.00928653683513403
0.001919175498187542
0.02565634623169899
0.0037184024695307016
-0.03171689808368683
-5.454893107526004e-05
-0.002574157202616334
0.002550483215600252
-0.0006080282619222999
0.021464461460709572
0.01968417502939701
-0.02118668705224991
0.013901395723223686
0.013560489751398563
0.03368657827377319
-0.025126047432422638
0.009198153391480446
-0.017752373591065407
0.005145157687366009
0.039191581308841705
0.0053882114589214325
-0.004955765325576067
-0.0007816378492861986
-0.009785269387066364
-0.021729610860347748
0.054393474012613297
0.007146403193473816
0.016464505344629288
0.00017232727259397507
0.011754949577152729
-0.017020056024193764
-0.0032086214050650597
0.020492248237133026
-0.01666652411222458
-0.00907820463180542
0.02238617092370987
0.003967768978327513
0.024722009897232056
-0.0008301696507260203
0.015164011158049107
-0.021249817684292793
-0.02689370885491371
-0.00629098154604435
-0.025807859376072884
0.0032796435989439487
-0.0009177635656669736
-0.025934120640158653
0.003734185127541423
-0.025769980624318123
-0.02234829217195511
0.03598453849554062
0.024014946073293686
0.024557869881391525
0.04186832904815674
-0.021742237731814384
-0.0017597702099010348
-0.0398733951151371
0.003667897777631879
0.0005871161702089012
0.0003716824285220355
0.02220940589904785
-0.012929181568324566
0.0058048744685947895
-0.03393910452723503
-0.025176551192998886
0.010738544166088104
-0.010523899458348751
-0.006464590784162283
-0.0023437298368662596
0.0029655680991709232
-0.0038793860003352165
0.001830792403779924
-0.012310500256717205
-0.0005231962422840297
-0.0060037365183234215
0.04265115037560463
0.03320678696036339
0.01741146668791771
-0.013421601615846157
0.011855958960950375
-0.01944427751004696
-0.003399592125788331
0.000998255331069231
-0.0363885760307312
-0.005362959112972021
0.003462722757831216
0.0070769595913589
-0.008434271439909935
-0.01873721368610859
0.0283078383654356
0.0013991356827318668
-0.006957010831683874
0.022600816562771797
-0.009526433423161507
-0.003050794592127204
-0.010612282902002335
-0.015277646481990814
0.01803014799952507
-0.014330685138702393
-0.0047663734294474125
-0.03747442737221718
0.019431650638580322
-0.016312992200255394
-0.013699376955628395
0.019014988094568253
-0.010972128249704838
0.035378485918045044
0.014128666371107101
-0.011174146085977554
0.0018986579962074757
0.002651492366567254
-0.012657719664275646
0.006521408911794424
0.010277689434587955
0.008850933983922005
-0.02234829217195511
-0.005773309152573347
-0.00781558919698
0.012114794924855232
-0.043004680424928665
0.013030190952122211
0.010397638194262981
-0.029191669076681137
-0.0007050918065942824
-0.0015001449501141906
-0.028989650309085846
0.005211445037275553
-0.010403950698673725
0.02010083757340908
0.030479537323117256
-0.02374979667365551
0.0012570915278047323
0.0011687084333971143
0.016653897240757942
-0.007948163896799088
-0.012196864932775497
0.02997449040412903
-0.005186192691326141
-0.001464633853174746
0.00928653683513403
-0.15535220503807068
0.01699480414390564
0.020454369485378265
0.010302942246198654
0.009520119987428188
-0.003977238666266203
0.01521451584994793
0.028535109013319016
-0.01612359844148159
-0.005530255381017923
0.005770152434706688
-0.017802877351641655
-0.0179038867354393
-0.038610778748989105
-0.00878780335187912
-0.016717027872800827
-0.021615976467728615
-0.007986042648553848
0.010258750058710575
0.021527593955397606
0.0347471758723259
0.0014685795176774263
-0.028484603390097618
0.009520119987428188
0.0003803629078902304
-0.0018118531443178654
-0.004857912659645081
0.013661499135196209
-0.013623620383441448
-0.020504875108599663
-0.005571290384978056
-0.006092119496315718
0.03404011204838753
-0.013951900415122509
-0.014355937018990517
0.012550397776067257
-0.021211938932538033
-0.01753772795200348
-0.011635000817477703
0.00801760796457529
0.02222203090786934
0.02590886875987053
-0.003942516632378101
0.014709469862282276
-0.0007315278053283691
0.00047584818094037473
0.04224711284041405
0.005991110112518072
0.016477132216095924
-0.030024994164705276
0.026994718238711357
0.002395812887698412
-0.006635044235736132
-0.012790294364094734
0.00818806141614914
0.012070603668689728
-0.0039014816284179688
-0.008093364536762238
0.016843289136886597
-0.0037089327815920115
-0.00011284625361440703
0.009835774078965187
0.00274145370349288
0.011287782341241837
0.0256942231208086
-0.01939377374947071
-0.022727077826857567
0.014292806386947632
-0.05656517297029495
0.02142658457159996
-0.003996178042143583
-0.03037852793931961
0.007537814322859049
-0.025088168680667877
-0.014545329846441746
0.026514923200011253
-0.008857247419655323
0.04257539287209511
-0.01411604043096304
-0.009337041527032852
0.0008009716402739286
0.04547940939664841
-0.003910951316356659
-0.01782812923192978
-0.00787240732461214
-0.02701997011899948
0.0006356479716487229
0.02416645921766758
5.213220720179379e-05
0.002029654337093234
0.0059563880786299706
-0.04247438162565231
-0.0019933541771024466
-0.02436847798526287
-0.006357268895953894
0.008945629931986332
0.023067984730005264
-0.013194330967962742
0.02217152714729309
-0.010662787593901157
0.003456409787759185
0.005233541131019592
-0.012196864932775497
0.0073989261873066425
0.00219695083796978
-0.028737127780914307
0.00026988403988070786
0.013459480367600918
0.013004939071834087
0.005820657126605511
-0.04777736961841583
-0.013270088471472263
0.022032639011740685
0.004955765325576067
0.01737358793616295
0.0034311574418097734
-0.006717114243656397
-0.008712046779692173
0.011994846165180206
0.008181747980415821
0.07030242681503296
-0.013295340351760387
-0.013724629767239094
-0.0017282048938795924
-0.02574472874403
-0.030908824875950813
-0.1018173098564148
-0.04618647322058678
0.02772703394293785
0.01952003501355648
0.019759930670261383
0.033838093280792236
-0.008099677972495556
-0.013712003827095032
-0.03600979223847389
0.022638695314526558
-0.02856036089360714
0.004542259033769369
-0.0066918618977069855
-0.0010542839299887419
-0.013004939071834087
0.025315439328551292
-0.011489800177514553
-0.012285248376429081
-0.0346461683511734
0.01873721368610859
0.012361004948616028
-0.0014212315436452627
-0.027701782062649727
-0.012897616252303123
-0.02113618142902851
0.004517006687819958
-0.03462091460824013
0.006597165483981371
0.021249817684292793
-0.015063001774251461
-0.02279020845890045
-0.011470860801637173
0.0004359968879725784
-0.022777581587433815
0.019924070686101913
-0.004630642011761665
-0.018295297399163246
-0.0066918618977069855
0.03141387179493904
-0.008099677972495556
0.008888812735676765
0.031060339882969856
-0.002946628723293543
-0.03393910452723503
0.014254928566515446
-0.029418939724564552
-0.01993669755756855
0.016691775992512703
-0.0049715484492480755
7.526371337007731e-05
0.001387298689223826
-0.011849645525217056
-0.04111075773835182
0.0057322741486132145
0.007954477332532406
0.0021764333359897137
-0.01145823486149311
-0.01583319716155529
-0.02118668705224991
-0.02470938302576542
-0.010378698818385601
-0.007196907885372639
-0.031641144305467606
0.036994632333517075
0.03373708575963974
-0.017461970448493958
-0.01050496008247137
-0.019267510622739792
0.03295426443219185
-0.008876186795532703
0.0027809105813503265
0.005236697383224964
-0.009987288154661655
0.00016995987971313298
-0.019621044397354126
0.012127420864999294
-0.025441700592637062
-0.001852888148277998
0.0023768735118210316
0.0032307172659784555
-0.014684217050671577
-0.012884990312159061
-0.004141378682106733
-0.019128624349832535
0.02084578014910221
0.023105861619114876
0.002034389181062579
0.004542259033769369
-0.009709512814879417
-0.008655228652060032
-0.0034311574418097734
0.04767635837197304
-0.008402706123888493
0.012569336220622063
0.016881167888641357
0.0063604251481592655
0.006054240744560957
-0.005981640424579382
-0.007487309630960226
0.017550354823470116
-0.03787846118211746
0.016679149121046066
-0.05853484943509102
0.008636289276182652
0.01096581481397152
-0.016312992200255394
-0.006950697861611843
-0.01164762768894434
0.01632561720907688
-0.029242172837257385
0.007929224520921707
0.021603349596261978
-0.01142035610973835
0.024570496752858162
-0.031641144305467606
-0.010164054110646248
-0.01398977916687727
-0.03159063681960106
0.022032639011740685
-0.018004896119236946
0.001968101831153035
0.013257461600005627
0.008402706123888493
-0.0045801373198628426
0.03575726971030235
0.033257290720939636
0.017020056024193764
0.006073180120438337
-0.015694309026002884
-0.023724544793367386
-0.00548290740698576
0.01291024312376976
-0.0047853123396635056
-0.030126003548502922
-0.0008577893604524434
0.011837019585072994
-0.0033269915729761124
-0.01695692539215088
-0.014355937018990517
0.03845926746726036
0.003667897777631879
0.06757517904043198
-0.012619840912520885
-0.021035173907876015
0.015618552453815937
-0.034141119569540024
-0.012259995564818382
-0.0021653855219483376
-0.022184152156114578
-0.010258750058710575
0.0036142366006970406
0.0013028612593188882
0.03489869087934494
0.013270088471472263
-0.0075315008871257305
-0.029418939724564552
-0.005486064124852419
0.028206828981637955
0.020833155140280724
0.013951900415122509
0.003566888626664877
-0.010132488794624805
0.03545423969626427
-0.010890058241784573
0.003510070964694023
-0.00352901010774076
0.00596901448443532
-0.033383551985025406
0.013118574395775795
-0.005634421482682228
0.00022766533948015422
-0.00582381384447217
0.009147648699581623
0.007095898501574993
0.011237277649343014
0.01906549371778965
0.012316813692450523
-0.0073926132172346115
0.0254543274641037
-0.014204423874616623
-0.008219626732170582
0.0119759077206254
0.0012223696103319526
0.0065656001679599285
-0.009374919347465038
0.014469572342932224
0.01799226924777031
0.0031817909330129623
-0.0184846892952919
0.01599733717739582
-0.0147347217425704
-0.004321301355957985
-0.020757397636771202
0.014545329846441746
-0.014141293242573738
0.029292678460478783
-0.0030160725582391024
0.0052619497291743755
0.025631092488765717
-0.0010826927609741688
0.010448142886161804
0.018535194918513298
0.03424213081598282
-0.0023816083557903767
-0.0014614773681387305
-0.0334845595061779
-0.028004810214042664
0.007348421961069107
-0.03762593865394592
-0.03962087258696556
-0.011155207641422749
0.02785329706966877
-0.010953188873827457
0.005003113765269518
0.028030062094330788
0.008087052032351494
-0.009513807483017445
-0.0041571613401174545
0.002684636041522026
-0.0006427501793950796
-0.012001159600913525
0.030858321115374565
-0.0036584280896931887
0.020252350717782974
0.02893914468586445
0.008775177411735058
0.0029923985712230206
0.014381189830601215
0.01350998505949974
0.002642022678628564
0.0018292140448465943
-0.009438049979507923
-0.00849740207195282
-0.0031596950720995665
-0.006385677494108677
-0.019583165645599365
-0.006767618469893932
0.0021985291969031096
0.015113506466150284
0.013446854427456856
-0.03088357299566269
0.07641348242759705
0.003996178042143583
-0.013194330967962742
0.0045675113797187805
0.0022379858419299126
0.012859738431870937
-0.005975327454507351
-0.017802877351641655
0.001132408156991005
-0.009861026890575886
0.017272578552365303
-0.0030097595881670713
-0.0043023619800806046
-0.020441744476556778
0.011237277649343014
0.006799184251576662
-0.0228407122194767
0.041641056537628174
-0.031312864273786545
0.002814054023474455
0.02926742471754551
0.007777710910886526
0.006272042170166969
0.011679193004965782
-0.0067044878378510475
0.00705802021548152
0.014330685138702393
-0.0052619497291743755
-0.012348379008471966
-0.039191581308841705
-0.01301756501197815
0.005230384413152933
-0.047979384660720825
-0.028661370277404785
-0.0008435849449597299
-0.029873481020331383
0.008156496100127697
-0.04522688314318657
-0.01554279588162899
-0.0003387360484339297
0.006199441850185394
0.034216877073049545
-0.021817995235323906
-0.058837879449129105
-0.0076514496468007565
0.006249946542084217
-0.004886321723461151
0.003161273431032896
-0.023939188569784164
