-0.00023051613243296742
-0.00393283786252141
-0.0015106857754290104
-0.022514354437589645
-0.03258450701832771
0.020140303298830986
-0.038663119077682495
0.0006652561132796109
-0.020427275449037552
-0.019240250810980797
-0.012992060743272305
0.009404895827174187
0.00010272337385686114
0.011400663293898106
-0.0035904264077544212
-0.010278859175741673
0.029453888535499573
0.01434866152703762
0.010441912338137627
0.007578702177852392
0.005123124457895756
0.006303627975285053
0.011615893803536892
-0.021522991359233856
-0.0184706412255764
-0.0017104257130995393
0.014048644341528416
-0.021757788956165314
-0.018875012174248695
-0.008472232148051262
0.005155734717845917
-0.0003907156933564693
-0.0332106277346611
-0.0013729060301557183
0.0002021856780629605
-0.011583282612264156
0.009072267450392246
0.01886196807026863
0.020609894767403603
0.03615862503647804
0.02734072133898735
0.009483160451054573
0.009046179242432117
0.00857006385922432
0.0018653259612619877
0.004477434791624546
-0.014609546400606632
-0.03420199081301689
-0.019240250810980797
0.030158277601003647
0.0074743484146893024
0.020518586039543152
-0.020688161253929138
0.0031876855064183474
-0.02017943561077118
-0.00457852752879262
-0.008185259066522121
0.010852805338799953
-0.009770134463906288
-0.02204476110637188
0.0137616703286767
-0.006496030371636152
-0.014687811955809593
0.029427800327539444
0.011289787478744984
0.01741405762732029
0.004317642655223608
-0.0015220994828268886
-0.0007724634488113225
-0.0013924724189564586
0.0027458120603114367
0.010611487552523613
-0.031410522758960724
0.0028762544970959425
0.03456722944974899
-0.0013851349940523505
-0.000815264880657196
-0.03540205955505371
-0.0029284313786774874
0.014152998104691505
0.006479725241661072
-0.005083991680294275
-0.016879243776202202
0.005866645835340023
0.014896519482135773
-0.00351542211137712
0.005155734717845917
0.0014764446532353759
0.012594211846590042
-0.02036205492913723
-0.007552613504230976
0.014779121614992619
-0.003642603289335966
0.02421010471880436
0.0005503037828020751
0.007637401111423969
-0.01609659008681774
0.013970378786325455
-0.027862491086125374
-0.030393073335289955
-0.007004755549132824
-0.02478405088186264
-0.01504000648856163
0.005175301339477301
-0.02045336551964283
0.028671234846115112
-0.010213637724518776
0.022475222125649452
0.017309702932834625
-0.035115089267492294
-0.012887706980109215
0.05697723105549812
-0.014205174520611763
-0.020048992708325386
0.016474872827529907
-0.0038350059185177088
0.03555859252810478
-0.03417590260505676
-0.010572354309260845
-0.020557718351483345
0.019657665863633156
0.006893879733979702
0.0133964316919446
-0.002701787743717432
0.02481014095246792
0.022083895280957222
-0.017870604991912842
-0.023936176672577858
-0.03425416722893715
-0.002701787743717432
0.012098530307412148
-0.0029333229176700115
-0.001283226883970201
0.0021115359850227833
-0.0051492126658558846
0.02340136282145977
-0.01897936500608921
0.0001579575618961826
-0.02731463313102722
-0.007891763933002949
0.0069917114451527596
0.011622415855526924
-0.0028159248176962137
-0.0390283577144146
0.009711435064673424
0.0034730283077806234
0.03973274677991867
0.022305646911263466
0.004001319874078035
-0.0021343633998185396
-0.009646213613450527
-0.020622938871383667
0.02271001785993576
-0.022579574957489967
0.010761495679616928
0.0022158899810165167
0.002561562228947878
0.022005628794431686
-0.003981753718107939
-0.004907894413918257
-0.027497252449393272
-0.008243958465754986
0.01702273078262806
0.0029382144566625357
0.011335442773997784
0.02505798079073429
-0.014583458192646503
0.0027441815473139286
0.01275074202567339
0.007885241881012917
0.013383387587964535
0.011922433041036129
-0.02833208441734314
0.01858803816139698
-0.003309975378215313
0.03399328514933586
0.022279558703303337
0.020988179370760918
0.0012522467877715826
-0.007265640422701836
-0.035715121775865555
0.02273610606789589
0.014283440075814724
0.017257526516914368
-0.025436263531446457
0.02604934200644493
0.005455752369016409
0.015770483762025833
0.01630529761314392
0.001004406251013279
0.027236368507146835
0.014322573319077492
-0.019122852012515068
-0.013800803571939468
-0.6369762420654297
-0.0021213190630078316
-0.004252421669661999
-0.01063105370849371
0.016800977289676666
-0.0053677037358284
0.012372459284961224
0.028801677748560905
-0.013487741351127625
-0.011407186277210712
-0.0044350409880280495
0.02662329003214836
-0.0018066269112750888
-0.014218219555914402
-0.01337034348398447
-0.0164226945489645
0.016644448041915894
-0.02848861552774906
0.008837470784783363
-0.023544849827885628
-0.026597199961543083
0.013944289647042751
-0.010370168834924698
0.011015858501195908
-0.0002853427140507847
-6.766698061255738e-05
0.03558468073606491
0.0004137469222769141
-0.0033458468969911337
0.01714012771844864
-0.024327503517270088
0.026231961324810982
0.032558418810367584
0.011198477819561958
0.05629893019795418
0.035923831164836884
-0.031540967524051666
0.018392374739050865
0.019227206707000732
0.005710115190595388
0.01744014583528042
-0.01424430776387453
0.0026822213549166918
-0.009163577109575272
0.020675117149949074
0.01741405762732029
0.0253840871155262
-0.015261758118867874
0.01395733468234539
0.012215928174555302
-0.007787409704178572
0.009411417879164219
0.01156371645629406
-0.0003858240961562842
-0.009620125405490398
0.0005666090874001384
0.006046004127711058
0.0016615097410976887
-0.012007220648229122
0.017035774886608124
0.002243608934804797
0.0014576935209333897
-0.013800803571939468
-0.03485420346260071
-0.028227729722857475
-0.006143835838884115
-0.00621884036809206
-0.013005104847252369
0.0053611816838383675
-0.00457852752879262
0.0010843022027984262
0.010533221997320652
-0.001617485424503684
-0.0023137216921895742
0.019501134753227234
-0.003173010889440775
0.03793264180421829
0.008772250264883041
-0.005755770020186901
0.0307061355561018
-0.002978977747261524
-0.02077946998178959
-0.04698534309864044
0.00476114684715867
0.03383675217628479
-0.04351557791233063
-0.013618184253573418
-0.007911330088973045
0.002843643771484494
0.011413708329200745
-0.01916198432445526
0.023323096334934235
-0.000876409700140357
-0.014205174520611763
0.014792165718972683
0.027210280299186707
0.006893879733979702
0.004702447913587093
0.015066094696521759
-0.004121979232877493
0.0007153949118219316
-0.028227729722857475
0.00496985437348485
-0.0038317448925226927
0.011707203462719917
0.013566006906330585
0.0008552128565497696
0.01130935363471508
0.023649202659726143
-0.012639866210520267
-0.00867441762238741
-0.02421010471880436
-0.008172214962542057
-0.013285555876791477
-0.02165343426167965
-0.030340896919369698
0.004513306077569723
0.015679173171520233
0.02584063448011875
-0.044559117406606674
0.01734883524477482
-0.0023218742571771145
0.006319933105260134
0.022214336320757866
-0.0007264009909704328
0.013324689120054245
-0.003308344865217805
-0.0023039383813738823
-0.001888153376057744
-0.020309878513216972
0.007448259741067886
-0.013918201439082623
0.026662422344088554
-0.004927460569888353
0.033732399344444275
-0.0007056117174215615
0.008348312228918076
-0.00817873701453209
0.007656967733055353
-0.024549255147576332
-0.02180996537208557
-0.005025292746722698
0.019357649609446526
-0.0033882407005876303
-0.022005628794431686
-0.022931769490242004
-0.02775813825428486
-0.015131316147744656
-0.014779121614992619
0.01573135145008564
0.0073960828594863415
-0.008204825222492218
-0.04755929112434387
-0.009620125405490398
-0.0056090219877660275
-0.025762369856238365
-0.01729665882885456
-0.0056351106613874435
-0.02280132658779621
0.0013354038819670677
0.015574819408357143
-0.007083021104335785
0.007500436622649431
0.03240188583731651
-0.0403066948056221
0.003125725546851754
0.02893211878836155
0.0020512063056230545
-0.027418987825512886
-0.04401125758886337
0.007037366274744272
0.01865326054394245
0.0060394820757210255
0.009600559249520302
0.035297706723213196
-0.006329716183245182
-0.013539918698370457
0.006068831775337458
-0.006124269682914019
-0.0053872703574597836
-0.018574994057416916
0.02775813825428486
0.004291553981602192
-0.01895327679812908
0.005188345443457365
0.015705261379480362
-0.0003656462940853089
0.015900926664471626
0.0024702525697648525
0.005967738572508097
0.008217869326472282
0.0009717957000248134
-0.0022517614997923374
0.020140303298830986
-0.009587515145540237
0.006538424175232649
-0.00019749790953937918
-0.01171372551470995
0.015900926664471626
0.01282900758087635
0.012457246892154217
-0.007343905977904797
0.03143661469221115
-0.02337527461349964
0.007604790385812521
-0.01395733468234539
0.007154764607548714
-0.012620300054550171
0.027810314670205116
-0.0028566881082952023
0.0025077546015381813
-0.028384260833263397
-0.019657665863633156
-0.004810062702745199
-0.006959100719541311
0.0021946930792182684
-0.00872007291764021
0.01699664257466793
0.0029463672544807196
-0.0016264533624053001
-0.012052875943481922
-0.0006477279239334166
0.0008543975418433547
0.002290894277393818
-0.041402410715818405
0.012502902187407017
0.010350602678954601
-0.007735232822597027
0.014687811955809593
-0.020296834409236908
0.024470990523695946
-0.003226818284019828
0.014622590504586697
0.023062212392687798
0.01985332928597927
0.007402604911476374
0.015522642992436886
-0.015261758118867874
0.020792514085769653
0.008804860524833202
0.017153171822428703
0.027001572772860527
-0.010644097812473774
-0.0038089174777269363
0.015092182904481888
0.02210998348891735
0.008302656933665276
0.015861792489886284
0.0029854997992515564
0.0013207290321588516
-0.020492497831583023
0.012868140824139118
-0.0073178173042833805
-0.012131141498684883
-0.00034791429061442614
-0.03793264180421829
0.009841877035796642
0.028410349041223526
0.0013631228357553482
0.023949220776557922
0.018783701583743095
0.021366462111473083
-0.019709842279553413
0.02848861552774906
0.01067670900374651
0.015613952651619911
-0.012489857152104378
-0.0019321776926517487
-0.03185402974486351
-0.01717926189303398
-0.010298425331711769
-0.029871303588151932
-0.00334910792298615
0.0032757341396063566
0.008609197102487087
0.00952229369431734
-0.005892734508961439
0.0005168779171071947
0.010109283961355686
-0.0007276238757185638
-0.020009860396385193
-0.03623689338564873
0.02207084931433201
0.007637401111423969
-0.009848399087786674
0.001548187923617661
-0.011550672352313995
0.0013068695552647114
-0.02634936012327671
0.023805733770132065
-0.018640216439962387
-3.5056389606324956e-05
0.017557544633746147
0.00646668067201972
0.007754799444228411
-0.013331211172044277
0.018483685329556465
-0.010533221997320652
0.013970378786325455
-0.0017479278612881899
-0.0035610769409686327
-0.013552962802350521
-0.03125399351119995
-0.017661897465586662
0.0360281839966774
0.024914493784308434
-0.039210978895425797
0.013696449808776379
-0.008433099836111069
-0.004575266502797604
-0.010435390286147594
0.014296484179794788
-0.005481841042637825
0.011035424657166004
0.013552962802350521
0.01060496550053358
0.007787409704178572
-0.0007451520650647581
0.010546266101300716
-0.00020636391127482057
-0.013931245543062687
-0.0040143639780581
0.012339849025011063
0.020048992708325386
0.03347151353955269
-0.0074743484146893024
-0.022749150171875954
0.02505798079073429
0.013905157335102558
0.007265640422701836
-0.01925329491496086
-0.03777611255645752
-0.0028110332787036896
-0.00087885552784428
0.009587515145540237
-0.014492148533463478
0.013852979987859726
-0.00473831919953227
-0.0002237902081105858
0.01532697957009077
-0.016292253509163857
-0.020805560052394867
0.03435852378606796
0.01858803816139698
0.012059397995471954
-0.006822136230766773
0.016500961035490036
0.0005160626606084406
0.018327154219150543
0.0012041461886838078
0.03133225813508034
0.0043567754328250885
0.0016574334586039186
-0.024862317368388176
0.0026121085975319147
0.0041969832964241505
0.021040355786681175
-0.01048104465007782
-0.0021849097684025764
0.0013068695552647114
0.009280974976718426
0.030027834698557854
0.00885703694075346
0.002411553403362632
0.026871129870414734
0.009437506087124348
0.00869398470968008
-0.002034901175647974
-0.0035610769409686327
-0.012698565609753132
0.0051459516398608685
0.021379506215453148
-0.021731700748205185
-0.026871129870414734
0.005651415791362524
0.003318127943202853
-0.009659257717430592
0.001281596370972693
-0.005152473691850901
-0.005175301339477301
0.002784944837912917
0.039210978895425797
-0.011844167485833168
-0.010213637724518776
-0.0015115010319277644
-0.03091484308242798
0.01729665882885456
-0.010461478494107723
-0.006567773874849081
-0.017283614724874496
-0.02869732305407524
0.0027099403087049723
-0.031227905303239822
-0.004963332321494818
-0.011270221322774887
-0.04588962718844414
-0.026897218078374863
0.02775813825428486
-0.005530756898224354
0.03422807902097702
0.030993109568953514
0.002899081911891699
-0.0009799483232200146
0.0064471145160496235
-0.012326804921030998
-0.013526874594390392
0.0307061355561018
-0.00977665651589632
-0.025423219427466393
0.030132189393043518
-0.028410349041223526
-0.02225346863269806
0.009867966175079346
0.013435564935207367
-0.009815788827836514
-0.006724304519593716
-0.00162237707991153
-0.008354834280908108
0.009607081301510334
0.001674553961493075
0.02008812688291073
-0.00020931924518663436
0.005579672753810883
-0.0257493257522583
-0.004858978558331728
-0.0057688141241669655
0.007369994185864925
0.0017251004464924335
0.00499268202111125
0.004539394751191139
-0.01957940123975277
-0.00011403517419239506
-0.022657841444015503
0.004862239584326744
-0.0018490207148715854
-0.005915561690926552
0.018444553017616272
0.008791816420853138
0.008772250264883041
-0.0133964316919446
-0.03404546156525612
0.030575692653656006
0.012509424239397049
-0.019175030291080475
0.015613952651619911
-0.062247101217508316
0.006365587934851646
0.02054467424750328
-0.014596502296626568
0.023088300600647926
-0.010109283961355686
-0.012678999453783035
-0.0064471145160496235
0.002300677355378866
-0.0023854649625718594
0.04286336526274681
-0.0016280838754028082
-0.030158277601003647
-0.03185402974486351
-0.0010296795517206192
-0.02264479734003544
0.01994463987648487
-0.0038121785037219524
0.0020593591034412384
-0.0015359589597210288
-0.006411242764443159
0.008478754200041294
-0.03052351623773575
0.00890269223600626
-0.028410349041223526
-0.022149115800857544
0.0015237299958243966
-0.001348448102362454
0.01434866152703762
-0.01225506141781807
0.02361007034778595
0.00011260846076766029
0.012835529632866383
-0.02411879599094391
-0.012783353216946125
0.01052669994533062
0.0037371742073446512
0.01831411011517048
0.007976551540195942
0.006407981738448143
-0.011420230381190777
-0.006835180334746838
0.013826891779899597
0.001623192336410284
0.005494885146617889
-0.016279209405183792
-0.014948696829378605
-0.0431242510676384
0.020518586039543152
-0.0017348836408928037
0.009267930872738361
0.0021147970110177994
-0.00851136539131403
-0.0030083272140473127
0.032375797629356384
-0.012170273810625076
-0.01916198432445526
-0.008954869583249092
-0.011733291670680046
-0.012170273810625076
0.0063688489608466625
-0.020322922617197037
0.0069917114451527596
-0.017857560887932777
-0.02499276027083397
0.008948346599936485
-0.026518935337662697
-0.00228926376439631
-0.006186229642480612
0.04956810176372528
-0.01734883524477482
0.014192130416631699
0.006163402460515499
0.03224535658955574
0.0080287279561162
0.020140303298830986
-0.015692217275500298
-0.004836150910705328
0.04195026680827141
0.003249645698815584
-0.02186214178800583
-0.020883824676275253
-0.0038284838665276766
-0.01545742154121399
0.004643748514354229
-0.002445794641971588
-0.010957160033285618
-0.005400314461439848
0.0004899741616100073
-0.009541859850287437
-0.02676677517592907
-0.01016798336058855
0.004441563040018082
0.013618184253573418
-0.008759205229580402
0.0063916766084730625
0.02291872538626194
-0.0307061355561018
-0.003446939866989851
0.0044904788956046104
-0.0291147381067276
0.05256827920675278
-0.013031193055212498
0.01337034348398447
0.02989739365875721
0.004810062702745199
-0.025827590376138687
0.002349593210965395
0.012052875943481922
-0.02471883036196232
0.01181807927787304
0.008354834280908108
0.010585399344563484
-0.02312743291258812
0.01600527949631214
0.032741036266088486
-0.01753145456314087
-0.014139954000711441
0.017035774886608124
0.014035599306225777
0.000807519827503711
-0.014687811955809593
0.0032105129212141037
-0.012339849025011063
0.014192130416631699
-0.011165867559611797
0.022331735119223595
-0.03130616992712021
-0.007591746281832457
-0.004131762310862541
0.047585379332304
0.004855717532336712
0.005902517586946487
-0.011511540040373802
-0.00815264880657196
-0.0048426734283566475
-0.012378981336951256
-0.0005641632596962154
-0.018718481063842773
-0.009196187369525433
0.03735869750380516
-0.00908531155437231
-0.013566006906330585
0.000543781672604382
-0.016344429925084114
-2.308218608959578e-05
-0.005941650364547968
0.0025387348141521215
0.02084469236433506
0.006293844897300005
-0.007115631829947233
0.013605140149593353
0.03300192207098007
-0.004167634062469006
0.011602849699556828
0.010950637981295586
-0.008185259066522121
0.01323337946087122
0.0014585087774321437
-0.022214336320757866
0.008537453599274158
-0.01587483659386635
-0.0048198457807302475
-0.006046004127711058
-0.018901100382208824
-0.02282741665840149
-0.009267930872738361
0.03467158228158951
-0.027471164241433144
-0.009841877035796642
0.008120037615299225
-0.004112196154892445
0.026845041662454605
0.004382863640785217
0.010448434390127659
0.019605489447712898
0.004464390221983194
-0.05781206116080284
-0.013526874594390392
-0.018640216439962387
0.005400314461439848
0.027105925604701042
0.012033308856189251
0.02252739854156971
-0.01817062310874462
0.036132536828517914
-0.010181027464568615
-0.010141895152628422
-0.0036980414297431707
0.0017153172520920634
-0.0031208337750285864
-0.003296931041404605
-0.02448403462767601
0.0035512936301529408
-0.01331164501607418
0.005732942372560501
0.003985014744102955
-0.025410175323486328
0.009502727538347244
0.00642754789441824
-0.008791816420853138
-0.010976726189255714
-0.03876747563481331
0.010076673701405525
-0.003042568452656269
0.012731175869703293
-0.023323096334934235
-0.0222012922167778
-0.0003108197124674916
0.01532697957009077
0.02210998348891735
-0.01543133333325386
0.01999681629240513
-0.0046046157367527485
-0.012294193729758263
-0.013096414506435394
0.003194207791239023
-0.017661897465586662
-0.014492148533463478
-0.012776831164956093
0.0126463882625103
0.02162734605371952
0.02072729356586933
-0.01106803584843874
-0.0013370343949645758
0.004438302014023066
-0.011074557900428772
-0.02321874350309372
2.099306948366575e-05
-0.014466059394180775
0.052594367414712906
-0.011413708329200745
-0.01582266017794609
-2.4190436306525953e-05
-0.01308337040245533
-0.04779408872127533
0.013513830490410328
0.027966845780611038
0.03146270290017128
0.0034273734781891108
-0.01927938312292099
0.017361881211400032
0.030445251613855362
-0.008133082650601864
0.0005784304230473936
-0.0310713741928339
-0.00817873701453209
-0.03798482194542885
-0.011107168160378933
-0.008165692910552025
-0.008139604702591896
-0.019240250810980797
-0.0031420306768268347
0.04054149240255356
-0.013618184253573418
0.012705087661743164
0.016474872827529907
-0.008517887443304062
-0.014974785037338734
0.003655647626146674
0.010715841315686703
0.0033311722800135612
-0.0012196361785754561
-0.01644878461956978
-0.0059057786129415035
-0.0074547817930579185
0.00973100122064352
-0.0145573690533638
-0.02694939449429512
-0.013109458610415459
0.037489138543605804
-0.0020984916482120752
0.0055535840801894665
-0.002899081911891699
-0.008759205229580402
-0.0025077546015381813
-0.027027660980820656
-0.0019973989110440016
-0.013272511772811413
-0.021849097684025764
0.005977522116154432
-0.0002199176960857585
-0.027836402878165245
-0.00017915444914251566
0.02872341126203537
-0.018875012174248695
-0.0004663314903154969
0.005214434117078781
-0.01783147267997265
0.008928780443966389
-0.01055931020528078
-0.010683231055736542
-0.014479103498160839
-0.023988353088498116
-0.023114388808608055
-0.0013932876754552126
-0.005970999598503113
0.010846283286809921
0.0252927765250206
-0.011002814397215843
0.004630704410374165
-0.0014634004328399897
-0.007506958674639463
-0.013044238090515137
-0.025644971057772636
-0.0035284662153571844
-0.014400838874280453
0.009633169509470463
0.0005193236866034567
0.002515907399356365
0.005980783142149448
-0.00500898715108633
0.030940931290388107
-0.046724461019039154
0.0016761845909059048
0.1952461451292038
-0.041976358741521835
0.012065920047461987
-0.012196362018585205
-0.011739813722670078
0.0040861074812710285
0.02637544833123684
-0.002511015860363841
-0.0019126113038510084
-0.006610167678445578
0.006137313786894083
-0.025253644213080406
-0.0307061355561018
0.010507133789360523
0.00688083516433835
-0.016383562237024307
-0.036680396646261215
-0.004379602614790201
-0.017674941569566727
-0.037854377180337906
0.024627521634101868
0.006769959349185228
0.0038773997221142054
-0.004135023336857557
0.007898285984992981
0.007298251148313284
-0.012535512447357178
0.008889648132026196
0.025397131219506264
-0.006257973145693541
-0.011139779351651669
-0.00511986343190074
-0.02063598483800888
-0.005103557836264372
-0.015679173171520233
0.009320108219981194
0.0164226945489645
0.0057688141241669655
0.018627172335982323
0.008517887443304062
0.027079837396740913
-0.017074907198548317
0.0012636604951694608
-0.012463768944144249
-0.024353591725230217
0.061673156917095184
-0.008772250264883041
-0.0042198109440505505
0.008641807362437248
-0.020192479714751244
-0.008504843339323997
0.03542814776301384
0.027627695351839066
0.011772424913942814
0.012059397995471954
0.011844167485833168
0.00015439078561030328
-0.0022354561369866133
0.006228623446077108
0.016918376088142395
-0.008713550865650177
0.02045336551964283
-0.0042785098776221275
0.043593842536211014
-0.0063688489608466625
0.008700506761670113
-0.0330280102789402
-0.03190620616078377
-0.0006994972354732454
-0.015000873245298862
0.013526874594390392
-0.028019022196531296
-0.0252927765250206
0.01856194995343685
-0.03576729819178581
0.005899256560951471
0.026492847129702568
0.008596152998507023
0.00017191897495649755
0.024953626096248627
-0.01215070765465498
0.0014625851763412356
-0.004210027866065502
-0.021640390157699585
0.024940581992268562
-0.030236542224884033
0.02003594860434532
-0.022749150171875954
1.3744856005359907e-05
-0.012626822106540203
-0.005625327583402395
-0.00742869358509779
0.00039255002047866583
-0.020922956988215446
0.007709144614636898
0.012868140824139118
-0.023557893931865692
0.030784400179982185
-0.016774889081716537
0.012131141498684883
0.00636232690885663
0.021849097684025764
0.009254886768758297
0.005941650364547968
-0.019892461597919464
0.02234477922320366
-0.002894190140068531
-0.012711609713733196
-0.007983073592185974
-0.002889298601076007
0.018744569271802902
-0.022175204008817673
0.0009236951009370387
-0.019435914233326912
-0.021522991359233856
0.014048644341528416
0.006414503790438175
-0.021992584690451622
0.01485738717019558
0.010794106870889664
-0.001275074202567339
0.01976202055811882
0.004800279624760151
0.02231869101524353
-0.017192305997014046
-0.00661668973043561
-0.029166916385293007
0.023570938035845757
-0.0035969484597444534
-0.003587165381759405
0.002158821327611804
-0.03501073271036148
0.05864689126610756
-0.013115980662405491
0.0029838692862540483
0.007767843548208475
0.0008429838344454765
-0.01861412636935711
-0.007800454273819923
0.0037665236741304398
0.026336316019296646
-0.002890929114073515
-0.00032121434924192727
-0.0024213367141783237
0.0005600869772024453
-0.013031193055212498
0.014609546400606632
0.013213812373578548
0.0005951433558948338
-0.02153603732585907
-0.03130616992712021
-0.03558468073606491
-0.018248887732625008
-0.01181807927787304
0.011974610388278961
0.013618184253573418
-0.029010385274887085
-0.014883475378155708
0.010957160033285618
0.016409650444984436
-0.04056758061051369
0.01066366396844387
0.034149814397096634
-0.02466665394604206
0.006603645160794258
0.0003432265075389296
-0.16300079226493835
-0.008270046673715115
0.005061164032667875
-0.027288544923067093
0.004679620265960693
0.0022745889145880938
0.03469767048954964
0.010598443448543549
-0.0043339477851986885
0.010878894478082657
0.0013117612106725574
-0.016618357971310616
-0.024914493784308434
-0.01792278327047825
-0.006068831775337458
-0.007663489785045385
-0.016553137451410294
0.0014666614588350058
0.03775002434849739
0.00040722478297539055
0.010872372426092625
-0.022123027592897415
-0.011883300729095936
0.01013537310063839
0.015705261379480362
-0.0009204340167343616
-0.025788458064198494
0.010539744049310684
0.002416444942355156
0.013787759467959404
0.0021865402814000845
0.04361993074417114
0.017674941569566727
-0.030236542224884033
0.0006844148738309741
-0.0022631753236055374
-0.011896344833076
0.010865850374102592
-0.025305820629000664
0.007846108637750149
0.0023544849827885628
0.016957508400082588
0.006590601056814194
-0.006571034900844097
0.014687811955809593
0.024340547621250153
0.034723762422800064
-0.014818253926932812
0.03934141993522644
-0.01484434213489294
0.0017984742298722267
-0.004167634062469006
0.017883649095892906
-0.005739464424550533
0.002367529086768627
0.007761321496218443
-0.004298076499253511
0.002890929114073515
0.0043013375252485275
-0.003998058848083019
0.01777929626405239
0.001143816625699401
0.016618357971310616
0.016761844977736473
0.04466347023844719
-0.0009522293694317341
-0.019709842279553413
0.003769784700125456
-0.032349709421396255
0.0012343110283836722
-0.025788458064198494
-0.008974435739219189
0.019083719700574875
-0.02075338177382946
0.004624182358384132
0.008015683852136135
-0.006326455157250166
0.04766364395618439
-0.0008894539787434042
-0.0007524894899688661
0.005377486813813448
0.03623689338564873
-0.02117079868912697
-0.007800454273819923
-0.010415824130177498
-0.027653783559799194
-0.0026920046657323837
-0.014792165718972683
0.0036980414297431707
0.00926140882074833
0.01365731656551361
-0.021757788956165314
-0.012894229032099247
-0.00567750446498394
2.9120241379132494e-05
0.007630879059433937
0.015079138800501823
-0.007109109777957201
0.011133257299661636
-0.007976551540195942
0.015887880697846413
0.006339499726891518
-0.012581166811287403
0.002820816356688738
0.03960230574011803
-0.014205174520611763
0.0020104432478547096
0.013246423564851284
0.020701205357909203
0.01312902569770813
-0.030001746490597725
0.007806976325809956
0.006724304519593716
0.011054991744458675
0.021549081429839134
0.005269872024655342
-0.01852281764149666
-0.017153171822428703
0.015692217275500298
-0.013305122032761574
0.06438636034727097
0.0035382495261728764
-0.02077946998178959
0.018640216439962387
-0.01729665882885456
-0.025462351739406586
-0.12136358767747879
-0.03555859252810478
0.019970728084445
0.002972455695271492
0.01741405762732029
0.017153171822428703
0.002105013933032751
0.0034925946965813637
-0.012157229706645012
0.01891414448618889
-0.0390283577144146
-0.0035545548889786005
-0.025605838745832443
0.011231089010834694
-0.011165867559611797
0.0442199669778347
0.024731874465942383
-0.0040861074812710285
-0.028671234846115112
0.0066982158459723
0.016187898814678192
0.03501073271036148
-0.028853854164481163
-0.009600559249520302
0.01564004085958004
0.009613603353500366
-0.027966845780611038
0.010533221997320652
0.013566006906330585
-0.007272162474691868
-0.034097637981176376
-0.006978667341172695
0.0017316224984824657
0.0019240250112488866
0.01130935363471508
-0.01916198432445526
-0.029819127172231674
-0.0017267309594899416
0.014322573319077492
-0.017192305997014046
0.007650445215404034
0.01918807439506054
-0.0003636081237345934
-0.01612267829477787
-0.002957780845463276
-0.03404546156525612
0.01504000648856163
0.0042002443224191666
0.002344701671972871
-0.02358398213982582
-0.02773205004632473
-0.018040180206298828
-0.04599398374557495
-0.01957940123975277
0.01308337040245533
0.014635634608566761
-0.005814468953758478
0.027418987825512886
-0.005915561690926552
-0.035897742956876755
-0.0007292543887160718
-0.017961915582418442
-0.025736281648278236
0.019957683980464935
0.00503181479871273
-0.004774190951138735
-0.016292253509163857
-0.026518935337662697
0.020714249461889267
0.0027099403087049723
0.01939678192138672
-0.0009049439686350524
0.005185084417462349
0.007435215637087822
-0.03146270290017128
0.02231869101524353
-0.012913795188069344
-0.03128008171916008
0.01711403951048851
-0.0036915193777531385
-0.016644448041915894
-0.0071808528155088425
-0.007004755549132824
-0.018131490796804428
-0.000135741604026407
0.013826891779899597
-0.00593186728656292
-0.0049568102695047855
0.009809266775846481
-0.012202884070575237
-0.0035936874337494373
0.01826193369925022
-0.0007883611251600087
0.0037306519225239754
0.0072395517490804195
-0.012307237833738327
0.01102238055318594
-0.008530931547284126
-0.0219273641705513
0.005299221724271774
-0.03425416722893715
0.008602675050497055
-0.054003145545721054
0.016918376088142395
-0.0034893336705863476
-0.015313935466110706
0.0005229923990555108
-0.010578876361250877
0.02484927326440811
-0.025631926953792572
-0.009241842664778233
0.006577556952834129
-0.028019022196531296
0.020375099033117294
-0.005762292072176933
-0.02210998348891735
-0.025671059265732765
-0.01612267829477787
0.02890603058040142
-0.008772250264883041
0.007930896244943142
0.021405594423413277
0.006372109986841679
0.0065840790048241615
0.012281149625778198
0.04249812662601471
-0.011739813722670078
0.010252770967781544
-0.009280974976718426
0.006293844897300005
-0.0018702176166698337
0.019631577655673027
0.011635459959506989
-0.028279908001422882
0.002902342937886715
0.005974261090159416
-0.008328746072947979
-0.007043888326734304
-0.0025403653271496296
0.016827067360281944
0.029245181009173393
0.06522119045257568
-0.012561600655317307
-0.02628413960337639
0.042576391249895096
-0.011948522180318832
-0.017401013523340225
-0.005234000273048878
-0.002765378449112177
0.022305646911263466
0.016135722398757935
-0.024940581992268562
0.028227729722857475
0.023140477016568184
-0.0006640332285314798
-0.03459331765770912
-0.011570238508284092
0.00230883015319705
0.011452840641140938
-0.0025387348141521215
0.012705087661743164
-0.017883649095892906
0.03365413472056389
-0.010996292345225811
0.005494885146617889
0.013826891779899597
-0.00553401792421937
0.0046176603063941
0.022970901802182198
0.001425898284651339
-0.02301003597676754
-0.018235843628644943
-0.018092358484864235
0.010898460634052753
0.00929401908069849
0.01900545507669449
0.02105339989066124
-0.012757264077663422
0.005295960698276758
0.003182793967425823
-0.009874488227069378
0.0006236776243895292
0.0066623445600271225
0.008909214287996292
-0.00836135633289814
0.015105227008461952
0.03488029167056084
-0.0011927324812859297
0.03459331765770912
-0.01783147267997265
-0.014674767851829529
0.008687462657690048
0.006704738363623619
0.03336716070771217
0.005697070620954037
0.015548731200397015
0.008557019755244255
0.008843992836773396
0.011420230381190777
-0.012985538691282272
0.022996991872787476
0.024862317368388176
0.007037366274744272
-0.013996466994285583
-0.002310460666194558
-0.015392200089991093
0.0021669738925993443
0.011413708329200745
-0.025644971057772636
-0.03506290912628174
-0.008237436413764954
0.02400139719247818
0.00024111458333209157
-0.012672476470470428
0.03780220076441765
0.004660054109990597
-0.01925329491496086
-0.009320108219981194
0.013435564935207367
-0.01654009334743023
-0.023270919919013977
0.015066094696521759
-0.0012979016173630953
0.02854079194366932
0.03908053785562515
0.0028094027657061815
0.0024898189585655928
0.0028681016992777586
0.03258450701832771
0.01171372551470995
-0.004581788554787636
0.007872197777032852
-0.013200768269598484
-0.008159170858561993
-0.04106326028704643
-0.022762194275856018
-0.019175030291080475
0.01937069371342659
0.02736681140959263
0.03407154977321625
-0.009254886768758297
0.09104877710342407
0.0056351106613874435
-0.019122852012515068
0.0181054025888443
0.002639827551320195
0.010494089685380459
-0.008159170858561993
0.007552613504230976
-0.0041415453888475895
0.013194246217608452
0.031201817095279694
-0.005331831984221935
0.003919793292880058
-0.03485420346260071
-0.01916198432445526
-0.009828832931816578
-0.015992235392332077
0.029010385274887085
-0.01272465381771326
0.023714425042271614
0.04249812662601471
-0.0015677543124184012
0.029062561690807343
-0.02077946998178959
-0.020805560052394867
0.029453888535499573
0.03761958330869675
-0.017335791140794754
-0.015105227008461952
-0.017609721049666405
0.0010215268703177571
-0.003430634504184127
-0.04857674241065979
-0.024066617712378502
0.0030327853746712208
-0.03801091015338898
-0.00607535382732749
-0.011824601329863071
0.0002362229861319065
-0.013279033824801445
0.0060427431017160416
0.010004930198192596
-0.02598412148654461
-0.041611120104789734
0.007826542481780052
-0.006013393402099609
-0.03910662606358528
0.010226682759821415
-0.01985332928597927
