0.002471504034474492
-0.004790566395968199
0.01713835634291172
-0.01642479933798313
-0.03788342326879501
0.009328143671154976
-0.046705588698387146
-0.00035495436168275774
-0.023352794349193573
-0.031759798526763916
0.005215457174926996
0.03303122892975807
-0.01172829233109951
0.023729033768177032
-0.0015292837051674724
-0.002293114550411701
0.031993329524993896
-0.010872023180127144
0.009055694565176964
0.0002240003232145682
-0.010314150713384151
0.014050598256289959
0.001166017958894372
-0.006159299518913031
-0.03248633071780205
0.0019671486224979162
0.01615235023200512
-0.022574367001652718
-0.014556575566530228
0.006227411795407534
-0.006285793613642454
-0.005098693538457155
-0.01458252314478159
3.795842712861486e-05
-0.01338893547654152
-0.005747382063418627
0.011643962934613228
0.008082661777734756
0.017864888533949852
0.013252710923552513
0.031266797333955765
0.0020271523389965296
0.01763135939836502
-0.022068390622735023
-0.005672783125191927
0.027867667376995087
-0.017761098220944405
-0.006250116042792797
-0.0107617462053895
0.020329905673861504
0.0218218881636858
0.034484293311834335
-0.01087850984185934
-0.008809193037450314
-0.01329811941832304
-0.012993235141038895
-0.005225187633186579
-0.001524418476037681
0.004887869581580162
-0.02333982102572918
-0.006532295607030392
-0.0136743588373065
-0.01573718897998333
0.03326475992798805
-0.0035710313823074102
0.0218218881636858
-0.010450375266373158
0.013830043375492096
-0.01565934531390667
0.008277268148958683
0.007537763100117445
0.015944769605994225
0.0016030720435082912
-0.0012422389118000865
0.028542304411530495
-0.006120378151535988
-0.005533314775675535
-0.039102956652641296
0.012506718747317791
0.027971457690000534
0.004326753783971071
0.007699935231357813
-0.014323047362267971
0.021536465734243393
0.009976833127439022
-0.0026693542022258043
0.0006592299323529005
0.002237976063042879
-0.00296450755558908
-0.021549439057707787
-0.011877491138875484
0.01626911386847496
0.02383282408118248
0.024390695616602898
-0.023508479818701744
0.006182003766298294
-0.026648133993148804
0.01990177109837532
-0.035651933401823044
-0.03726068139076233
-0.005747382063418627
-0.012078584171831608
-0.011760726571083069
-0.006529052276164293
-0.029346678406000137
0.011047168634831905
-0.010521731339395046
-0.004222963470965624
0.03282364830374718
-0.02020016685128212
-0.029424520209431648
0.04709480330348015
0.004725697450339794
-0.002812065649777651
0.024222036823630333
-0.022613288834691048
0.021380780264735222
-0.01577611081302166
-0.005578723270446062
-0.005322490818798542
0.029009360820055008
0.009237327612936497
0.01148179080337286
0.0019557964988052845
0.02999536693096161
0.002580159343779087
-0.015516634099185467
0.003817533142864704
-0.03881753236055374
-0.002842878457158804
-0.011144472286105156
-0.0038726716302335262
-0.005134371109306812
0.0052965437062084675
0.0016801038291305304
0.007868594489991665
-0.015763135626912117
0.01479010283946991
-0.02564915269613266
-0.018137337639927864
0.026725975796580315
0.006123621482402086
0.0023304142523556948
-0.04395514726638794
0.0005144912283867598
-0.002471504034474492
0.02258734218776226
0.017657307907938957
0.01161152869462967
-0.010074135847389698
0.018656287342309952
-0.03687146678566933
0.027556296437978745
-0.023884719237685204
0.01997961290180683
0.0063214716501533985
0.013220276683568954
0.03684552013874054
0.01713835634291172
0.011436382308602333
-0.022003522142767906
-0.014465758576989174
-0.002320684026926756
-0.0022152720484882593
0.0031801965087652206
0.018435733392834663
0.006915021687746048
-0.001296566566452384
0.0166842732578516
0.0067074415273964405
0.009561671875417233
0.0343545563519001
-0.03033268451690674
0.021769993007183075
-0.01051524467766285
0.023482531309127808
0.006811231840401888
-0.006123621482402086
-0.010119544342160225
-0.011559633538126945
-0.041256602853536606
0.007836160250008106
0.004151607863605022
0.016204245388507843
-0.019836900755763054
0.017047539353370667
-0.0016946992836892605
-0.0029855899047106504
0.008718376979231834
0.0015617181779816747
0.015996664762496948
0.021808914840221405
-0.012195347808301449
0.009509776718914509
-0.6434991955757141
0.0032158743124455214
-0.009704383090138435
-0.000813698919955641
0.012130479328334332
-0.008796218782663345
0.009373552165925503
0.0006499050068669021
-0.020226115360856056
-0.02057640627026558
0.010391993448138237
0.018811972811818123
-0.0027407098095864058
-0.0022201372776180506
-0.024196090176701546
-0.03476971760392189
0.010794180445373058
-0.00683717941865325
0.009412473067641258
-0.025558335706591606
-0.035963304340839386
0.02511722780764103
0.010774719528853893
0.004732184112071991
-0.006178759969770908
-0.01185803022235632
0.022911686450242996
-0.004881382919847965
0.00022947363322600722
-0.010281716473400593
-0.02481883019208908
0.006759336683899164
-0.010411454364657402
0.0009430312202312052
0.04958576709032059
0.02183486334979534
-0.03461403027176857
0.012818089686334133
0.026349736377596855
0.0048100268468260765
-0.012714299373328686
0.004359188489615917
0.010379020124673843
-0.009367065504193306
0.009646001271903515
0.010203873738646507
0.01907144859433174
-0.01824112795293331
-0.005011120345443487
0.01652858965098858
0.007797238416969776
-0.011001761071383953
0.01899360679090023
-0.006882587447762489
-0.009036233648657799
-0.010184412822127342
0.016333982348442078
-0.009808173403143883
-0.013375961221754551
0.016372904181480408
-0.01185803022235632
0.012227782979607582
-0.008990826085209846
-0.02065424993634224
-0.023326847702264786
0.011721805669367313
-0.014271152205765247
-0.019240107387304306
0.006039292085915804
-0.017190251499414444
0.016165323555469513
0.02371606044471264
0.011890464462339878
0.003254795679822564
0.006973403971642256
5.822995080961846e-05
0.019551478326320648
0.00334723386913538
0.003652117447927594
0.00760263204574585
-0.0054457420483231544
-0.012279678136110306
-0.03142248094081879
0.008744324557483196
0.030773794278502464
-0.05443795770406723
-0.009405986405909061
0.002304466674104333
-0.0037461775355041027
0.02197757363319397
-0.0028866648208349943
0.010262255556881428
-0.0070123253390192986
-0.02148457057774067
-0.001991474302485585
0.042683716863393784
-0.002940181642770767
0.0028234177734702826
0.019512556493282318
-0.012649429962038994
0.012714299373328686
-0.026725975796580315
0.010223334655165672
-0.014323047362267971
0.024416644126176834
0.013226763345301151
-0.0004390811955090612
0.009302196092903614
0.03866184875369072
-0.025298859924077988
-0.013077564537525177
0.002910990733653307
-0.012461310252547264
-0.009730330668389797
-0.026077287271618843
-0.025363730266690254
-0.0002797470078803599
-0.0047743492759764194
0.016891853883862495
-0.03619683161377907
0.018824946135282516
-0.006107404362410307
-0.0078491335734725
-0.00020241115998942405
-0.025246964767575264
0.004102956037968397
-0.032174959778785706
0.005354925524443388
-0.0010411454131826758
-0.022898713126778603
-0.007939949631690979
-0.02564915269613266
0.03611898794770241
-0.011176906526088715
0.02538967691361904
-0.007589658256620169
0.004430544096976519
-0.01238995511084795
-0.00995088554918766
-0.007862107828259468
-0.025882679969072342
-0.014647391624748707
0.024507461115717888
-0.008497822098433971
-0.030384579673409462
-0.04610879346728325
-0.022107312455773354
-0.006960430182516575
-0.030462423339486122
0.03362802416086197
-0.00733018247410655
-0.00807617511600256
-0.045148734003305435
-0.017345936968922615
-0.00299369846470654
-0.00760263204574585
0.0025606986600905657
-0.01454360131174326
-0.025104254484176636
-0.019006580114364624
0.007239366415888071
-0.004041330888867378
-0.014764155261218548
0.03627467527985573
-0.03873969241976738
0.012616995722055435
0.00928922276943922
0.014154388569295406
-0.017657307907938957
-0.04732833057641983
0.007116115186363459
0.0093800388276577
0.0030228893738240004
0.005809007678180933
0.03131869062781334
-0.0015884765889495611
-0.017164302989840508
0.002803957089781761
-0.01702159270644188
-0.0059679364785552025
-0.005925771780312061
0.014102493412792683
-0.02371606044471264
-0.00442730076611042
-0.0072977482341229916
0.0037234732881188393
0.0015609072288498282
0.014608469791710377
0.014011676423251629
0.006785284262150526
0.018150310963392258
-0.014647391624748707
0.00034522401983849704
-0.0037818553391844034
0.014919840730726719
0.025934575125575066
0.0017741636838763952
-0.009464368224143982
0.01959040015935898
0.005228430964052677
0.029450468719005585
-0.019421741366386414
0.03801316022872925
-0.014050598256289959
-8.068066381383687e-05
-0.004686776082962751
0.004647854715585709
-0.016593458130955696
0.04429246485233307
0.008160504512488842
0.015594476833939552
-0.01842276006937027
-0.01735891029238701
-0.010236307978630066
0.010495783761143684
0.04001111909747124
0.007622092496603727
0.002195811364799738
-0.0017855156911537051
0.0006430126959457994
-0.02061532810330391
-0.007362617179751396
0.00943842064589262
-0.017761098220944405
-0.029139097779989243
0.026207024231553078
-0.011034195311367512
-0.0038596978411078453
0.005860902834683657
-0.01861736737191677
0.008523769676685333
0.008809193037450314
-0.002124455524608493
0.03427671268582344
0.01891576312482357
0.021744046360254288
0.02424798533320427
-0.002719627460464835
0.03492540121078491
-0.011929385364055634
0.013661384582519531
0.02999536693096161
0.003073162864893675
-0.016022611409425735
0.029190992936491966
0.017644332721829414
0.033731814473867416
-0.004647854715585709
-0.004326753783971071
0.0001210209884447977
-0.012999721802771091
-0.004080252256244421
-0.015802057459950447
-0.026012418791651726
-0.005708460696041584
-0.03282364830374718
0.004722454119473696
0.013752201572060585
-0.006032805424183607
0.026622185483574867
-0.0029174776282161474
0.013492725789546967
0.001564961508847773
0.02053748443722725
0.011624502018094063
-0.004547308199107647
-0.007375590968877077
-0.006902047898620367
-0.0349513478577137
-0.016321009024977684
-0.01178667414933443
-0.023015476763248444
0.011793160811066628
-0.0022314891684800386
-0.0035710313823074102
-0.007836160250008106
0.008251320570707321
-0.007777777966111898
0.0048424615524709225
0.001923362142406404
-0.006159299518913031
-0.03352423384785652
0.018630340695381165
0.007952923886477947
-0.009983319789171219
-0.02031693048775196
-0.005877119954675436
-0.008244833908975124
-0.016826985403895378
0.028542304411530495
0.010547678917646408
0.00913353729993105
0.0006754471687600017
-0.004602446686476469
-0.008082661777734756
-0.015620424412190914
0.023547401651740074
-0.0112547492608428
0.01454360131174326
-0.014725234359502792
0.004077008459717035
-0.0017449726583436131
-0.04073765128850937
-0.008186452090740204
0.049949031323194504
0.021393753588199615
-0.031163007020950317
0.02118617482483387
0.009691409766674042
-0.02205541729927063
0.009088128805160522
0.0093800388276577
-0.005199240054935217
0.0047743492759764194
0.015464738942682743
0.002317440463230014
0.008335649967193604
-0.002594755031168461
0.028230933472514153
-0.004235937260091305
-0.009393013082444668
-0.005539801903069019
0.002922342624515295
0.006902047898620367
0.037364471703767776
-0.00261908071115613
0.00541006401181221
0.03526271879673004
0.008912983350455761
-0.010781207121908665
-0.0007816699217073619
-0.04680937901139259
0.0033569640945643187
-0.006509591359645128
-0.009600592777132988
0.01038550678640604
0.006250116042792797
-0.002307710237801075
0.0131294596940279
0.021134279668331146
-0.011981280520558357
-0.0018714669859036803
0.023508479818701744
-0.006778797134757042
-0.0006924752378836274
-0.011760726571083069
0.017203224822878838
-0.003363450989127159
0.025584284216165543
-0.006243628915399313
0.04486331343650818
0.00584468524903059
-9.319832315668464e-05
-0.032512277364730835
-0.007667500991374254
0.015866925939917564
0.02867204137146473
0.012098045088350773
-0.009094616398215294
0.005436011590063572
0.002155268331989646
0.052984897047281265
0.008861088193953037
0.0152052640914917
0.032590121030807495
0.023287925869226456
0.013648411259055138
0.015062551945447922
0.02004448138177395
-0.025467518717050552
0.020472615957260132
0.034562136977910995
-0.01000926736742258
-0.04411083459854126
0.009178945794701576
0.0054814196191728115
0.005909554194658995
-0.00112547492608428
0.0047613754868507385
-0.00502085080370307
0.01911037042737007
0.02057640627026558
-0.016333982348442078
-0.005643591750413179
-0.0027926049660891294
-0.037286628037691116
0.025246964767575264
-0.009989806450903416
-0.014284125529229641
-0.015970716252923012
-0.0013606245629489422
0.013064591214060783
-0.03204522281885147
-0.0024731256999075413
-0.009049207903444767
-0.056461866945028305
-0.031163007020950317
0.006713928189128637
0.004271615296602249
0.015529608353972435
0.015866925939917564
-0.023664165288209915
-0.011812621727585793
0.02273005247116089
-0.015633398666977882
-0.002169863786548376
0.011903437785804272
-0.011306644417345524
0.002461773809045553
0.0141673618927598
-0.019992586225271225
-0.008530257269740105
0.02444259077310562
0.012007228098809719
-0.02004448138177395
-0.0021666204556822777
-0.019097397103905678
-0.009088128805160522
-0.018435733392834663
0.018331943079829216
0.019304975867271423
0.004430544096976519
-0.003483458422124386
-0.021873783320188522
-0.02288573794066906
-0.00885460153222084
-7.98824657977093e-06
7.231866038637236e-05
-0.00904272124171257
0.009282736107707024
-0.005082476418465376
0.012623482383787632
-0.019733110442757607
-0.0003721851680893451
0.005776572972536087
-0.009425447322428226
0.002173107350245118
0.009639514610171318
0.013025669381022453
-0.018098415806889534
-0.006662033498287201
0.046887222677469254
0.018863867968320847
-0.014310073107481003
0.002413121983408928
-0.04237234964966774
-0.0022525715176016092
0.016749143600463867
-0.00813455693423748
0.018409786745905876
0.010119544342160225
-0.005559262353926897
0.008835140615701675
-0.0008226183708757162
0.007875081151723862
0.018565472215414047
-0.01725511997938156
-0.034821610897779465
-0.01729404181241989
-0.01119636744260788
0.00036063039442524314
0.002674219198524952
-0.006259846035391092
-0.01272727269679308
0.002803957089781761
0.0013898155884817243
-0.007570197340101004
-0.03941432759165764
0.01966824196279049
-0.021315911784768105
-0.027452507987618446
-0.02130293846130371
0.004012139979749918
0.030929477885365486
-0.01680103875696659
0.014880919829010963
-2.696112460398581e-05
-0.010320637375116348
-0.020329905673861504
-0.009036233648657799
-0.00422620726749301
-0.018941711634397507
0.012759706936776638
0.00522194430232048
0.011533685959875584
-0.013142433948814869
0.0005578722921200097
-0.005494393408298492
-0.014647391624748707
0.009256788529455662
0.0019833657424896955
-0.009704383090138435
-0.038194794207811356
0.012072097510099411
0.003704012604430318
-0.00522194430232048
0.012675377540290356
-0.026375683024525642
-0.016204245388507843
0.028308777138590813
-0.019603373482823372
-0.02444259077310562
0.005974423140287399
-0.00480354018509388
-0.008270781487226486
0.011144472286105156
-0.02110833115875721
0.0013671114575117826
-0.0081929387524724
-0.011378000490367413
0.028568251058459282
-0.006927995476871729
-0.010035214945673943
0.013855990953743458
0.028853675350546837
-0.020680196583271027
0.006298767402768135
0.0020125568844377995
0.011397461406886578
0.005189510062336922
0.016398850828409195
-0.020290983840823174
0.012986748479306698
0.035236772149801254
-0.004913817159831524
0.015594476833939552
-0.02965804934501648
0.014608469791710377
-0.015309054404497147
0.02474098838865757
0.01178667414933443
0.0014846863923594356
0.012286164797842503
-0.007622092496603727
-0.011390973813831806
-0.027218978852033615
-0.012026689015328884
-0.005847929045557976
-0.0020287740044295788
0.0003056945570278913
0.005075989291071892
0.019188212230801582
-0.02598647028207779
0.006577703636139631
0.023742007091641426
-0.015620424412190914
0.04138633981347084
-0.007972384802997112
0.029424520209431648
0.012111018411815166
0.0011108794715255499
-0.035574089735746384
0.0031769531778991222
0.013752201572060585
-0.020290983840823174
0.014232230372726917
-0.012999721802771091
-0.00015680023352615535
-0.002140672877430916
0.005536558106541634
0.031785748898983
-0.015153368934988976
-0.0037818553391844034
0.005286813247948885
0.01482902467250824
0.01248077116906643
-0.016333982348442078
-0.0009989805985242128
-0.0033277731854468584
0.021199148148298264
0.0009568159002810717
0.03271985799074173
-0.02363821677863598
0.0011206098133698106
-0.007894542068243027
0.05874525010585785
0.007252340205013752
0.019162265583872795
0.0006316606304608285
0.001798489480279386
-0.0009365443838760257
-0.014310073107481003
-0.0078491335734725
-0.021458623930811882
-0.007193957921117544
0.031526271253824234
-0.0013508943375200033
0.004550551529973745
-0.019733110442757607
-0.019551478326320648
0.00803725328296423
-0.005877119954675436
-0.0029142340645194054
0.023274952545762062
0.0005448985612019897
0.011832082644104958
0.024105273187160492
0.013622463680803776
0.0027163841295987368
0.005361412186175585
-0.0012479149736464024
-0.005504123866558075
-0.0024488000199198723
-0.00856917817145586
-0.02586970664560795
-0.008958391845226288
0.0004102956154383719
-0.005497637204825878
0.0010508757550269365
-0.018059493973851204
-0.015438791364431381
-0.007693448569625616
0.01641182415187359
-0.022250022739171982
-0.0068761007860302925
-0.003473728196695447
0.0011003382969647646
0.03124084882438183
0.00595820602029562
-0.0042748586274683475
0.009788713417947292
0.019343897700309753
-0.041412290185689926
-0.0071290889754891396
0.005507367197424173
0.0003671172889880836
0.011955332942306995
0.021276989951729774
0.009633027948439121
-0.010164952836930752
0.035548143088817596
0.010995274409651756
-0.01623019203543663
-0.004008896183222532
-0.006483643781393766
-0.008199425414204597
-0.014621444046497345
-0.03235659375786781
6.552769627887756e-05
-0.010988786816596985
0.0051084235310554504
-0.0018844407750293612
-0.02379390224814415
0.02231489308178425
5.8939451264450327e-05
-0.014491706155240536
-0.0014522519195452332
-0.020874803885817528
0.03700120374560356
-0.014816050417721272
0.01982392743229866
-0.009892502799630165
-0.035158928483724594
0.005478176288306713
-0.009555185213685036
0.027634140104055405
-0.021847836673259735
0.01887684129178524
-0.006224168464541435
-0.01733296364545822
-0.008089148439466953
0.0022590584121644497
-0.003609952749684453
-0.010897970758378506
0.0006908535142429173
0.01010008342564106
0.013181354850530624
0.01940876618027687
-0.0071615236811339855
-0.0032207395415753126
-0.004563525319099426
-0.024792883545160294
-0.019019553437829018
-0.013868965208530426
-0.03541840612888336
0.03848021477460861
-0.009146511554718018
-0.015840979292988777
-0.003515892894938588
0.0003786720335483551
-0.04966361075639725
0.004051061347126961
0.02156241424381733
0.02254842035472393
0.010164952836930752
0.0015949633670970798
0.006188490428030491
0.024883700534701347
-0.008984338492155075
0.02073209173977375
-0.030280789360404015
-0.0026580020785331726
-0.03694931045174599
-0.009341117925941944
-0.005925771780312061
-0.005766842979937792
-0.007232879288494587
-0.011871003545820713
0.04190529137849808
-0.00904272124171257
0.012253730557858944
-0.0033731814473867416
-0.015049578621983528
-0.013135946355760098
-0.007952923886477947
0.01899360679090023
0.012545639649033546
0.008478362113237381
-0.005040311254560947
-0.013713279739022255
0.018189232796430588
0.02053748443722725
0.0024552869144827127
-0.017981652170419693
0.0032515523489564657
0.015802057459950447
0.0033196646254509687
0.02065424993634224
-0.008121582679450512
-0.020978594198822975
0.011416921392083168
-0.016437772661447525
0.011546659283339977
0.006243628915399313
-0.03261606767773628
0.01812436245381832
0.012818089686334133
-0.029606154188513756
-0.00033123668981716037
0.005442498251795769
-0.03873969241976738
0.006668520160019398
0.013972755521535873
-0.013713279739022255
0.011403948068618774
-0.01172829233109951
0.0010516865877434611
-0.02452043443918228
-0.02126401662826538
-0.028646094724535942
0.01329811941832304
-0.011922898702323437
0.00034988648258149624
0.03941432759165764
-0.0304105281829834
0.013414883054792881
0.0018244370585307479
0.01142340898513794
-0.02859419956803322
-0.01767028123140335
0.003290473483502865
-0.02167917788028717
-0.014595496468245983
-0.008024279959499836
0.009808173403143883
0.009159484878182411
-0.008277268148958683
0.008640534244477749
-0.04320266842842102
0.006986377760767937
0.19792790710926056
-0.03741636499762535
-0.001988230971619487
0.0006308497977443039
-0.013194329105317593
0.023274952545762062
0.03536650910973549
-0.008880549110472202
-0.007362617179751396
0.017942730337381363
0.005387359764426947
-0.03287554532289505
-0.01057362649589777
0.006139839068055153
0.019681215286254883
-0.007544249761849642
-0.01822815276682377
-0.023132240399718285
0.017644332721829414
-0.018850894644856453
0.03380965813994408
0.015685293823480606
-0.011475303210318089
-0.0009851959766820073
0.023028450086712837
-0.0041710683144629
0.013492725789546967
0.016554536297917366
0.03648225590586662
0.0009754656930454075
-0.007648040074855089
0.0011757483007386327
0.007991844788193703
-0.0024812344927340746
-0.014271152205765247
0.0007715341635048389
0.029917525127530098
-0.01556852925568819
0.02016124501824379
0.024235010147094727
0.024390695616602898
-0.030047262087464333
0.004041330888867378
-0.024118246510624886
-0.025324808433651924
0.06761931627988815
-0.0021909461356699467
0.005341951735317707
-0.0021098600700497627
-0.005406820680946112
-0.010547678917646408
0.037779632955789566
0.03643035888671875
0.004025113768875599
0.001702807960100472
0.013103512115776539
0.011358539573848248
0.0013006209628656507
0.003554814262315631
0.00796589720994234
-0.003678065026178956
0.016541562974452972
0.0068566398695111275
0.024014456197619438
-0.01731998845934868
0.01429709978401661
-0.004881382919847965
-0.02981373481452465
-0.015283106826245785
-0.021769993007183075
0.015944769605994225
-0.01903252676129341
-0.01804652065038681
0.022224076092243195
-0.015101473778486252
-0.017787044867873192
0.00794643722474575
0.018020572140812874
-0.006350662559270859
0.03461403027176857
-0.01556852925568819
-0.02545454539358616
-0.006830692291259766
-0.009308683685958385
0.015905847772955894
-0.015840979292988777
0.006739875767379999
-0.0018195719458162785
-0.0007670744089409709
-0.007453433703631163
-0.005980910267680883
-0.007926976308226585
-0.0032158743124455214
-0.0032029005233198404
0.013135946355760098
0.012338059954345226
-0.0028380132280290127
0.010203873738646507
-0.021238069981336594
0.007914002984762192
-0.004278101958334446
0.027815772220492363
0.03214901313185692
0.011468816548585892
-0.016515614464879036
0.03022889420390129
-0.0066750068217515945
-0.013778148218989372
0.010683903470635414
-0.025221018120646477
0.019836900755763054
-0.0021779723465442657
0.0003719824308063835
-0.015088499523699284
-0.035158928483724594
0.016502641141414642
0.014673339203000069
-0.007680474780499935
0.029009360820055008
0.00041455263271927834
0.010184412822127342
-1.3037122698733583e-05
-0.011403948068618774
0.01970716379582882
-0.005877119954675436
-0.02186080999672413
-0.06320822983980179
0.02061532810330391
-0.009775739163160324
-0.01269483845680952
0.014893893152475357
-0.03840237110853195
0.044162727892398834
0.004508386831730604
-0.012616995722055435
0.009470855817198753
0.006953943055123091
-0.012701325118541718
0.004894356708973646
0.00794643722474575
0.027789825573563576
-0.00425539817661047
-0.009282736107707024
-0.0163858775049448
0.005526828113943338
-0.034328605979681015
-0.008121582679450512
-0.004025113768875599
-0.0044370307587087154
-0.015685293823480606
-0.0076285796239972115
-0.03303122892975807
-0.009198405779898167
-0.002237976063042879
0.008251320570707321
0.037623945623636246
-0.021847836673259735
-0.008419979363679886
0.0026580020785331726
0.0093800388276577
-0.030618108808994293
-0.0024050134234130383
0.02126401662826538
-0.0073107220232486725
-0.003212630981579423
-0.00828375481069088
-0.16274303197860718
0.003298582276329398
-0.009704383090138435
-0.006165786180645227
0.0043072933331131935
-0.005170049145817757
0.034743767231702805
0.03832453116774559
-0.01087850984185934
0.009788713417947292
-0.012818089686334133
0.014206282794475555
-0.040607914328575134
-0.0227041058242321
-0.020719118416309357
-0.0013427856611087918
-0.02511722780764103
-0.0014579279813915491
0.020265035331249237
-0.0012616995954886079
-0.0008578908746130764
-0.006010101176798344
-0.008257807232439518
-0.008783245459198952
0.0031266796868294477
0.009834120981395245
-0.035236772149801254
0.0109109440818429
0.0004001598572358489
0.001248725806362927
-0.009399499744176865
0.02655731700360775
0.02330089919269085
-0.02106940932571888
-0.009295709431171417
0.01181910838931799
-0.0004654341610148549
0.0072977482341229916
-0.02799740619957447
0.007343156263232231
6.659195059910417e-05
0.020148271694779396
0.027815772220492363
-0.005938745569437742
0.007680474780499935
0.019356871023774147
0.013648411259055138
-0.010340098291635513
0.035885460674762726
-0.0031072190031409264
0.01316189393401146
-0.0007820753380656242
0.0009681679075583816
0.005643591750413179
0.029009360820055008
-0.002567185554653406
0.011851543560624123
-0.002568807452917099
0.013622463680803776
-0.0023547401651740074
0.0018065981566905975
-0.004132147412747145
0.011676397174596786
0.023313872516155243
0.028723936527967453
-0.016463719308376312
-0.026116209104657173
0.01388193853199482
-0.029035307466983795
0.0034802150912582874
-0.009412473067641258
-0.00947734247893095
0.015594476833939552
-0.00018548443040344864
-0.00522194430232048
0.015049578621983528
-0.013830043375492096
0.048028912395238876
0.0029304514173418283
-0.029761839658021927
-0.017242146655917168
0.039518117904663086
-0.0014587388141080737
0.0048100268468260765
-0.001158720231615007
-0.002910990733653307
-0.005624131299555302
0.009594106115400791
0.0010695254895836115
0.00828375481069088
0.004099712707102299
-0.031837642192840576
-0.02065424993634224
-0.003282364923506975
0.0020644518081098795
0.01706051453948021
0.005734408274292946
-0.0018422759603708982
-0.009613567031919956
0.0031915486324578524
0.010236307978630066
0.002747196704149246
-0.023560374975204468
-0.002674219198524952
0.01363543700426817
0.0006142271449789405
0.015905847772955894
0.011410434730350971
0.02061532810330391
-0.0008505930891260505
-0.020070429891347885
0.006207951344549656
0.008128069341182709
0.005144101567566395
0.014465758576989174
0.00048611112288199365
-0.0005663863266818225
-0.013622463680803776
0.0112547492608428
0.004047817550599575
0.05630618333816528
-0.015114447101950645
0.0031396534759551287
0.0042391810566186905
-0.010080622509121895
-0.042683716863393784
-0.10259661078453064
-0.033913448452949524
0.003146140370517969
0.027737930417060852
-0.0008943795692175627
0.03256417438387871
-0.0042391810566186905
-0.0057181911543011665
-0.013609489426016808
0.015970716252923012
-0.026310814544558525
-0.0109109440818429
-0.018020572140812874
0.01388193853199482
-0.001243049744516611
0.026959503069519997
0.008329163305461407
0.009165971539914608
-0.02999536693096161
0.006567973177880049
0.006483643781393766
0.009308683685958385
-0.03601519763469696
0.008744324557483196
-0.00727180065587163
-0.0006344986613839865
-0.030825689435005188
0.015127421356737614
0.018928736448287964
-0.0001929848949657753
-0.021627282723784447
-0.007952923886477947
-0.012402928434312344
0.0008554582600481808
0.00653553893789649
-0.027452507987618446
-0.018293023109436035
0.004560281988233328
0.0122926514595747
-0.010897970758378506
0.01469928678125143
0.017696227878332138
0.005916041322052479
-0.026648133993148804
0.0025217775255441666
-0.019810954108834267
0.0075961449183523655
0.02031693048775196
0.016502641141414642
-0.021964600309729576
-0.006068482995033264
-0.02742655947804451
-0.041931238025426865
-0.017125383019447327
0.006298767402768135
0.02939857356250286
0.001881197327747941
0.004618663806468248
-0.01767028123140335
-0.04260587692260742
-0.010897970758378506
-0.0034964322112500668
-0.03741636499762535
0.011040681973099709
0.016295060515403748
-0.005361412186175585
-0.0012154805008322
-0.025973496958613396
0.003957001492381096
0.005312760826200247
0.01824112795293331
-0.015101473778486252
-0.005620887968689203
-0.01161152869462967
-0.02614215575158596
0.037390418350696564
-0.019058475270867348
0.0028380132280290127
-0.006947456393390894
-0.00011260830797255039
-0.007258826866745949
-0.0047873230651021
-0.013324066996574402
-0.011546659283339977
0.01645074598491192
0.02171809785068035
0.009769252501428127
-0.010048188269138336
-0.01458252314478159
-0.018591418862342834
-0.01000926736742258
0.021964600309729576
0.004625150468200445
0.016775090247392654
0.0022979797795414925
0.0078491335734725
0.004093226045370102
-0.009931424632668495
-0.012415902689099312
0.0077648041769862175
-0.015789084136486053
0.014803077094256878
-0.061340007930994034
-0.005072745960205793
0.009691409766674042
-0.010599574074149132
-0.010489297099411488
-0.006804744713008404
0.031915485858917236
-0.022794922813773155
-0.0031234363559633493
0.009522750973701477
-0.021705124527215958
0.012740246951580048
-0.030851636081933975
-0.02402743138372898
-0.01917523890733719
-0.033498287200927734
0.02069316990673542
-0.007725882809609175
0.016139375045895576
0.01585395261645317
0.015594476833939552
-0.023806875571608543
0.020628301426768303
0.03931053727865219
0.00030772172613069415
0.0136743588373065
-0.006778797134757042
-0.011436382308602333
0.006350662559270859
0.006133351940661669
0.005170049145817757
-0.03757205232977867
0.0005594940157607198
0.020628301426768303
-0.010229821316897869
-0.00453109061345458
0.009989806450903416
0.01680103875696659
0.01759243756532669
0.07415809482336044
-0.035963304340839386
-0.019538505002856255
0.0353405624628067
-0.003885645419359207
-0.04161987081170082
-0.0016979427309706807
-0.009581132791936398
0.008166991174221039
0.018293023109436035
-0.0038921323139220476
0.021990548819303513
0.016697248443961143
0.0011392595479264855
-0.02114725299179554
-0.0024390695616602898
0.0225094985216856
0.012214808724820614
0.02171809785068035
0.008640534244477749
0.010054674930870533
0.03707904741168022
0.0022298675030469894
0.004145121201872826
0.00727180065587163
-0.005922527983784676
-0.011429895646870136
0.005744138732552528
-0.0019184969132766128
-0.017683254554867744
-0.012136965990066528
-0.009646001271903515
0.024222036823630333
0.010067649185657501
0.015840979292988777
0.013817070052027702
0.0016501019708812237
0.0018763320986181498
-0.016956724226474762
-0.012740246951580048
0.026622185483574867
0.002512047067284584
0.010865536518394947
-0.013090538792312145
0.0245853029191494
0.0247799102216959
0.015101473778486252
0.030047262087464333
0.01388193853199482
-0.0309035312384367
0.01731998845934868
-0.016593458130955696
0.027322769165039062
0.0016355065163224936
0.0187600776553154
-0.009165971539914608
-0.00011767618707381189
0.010366045869886875
-0.013765174895524979
0.012837549671530724
0.012435362674295902
0.01879899948835373
-0.005468445830047131
-0.006376610137522221
-0.008309702388942242
-0.019317951053380966
0.012921879068017006
-0.03207116946578026
-0.035496246069669724
-0.016398850828409195
0.03339449688792229
0.008426466956734657
-0.006902047898620367
0.04494115710258484
0.01091743167489767
-0.025285886600613594
-0.005565749481320381
0.008932444266974926
0.004968955647200346
-0.028204986825585365
-0.006194977555423975
-0.012098045088350773
0.045304421335458755
0.049689557403326035
0.011864516884088516
-0.009808173403143883
-0.005403577350080013
0.0288277268409729
-0.007797238416969776
-0.0013306227046996355
0.025402650237083435
0.0014773885486647487
-0.013194329105317593
-0.025778889656066895
-0.021769993007183075
-0.018747104331851006
0.012837549671530724
0.025662126019597054
0.024948569014668465
-0.016632379963994026
0.07270503044128418
6.284171831794083e-05
-0.019317951053380966
0.008478362113237381
0.0005809818394482136
0.018409786745905876
-0.001044388860464096
-0.004229450598359108
-0.019227134063839912
0.00845241453498602
0.023028450086712837
-0.009613567031919956
0.008737836964428425
-0.03347233682870865
-0.02685571275651455
-0.008608099073171616
-0.01168937049806118
0.03404318541288376
-0.007356130052357912
0.0003928621008526534
0.03710499405860901
-0.007213418837636709
-0.02175701968371868
-0.0053322212770581245
-0.005941988900303841
0.021341858431696892
0.008575664833188057
0.0007115304470062256
-0.008900009095668793
-0.032097119837999344
0.005533314775675535
0.008634046651422977
-0.04841812700033188
-0.021328885108232498
-0.0018098416039720178
-0.024494485929608345
0.011209341697394848
-0.0257659163326025
-0.006240385584533215
0.004245667718350887
0.003006672253832221
0.009347604587674141
-0.030384579673409462
-0.04974145069718361
-0.019538505002856255
-0.0004027951508760452
3.9428112359018996e-05
0.0060717263258993626
-0.024831805378198624
