-0.006449470762163401
-0.00955260917544365
0.023735608905553818
-0.006455955561250448
-0.029961341992020607
0.003774350741878152
-0.028093621134757996
-0.013015673495829105
-0.023242738097906113
-0.02512342855334282
-0.004730908665806055
0.005217294208705425
0.011550032533705235
0.014461860060691833
0.007950779981911182
-0.0034695493523031473
0.03800291195511818
-0.011647309176623821
0.008210185915231705
0.004254251252859831
-0.012406070716679096
-0.001396736828610301
0.0003874870599247515
-0.0065208072774112225
-0.01621284708380699
0.00767191918566823
0.006001995876431465
-0.0244100634008646
-0.0012386614689603448
-0.006339223124086857
-0.01828809082508087
-0.005700436886399984
-0.014669383876025677
-0.0026848474517464638
0.015797797590494156
-0.00999359879642725
0.0013829558156430721
0.017600666731595993
0.01778225041925907
0.018106507137417793
0.02112858183681965
0.0030155896674841642
0.000394782837247476
-0.010603201575577259
0.002258449560031295
0.03081738017499447
0.0084112249314785
-0.013158346526324749
-0.015188194811344147
0.014215424656867981
0.017639577388763428
0.012444981373846531
-0.008534442633390427
-0.016640866175293922
-0.020674623548984528
-0.010752360336482525
-0.0115111218765378
0.00425100838765502
0.015253046527504921
-0.01876799203455448
0.01490284875035286
-0.004468260798603296
-0.029105303809046745
0.0316215381026268
0.004529869649559259
0.014085721224546432
-0.022801747545599937
0.017613636329770088
-0.014669383876025677
-0.00539563549682498
0.015668096020817757
0.02671877294778824
-0.011264686472713947
-0.020207691937685013
0.03655024245381355
-0.004837913438677788
-0.015590273775160313
-0.02339838072657585
0.00839825440198183
0.02249046228826046
0.010732905007898808
-0.010467014275491238
-0.020428188145160675
0.013294534757733345
0.0029393890872597694
0.0035473708994686604
0.009883351624011993
0.021621452644467354
-0.006433257833123207
-0.012386615388095379
-0.012866515666246414
0.006381376646459103
-0.0013732281513512135
0.022451549768447876
-0.011284141801297665
0.007989690639078617
-0.011731616221368313
0.026407485827803612
-0.03572014346718788
-0.024539764970541
-0.014033840037882328
0.0002944658335763961
-0.009812015108764172
-0.006984494626522064
-0.0266928318887949
0.01647225208580494
-0.017950864508748055
0.004520141985267401
0.02666689082980156
-0.04513656720519066
0.0004770630330312997
0.049702104181051254
-0.017107795923948288
-0.020765414461493492
0.012276368215680122
0.0009354812791571021
0.004841156303882599
-0.024254418909549713
-0.0054345461539924145
-0.028871838003396988
0.014876908622682095
0.01096636988222599
0.0015945335617288947
-0.011329537257552147
0.031024904921650887
0.03605737164616585
-0.012568199075758457
-0.0030707132536917925
-0.013249138370156288
-0.0073671177960932255
-0.012289337813854218
-0.004870339296758175
-0.00014713159180246294
0.005810684524476528
-0.013683643192052841
-0.0014291624538600445
-0.01534383837133646
0.029416589066386223
-0.020428188145160675
-0.017574725672602654
0.022775808349251747
0.021764125674962997
-0.017393141984939575
-0.047704681754112244
-0.0049449182115495205
0.025940556079149246
0.038573604077100754
0.03865142911672592
0.007120682392269373
-0.004695240408182144
0.02544768527150154
-0.015136313624680042
0.008845729753375053
-0.00839825440198183
0.024773230776190758
0.004546082112938166
0.006783455144613981
0.018119478598237038
0.014474829658865929
9.808772301767021e-05
-0.01702997460961342
-0.017017005011439323
-0.007795136887580156
-0.005924174562096596
0.007989690639078617
0.013028644025325775
0.005201081279665232
-0.004760092124342918
0.004776304587721825
-0.011802952736616135
0.017717398703098297
0.02856055088341236
-0.03273697942495346
0.03385242447257042
-0.0014834755565971136
0.030194805935025215
0.01679650880396366
0.005120017100125551
-0.015110373497009277
-0.018690170720219612
-0.03774350881576538
-0.007308751344680786
0.012114238925278187
0.015240075998008251
-0.02664094977080822
0.009059739299118519
0.0022908751852810383
-0.0010287051554769278
0.009001372382044792
0.011193349957466125
0.017263440415263176
0.0073671177960932255
-0.02363184653222561
-0.0022195386700332165
-0.6441558599472046
0.015797797590494156
-0.00024623260833323
0.0022762836888432503
0.00539563549682498
-0.01148518081754446
0.024319270625710487
0.018832843750715256
-0.004756849259138107
-0.030091043561697006
0.005677739158272743
0.03377460315823555
-0.00964988674968481
-0.027834216132760048
-0.026822533458471298
-0.027055999264121056
0.021841946989297867
-0.01077830046415329
0.010369736701250076
-0.025668179616332054
-0.015253046527504921
0.022607194259762764
0.02307412400841713
0.019494326785206795
-0.001014113542623818
0.0007222823332995176
0.007976721040904522
0.0010562669485807419
0.00688721751794219
0.0017412598244845867
-0.011556517332792282
0.015486511401832104
0.018093537539243698
0.024812141433358192
0.055668432265520096
0.015681065618991852
-0.028456788510084152
0.0054734572768211365
0.015045521780848503
0.028819957748055458
-0.006151154171675444
-0.014734235592186451
0.03206252679228783
0.0011794846504926682
0.019649971276521683
-0.006763999816030264
0.01697809435427189
-0.04306132346391678
0.011433299630880356
0.0346565805375576
-0.011491665616631508
0.004416379611939192
-0.0028064437210559845
-0.006893702782690525
0.016485223546624184
-0.018352942541241646
0.009007858112454414
-0.0058593228459358215
0.0050811064429581165
0.014435919001698494
-0.0079053845256567
0.008482561446726322
-0.014760175719857216
-0.02062274143099785
-0.01377443503588438
0.015642154961824417
-0.015175225213170052
-0.010071421042084694
0.028249265626072884
-0.02345026284456253
0.007989690639078617
0.030272627249360085
0.009688797406852245
-0.022749867290258408
0.004315860103815794
0.00851498730480671
0.03546074032783508
-0.007023405283689499
-0.017470963299274445
0.01783413253724575
-0.005872293375432491
-0.021271254867315292
-0.0032312204129993916
0.015136313624680042
0.017873043194413185
-0.03906647488474846
0.011284141801297665
0.007976721040904522
-0.004546082112938166
0.012503347359597683
-0.00021927875059191138
0.003929994069039822
0.0072049894370138645
-0.01306755468249321
0.005168655887246132
0.06075277924537659
-0.01677056960761547
-0.0040337564423680305
0.015162254683673382
0.0073282066732645035
0.008521472103893757
-0.007795136887580156
-0.012970278039574623
-0.006631054449826479
0.006582416128367186
0.0026589068584144115
-0.016511162742972374
-0.006592143792659044
0.048742301762104034
-0.018404824659228325
0.003041530027985573
0.0050778635777533054
-0.01649819314479828
-0.004309374839067459
-0.01892363466322422
-0.02610916830599308
0.010454043745994568
0.012503347359597683
0.0122050317004323
-0.027989858761429787
0.004017543513327837
0.00261188973672688
0.010402162559330463
0.0020801082719117403
-0.012795179150998592
0.035408858209848404
-0.011900229379534721
-0.008268551900982857
-0.025694120675325394
-0.015175225213170052
-0.014254335314035416
-0.022957392036914825
0.015149284154176712
-0.005252962466329336
0.01738017238676548
-0.015149284154176712
0.016173936426639557
-0.007088256534188986
0.0194813571870327
-0.0026572856586426497
-0.007062316406518221
-0.017172647640109062
0.003479277016595006
-0.01953323744237423
-0.011608398519456387
-0.025927584618330002
-0.017017005011439323
0.009079194627702236
-0.015434630215168
0.004896279890090227
-0.011342507787048817
-0.011640824377536774
-0.027004119008779526
-0.0008625234477221966
0.0022406154312193394
-0.0025259614922106266
-0.02856055088341236
0.0019958014599978924
-0.040519148111343384
-0.019066307693719864
0.009377511218190193
-0.007730285637080669
-0.01148518081754446
0.03950746729969978
-0.023489173501729965
0.023372439667582512
-0.00763949379324913
0.017211558297276497
-0.01254874374717474
-0.05115477368235588
-0.00895597692579031
0.009059739299118519
0.005252962466329336
0.026926295831799507
0.03605737164616585
0.003949449397623539
-0.02112858183681965
0.0005074621294625103
-0.028119562193751335
-0.008385284803807735
0.0046271467581391335
0.018430763855576515
-0.0019050094997510314
-0.005424818489700556
-0.002913448726758361
0.005596674978733063
-0.004160216543823481
0.002551902085542679
-0.00027136251446790993
0.0194813571870327
0.02600540593266487
0.01783413253724575
-0.013943048194050789
0.0034533364232629538
-0.007885929197072983
-0.005457244347780943
0.012243942357599735
-0.009409936144948006
0.01748393476009369
0.018352942541241646
0.0318809412419796
-0.016096115112304688
0.022529372945427895
-0.006404074840247631
-0.008566868491470814
-0.0050811064429581165
-0.002662149490788579
-0.008826274424791336
0.05027279630303383
0.021790066733956337
0.016122054308652878
-0.0333854965865612
-0.020402247086167336
-0.02610916830599308
0.004163458943367004
0.04108984023332596
0.014422948472201824
-0.012996218167245388
-0.02778233401477337
0.010395677760243416
-0.017055915668606758
-0.013917108066380024
0.03610925376415253
-0.0011997506953775883
-0.021751156076788902
0.008670630864799023
-0.0016447933157905936
0.0005812305607832968
0.0277045127004385
-0.014993640594184399
0.008352858945727348
0.003318769857287407
-0.006861276924610138
0.04417676478624344
0.03167341649532318
0.005580462049692869
0.007944295182824135
-0.012957307510077953
0.02562926895916462
-0.0024708379060029984
0.007483850233256817
0.03891083225607872
0.017445024102926254
-0.006267886608839035
-0.015616213902831078
0.014176513068377972
0.01634255051612854
-0.013502059504389763
0.0011065268190577626
-0.02009095996618271
0.00894300639629364
0.010693994350731373
-0.013605820946395397
-0.03784726932644844
-0.00439043901860714
-0.006913158111274242
-0.015421660616993904
0.012159635312855244
0.014760175719857216
0.02400798350572586
-0.007736770436167717
0.03792509064078331
0.016576014459133148
0.009358054958283901
0.009150531142950058
-0.0019731034990400076
0.0019714822992682457
-0.014474829658865929
-0.04734151437878609
-0.009429391473531723
-0.018054626882076263
-0.017042944207787514
0.009857411496341228
-0.0006071710959076881
0.013119435869157314
0.013424237258732319
0.005356724839657545
0.007710830308496952
0.01833997294306755
-0.007127167657017708
-0.027263524010777473
-0.02395610325038433
-0.004510413855314255
0.025486595928668976
-0.0057036797516047955
-0.018729081377387047
-0.003618707414716482
-0.02595352567732334
-0.013566910289227962
0.0014583455631509423
-0.0005581272416748106
-0.02038927562534809
0.01839185319840908
0.0009103513439185917
0.00011267928493907675
-0.015045521780848503
0.03232193365693092
-0.0038327169604599476
0.01376146450638771
-0.003221492748707533
0.008489047177135944
-0.024423032999038696
-0.03603143244981766
6.606735405512154e-05
0.029909459874033928
0.027937978506088257
-0.034267473965883255
-0.0033722722437232733
-0.0003735034551937133
-0.026368575170636177
-0.011076617054641247
-0.008612263947725296
0.0050421953201293945
0.015771858394145966
0.003638162976130843
0.004059697035700083
0.011556517332792282
0.006109000649303198
0.01378740556538105
-0.019364625215530396
0.0060895453207194805
0.0125228026881814
-0.016018293797969818
0.005009769927710295
0.04399518296122551
-0.0030642282217741013
-0.01228285301476717
0.031362131237983704
-0.009922262281179428
-0.022749867290258408
-0.024202538654208183
-0.031024904921650887
0.0019033882999792695
-0.012620080262422562
-0.003962419927120209
-0.00798320583999157
0.002535689389333129
-0.008339888416230679
0.006018208805471659
0.014876908622682095
-0.003521430306136608
0.01051240973174572
0.02661501057446003
0.014669383876025677
-0.0006858034175820649
-0.01791195385158062
-0.001018977491185069
0.019234921783208847
0.02334650047123432
-0.0171985886991024
0.044669635593891144
0.029935400933027267
-0.00998062826693058
-0.03590172901749611
0.011705675162374973
-0.002347620204091072
0.01841779425740242
0.00813236366957426
-0.010201123543083668
0.004906007554382086
0.013041614554822445
0.04332072660326958
0.0011373312445357442
0.0015726462006568909
0.024020954966545105
0.01828809082508087
0.015045521780848503
0.003297693096101284
0.010661568492650986
-0.021543631330132484
0.014487800188362598
0.035305097699165344
-0.0006785076693631709
-0.024474913254380226
0.0025194764602929354
0.00895597692579031
-0.01831403188407421
0.0017347746761515737
0.009623945690691471
-0.005930659361183643
0.026264812797307968
0.024630557745695114
-0.010486469604074955
-0.018158389255404472
-0.013813345693051815
-0.0366799458861351
0.03385242447257042
-0.013476118445396423
-0.0235280841588974
-0.011368448846042156
-0.0037548954132944345
0.0015807525487616658
-0.01697809435427189
0.00798320583999157
0.005745832808315754
-0.046303890645504
-0.0191052183508873
0.014422948472201824
0.00850201677531004
0.02105076052248478
0.013735524378716946
-0.004338557831943035
0.0003135159204248339
0.016485223546624184
-0.006037664134055376
-0.010544835589826107
-0.00045031183981336653
-0.015927501022815704
-0.0199871975928545
0.015395719558000565
-0.0029718149453401566
-0.005103804171085358
0.017133736982941628
0.01131008192896843
-0.04645953327417374
-0.017172647640109062
-0.005288630723953247
-0.006323010195046663
-0.014656413346529007
0.025823822245001793
0.02339838072657585
0.0010505925165489316
0.0017915195785462856
-0.020142842084169388
-0.010356767103075981
-0.017211558297276497
0.005126502364873886
0.0009670963045209646
0.0032377056777477264
0.018184328451752663
-0.009105134755373001
0.012652506120502949
-0.02666689082980156
-0.011705675162374973
0.014046810567378998
-0.008372314274311066
-0.0015077948337420821
-0.0038943258114159107
0.010590231977403164
-0.005846352782100439
-0.022075412794947624
0.05504585802555084
-0.003599252086132765
-0.021167492493987083
-0.011530577205121517
-0.038547664880752563
-0.007736770436167717
0.007094741798937321
-0.012055872939527035
0.01051240973174572
-0.017133736982941628
-0.013800375163555145
0.015291957184672356
-0.0016115569742396474
0.0033755148760974407
0.03852172568440437
-0.014967700466513634
-0.03966310992836952
-0.002782124560326338
-0.015421660616993904
-0.024020954966545105
0.005596674978733063
-0.0059630852192640305
-0.00893003586679697
-0.020428188145160675
-0.014734235592186451
0.004769819788634777
-0.03670588508248329
0.027185702696442604
-0.023113034665584564
-0.027081940323114395
-0.011621369048953056
-0.0025065061636269093
0.017068885266780853
-0.031128667294979095
-0.0009565579821355641
-0.006575930863618851
0.0021919768769294024
-0.007840532809495926
-0.028015799820423126
-0.004400166682898998
-0.03582390770316124
0.026822533458471298
0.00613494124263525
0.02342432178556919
-0.001138952560722828
-0.011660279706120491
0.003479277016595006
-0.004698483273386955
-0.007042860612273216
0.020376306027173996
-0.018716109916567802
-0.036161135882139206
0.011965081095695496
0.014059781096875668
-0.008761422708630562
0.004967616405338049
-0.01573294773697853
0.00044261073344387114
0.044643696397542953
-0.020557889714837074
-0.03245163336396217
-0.018197299912571907
-0.013631762005388737
-0.00787944346666336
-0.0006120349862612784
-0.028871838003396988
-0.0024497611448168755
-0.014085721224546432
-0.008534442633390427
0.045421913266181946
0.010084390640258789
0.010026024654507637
-0.010492954403162003
0.03198470547795296
-0.02028551511466503
0.012503347359597683
-0.0037289548199623823
0.013138891197741032
0.0035733114928007126
-0.0023022242821753025
-0.016433341428637505
0.003709499491378665
0.03149183467030525
0.0010530244326218963
0.0010027645621448755
-0.01626472733914852
0.024345211684703827
-0.007159593515098095
0.023515112698078156
0.009293204173445702
-0.020155811682343483
0.028353026136755943
-0.004121305886656046
-0.009481272660195827
-0.015551363117992878
-0.008197215385735035
-0.015136313624680042
-0.005304843652993441
0.01844373531639576
0.011556517332792282
0.01708185486495495
-0.0086641451343894
0.009059739299118519
0.00981849990785122
-0.02466946840286255
0.0452922098338604
0.01596641167998314
0.03460470214486122
0.011348992586135864
0.0016318230191245675
-0.018158389255404472
-0.0015588653041049838
0.010830181650817394
-0.02310006506741047
0.019701851531863213
-0.00618033716455102
0.020000169053673744
0.002992891473695636
0.015227106399834156
0.002271419856697321
-0.013164832256734371
-0.01437106728553772
0.008605779148638248
0.00210929149761796
-0.0034144255332648754
-0.023735608905553818
0.003456579055637121
-0.007607067935168743
0.013592851348221302
-0.01652413420379162
0.020739473402500153
-0.021491749212145805
-0.002347620204091072
-0.0008544170414097607
0.06308743357658386
-0.002748077502474189
0.006673207972198725
-0.00618033716455102
-0.0024254419840872288
-0.011783497408032417
-0.01750987581908703
-0.017704429104924202
-0.026420455425977707
0.0017055915668606758
0.024838082492351532
-0.006167367100715637
-0.005771773401647806
0.010836667381227016
-0.023865310475230217
0.0213750172406435
0.001914737280458212
-0.00763949379324913
0.024124717339873314
-0.0024205781519412994
-0.011783497408032417
0.031362131237983704
0.01780819147825241
-0.007775681558996439
0.010227063670754433
0.0031598838977515697
-0.013994929380714893
0.01053835079073906
0.006001995876431465
-0.03071361780166626
-0.0026848474517464638
-0.020103929564356804
-0.005609645042568445
-0.007620037999004126
-0.0037905636709183455
-0.013722553849220276
-0.0018806902226060629
0.011660279706120491
-0.01983155496418476
-0.0006387861794792116
-0.002159551251679659
0.006533777341246605
0.0359276682138443
-0.0061187283135950565
0.02147877961397171
0.019170070067048073
0.008151819929480553
-0.043554194271564484
0.004468260798603296
-0.009247807785868645
0.013891167007386684
0.005492912605404854
0.023138975724577904
0.01131008192896843
-0.03660212457180023
0.04088231548666954
-0.008508502505719662
-0.03060985542833805
-0.005334026645869017
0.011193349957466125
0.0004438266914803535
-0.012665475718677044
-0.008806818164885044
0.017574725672602654
0.0027853671927005053
-0.005139472428709269
0.012042902410030365
-0.03206252679228783
0.014773146249353886
-0.008288007229566574
-0.02368372678756714
-0.012905426323413849
-0.017042944207787514
0.0213750172406435
0.002997755538672209
0.027055999264121056
-0.007114197127521038
-0.014863938093185425
-0.006339223124086857
-0.005775016266852617
0.034449055790901184
-0.02980569750070572
0.009260778315365314
-0.014487800188362598
-0.02236075885593891
-0.03595361113548279
0.03195876255631447
-0.014786116778850555
-0.0044552902691066265
-0.004189399536699057
-0.0073022665455937386
0.011167408898472786
0.021945709362626076
0.0011689462698996067
0.0010951778385788202
6.809395563323051e-05
-0.01439700834453106
-0.02059680037200451
0.005797713994979858
-0.018988486379384995
0.05037655681371689
0.004773062188178301
-0.007146622985601425
0.0016318230191245675
0.008741967380046844
-0.04482527822256088
-0.0018320516683161259
0.037380341440439224
0.029131243005394936
0.01124523114413023
-0.012386615388095379
0.025927584618330002
0.012010477483272552
-0.018612349405884743
0.017522845417261124
-0.0339043065905571
-0.00920889712870121
-0.030480151996016502
-0.005596674978733063
-0.0003252702590543777
-0.005655040964484215
-0.019390564411878586
0.0013254001969471574
0.0339043065905571
-0.01429324597120285
0.010077905841171741
0.014993640594184399
0.0010700479615479708
-0.007120682392269373
0.008806818164885044
0.010441073216497898
0.007243900094181299
-0.0015483269235119224
0.004312617238610983
-0.020207691937685013
-0.004769819788634777
0.0016537103801965714
-0.00998062826693058
-0.01623878814280033
-0.026926295831799507
0.008223156444728374
-0.007775681558996439
0.02869025431573391
-0.005431303754448891
0.0008021306130103767
0.019260862842202187
-0.010544835589826107
0.004675785079598427
0.002370318165048957
-0.0024076078552752733
0.016057204455137253
-0.0018806902226060629
-0.01431918703019619
-0.01104419119656086
-0.0032425695098936558
-0.016433341428637505
-0.0004936811747029424
0.02084323577582836
-0.010959885083138943
0.023333529010415077
-0.005813926924020052
-0.021245315670967102
-0.010661568492650986
-0.009455332532525063
-0.03815855830907822
0.005262690130621195
-0.022672045975923538
-0.00981849990785122
0.03613519296050072
-0.01298973336815834
0.015512452460825443
-0.0002703492355067283
-0.008793848566710949
-0.04492904245853424
-0.009241322986781597
0.0069715240970253944
-0.00990280695259571
-0.013197257183492184
-0.006455955561250448
0.006310040131211281
0.02752292901277542
-0.010570776648819447
0.022321848198771477
-0.049572400748729706
0.004422864876687527
0.20928840339183807
-0.01573294773697853
-0.015499481931328773
0.0065499902702867985
-0.01993531733751297
0.009351570159196854
0.023463232442736626
-0.0006874247337691486
0.0008633341058157384
0.004341800231486559
-0.009623945690691471
-0.018962545320391655
-0.0070104352198541164
0.009007858112454414
-0.0014737477758899331
-0.004760092124342918
-0.03787321224808693
0.0023103307466953993
0.011919685639441013
-0.008184244856238365
0.01852155663073063
-0.0009816879173740745
-0.010415133088827133
-0.003690043929964304
0.035175394266843796
9.504781337454915e-05
0.008579839020967484
-0.0004876013845205307
0.037276577204465866
-0.0007494388846680522
-0.014409978874027729
-0.008547413162887096
-0.007613553199917078
-0.0010157348588109016
-0.01828809082508087
0.008456621319055557
0.024928873404860497
-0.01778225041925907
0.01828809082508087
0.013917108066380024
0.013981959782540798
-0.01753581501543522
-0.0025746000465005636
-0.008015631698071957
0.0023768034297972918
0.039351820945739746
0.003599252086132765
-0.006692663300782442
-0.003858657553792
-0.016653835773468018
-0.016627896577119827
0.02856055088341236
0.01649819314479828
0.011238745413720608
-0.005486427340656519
0.009669342078268528
0.013592851348221302
0.0007924028905108571
-0.0031177306082099676
0.01332047488540411
-0.00938399601727724
0.007179048843681812
-0.023190855979919434
0.005249720066785812
-0.0032685098703950644
0.019572149962186813
-0.02099888026714325
-0.022373728454113007
0.0007243089494295418
-0.010395677760243416
0.024838082492351532
-0.008949491195380688
-0.02097293920814991
0.018119478598237038
-0.012503347359597683
-0.00357655412517488
0.014941760338842869
0.01950729824602604
0.004053211770951748
0.025940556079149246
-0.004221825394779444
-0.016627896577119827
-0.019520267844200134
0.008463106118142605
0.016861360520124435
-0.02158254198729992
0.018534526228904724
-0.015551363117992878
0.0015337353106588125
-0.01527898758649826
-0.014202454127371311
-0.0026945751160383224
0.00614791177213192
-0.008826274424791336
0.005638828035444021
-0.002709166845306754
0.017704429104924202
0.010797755792737007
-0.01588859036564827
-0.00199904409237206
-0.0037321974523365498
0.02107670158147812
0.015421660616993904
0.010045479983091354
-0.02115452289581299
0.00990280695259571
-0.019092248752713203
-0.010486469604074955
0.01836591400206089
-0.05924822762608528
0.0018482645973563194
-0.014928789809346199
-0.006323010195046663
-0.017717398703098297
-0.034345295280218124
0.01748393476009369
0.01588859036564827
-0.012834089808166027
-0.0012743297265842557
-0.002624860033392906
-0.0029004784300923347
-0.003521430306136608
-0.003346331650391221
0.015227106399834156
-0.018755022436380386
-0.015979381278157234
-0.02243858017027378
0.015460571274161339
-0.01786007173359394
-0.014267305843532085
0.0316215381026268
-0.022659074515104294
0.028249265626072884
0.029312826693058014
-0.01884581334888935
0.007574642077088356
-0.003103138878941536
-0.020908087491989136
0.013009188696742058
0.020052049309015274
0.017393141984939575
-0.009786074981093407
-0.003959177061915398
0.0011721889022737741
-0.013385326601564884
-0.02975381724536419
-0.0029118272941559553
-0.0006075764540582895
-0.03655024245381355
0.007503305561840534
-4.202673881081864e-05
-0.04290567710995674
-0.013268593698740005
-0.0025616297498345375
0.020194722339510918
0.029286887496709824
-0.02028551511466503
-0.004163458943367004
-0.001404843176715076
0.0001974927436094731
-0.013489088974893093
-0.005638828035444021
0.019870465621352196
0.015240075998008251
0.007217959500849247
0.006627812050282955
-0.162387877702713
0.014734235592186451
0.02874213457107544
-0.00017064021085388958
-0.0009743921109475195
-0.006546747870743275
0.025382833555340767
0.014954729937016964
-0.010110331699252129
-0.00843716599047184
-0.001410517725162208
0.009079194627702236
-0.04425458610057831
-0.017146706581115723
0.008320433087646961
-0.013540970161557198
-0.037250638008117676
0.01474720612168312
0.03657618165016174
0.025395803153514862
0.015188194811344147
0.0043288301676511765
-0.014345127157866955
0.010830181650817394
0.00966285727918148
-0.0005180004518479109
-0.020233632996678352
0.003038287628442049
-0.009059739299118519
0.0015523801557719707
0.01079127099364996
0.004906007554382086
0.020480068400502205
-0.01175107154995203
0.011835378594696522
0.0019098734483122826
-0.010240034200251102
-0.006978009361773729
-0.004387196619063616
0.026316693052649498
0.005207566544413567
0.02246452122926712
0.01679650880396366
0.013722553849220276
0.008197215385735035
0.021465810015797615
0.022023530676960945
-0.005288630723953247
0.026355603709816933
-0.0020201208535581827
0.026900356635451317
0.00876790750771761
0.0015531907556578517
-8.150756002578419e-06
0.012847060337662697
0.003116109175607562
0.01025948952883482
-0.0037970487028360367
0.021569572389125824
-0.005441031418740749
-0.010337311774492264
-0.009422906674444675
-0.0019179797964170575
0.007911869324743748
0.00789241399616003
-0.01793789491057396
-0.014345127157866955
0.024656498804688454
-0.03180311992764473
-0.007782166823744774
-0.007470880169421434
-0.011297112330794334
0.0029037208296358585
-0.01483799796551466
-0.0019974226597696543
0.01942947506904602
-0.021816007792949677
0.03984469175338745
-0.0024011225905269384
-0.011251715943217278
-0.013904137536883354
0.034111831337213516
-0.005492912605404854
0.011063646525144577
-0.002639451529830694
-0.016031263396143913
-0.014163543470203876
0.037198755890131
0.00343712349422276
0.020687593147158623
0.009481272660195827
-0.04710805043578148
-0.006958554033190012
0.004189399536699057
0.01634255051612854
0.00464335922151804
0.0030447726603597403
-0.0005244856001809239
-0.0017153192311525345
0.004938433412462473
0.005622615572065115
0.014876908622682095
-0.0064527131617069244
-0.0023233010433614254
0.021089671179652214
-0.005749075673520565
0.011537062004208565
0.00850201677531004
0.009682312607765198
0.001502930885180831
-0.0213750172406435
-0.013294534757733345
0.006660237442702055
-0.0010878820903599262
0.01591453142464161
0.008813303895294666
0.0002810902369674295
-0.006063604727387428
0.007717315107584
-0.017068885266780853
0.06978009641170502
-0.01623878814280033
-0.008748452179133892
0.011167408898472786
-0.032166287302970886
-0.03058391436934471
-0.11289329826831818
-0.03797697275876999
0.018936606124043465
0.03501975163817406
0.012373644858598709
0.0045233843848109245
-0.010927459225058556
0.00012220433563925326
-0.01958511956036091
0.013968989253044128
-0.0412454828619957
-0.014215424656867981
-0.013171317055821419
0.0034987323451787233
-0.01429324597120285
0.026303723454475403
0.021945709362626076
-0.0007644357392564416
-0.023281648755073547
0.0032733739353716373
0.007704345043748617
0.024954814463853836
-0.005295115988701582
0.019494326785206795
-0.015564333647489548
-0.012380129657685757
-0.03600548952817917
0.008806818164885044
0.016913242638111115
0.00250164233148098
-0.037458162754774094
-0.007062316406518221
-0.008832759223878384
-0.03063579648733139
0.022244026884436607
-9.889836655929685e-05
-0.03696529194712639
-0.008365829475224018
0.02863837406039238
-0.01748393476009369
0.001215152908116579
0.017678488045930862
0.0023638331331312656
-0.007587612606585026
-0.01053835079073906
-0.018171358853578568
0.0008852214668877423
0.005632343236356974
0.004786032252013683
-0.013800375163555145
-0.00850201677531004
-0.02472134865820408
-0.04158271104097366
-0.027055999264121056
-0.004247765988111496
0.010998795740306377
0.01123226061463356
0.004662815015763044
-0.010992310009896755
-0.021738184615969658
0.02310006506741047
-0.015188194811344147
-0.018936606124043465
0.03180311992764473
0.012529288418591022
-0.006637539714574814
-0.011582458391785622
-0.008547413162887096
-0.009585035033524036
0.0036803162656724453
-0.004815215710550547
-0.0028810228686779737
0.009345085360109806
-0.01828809082508087
-0.020480068400502205
0.03281480073928833
-0.016433341428637505
0.008547413162887096
-0.006828851066529751
-0.007548701483756304
0.007821077480912209
0.00033479530247859657
-0.024448974058032036
-0.008592808619141579
0.019662940874695778
0.008618749678134918
0.007516276091337204
-0.014539681375026703
-0.006575930863618851
-0.013411266729235649
-0.017522845417261124
0.01780819147825241
0.007490335498005152
0.013930078595876694
0.01963699981570244
0.008352858945727348
0.022762836888432503
-0.015642154961824417
0.005655040964484215
0.011089587584137917
-0.04295755922794342
0.012587654404342175
-0.059715159237384796
-0.0007247142493724823
0.0034760343842208385
0.012023447081446648
-0.006588900927454233
-0.0067121186293661594
0.023087093606591225
-0.0070039499551057816
0.012075328268110752
0.02765263244509697
-0.013281564228236675
0.0020168782211840153
-0.007918354123830795
-0.009578550234436989
-0.030402330681681633
-0.043268848210573196
0.030454212799668312
-0.009189441800117493
-0.004837913438677788
0.004215340130031109
0.008125878870487213
0.005862565711140633
0.010064935311675072
0.032114408910274506
-0.013631762005388737
0.01846967451274395
0.00041160365799441934
-0.0012127209920436144
-0.015317898243665695
0.012749782763421535
0.0326332189142704
-0.015162254683673382
-0.003479277016595006
0.026848474517464638
-0.0017526088049635291
-0.01852155663073063
-0.0020071505568921566
0.030921142548322678
0.027834216132760048
0.0683274194598198
-0.02368372678756714
-0.024630557745695114
0.027937978506088257
-0.0038165042642503977
-0.017639577388763428
-0.0001403424539603293
-0.013398297131061554
0.010681023821234703
-0.0006205467507243156
-0.017042944207787514
0.032166287302970886
0.02552550658583641
-0.0035797967575490475
-0.01387819740921259
-0.018327001482248306
0.00737360306084156
0.005155685357749462
-0.005389150232076645
-0.005421576090157032
-0.0191052183508873
0.026796594262123108
0.004607690963894129
0.0054345461539924145
0.0046271467581391335
-0.0067510297521948814
-0.01097934041172266
-0.016251757740974426
-0.015006611123681068
-4.81952201880631e-06
0.005680981557816267
-0.0018644774099811912
0.020908087491989136
0.016355520114302635
0.02517530880868435
0.015006611123681068
-0.017769280821084976
-0.001117065199650824
-0.02509748749434948
-0.019092248752713203
0.02570709027349949
0.004510413855314255
0.012879486195743084
-0.012406070716679096
0.01791195385158062
0.016109084710478783
0.010486469604074955
0.006190064828842878
0.011517606675624847
-0.01828809082508087
-0.0008625234477221966
-0.009578550234436989
0.026848474517464638
0.015668096020817757
0.004711453337222338
-0.00741899898275733
-0.001495635136961937
0.00010690346243791282
-0.01753581501543522
0.014189483597874641
0.01804165542125702
0.013891167007386684
-0.004182914737612009
0.016083143651485443
-0.025356892496347427
-0.02185491845011711
0.010214094072580338
-0.03559044376015663
-0.03761380538344383
-0.017042944207787514
0.027445107698440552
-0.00913107581436634
-0.016809480264782906
0.0277045127004385
0.0069715240970253944
-0.01490284875035286
-0.01839185319840908
0.02501966618001461
0.002440033480525017
-0.023138975724577904
0.0012427147012203932
-0.02112858183681965
0.03665400296449661
0.02112858183681965
-0.009760133922100067
-0.00029527649166993797
-0.0012248805724084377
0.028430849313735962
-0.003959177061915398
0.010531865060329437
0.014358097687363625
-0.006543505005538464
0.009935232810676098
-0.0213750172406435
-0.0001029515769914724
-0.01849561557173729
-0.006867762189358473
0.025292040780186653
0.025668179616332054
-0.0045590526424348354
0.06505890935659409
0.0014437540667131543
-0.02525313012301922
-0.0005252962582744658
-0.0028680525720119476
0.0026783624198287725
-0.023009272292256355
-0.006170609500259161
-0.009241322986781597
0.016550075262784958
0.013450178317725658
-0.0118288928642869
0.01533086784183979
-0.03060985542833805
-0.010590231977403164
-0.018742050975561142
-0.01988343521952629
0.02972787618637085
0.015616213902831078
0.021271254867315292
0.05317813903093338
-0.03255539759993553
0.007159593515098095
-0.010207608342170715
-0.011867804452776909
0.005197838880121708
0.026303723454475403
-6.768863386241719e-05
-0.019662940874695778
-0.031232427805662155
0.001984452595934272
0.0072049894370138645
-0.045551616698503494
-0.01786007173359394
-0.015745917335152626
-0.028015799820423126
-0.002869674004614353
-0.018534526228904724
-0.021867888048291206
0.013592851348221302
0.00975364912301302
0.01778225041925907
-0.03507163003087044
-0.02549956552684307
-0.016459282487630844
-0.00839825440198183
-0.008476076647639275
0.010142757557332516
-0.02869025431573391
